0	0	0.49129666388	-0.527906244312	-0.849287005114	0.00515559518355	-3.08378696442	-4.81969928741	0.0181949138641
1	0	0.491640809923	0.483777185205	-0.330550091768	-0.81036798549	2.79509305954	-1.77810609341	-4.66930961609
2	0	0.489947095513	0.363531546295	-0.51248234977	0.777950291486	2.03152751923	-2.89774870872	4.48538208008
3	0	0.488777890801	-0.904071003091	0.0973543528901	-0.416146310021	-5.09191560745	0.666736602783	-2.45236778259
4	0	0.493390634656	-0.116100239059	-0.979819840332	0.162707759439	-0.58130645752	-5.68169403076	0.880690574646
5	0	0.498056069016	-0.965540431105	-0.254697948056	-0.0534848684876	-5.62420606613	-1.42471027374	-0.33830499649
6	0	0.497648030519	-0.869585042127	0.168852686452	0.464015759202	-5.05055999756	0.995193719864	2.75360918045
7	0	0.497516483068	-0.571564190282	0.782361043166	-0.24743802158	-3.18320560455	4.6337890625	-1.62815570831
8	0	0.498918220401	-0.909924124337	0.260595100264	0.322689140919	-5.31545782089	1.3553289175	1.90452814102
9	0	0.499149151146	0.724325081235	-0.406982981295	-0.556523161809	4.18322134018	-2.25671958923	-3.25433731079
10	0	0.498811975121	0.612660644788	-0.699804452065	0.367315481839	3.56079101562	-3.98953843117	2.2933177948
11	0	0.499349743128	-0.753587534224	-0.61872219013	0.222010539623	-4.38877868652	-3.55520153046	1.24627780914
12	0	0.499542757869	0.240853429318	0.924810030335	0.294475862129	1.59385228157	5.33442831039	1.62307572365
13	0	0.499509170651	-0.973511039553	0.0956032107401	-0.207692758573	-5.64597034454	0.429431021214	-1.31269574165
14	0	0.497531279922	-0.542572826286	0.779476846822	-0.313098344685	-3.10310554504	4.60289859772	-1.75775766373
15	0	0.485611751676	-0.431353583839	-0.572216071953	-0.697497564661	-2.39817357063	-3.32451105118	-3.89915442467
16	0	0.454443886876	0.0273390157335	0.286309200616	-0.957747158629	0.117101460695	1.59655427933	-5.14422655106
17	0	0.47557088919	0.128925061623	0.317137077209	-0.939575650358	0.745807766914	1.76706111431	-5.19857692719
18	0	0.480829961598	-0.21414420249	-0.694330157414	0.68705741612	-1.14983558655	-3.90072083473	3.92670917511
19	0	0.490069180727	-0.102682342455	-0.946613934614	-0.305578787455	-0.656999349594	-5.40635204315	-1.75981760025
20	0	0.488809421659	0.999704968552	-0.0118601750444	-0.021196983285	5.71621322632	0.0283818338066	-0.139373064041
21	0	0.495711587369	-0.636776063539	0.0445962544502	-0.769758026261	-3.76224756241	0.340135872364	-4.35653686523
22	0	0.499365881085	0.7042438263	-0.703368967079	0.096502483228	4.1325712204	-3.9837076664	0.550148010254
23	0	0.496553130448	-0.380440792914	-0.61349580616	-0.692017123279	-2.22060489655	-3.52429866791	-4.09923553467
24	0	0.497785720974	-0.0363312691696	-0.484628744088	-0.873965113311	-0.200213089585	-2.72401690483	-5.1850976944
25	0	0.498407378793	-0.25744502747	-0.962450086409	0.0860923283582	-1.60661554337	-5.54286718369	0.567353010178
26	0	0.483435899019	0.781751353143	0.471824844764	-0.407732924503	4.40972137451	2.70458173752	-2.30602121353
27	0	0.474938869476	0.965838695067	-0.251555333804	-0.0622537480475	5.40366458893	-1.40595436096	-0.345592498779
28	0	0.484234414995	0.53304473725	0.434970720742	-0.725716046527	2.99048447609	2.51663184166	-4.10084819794
29	0	0.485834985971	0.234549227856	0.963743690984	-0.127219329511	1.36863923073	5.45225191116	-0.677178621292
0	1	0.499465733767	0.61640196855	-0.0864055877883	0.782676617491	3.63972330093	-0.454852759838	4.4448094368
1	1	0.498725041747	-0.856581126786	0.259298276654	0.446131344963	-4.97185993195	1.55221676826	2.55023813248
2	1	0.494147211313	0.412611592646	-0.686134605722	0.59914186671	2.51358699799	-3.9823114872	3.44098043442
3	1	0.495189741254	-0.843486835787	-0.36980283935	0.389584160179	-4.89415979385	-2.10194253922	2.24057483673
4	1	0.495228014886	0.518206264261	-0.521449117928	0.677903448209	3.01923108101	-2.96225571632	3.97242879868
5	1	0.498540177941	0.658920525676	0.749688273887	-0.0615729878956	3.72087264061	4.39142894745	-0.47909617424
6	1	0.497503945604	0.333720450717	-0.0850059594353	0.938831533148	2.08201432228	-0.631492435932	5.40348100662
7	1	0.497184529901	-0.890268008	0.311007761835	0.332711655957	-5.19199752808	1.67389249802	1.90633940697
8	1	0.49581220746	0.628187846801	0.762755556988	-0.153570796102	3.71898651123	4.25339460373	-0.968954563141
9	1	0.496585726738	-0.970526756978	0.234606172869	0.0551158565353	-5.56261920929	1.30986022949	0.39003610611
10	1	0.496088961139	0.172085204432	-0.154892713131	-0.972828314676	1.06878769398	-0.90391433239	-5.59007549286
11	1	0.495072074234	-0.49856801412	0.580552603084	-0.643730231035	-2.8289899826	3.41397070885	-3.80244016647
12	1	0.498030841351	-0.758299661605	0.648873221197	0.062810556629	-4.51690483093	3.66757750511	0.293910741806
13	1	0.49947027117	0.495749326304	0.539105374353	0.680880313133	2.99631381035	3.00419998169	3.91682100296
14	1	0.498521335423	0.0132522961428	0.686972442474	-0.726562619413	0.0595795437694	3.87490844727	-4.36535072327
15	1	0.497111752629	-0.602243639687	0.769856313464	0.211243591799	-3.43746972084	4.46029376984	1.35468196869
16	1	0.487586915493	0.836988877366	-0.313567109071	-0.448469940212	4.7576007843	-1.82104825974	-2.48166751862
17	1	0.490714013577	-0.728896090971	-0.535050384355	0.427120094082	-4.14902353287	-3.02539229393	2.49795913696
18	1	0.485225833952	-0.766097976012	-0.288698151775	0.574236247821	-4.3898525238	-1.65255355835	3.31701946259
19	1	0.498407423496	-0.151725331562	0.667470085419	-0.729015163651	-0.868491768837	3.83889985085	-4.15803194046
20	1	0.498917147517	0.537723710664	-0.482868480484	0.691152111727	3.01813936234	-2.75183391571	4.08650541306
21	1	0.49948438257	-0.686071804603	-0.362930300535	-0.630545062531	-3.89846086502	-2.13351011276	-3.73772406578
22	1	0.499927736819	-0.516934055207	0.602341726352	0.608246354089	-2.91307401657	3.59413075447	3.5363676548
23	1	0.499653942883	-0.505105297691	0.236261841244	0.830089742508	-2.87387275696	1.36241567135	4.84927415848
24	1	0.499110028148	0.043615039414	-0.817262754061	-0.574612320753	0.203008472919	-4.73642253876	-3.45863366127
25	1	0.499665722251	0.551887565598	-0.817763294941	0.163350262885	3.3235373497	-4.67925882339	0.96317076683
26	1	0.498229891062	-0.603061812932	0.704824819514	-0.373548422002	-3.49939656258	4.06151771545	-2.19188499451
27	1	0.498317200691	0.00491167991221	-0.525402184924	0.850839831859	0.0162278916687	-2.94434022903	4.97847509384
28	1	0.499101877213	-0.369899642861	-0.887237428522	-0.275651953812	-2.16199660301	-5.14879131317	-1.67487335205
29	1	0.498831003904	-0.874138131453	-0.456439335211	-0.165968853739	-5.10746860504	-2.64182043076	-0.922567129135
0	2	0.496925998479	-0.0999959959833	0.552037948585	-0.827801246743	-0.49811026454	3.26443719864	-4.78155708313
1	2	0.492703795433	-0.924948367697	0.16595051394	-0.341951669126	-5.37055397034	0.989102840424	-1.94877207279
2	2	0.494544833899	0.541323179522	-0.83516984537	0.0972653314194	3.10567808151	-4.81867170334	0.57027888298
3	2	0.490732826293	0.31049461919	0.486831381438	-0.816448588401	1.74706578255	2.83484148979	-4.63580131531
4	2	0.493344195187	0.363892379375	-0.663002571275	-0.654224676022	2.08427858353	-3.85135650635	-3.80239057541
5	2	0.497443422675	0.539398814643	-0.810498213652	0.228345274593	3.06592750549	-4.77153491974	1.28174901009
6	2	0.498899541795	-0.546343775832	0.592544789596	0.591945226294	-3.20425701141	3.42238759995	3.39551830292
7	2	0.494477555156	0.816604974432	0.13697200941	-0.560709358198	4.61299085617	0.706981062889	-3.2462220192
8	2	0.459354370832	0.240821162865	-0.152610994613	0.958496245084	1.22117865086	-0.872131168842	5.19009399414
9	2	0.462402459234	0.5388743292	-0.0775166342471	0.838812034215	3.01372766495	-0.415580809116	4.50998544693
10	2	0.490519929677	-0.524257231015	0.201543584549	0.827366024959	-3.01609706879	1.05556130409	4.7471036911
11	2	0.494826197624	-0.515406344861	0.802530309829	0.300501915938	-2.98114967346	4.66623210907	1.64767885208
12	2	0.497227571905	0.634677930648	-0.282521511117	0.719281252435	3.80449032784	-1.62815845013	4.01141643524
13	2	0.498337194324	-0.746900975971	-0.613703680828	0.255942814377	-4.38944339752	-3.56816244125	1.30889606476
14	2	0.499647051096	0.722718260558	0.0353147819883	0.690239945257	4.23121070862	0.144021779299	3.92920398712
15	2	0.496993720531	-0.962490996964	-0.119276970406	-0.243688500129	-5.562895298	-0.697195768356	-1.40101647377
16	2	0.486172161996	0.0139563740475	0.311355216304	-0.950191111779	0.146611303091	1.82828044891	-5.42319154739
17	2	0.490219775587	0.141228095127	-0.175302554706	-0.974332407067	0.869523763657	-1.03906869888	-5.55319452286
18	2	0.493187688291	-0.690890039972	-0.21161430253	0.691296130202	-3.96187877655	-1.14977812767	4.0181760788
19	2	0.499623499811	0.691077058543	-0.35708911417	0.628410585284	3.95489001274	-2.10437202454	3.70785307884
20	2	0.499962216243	0.362599813001	-0.169596865171	-0.916383259851	1.89776420593	-0.907515406609	-5.37735033035
21	2	0.499966358766	-0.0220046287284	0.412122047024	0.91086289565	-0.0447248369455	2.31782746315	5.26877450943
22	2	0.499976024032	-0.699118280835	-0.551648832683	-0.454881517323	-3.98234939575	-3.26352119446	-2.58695077896
23	2	0.499950841069	0.499202701458	0.735123585674	-0.458682871539	2.94178748131	4.25244998932	-2.63151955605
24	2	0.499868988991	0.663349060532	-0.640364221972	0.38717139242	3.91126799583	-3.70767307281	2.22213125229
25	2	0.499891683459	-0.740737961249	0.254401892252	0.621761167959	-4.34402608871	1.50084352493	3.52632689476
26	2	0.499514311552	-0.74749426234	0.663199772724	-0.03766150857	-4.40292549133	3.85877370834	-0.121194601059
27	2	0.499945718795	0.335026797177	-0.321655799183	-0.885604083112	1.94712853432	-1.87846791744	-5.13432216644
28	2	0.499894618988	0.476259397259	0.255912893406	0.84124049921	2.66922664642	1.45966911316	4.88864898682
29	2	0.499186499044	-0.181609717196	-0.10258011376	-0.978005741742	-0.978917717934	-0.662572324276	-5.68438720703
0	3	0.494669079781	-0.801803339259	-0.589771164459	-0.0963399124204	-4.55380344391	-3.47608852386	-0.49160528183
1	3	0.471417471766	-0.580342852479	-0.300009563934	-0.75709737493	-3.16978096962	-1.66321754456	-4.26734495163
2	3	0.454208165407	0.268351832108	0.959770441739	-0.0826316729086	1.39956068993	5.10807323456	-0.461591720581
3	3	0.453714996576	0.335365876434	0.895672979528	0.292061025587	1.81384444237	4.76093578339	1.64962482452
4	3	0.494878858328	-0.633542354291	0.285434937299	-0.719132103225	-3.65472888947	1.64733767509	-4.07600021362
5	3	0.494959764183	0.592813205762	-0.0334346235424	0.804645654324	3.36536455154	-0.180748134851	4.66481781006
6	3	0.497715387493	-0.506507415827	0.29853295027	-0.808905628189	-2.83654928207	1.70747065544	-4.72753095627
7	3	0.477889129892	-0.229539801032	0.00808751258603	0.973265673844	-1.27017700672	-0.0112296808511	5.4157705307
8	3	0.44509277679	-0.168868256869	-0.159548518713	0.972639595122	-0.862533330917	-0.812603831291	5.10984325409
9	3	0.459413647652	0.572188434081	-0.804189652334	0.160870752416	3.05539441109	-4.36048746109	0.86706495285
10	3	0.496730282903	0.207304947858	0.92870926046	-0.307447179413	1.13061189651	5.3014755249	-1.84282255173
11	3	0.498892635107	0.317000526664	-0.845552787064	0.429594169401	1.87175452709	-4.92557668686	2.34480667114
12	3	0.495800182223	-0.559446289802	-0.50017637699	0.660941329263	-3.31265759468	-2.95806121826	3.82538604736
13	3	0.497371211648	-0.970847762376	0.0641579736868	0.230951026633	-5.67773675919	0.40416008234	1.32548880577
14	3	0.498932272196	-0.197224439081	0.842630845656	0.501074623762	-1.21330499649	4.9066619873	2.86101746559
15	3	0.497325986624	0.487124723759	-0.869396084225	0.0828248286252	2.91276502609	-4.92983198166	0.386253356934
16	3	0.488652646542	-0.936885809382	0.33945626856	0.083752145722	-5.35951137543	1.85519051552	0.524387598038
17	3	0.487118497491	0.25942480305	0.857114597311	-0.445031840028	1.54066634178	4.95599460602	-2.40610957146
18	3	0.496079403907	-0.373287216553	-0.250441340005	-0.893272516746	-2.18483185768	-1.54706120491	-5.08753728867
19	3	0.499475985765	0.979447974207	0.201488374113	-0.00917065533391	5.73898410797	1.21860980988	-0.136649847031
20	3	0.499933063984	0.890569492756	-0.20845330172	0.404268721983	5.13976144791	-1.22664380074	2.4688205719
21	3	0.499983817339	-0.0130373763278	0.917782111328	-0.396870284785	-0.144231081009	5.35546112061	-2.32901620865
22	3	0.499980144203	0.610817744677	0.494997976909	-0.617963336812	3.68753290176	2.83664989471	-3.58728408813
23	3	0.499970249832	-0.504171834415	0.455286010729	-0.733842905408	-3.07243680954	2.57588577271	-4.24909210205
24	3	0.499978855252	-0.527497254741	-0.342839537563	0.777307981256	-3.03839826584	-1.94406473637	4.5145778656
25	3	0.499969035387	0.969613509712	0.123339987495	-0.211274440643	5.65798091888	0.721549808979	-1.29578185081
26	3	0.499886550009	0.776457018021	0.121364841983	-0.618372924938	4.55729627609	0.71070086956	-3.60026502609
27	3	0.499864745419	-0.027979290199	0.0106119675558	-0.999552172458	-0.206112802029	-0.0406587384641	-5.8874835968
28	3	0.499718308449	0.199685409059	0.976792076601	-0.0774788777525	1.13057565689	5.73762845993	-0.554548740387
29	3	0.498892456293	-0.474371201269	0.594864610497	0.648928392494	-2.65457248688	3.45906758308	3.88390636444
0	4	0.49903523922	0.705213293804	0.708401499458	-0.0290090642193	4.14373111725	3.97867488861	-0.174390792847
1	4	0.468535095453	-0.65429858903	-0.615055456663	-0.440000160934	-3.58377408981	-3.4052605629	-2.39005661011
2	4	0.437286883593	-0.160020201035	0.728681608521	-0.665895373661	-0.813184380531	3.75678730011	-3.42361783981
3	4	0.447884604335	0.815293211356	0.449379044035	0.365178660794	4.2872838974	2.41402125359	1.89986610413
4	4	0.478436738253	0.633682241938	-0.739443240222	0.227311483963	3.50315451622	-4.18480587006	1.31352591515
5	4	0.461139008403	0.998632954448	-0.0244664198553	0.0461910877761	5.44441461563	-0.0799838900566	0.223499774933
6	4	0.478147022426	-0.278793624062	-0.774394633893	-0.567967486904	-1.56554055214	-4.37138128281	-3.12225914001
7	4	0.473489686847	0.284057522809	0.958758686665	0.00964906627413	1.54152798653	5.32326698303	0.0339071750641
8	4	0.462002754211	0.36185386587	0.869920440429	-0.335112230572	1.93504428864	4.7238240242	-1.79741048813
9	4	0.471896961331	0.943303525272	-0.231842937469	0.237544335978	5.25386619568	-1.24461317062	1.27772045135
10	4	0.49589150399	0.348920383657	-0.512662322208	0.784494684021	1.96518611908	-3.07582497597	4.4538025856
11	4	0.496910892427	-0.11288774927	0.69703763051	0.708092435857	-0.699361562729	4.20115661621	3.98813152313
12	4	0.49771565944	-0.670390285618	0.499405133318	0.548790832434	-3.91659641266	2.86331605911	3.23567247391
13	4	0.499042905867	0.655054598512	-0.0600986225605	-0.753187644969	3.80422878265	-0.367147326469	-4.38790512085
14	4	0.499505363405	0.791525251814	0.0320532833666	-0.610295307835	4.56719303131	0.177894338965	-3.54767131805
15	4	0.497038111091	-0.576949573999	-0.181844605706	0.796279930952	-3.41861724854	-1.08702790737	4.53555488586
16	4	0.489849835634	-0.231440532152	0.885619075142	0.402633994866	-1.2716653347	5.11450958252	2.25848531723
17	4	0.491450469941	0.497600871973	0.188040474146	-0.846778691451	2.90650081635	0.927603960037	-4.87454795837
18	4	0.496297135949	0.355716648293	0.932403200756	-0.0639526179854	2.04739809036	5.41886997223	-0.378795623779
19	4	0.498748358339	-0.094227443131	0.56275589119	0.821235043025	-0.531388580799	3.23693060875	4.80767583847
20	4	0.499852582812	-0.568725679856	-0.821509469527	-0.0409058987231	-3.37902212143	-4.75397920609	-0.343341588974
21	4	0.499966353178	-0.613932969409	-0.481450900146	-0.625532844718	-3.50039100647	-2.84086322784	-3.65691137314
22	4	0.499988421798	0.650237393764	0.664740372967	0.367847207817	3.67617607117	3.88893985748	2.27770853043
23	4	0.499990433455	0.910433530994	0.288500403164	-0.296442748293	5.35447406769	1.63758134842	-1.70755338669
24	4	0.499993432313	-0.334804955437	0.12348256625	-0.934161494415	-1.9688770771	0.672919869423	-5.41991758347
25	4	0.499992102385	0.996196768856	-0.0851782948626	-0.0183481826382	5.83601474762	-0.530836105347	-0.0344564914703
26	4	0.499982729554	0.0331322174735	-0.73714052319	0.674926740644	0.0996844768524	-4.2451634407	3.97895383835
27	4	0.49998024106	-0.804517694457	0.56643389704	0.178616683402	-4.70034074783	3.25625610352	0.948292255402
28	4	0.499953426421	0.696836929503	0.182274871401	0.693681601988	4.13486433029	0.968935728073	3.94407844543
29	4	0.499934747815	-0.932998945595	0.268679969321	0.239424396428	-5.47366905212	1.4259210825	1.35263490677
0	5	0.49725304544	-0.626295190917	0.684839660738	0.372490231972	-3.64815139771	3.89704799652	2.26954245567
1	5	0.484777107835	-0.889498711625	-0.302838740072	0.342170629262	-5.02635717392	-1.77943491936	1.91367936134
2	5	0.469196900725	0.333479173375	0.564760776003	-0.754875424698	1.83392322063	3.06929922104	-4.13900995255
3	5	0.46330931969	0.331334563007	-0.13452881604	0.933873334565	1.75523304939	-0.742435693741	5.10388708115
4	5	0.465031191707	0.924518077419	0.0023987270605	-0.381130647723	5.04003715515	0.0376669764519	-2.12789463997
5	5	0.422189578414	0.863831797973	-0.44732358653	0.231724478087	4.33026790619	-2.25588417053	1.13435339928
6	5	0.448433801532	0.114036542599	-0.884255542752	-0.452866207686	0.577496528625	-4.69663667679	-2.38991212845
7	5	0.48308159411	0.99274569052	0.107546056302	0.053757229538	5.60281944275	0.607863843441	0.298983812332
8	5	0.477282717824	0.658495224956	-0.666724944675	0.349087219559	3.71179056168	-3.70790433884	1.9251871109
9	5	0.480616211891	-0.506931478782	-0.581354800467	0.636433085088	-2.8660736084	-3.23320841789	3.58426046371
10	5	0.494682848454	-0.578384698324	0.739314787894	-0.344796730184	-3.24475717545	4.22232198715	-2.04935717583
11	5	0.490180961788	0.451713224474	-0.178483500791	0.874127452252	2.61533713341	-1.1374399662	4.94058036804
12	5	0.498465679586	-0.236901194188	0.722841478627	-0.649136365464	-1.36114728451	4.12053775787	-3.79135370255
13	5	0.498480632901	0.909673621854	-0.415318909759	-0.00202605527	5.31710910797	-2.35718560219	0.022488117218
14	5	0.499255992472	-0.637341887986	-0.521500362317	0.567302996574	-3.80895328522	-2.96740984917	3.15536952019
15	5	0.496465802193	0.385477099606	0.552181200279	0.73925863386	2.34553146362	3.29871034622	4.12250852585
16	5	0.487549977377	-0.0304567912579	-0.421048737715	0.906526527099	-0.133337840438	-2.48201608658	5.1677532196
17	5	0.496140956879	-0.985516850402	-0.151098562216	-0.0769789716143	-5.70437812805	-0.837621867657	-0.443909645081
18	5	0.497877480462	0.258196134842	-0.220978753503	0.940480274356	1.64964723587	-1.34556508064	5.36934232712
19	5	0.4991633147	-0.952799514129	0.147316787324	-0.265463462735	-5.45042800903	0.920390546322	-1.71954298019
20	5	0.499899432063	0.397422248636	-0.624717511325	0.672148486075	2.39791822433	-3.58954453468	3.92313551903
21	5	0.499974830076	-0.352994831917	0.141098873046	0.92492473027	-1.99072599411	1.02293610573	5.38473653793
22	5	0.499992355704	0.0971580995837	-0.897589545588	-0.429992222413	0.439552277327	-5.15925788879	-2.60083770752
23	5	0.499995481223	0.264341964714	-0.499472974774	0.825015195716	1.52535820007	-2.9404668808	4.76807975769
24	5	0.499966591597	-0.719300365398	0.625625914721	0.301992051496	-4.23869228363	3.59936714172	1.86624693871
25	5	0.499986127019	-0.0630375577661	0.892492894461	-0.446634861658	-0.382644712925	5.16667461395	-2.62231969833
26	5	0.499982632697	0.232904308161	-0.826567275775	-0.512388643373	1.22559654713	-4.81359291077	-3.0484919548
27	5	0.499966397882	0.760777027891	0.205433839388	0.615642145623	4.36898136139	1.23606312275	3.54830217361
28	5	0.499956294894	-0.496573146725	-0.864140824074	-0.0817052392493	-2.95123553276	-4.92397689819	-0.486546516418
29	5	0.499761724845	0.139337386893	0.258193938965	-0.955992145624	0.951417207718	1.52338504791	-5.49694061279
0	6	0.492726001889	0.281933993707	0.209944082439	-0.936181983079	1.59389615059	1.15901494026	-5.39237260818
1	6	0.484670870006	0.34033258181	0.789502619265	0.510743916197	2.00629448891	4.4365773201	2.9453086853
2	6	0.470972523093	-0.0215102601495	0.966812884378	0.254578387355	-0.188144892454	5.36799097061	1.43647837639
3	6	0.467151414603	0.57432546258	-0.0223017795501	0.818323220776	3.15958690643	-0.113360971212	4.50104904175
4	6	0.462641209364	-0.345924419483	-0.855334908251	0.385666294526	-1.92721402645	-4.65585327148	2.06667256355
5	6	0.444460555911	0.427396213553	-0.831359601161	-0.35520936108	2.23120212555	-4.35661029816	-1.83754634857
6	6	0.459226071835	0.768020243594	-0.291893219544	-0.570037940679	4.1681394577	-1.51843929291	-3.0803668499
7	6	0.496014848351	-0.923449364209	0.368813865894	-0.105913191184	-5.32778596878	2.11306524277	-0.542299032211
8	6	0.485461220145	-0.662079469039	-0.660304867455	0.354468981284	-3.78845262527	-3.73895454407	2.00308394432
9	6	0.465603843331	-0.3496817299	-0.811545626818	-0.468098689772	-1.87064945698	-4.41378593445	-2.68811202049
10	6	0.440629810095	-0.0390336472381	-0.985902465296	0.162704343234	-0.183675348759	-5.10583257675	0.874726057053
11	6	0.405417393893	-0.304404577153	-0.530037107318	0.791453421418	-1.46430826187	-2.58361768723	3.8149163723
12	6	0.451004892588	-0.330248223078	-0.681227653428	0.653349060884	-1.72529006004	-3.62472367287	3.49271917343
13	6	0.487078800797	-0.22528360159	-0.858084372157	0.461452607658	-1.40878403187	-4.90083551407	2.54906964302
14	6	0.49735763669	0.705832411	0.0545838474236	0.706272759763	4.12344408035	0.395214110613	4.02139616013
15	6	0.497085571289	-0.577144360992	-0.741281736856	-0.342645258509	-3.33248186111	-4.16343927383	-2.10708212852
16	6	0.486570037901	0.0307025161764	-0.844900383067	0.534041850601	0.276773869991	-4.80204439163	3.10606479645
17	6	0.49270420149	-0.453806852545	0.164567105666	-0.875772235411	-2.43856620789	0.999596893787	-5.12678670883
18	6	0.497878685594	-0.860812524229	0.214406049223	0.461553728385	-5.02048873901	1.29471004009	2.62709641457
19	6	0.49884518981	-0.616946150436	-0.741454185495	0.263861968222	-3.58510637283	-4.37164402008	1.5468981266
20	6	0.499867007136	0.733020325834	-0.16529139755	-0.659818123281	4.25104618073	-0.860970497131	-3.84377026558
21	6	0.499959185719	-0.639082647301	-0.671504856195	0.375039461959	-3.78345584869	-3.8642141819	2.06745958328
22	6	0.499948218465	0.969160816719	0.169986855474	-0.178414630292	5.66105699539	1.01644539833	-0.971512317657
23	6	0.499914303422	-0.314026681052	0.949307181708	-0.014251959368	-1.86698305607	5.51469564438	-0.138716459274
24	6	0.499858960509	-0.129198371976	0.900587494623	-0.415030053378	-0.740780949593	5.21456432343	-2.56242084503
25	6	0.499623473734	-0.226010859582	-0.132905259835	0.96501569068	-1.37273240089	-0.9340031147	5.56543731689
26	6	0.499655932188	0.967224762529	-0.196932860124	0.160292567994	5.62585735321	-1.02546441555	0.93531870842
27	6	0.499590061605	-0.306120133729	-0.0550728912506	-0.95039856922	-1.84946227074	-0.37707644701	-5.44679927826
28	6	0.499413967133	0.768740989932	0.639181063781	0.0220194937054	4.42806339264	3.66950011253	0.173270225525
29	6	0.499211616814	-0.0717151290931	-0.859030853774	0.506875657852	-0.487300992012	-4.93850135803	2.99937438965
0	7	0.484847206622	0.627679192916	0.114761144114	-0.769966694462	3.60479736328	0.664642214775	-4.35702228546
1	7	0.490921422839	-0.461442500191	0.880112109482	0.111684796463	-2.73560523987	4.97863674164	0.707239151001
2	7	0.487311005592	0.433345916733	0.568424357916	-0.699360469128	2.44572377205	3.17181253433	-4.07151556015
3	7	0.483091175556	0.884425585717	-0.351748928679	-0.306698670526	4.97148895264	-2.01985359192	-1.78579330444
4	7	0.475525960326	0.165579036078	-0.9386632106	0.302481338065	0.879608631134	-5.27041769028	1.72865533829
5	7	0.477260922082	0.0598720669845	0.212158004977	0.975399567623	0.313937783241	1.27546513081	5.44985151291
6	7	0.485416412354	0.36302167406	-0.931780116491	0.00103859252482	1.96939873695	-5.31424617767	-0.0157499313354
7	7	0.498230338097	0.412947016929	0.515603338793	-0.750751595559	2.35245752335	2.97739338875	-4.34050512314
8	7	0.494271688163	0.731664539445	0.304362388976	0.609943061191	4.21205711365	1.74620127678	3.53844690323
9	7	0.484880246222	-0.460691184229	-0.342434225574	0.818842130041	-2.64373373985	-1.84453225136	4.64156103134
10	7	0.446257814765	-0.029897053226	-0.974685257061	-0.221573499943	-0.146272629499	-5.12408876419	-1.23310017586
11	7	0.431634441018	-0.00507489691892	-0.562982021027	0.826453561564	-0.0191577747464	-2.88015079498	4.17984962463
12	7	0.46175903827	-0.74238013699	-0.144284378984	0.654258167839	-4.07403707504	-0.771426737309	3.5051445961
13	7	0.49071188271	0.283726236107	0.905782733517	0.314733319823	1.70266020298	5.14164924622	1.81060743332
14	7	0.491596773267	0.128132216351	0.911815360271	-0.390095993196	0.627656698227	5.23869657516	-2.37900066376
15	7	0.496991472319	0.25258821662	0.258582168298	0.932381067517	1.47916483879	1.48961913586	5.34011173248
16	7	0.48633466661	-0.63308875877	-0.677485017764	0.374449828714	-3.66330814362	-3.90729045868	2.02358102798
17	7	0.49309052527	-0.998137375166	-0.0587366375802	-0.0164859850452	-5.72758388519	-0.326150119305	-0.131998300552
18	7	0.499221995473	0.924467668036	0.172975845574	0.339762987395	5.3690328598	1.00534629822	1.91042137146
19	7	0.499651938677	0.123529862069	-0.576295315228	0.807851522758	0.74038207531	-3.44446229935	4.65144443512
20	7	0.499908193946	-0.0437466406612	0.957269231272	-0.28587033825	-0.403323411942	5.51321029663	-1.69020009041
21	7	0.499527908862	0.539633897577	0.357620419513	0.762169857796	3.11794042587	2.03215456009	4.51059389114
22	7	0.499692775309	0.595367790447	0.255745815874	-0.761663489844	3.38500595093	1.47921407223	-4.45899105072
23	7	0.498119324446	-0.466855208509	-0.756144560916	0.458575639655	-2.71978402138	-4.3243560791	2.67776989937
24	7	0.498517453671	0.987607895283	0.0243139248999	0.155046696937	5.7288942337	0.0692337229848	0.901069879532
25	7	0.497825600207	0.156483124328	0.53216795355	0.832051861975	0.911141753197	3.22840023041	4.77138376236
26	7	0.495376944542	-0.902939292505	-0.282789076313	0.32362165003	-5.25104093552	-1.73884487152	1.75158977509
27	7	0.493179738522	-0.778237797155	0.215473491012	0.589844984509	-4.45946216583	1.21112036705	3.53590536118
28	7	0.495709463954	-0.88985878521	0.419646598789	-0.179019760107	-5.12664222717	2.40118169785	-1.17988729477
29	7	0.498587504029	-0.207132129685	-0.833590572834	0.51207717947	-1.15873610973	-4.84202766418	2.98564553261
0	8	0.445150794461	0.39172605902	-0.0628872356289	-0.917930220812	2.05524969101	-0.359858453274	-4.8303437233
1	8	0.474631592631	0.389175960657	-0.777235123404	-0.494416458661	2.12875366211	-4.30829811096	-2.74254631996
2	8	0.494524158537	0.448768071377	0.197364563389	0.87158157807	2.5320315361	1.04878497124	5.06313037872
3	8	0.496739193797	-0.146540767751	0.751382795976	0.643389226905	-0.936795473099	4.37419986725	3.69863390923
4	8	0.491983383894	0.551039520011	-0.682395446732	-0.480303967988	3.10435438156	-3.86286520958	-2.88660097122
5	8	0.489038988948	-0.0595409711128	-0.07590805696	0.995335541236	-0.469973146915	-0.40341219306	5.70502614975
6	8	0.492436235771	0.3037581953	0.00897476419823	0.952706886926	1.84904742241	0.1277333498	5.47943878174
7	8	0.498474955559	-0.322658610616	-0.551000847043	0.76960346124	-1.88219571114	-3.23177719116	4.42147779465
8	8	0.498987831175	0.690054013629	0.476372065557	-0.54488082498	3.91118955612	2.89120268822	-3.19507408142
9	8	0.498444266617	0.254760763445	-0.598606323907	-0.759452054041	1.44189524651	-3.41591119766	-4.5006942749
10	8	0.493501659483	0.199564523515	-0.490875863152	0.848065379513	1.15022611618	-2.79999923706	4.84842538834
11	8	0.489927053452	-0.292743065473	0.944760273578	0.147409372448	-1.62169122696	5.39449977875	0.747267723083
12	8	0.49653455615	0.55686286469	-0.736662380576	0.383708596429	3.31192088127	-4.19450902939	2.14799070358
13	8	0.498545594513	-0.753058538044	-0.0635414788149	-0.654878094572	-4.36804246902	-0.345984101295	-3.74657726288
14	8	0.493523389101	0.465778091373	0.414380148865	-0.781882255729	2.86755084991	2.40579748154	-4.46556425095
15	8	0.496602153406	0.282165235149	-0.0714526232913	-0.956701260947	1.58194041252	-0.419802904129	-5.52409648895
16	8	0.492961637676	0.502591188782	0.140057691416	0.853103710011	2.87604284286	0.801274895668	4.9560084343
17	8	0.495252791792	0.617640022196	0.171370695514	0.767562953575	3.55138111115	0.923243761063	4.4840259552
18	8	0.499271985143	0.388698893835	0.17724714345	-0.904155196894	2.13781547546	0.93297970295	-5.26725053787
19	8	0.499931707978	-0.487057262128	0.733974939625	0.473345551802	-2.82661533356	4.27825450897	2.73556470871
20	8	0.499336883426	0.708518073468	-0.703320936476	0.0578083028952	4.02209854126	-4.16479730606	0.368853330612
21	8	0.497360780835	0.877460573094	0.381848399356	0.290266674931	5.16549634933	2.26408195496	1.58612585068
22	8	0.493803292513	-0.871762601673	-0.0633370426164	0.485817234521	-4.96845674515	-0.367204427719	2.83175992966
23	8	0.486405014992	-0.299970916519	-0.832300612985	-0.466147121483	-1.59548258781	-4.78733205795	-2.68224191666
24	8	0.487310309894	-0.117401712246	0.156850729936	-0.980619542167	-0.700845897198	1.02301645279	-5.56284809113
25	8	0.49710392952	0.301026368714	-0.941851258805	0.149329607332	1.73735880852	-5.38501262665	0.852060317993
26	8	0.491450563073	-0.744497451216	0.576449986936	0.336792158007	-4.26797199249	3.34273099899	1.94502830505
27	8	0.491328909993	-0.0568689119508	0.903272479837	0.425281970019	-0.239271998405	5.26505279541	2.3489511013
28	8	0.48693899624	0.000231479786182	0.302624084335	0.953109967421	0.0305247157812	1.60309231281	5.46663999557
29	8	0.484547421336	-0.0958973987399	0.993670226399	0.0585078634246	-0.515079379082	5.59243679047	0.253166437149
0	9	0.416850060225	0.641074780008	-0.631610496865	-0.435994617729	3.16657090187	-3.09264612198	-2.14739179611
1	9	0.447438053787	0.465436998068	0.339953415662	-0.817190354819	2.49231672287	1.82093405724	-4.31415605545
2	9	0.486291568726	0.168140928026	0.528661426103	-0.832013055711	0.963910460472	2.86899423599	-4.79915809631
3	9	0.496534869075	-0.498958711694	0.738403593756	0.453652220047	-2.95133876801	4.21127748489	2.69821596146
4	9	0.497437179089	0.858328247638	-0.448294186605	0.249609578267	4.94750356674	-2.67245674133	1.4585723877
5	9	0.498060852289	0.949384798712	-0.119686656066	-0.290419710649	5.52602958679	-0.634308636189	-1.70794510841
6	9	0.497324600816	-0.847472811645	0.428828462265	-0.31288333844	-4.92634296417	2.44764137268	-1.87731719017
7	9	0.497857362032	-0.962557188718	-0.0632825037495	0.263588662818	-5.60078144073	-0.314098417759	1.60163664818
8	9	0.499625995755	0.641591338456	-0.753219595055	-0.144985502872	3.71801567078	-4.44191074371	-0.834354877472
9	9	0.499763801694	0.235954896424	-0.946092023463	-0.221889995253	1.4354852438	-5.55559301376	-1.22514843941
10	9	0.497220098972	-0.360036099043	0.920253373053	-0.153322329656	-2.01173257828	5.29704523087	-0.969937562943
11	9	0.489040598273	-0.994543842297	-0.0568962667277	-0.0874377526106	-5.73842096329	-0.416855096817	-0.587662935257
12	9	0.493786744773	-0.597759180141	-0.534287895166	0.597679184543	-3.53945827484	-2.99964189529	3.51393938065
13	9	0.4977311939	0.0306298686481	-0.709166162473	0.704375727257	0.33004117012	-4.03319120407	4.12065076828
14	9	0.498199686408	-0.873471466808	0.0646664339732	-0.482561756658	-5.03215408325	0.44915574789	-2.82217335701
15	9	0.498391583562	-0.843478617694	-0.510720343126	0.166458861616	-4.89749860764	-2.94973945618	1.01897954941
16	9	0.497359037399	0.514615790202	0.819436076878	0.25237889053	3.06716966629	4.74617147446	1.42210102081
17	9	0.49754679203	0.650057204897	0.74559519245	-0.146674603654	3.72388505936	4.37909317017	-0.981607913971
18	9	0.499802917242	-0.303560194716	-0.120136291622	0.945208167347	-1.79194021225	-0.769411444664	5.42775630951
19	9	0.499858900905	-0.882031615735	0.468284752416	-0.05224576059	-5.17611026764	2.6882994175	-0.400179386139
20	9	0.499284215271	0.356966272922	-0.434160035949	-0.827091375352	2.06175994873	-2.53033161163	-4.84932518005
21	9	0.497377730906	0.501678544036	0.667061056343	0.550770538033	2.85595679283	3.8099591732	3.24884557724
22	9	0.487366020679	-0.954239536622	0.273617029884	-0.120667426033	-5.47912502289	1.52738642693	-0.690035104752
23	9	0.477058932185	-0.848669864947	0.362646476004	-0.385028562283	-4.72437763214	2.08908939362	-2.16625642776
24	9	0.47023023665	-0.668662320876	-0.507971719938	-0.543005922974	-3.68968605995	-2.91661500931	-2.91225004196
25	9	0.479807056487	-0.455450637482	0.553131882618	-0.69757425214	-2.55382990837	3.18104410172	-3.83393096924
26	9	0.471507944167	-0.168046822731	0.285967182184	-0.943389122305	-0.888774394989	1.60783624649	-5.24170589447
27	9	0.491007134318	0.213670879726	-0.975618167482	-0.050139270395	1.21673047543	-5.56468296051	-0.264801502228
28	9	0.4783366099	0.74702854575	-0.141551283987	-0.649547216017	4.16748428345	-0.682415902615	-3.659460783
29	9	0.450601220131	0.713765470661	-0.674991197917	-0.186884284057	3.76899242401	-3.57327651978	-1.01207256317
0	10	0.473347850144	0.647353331765	0.285637005019	0.706643591365	3.61594200134	1.5986597538	3.89584898949
1	10	0.489059619606	-0.0475352307447	-0.463822661023	-0.884651875576	-0.212366789579	-2.6633181572	-5.00818634033
2	10	0.495417848229	-0.370388650746	0.839314603989	0.397948794357	-2.14253664017	4.73490571976	2.50237441063
3	10	0.498060271144	-0.296220760564	0.613570022734	-0.731973420428	-1.60834646225	3.4162812233	-4.4653878212
4	10	0.499608293176	-0.33000496818	0.928424791165	0.170657927229	-1.98698425293	5.32077980042	1.01137924194
5	10	0.499002717435	0.25190674072	-0.735788717138	-0.628615906347	1.44894814491	-4.3224401474	-3.61538290977
6	10	0.495731413364	-0.515368029697	0.831259288137	-0.208335762298	-2.92838859558	4.92213630676	-1.11086368561
7	10	0.496137626469	-0.193349445178	0.186282782771	-0.963283300433	-1.04616212845	1.04434144497	-5.60161113739
8	10	0.498219519854	0.796692933359	0.570038669834	0.200838952472	4.56625699997	3.2866537571	1.2947306633
9	10	0.499762490392	-0.952434318854	-0.301285930719	-0.0457783378912	-5.54005098343	-1.68311667442	-0.403438329697
10	10	0.497927839868	0.173267978723	0.0236029165201	0.984591849388	1.16642069817	0.180678457022	5.67730140686
11	10	0.493040144444	-0.888979074637	-0.228442202633	0.396900951012	-5.20107841492	-1.25059127808	2.24875545502
12	10	0.494889900088	0.209419067883	-0.800626656861	-0.561373859679	1.30216670036	-4.64748954773	-3.19332146645
13	10	0.49738576822	0.131027726953	0.30861809628	-0.942118148333	0.598074436188	1.86714291573	-5.42092180252
14	10	0.498314492404	0.71233692033	-0.302552595391	0.633275642163	4.14527988434	-1.70030879974	3.72383832932
15	10	0.498612314463	0.377913626985	-0.834753161189	0.400460298186	2.34680485725	-4.80918979645	2.32141017914
16	10	0.499778270721	-0.923069802311	0.361033836214	-0.132652588251	-5.30744218826	2.07105350494	-0.733483314514
17	10	0.499737545848	0.49604423087	-0.768872615081	-0.403453867003	2.82855129242	-4.55503225327	-2.23648023605
18	10	0.499904796481	0.980710228486	-0.14585851747	-0.130125864551	5.75182294846	-0.81954729557	-0.922918319702
19	10	0.499960243702	0.538238266142	0.583264841758	0.608359838607	3.07247471809	3.34877252579	3.57132720947
20	10	0.499559149146	0.152693380812	-0.666462419055	-0.729734592467	0.812653720379	-3.93072748184	-4.25101566315
21	10	0.497966703027	-0.375746463717	-0.32651239091	-0.867297096493	-2.26041460037	-1.97179389	-4.99158573151
22	10	0.495336584747	0.364617551312	-0.0477845038492	-0.929930471846	2.18997812271	-0.309818923473	-5.31569766998
23	10	0.480014942586	0.598909003246	0.599608157003	0.530827715824	3.36692237854	3.31368732452	3.06544423103
24	10	0.480018362403	0.208638023931	0.898336302382	-0.386603236913	1.12842059135	5.00835800171	-2.17982697487
25	10	0.45538200438	0.81279723759	-0.481626641777	-0.327713943092	4.34704017639	-2.58319282532	-1.72035932541
26	10	0.454981748946	-0.188468164961	-0.108812548065	-0.97603257127	-0.997901439667	-0.600464046001	-5.22464466095
27	10	0.487017169595	-0.742816199396	-0.201051864143	0.638593956939	-4.24330711365	-1.00095510483	3.6605257988
28	10	0.483852609992	-0.643971348561	-0.764662476786	-0.0243351356669	-3.60988998413	-4.37669372559	-0.190564393997
29	10	0.474471725523	-0.108144509328	-0.616671001943	0.779757424116	-0.60793441534	-3.37717080116	4.34678459167
0	11	0.497590150684	0.14494656557	0.192567638262	0.970519550459	0.860809385777	1.02077031136	5.63076019287
1	11	0.497482538223	-0.956734915912	-0.290180291113	0.0213002188849	-5.57650136948	-1.69384694099	0.140852928162
2	11	0.498681738973	0.146466388301	0.735067359499	-0.661984572401	1.03785336018	4.12102890015	-3.92888975143
3	11	0.499457538128	-0.63601385527	0.528768789918	0.562040872813	-3.75890111923	3.00760507584	3.25481987
4	11	0.499633699656	0.812814251466	-0.33169756324	0.47886294402	4.73655653	-2.01978516579	2.69597434998
5	11	0.498641520739	0.0576451246816	-0.98574760678	-0.158046497358	0.401317775249	-5.77980470657	-0.912683010101
6	11	0.495710432529	-0.94519566589	0.194724178496	0.262083283503	-5.44691228867	1.149695158	1.58033680916
7	11	0.490851595998	-0.377382292981	-0.920088991144	-0.104970726018	-2.03672170639	-5.3504986763	-0.476596832275
8	11	0.495307216421	-0.0480696500992	0.213756310258	-0.975703617173	-0.227206662297	1.28589344025	-5.60582065582
9	11	0.499624215066	-0.362986181026	-0.351951095458	0.862769644106	-2.0467569828	-1.89797687531	5.12123298645
10	11	0.498992919922	-0.0746848810801	-0.994434171043	0.0743158664039	-0.39865359664	-5.8085899353	0.208993434906
11	11	0.497538633645	-0.0836307476614	-0.53750163067	0.839105413564	-0.423340439796	-2.99703764915	4.94765472412
12	11	0.497112328187	0.204223188862	0.279566661427	-0.938155302148	1.13728785515	1.67150306702	-5.40476369858
13	11	0.496114522219	0.983591166082	0.158944850428	0.0853519333603	5.70431184769	0.953103423119	0.542200565338
14	11	0.49751765281	0.539563624488	-0.532372219003	0.652265985287	3.09727144241	-3.06698179245	3.89629077911
15	11	0.499097645283	-0.735584197133	-0.539718386634	-0.409414157127	-4.33377504349	-3.03539085388	-2.41727399826
16	11	0.499509692192	0.927351222421	-0.0576606481043	-0.369722815005	5.42583084106	-0.307647913694	-2.03443074226
17	11	0.499791435897	-0.187423746869	0.687780262074	-0.701306388257	-1.25333034992	4.05410003662	-3.94258141518
18	11	0.499635092914	0.704424272702	-0.312760993137	0.637155401138	4.01023387909	-1.87530469894	3.73507118225
19	11	0.49988425523	-0.531784768809	-0.301712335942	-0.791311965032	-3.02573633194	-1.75017464161	-4.52519035339
20	11	0.498324267566	0.649925268978	0.47331411072	0.594618278678	3.72134160995	2.65727710724	3.54029417038
21	11	0.495547056198	-0.143637478233	0.986187375596	0.0824786945908	-0.838078975677	5.72513580322	0.400340080261
22	11	0.493231445551	-0.734271785626	0.417740839223	0.53510516357	-4.27294826508	2.30428600311	3.15103077888
23	11	0.483847126365	0.473714821229	0.797050366591	0.374573065323	2.74835181236	4.59281921387	1.99514603615
24	11	0.483573358506	0.401698514674	-0.123177302845	0.907450084232	2.21047401428	-0.745355188847	5.11427593231
25	11	0.455013692379	0.926521736184	-0.276800928895	-0.254830763727	4.96052074432	-1.46564483643	-1.39518499374
26	11	0.461808674037	0.586652205865	-0.329256596675	-0.739884641616	3.19882631302	-1.75743091106	-4.03458309174
27	11	0.4947707057	0.646484494977	-0.733220248567	0.210821879428	3.705275774	-4.24169397354	1.14810061455
28	11	0.497695535421	-0.801446611655	0.592583910331	0.0807937985419	-4.58211135864	3.48165535927	0.450801849365
29	11	0.499056303874	-0.00701167653406	0.317362720248	-0.948278303131	-0.00773330964148	1.81478714943	-5.45087766647
0	12	0.499793983996	-0.0255527399682	0.75450513969	-0.655796501715	-0.132238864899	4.37015533447	-3.77129483223
1	12	0.499181613326	-0.764255231989	-0.544385420791	0.345772257429	-4.38485717773	-3.34826850891	2.01434278488
2	12	0.499660052359	-0.633688608469	0.208067339346	0.745081693369	-3.72745418549	1.23542821407	4.29870796204
3	12	0.499727033079	0.366725059971	-0.227826383936	0.902002144771	2.20016431808	-1.49689972401	5.18637609482
4	12	0.499886795878	0.357568747941	0.878526375735	0.316758579415	2.05125188828	5.17249679565	1.69837999344
5	12	0.499498263001	-0.860637034373	-0.182901588911	-0.475237734024	-5.04546737671	-1.06644499302	-2.73416280746
6	12	0.495673090219	0.45507752138	0.744576010492	-0.488375894301	2.74508190155	4.23893070221	-2.78966283798
7	12	0.487778350711	-0.954743811184	-0.0107510524276	-0.29723504147	-5.46252918243	-0.00316204293631	-1.6854429245
8	12	0.490650072694	-0.795123852177	-0.323412441908	-0.513013111058	-4.61038970947	-1.85125672817	-2.91127324104
9	12	0.498658105731	0.0899469340461	-0.989306315898	-0.114815340354	0.586230874062	-5.70899057388	-0.706282377243
10	12	0.499472603202	-0.364852949376	0.890864547892	0.270633853464	-2.06134867668	5.10680007935	1.54348683357
11	12	0.492511689663	-0.0861520452715	-0.642310886866	-0.761586862878	-0.373985767365	-3.64006328583	-4.40858697891
12	12	0.472128972411	-0.912008540496	0.171507622745	0.372593018456	-5.02252340317	0.991593003273	2.09913849831
13	12	0.473314967006	-0.370429509754	-0.430739172054	0.822949417621	-2.07278227806	-2.35748147964	4.55098485947
14	12	0.493756480515	0.374560365795	-0.500840032471	-0.780297247368	2.1439807415	-2.79584670067	-4.52214956284
15	12	0.498463511467	-0.973283899007	0.16998041869	-0.154353844122	-5.60425662994	1.13388562202	-0.851278781891
16	12	0.497325792909	0.472873889913	-0.881060763021	0.0110551392409	2.76803565025	-5.16385269165	0.180186986923
17	12	0.498757321388	0.337961694566	-0.490587202011	-0.803184966386	1.99470043182	-2.94767951965	-4.59758996964
18	12	0.496568366885	-0.0272131173506	0.955447368536	0.293904358936	-0.257277518511	5.54748630524	1.70939350128
19	12	0.498104058206	-0.286861244827	0.691111690157	0.663381683456	-1.66246747971	3.93093776703	3.91950750351
20	12	0.492575913668	0.444389062731	0.698948718041	-0.560347258827	2.4627904892	3.93039417267	-3.37660837173
21	12	0.488918676972	0.528468838903	-0.138766327883	0.837534830652	2.9892578125	-0.883043885231	4.75240707397
22	12	0.493273332715	-0.913773207674	0.337100407812	0.226675627254	-5.31243991852	1.9199886322	1.1516866684
23	12	0.497701202519	0.00405488248508	-0.0904147601184	0.995895942898	0.121935665607	-0.604903399944	5.72408342361
24	12	0.496565170586	-0.458396979434	-0.104575870141	-0.88257356443	-2.58745193481	-0.586954236031	-5.09976625443
25	12	0.486286751926	-0.547124624912	-0.503701206863	0.668535518144	-3.06196069717	-2.86601352692	3.8717622757
26	12	0.488597393036	-0.957891137594	-0.280390086804	-0.0618544076065	-5.48178958893	-1.59014892578	-0.394502639771
27	12	0.498729966581	0.490822865293	0.641542793321	0.589504672792	2.80918312073	3.7835111618	3.39019823074
28	12	0.498503290117	0.161407010808	-0.320340668894	0.933450391137	0.885683774948	-1.92889130116	5.45330142975
29	12	0.49937479943	0.222385614356	-0.832106809828	0.508077647181	1.3014601469	-4.82937574387	3.0000333786
0	13	0.499503921717	0.188183564416	-0.219827464762	-0.957216188653	1.15230369568	-1.25612974167	-5.54190063477
1	13	0.49949260056	-0.597513689446	0.63722550473	0.486745361608	-3.46419715881	3.64893507957	2.86026239395
2	13	0.499951601028	0.912769839147	-0.287107866044	-0.29055170624	5.24516487122	-1.68581879139	-1.73331212997
3	13	0.499893091619	0.129842715751	0.683775581302	-0.718047229353	0.633109748363	3.9385766983	-4.22316074371
4	13	0.499948626384	-0.0778121125858	-0.328763896435	0.941201134474	-0.470444977283	-1.91165649891	5.4252781868
5	13	0.499692156911	-0.691741073555	-0.668683323376	-0.27268461672	-4.04543638229	-3.89130091667	-1.58898901939
6	13	0.491554617882	0.762231133639	0.437233608071	0.477315902611	4.37371683121	2.57626581192	2.70285558701
7	13	0.480665067211	0.0536030225733	-0.322211577091	0.945148885393	0.268282651901	-1.81614553928	5.31113433838
8	13	0.470723543316	0.58807832935	0.200225259477	0.783628562532	3.23727250099	1.07109498978	4.32177352905
9	13	0.468116879463	0.533034555093	0.804738913161	0.261284222105	2.823554039	4.48907375336	1.41365480423
10	13	0.484972640872	0.887812820706	-0.427318416524	0.170843104306	5.01096963882	-2.40431475639	0.931780815125
11	13	0.480744227767	-0.585197265569	-0.772532263571	-0.246450932463	-3.33901047707	-4.35138750076	-1.35050368309
12	13	0.445840302855	-0.662509107394	0.123346359668	0.738828368552	-3.45702886581	0.666015684605	3.91765570641
13	13	0.412479661405	0.450327589399	-0.624021545442	0.638593903079	2.17917752266	-3.04500579834	3.15114402771
14	13	0.457475759089	0.740914330055	-0.114025022067	0.661849114121	3.99713420868	-0.575182259083	3.60748910904
15	13	0.492982313037	0.58614808027	-0.411885469688	0.697696773574	3.4065451622	-2.38009190559	3.99223423004
16	13	0.493736132979	0.399268634588	-0.89152394221	-0.213938350699	2.30495166779	-5.19879245758	-1.25321745872
17	13	0.496524229646	-0.630936351711	0.624638582054	-0.460158626887	-3.69403505325	3.59957551956	-2.51977849007
18	13	0.487109184265	0.575620395654	0.628563790412	-0.523037973278	3.3259472847	3.55131983757	-3.03054833412
19	13	0.479577809572	0.539481774618	-0.695455335961	-0.474659130892	2.97453832626	-3.89398050308	-2.68055963516
20	13	0.460198717192	0.406385277757	-0.0419722903607	0.91273727483	2.13715863228	-0.260834425688	4.92167854309
21	13	0.447686210275	0.936484380549	-0.341161677028	-0.0812755505419	4.94549417496	-1.83445644379	-0.481421709061
22	13	0.479644477367	0.928338484636	0.362160078709	0.0838315891083	5.22038936615	2.00161266327	0.535810232162
23	13	0.498616997153	-0.429972279694	0.307816481006	-0.848747814557	-2.5000770092	1.77796292305	-4.92528390884
24	13	0.497970778495	0.0421505915779	0.541062802644	-0.839925217639	0.288454115391	3.16989040375	-4.87928533554
25	13	0.488536641002	-0.648077308753	-0.325625768475	0.688450187583	-3.68583512306	-1.88197445869	4.00817251205
26	13	0.488374814391	-0.643147748607	-0.763215510758	-0.0621535003073	-3.70075082779	-4.36995601654	-0.311869382858
27	13	0.493586998433	0.436484339219	0.0859203881432	-0.895599859601	2.50460338593	0.444143533707	-5.1919631958
28	13	0.495656594634	0.963074513181	0.00074200753533	-0.26923397164	5.59939575195	0.0450414381921	-1.59602332115
29	13	0.499200761318	-0.144816201058	-0.976402878687	0.160205138501	-0.890800714493	-5.69035100937	1.02476549149
0	14	0.49415813759	-0.301201588847	-0.435751669445	0.848173381716	-1.64256513119	-2.49394416809	4.88804864883
1	14	0.49830634892	0.542294707827	0.774398035848	-0.325920438049	3.13954401016	4.41625547409	-1.94771003723
2	14	0.499843865633	-0.135157177208	-0.648138495033	0.749432471077	-0.837753415108	-3.73482704163	4.29658174515
3	14	0.499495208263	0.368617046245	0.878104035458	-0.305048809422	2.04686546326	5.17773342133	-1.74383497238
4	14	0.499455623329	0.690106082148	-0.127289619959	-0.712426100051	3.98090958595	-0.740258038044	-4.20818328857
5	14	0.499277310446	0.366621220505	-0.0124882496706	-0.930286474316	2.18522644043	-0.00244822027162	-5.41337919235
6	14	0.487521559	0.510099790903	-0.473727250974	0.717900198499	2.77997803688	-2.72876954079	4.19058895111
7	14	0.478653408587	0.460463908124	-0.612956777975	-0.642072408416	2.55628037453	-3.4277305603	-3.60699319839
8	14	0.467160508037	0.684126027471	0.514131171445	-0.517340040096	3.70876312256	2.83810472488	-2.83397054672
9	14	0.461355090141	0.988752925207	-0.0356864630299	0.145238181108	5.3301782608	-0.226923048496	0.795516014099
10	14	0.467861533165	-0.401465890509	-0.915742628176	0.0155105673371	-2.2488553524	-5.00443077087	0.108742713928
11	14	0.485288441181	-0.464612458245	0.0681231093369	-0.882889860412	-2.55235171318	0.518577456474	-5.0126581192
12	14	0.471540290862	0.0650342772429	-0.548249919992	0.833782086646	0.363647550344	-2.97989797592	4.59139633179
13	14	0.408871762455	0.453906068032	-0.736704013925	0.501234952163	2.23362588882	-3.59513640404	2.42186975479
14	14	0.44962413609	0.809063414238	-0.512925803175	-0.286920741981	4.27435541153	-2.72656679153	-1.51997113228
15	14	0.486700415611	-0.254126485206	0.93911380463	0.231268224082	-1.49874544144	5.29803609848	1.28739690781
16	14	0.481215044856	0.525397300097	-0.595726086484	-0.607509758714	2.90841341019	-3.37774157524	-3.46428918839
17	14	0.4838257581	0.89505132529	-0.263042485888	0.360127443711	5.05985641479	-1.55311822891	2.02616119385
18	14	0.478816069663	0.693308615661	0.497608694627	0.5212568949	3.85787987709	2.86143732071	2.9185051918
19	14	0.46101012826	0.237228667997	-0.827148983876	0.509457670031	1.23321998119	-4.48175525665	2.79433345795
20	14	0.421280022711	-0.547208028205	-0.0629619503566	0.834625165374	-2.72498488426	-0.325258255005	4.1584982872
21	14	0.450769647956	0.170090070905	-0.797937600395	0.578242988419	0.875295877457	-4.17644357681	3.07813954353
22	14	0.482690110803	0.96577917672	0.201646829763	-0.163123075804	5.41581869125	1.16012895107	-0.991390943527
23	14	0.49929100275	-0.523151777065	-0.819684863754	0.23330011206	-3.10924625397	-4.69756650925	1.40736579895
24	14	0.499041229486	0.817579474211	0.111695066248	0.564878761793	4.76105833054	0.67594397068	3.28140449524
25	14	0.4949009642	-0.59410100689	0.271656435073	0.757130619441	-3.50889062881	1.66182732582	4.30551767349
26	14	0.490757226944	0.861294363959	-0.323730948443	-0.391625192797	4.88832187653	-1.86687231064	-2.18232417107
27	14	0.484516464174	-0.327115587415	0.77329623622	-0.543146686926	-2.00450611115	4.37430763245	-3.04884910583
28	14	0.495814785361	0.610881817891	0.771713270969	-0.176867272216	3.62472105026	4.42208433151	-0.918005943298
29	14	0.497258886695	-0.940287495626	0.154681429534	-0.303204684868	-5.40436172485	0.994246780872	-1.82768464088
0	15	0.441974833608	-0.9622521552	-0.270088999468	0.0335070466959	-5.05554294586	-1.37818264961	0.147860765457
1	15	0.451105497777	-0.409814504736	-0.629150128328	-0.660471186149	-2.17357492447	-3.3935945034	-3.45568418503
2	15	0.49030712992	-0.693569661985	0.273058584668	-0.66663343249	-3.88289451599	1.67775416374	-3.79942750931
3	15	0.49818277359	0.695793368758	-0.667096086914	0.266184895921	4.02409076691	-3.84340953827	1.52606201172
4	15	0.493398360908	0.120175235693	-0.61576456303	0.778711702521	0.714069247246	-3.51275157928	4.50910568237
5	15	0.492780059576	-0.923505810821	0.368583990512	-0.10622080454	-5.28997612	2.10359978676	-0.586354255676
6	15	0.484174758196	0.940717717251	-0.00777518229752	0.339101346195	5.31103420258	-0.0553109385073	1.90165781975
7	15	0.478157281876	-0.0529237671274	0.473235514316	-0.879344769054	-0.320484191179	2.73009872437	-4.88377666473
8	15	0.481495052576	-0.666679154461	-0.689702503088	-0.28257629455	-3.71950721741	-3.92651128769	-1.52584052086
9	15	0.473118936643	-0.146483473447	0.06176225273	-0.987283148922	-0.792939484119	0.437105774879	-5.466547966
10	15	0.469682171941	-0.0213955114682	-0.999485406907	0.0238988172943	-0.0998958572745	-5.5206413269	0.145447254181
11	15	0.487510547042	-0.369859756526	-0.539793435124	0.756192308808	-2.10027241707	-2.94628119469	4.35421180725
12	15	0.497247047722	0.169431986724	0.18718121794	-0.967603221122	1.0094537735	1.13315582275	-5.55512094498
13	15	0.454147357494	0.347579105464	-0.558484406657	0.753182536286	1.82666444778	-2.95963048935	4.06414985657
14	15	0.445501744747	0.683309844065	-0.618749609529	-0.387603634803	3.57977294922	-3.23010158539	-2.06839942932
15	15	0.450961500406	0.162923382002	0.980682362865	0.108250056639	0.86686205864	5.23192358017	0.552281856537
16	15	0.461908340454	0.823809280279	0.561407664819	-0.078483779276	4.47920131683	3.05375361443	-0.465259552002
17	15	0.478720188141	0.392860284178	0.52584966574	0.754415618977	2.13617277145	3.01360702515	4.19979572296
18	15	0.486451417208	-0.173844526099	-0.867440074238	0.466182151472	-1.06421720982	-4.8963227272	2.63126993179
19	15	0.484081506729	0.751818231178	-0.637507049347	-0.168386784816	4.28144693375	-3.55584168434	-0.968234539032
20	15	0.461722142994	-0.0308880025586	0.714442514724	0.699012034555	-0.168921679258	3.86024141312	3.82310390472
21	15	0.473425507545	-0.883291650367	0.413872962085	0.220238578925	-4.90468215942	2.34238600731	1.19607877731
22	15	0.493579134345	-0.415563630524	0.341718343073	0.842932644399	-2.42075324059	1.9964826107	4.79874515533
23	15	0.498442873359	0.0178995794099	-0.913558787308	-0.406312622482	0.0997474044561	-5.33435726166	-2.44341301918
24	15	0.497859612107	0.937304687693	-0.343077082762	-0.0613028360918	5.47218561172	-1.98584890366	-0.443003416061
25	15	0.49313069135	-0.374862550796	-0.619907857769	0.689341944094	-2.21543312073	-3.60759115219	3.89633369446
26	15	0.464548021555	0.25458001436	0.924753619114	-0.28287764179	1.38024091721	5.04408502579	-1.53640341759
27	15	0.466122314334	0.1399148255	0.975680402252	0.168735278664	0.821371912956	5.33887290955	0.991449832916
28	15	0.496010199189	-0.905093203263	-0.197866676522	-0.376370923067	-5.19595098495	-1.18157291412	-2.15568304062
29	15	0.48385246098	-0.472087583591	-0.832440942509	0.290129954769	-2.55836176872	-4.76837587357	1.72857403755
0	16	0.42300978303	-0.86440539888	-0.501862580648	0.0306146457233	-4.3025188446	-2.52350020409	0.108106851578
1	16	0.40765093267	-0.248492097379	-0.956801965647	-0.150935999931	-1.23206484318	-4.64433574677	-0.727225542068
2	16	0.478278011084	-0.291327007876	-0.780846548457	0.552636627672	-1.56295394897	-4.39180660248	3.08590126038
3	16	0.494085267186	-0.981787414545	0.183361851885	-0.0497182452909	-5.65957164764	1.13932693005	-0.281558036804
4	16	0.481257483363	-0.974084129055	-0.00819555917354	0.226037479931	-5.55135917664	-0.0182259082794	1.24005913734
5	16	0.461480654776	-0.482562755714	0.722185440113	-0.495561678187	-2.57724690437	3.94418048859	-2.72184705734
6	16	0.42792955786	-0.0632284673224	0.63334239148	-0.77128436784	-0.317326307297	3.17985033989	-3.91122984886
7	16	0.456721337512	-0.281348061468	-0.156246264504	-0.946800070309	-1.48383188248	-0.879992365837	-5.09220552444
8	16	0.490296088159	-0.763973167556	0.338746475163	0.549177407419	-4.27099466324	1.9566783905	3.19858217239
9	16	0.487490475178	0.0222494632777	-0.880366664172	-0.473771567318	0.0551958046854	-5.03559827805	-2.66536259651
10	16	0.481348022819	0.907799453877	-0.0902461703638	-0.409580004732	5.12873077393	-0.351868927479	-2.29537320137
11	16	0.488523796201	0.597127173949	-0.773942391907	-0.210837169733	3.48458862305	-4.38145256042	-1.20716047287
12	16	0.497221250087	-0.552801799591	0.142520196831	-0.821034812821	-3.33922481537	0.869916200638	-4.6827507019
13	16	0.467383220792	0.339846597756	-0.904544608306	0.257494352516	1.91827046871	-4.93209648132	1.42532444
14	16	0.433648094535	0.158082223691	-0.683204900709	-0.712910284818	0.823244810104	-3.48098325729	-3.67439556122
15	16	0.449596628547	0.314807570227	0.733962388416	-0.60182672433	1.66170680523	3.86692643166	-3.18363666534
16	16	0.482696348801	0.0700019275084	0.275041042149	0.958880678332	0.351257175207	1.59116601944	5.36439323425
17	16	0.490928113461	-0.23083531136	-0.955930378333	-0.18141711829	-1.29915940762	-5.43869638443	-0.99977517128
18	16	0.484609596431	-0.139427169485	-0.166208393413	-0.976183811773	-0.743575692177	-0.901974499226	-5.58327579498
19	16	0.494964584708	-0.837134113373	0.190398202542	-0.512791381262	-4.83886480331	1.06282615662	-2.94978642464
20	16	0.492371484637	-0.198904537017	0.941823502194	0.270934449396	-1.09097743034	5.42034959793	1.5384721756
21	16	0.492783233523	-0.535095269202	-0.751917463706	-0.385088536121	-3.09026622772	-4.31308746338	-2.21790480614
22	16	0.496954768896	0.714500322846	-0.596926029035	0.364922737732	4.20318937302	-3.42472553253	2.07207632065
23	16	0.498624458909	0.135795601093	-0.679189077464	-0.721291724462	0.724343955517	-3.87747216225	-4.28901338577
24	16	0.495510905981	0.144502882607	0.94324540468	0.299010072521	0.757132172585	5.46168041229	1.73488688469
25	16	0.483317963779	0.760422971188	0.120316567638	0.638185575237	4.30575609207	0.636964142323	3.59767627716
26	16	0.430985014886	0.226180765428	0.653904719416	-0.721977062846	1.1264333725	3.3146045208	-3.67962813377
27	16	0.440337784588	-0.735706277761	0.391783677695	-0.552486943515	-3.81140995026	2.02510285378	-2.86585283279
28	16	0.480947583914	0.929801097193	0.367894163228	-0.0111267390334	5.23451137543	2.04181337357	-0.00714778900146
29	16	0.474085127935	0.0844062242053	0.441593290419	-0.893236225851	0.407454371452	2.43649673462	-4.96887922287
0	17	0.462810241617	-0.164505049152	-0.175759938034	-0.970590816455	-0.938387870789	-0.922486305237	-5.2636885643
1	17	0.46540607512	-0.0982861712708	-0.967451280313	-0.233190584626	-0.544898808002	-5.28067684174	-1.20927929878
2	17	0.492268577218	0.801502394981	0.281421552121	0.527632278052	4.5650177002	1.60208964348	3.07663607597
3	17	0.498749093153	0.0379242992491	0.240309703146	-0.969955150561	0.303716063499	1.37907791138	-5.63043212891
4	17	0.491665679961	-0.368640331106	-0.448811516363	0.814047006666	-2.11732077599	-2.54484605789	4.68804454803
5	17	0.481822181493	0.413488966593	0.400145592713	0.817869414478	2.30884647369	2.26341772079	4.59761190414
6	17	0.422832608223	-0.512019821309	0.683174026921	-0.520681237925	-2.54238176346	3.42574501038	-2.6020617485
7	17	0.452427014709	-0.336539374034	0.934220075447	-0.118212099029	-1.82746803761	4.96110153198	-0.611528873444
8	17	0.493074074388	0.569248383747	0.542833282757	-0.617485469248	3.25081777573	3.09587073326	-3.58194756508
9	17	0.496454045177	0.979457558585	-0.17239061378	-0.104615329717	5.69044589996	-1.01511418819	-0.570175647736
10	17	0.495248556137	-0.67680980569	-0.563900089466	0.473228460706	-4.02101373672	-3.17775917053	2.69818019867
11	17	0.494751393795	-0.482471238022	-0.78168796924	0.395203015205	-2.82214260101	-4.51475048065	2.23765897751
12	17	0.497953668237	0.403349065949	0.756184350329	-0.515261835688	2.43152594566	4.34802484512	-2.96084880829
13	17	0.48616361618	-0.857330025092	-0.245764173171	0.45231095417	-4.84746026993	-1.34941136837	2.64073967934
14	17	0.473025739193	-0.271520890704	-0.923890222496	-0.269635425506	-1.52384126186	-5.09822368622	-1.49088764191
15	17	0.475683473051	0.735068509641	0.122158590352	-0.666896967258	4.09907054901	0.795739531517	-3.70775032043
16	17	0.492708206177	0.565383575084	-0.779236158077	-0.270430070389	3.18230628967	-4.5459561348	-1.45792675018
17	17	0.494449846447	-0.0882030188571	0.785998383351	-0.611904215408	-0.57804954052	4.60252094269	-3.39324855804
18	17	0.489323429763	0.28577129824	0.682740113427	-0.672458699564	1.61760759354	3.94413948059	-3.84308648109
19	17	0.491515189409	0.157829279022	0.252228099456	0.954709853583	0.912186384201	1.44801676273	5.49023962021
20	17	0.495109349489	0.671409125996	-0.544207009489	0.503039279135	3.87638568878	-3.2465672493	2.83323335648
21	17	0.498354494572	0.299330623965	-0.727866182998	-0.616937595876	1.79630446434	-4.17385435104	-3.62058544159
22	17	0.499004323035	-0.00653932165317	0.447160769802	0.894429697194	-0.124890647829	2.70186495781	5.17687702179
23	17	0.499374695122	0.0268311659521	-0.562149807463	0.8266000741	0.173408806324	-3.36181163788	4.74652910233
24	17	0.494945511222	-0.727599268192	0.664347217333	0.17100315713	-4.20255804062	3.84626817703	0.993975400925
25	17	0.480886820704	0.137324648391	0.519009650779	-0.843665172531	0.810164988041	2.82619786263	-4.79441595078
26	17	0.44037848711	0.79380840164	0.361182321186	-0.489301085578	4.14711236954	1.87992417812	-2.51537775993
27	17	0.443509481847	0.0348051142691	0.70752934957	-0.705826340907	0.175637602806	3.66851520538	-3.7178440094
28	17	0.464191854	0.895630022525	0.379955367667	0.231259121622	4.9063205719	2.09362816811	1.31913042068
29	17	0.467930696905	0.295494606883	0.469684090177	-0.831913332468	1.66226196289	2.64234089851	-4.54753923416
0	18	0.49743437022	0.405438335611	-0.635660947627	0.656928394636	2.39270305634	-3.51336193085	3.87270641327
1	18	0.498338766396	-0.322201135406	0.487518068938	-0.811487868549	-1.95141386986	2.81543445587	-4.70257282257
2	18	0.499166756868	0.238156361084	0.951469197612	-0.194904883648	1.40210258961	5.55757904053	-1.04315710068
3	18	0.499161615968	-0.588829761139	0.0407525906872	-0.807229049743	-3.59307932854	0.23799470067	-4.62847995758
4	18	0.498155519366	0.451452375428	-0.881834741123	-0.136228638943	2.69797325134	-5.11939620972	-0.809453010559
5	18	0.496948242188	0.660593006501	-0.0734794031307	-0.747139650318	3.7691450119	-0.390864998102	-4.36881446838
6	18	0.457598775625	-0.935930124888	0.206685279021	-0.285159598757	-5.05009937286	1.10574483871	-1.51520383358
7	18	0.468230471015	-0.778048318813	-0.308621613742	0.547168633169	-4.31282806396	-1.69571506977	2.99351429939
8	18	0.497179552913	-0.198625880981	-0.749527408622	0.631471632877	-1.14238107204	-4.32894134521	3.5940413475
9	18	0.498711004853	0.432742759386	0.892696737134	0.125802383563	2.35781812668	5.24900913239	0.62033200264
10	18	0.496988918632	-0.0374447633852	-0.518160230543	0.854463495521	-0.147438794374	-3.14502596855	4.91849088669
11	18	0.496831517667	0.198209688132	0.448508609948	0.871523348128	1.20461022854	2.61849451065	5.02866029739
12	18	0.496586769819	0.349897277717	0.929754374806	-0.114580528781	2.13171339035	5.42461633682	-0.645499944687
13	18	0.49677682668	-0.840797157208	-0.121680625842	-0.527497834806	-4.78978204727	-0.765164971352	-3.12078952789
14	18	0.494197249413	0.766836927297	0.464411739731	0.443038218367	4.37739086151	2.71137952805	2.49011278152
15	18	0.487897858024	0.149093042132	-0.988822824095	0.000829058112031	0.711983919144	-5.62948322296	0.0886552333832
16	18	0.487252771854	0.195642570672	0.219793115314	-0.955727456444	1.07586669922	1.39017748833	-5.43523550034
17	18	0.496362611651	0.473029783254	-0.804210281129	-0.359845311045	2.72630929947	-4.69443321228	-2.00679969788
18	18	0.492122218013	0.696252683324	-0.712246220164	-0.0890927765157	3.98577547073	-4.13118314743	-0.458668708801
19	18	0.487821885385	-0.0355414961243	0.0125441320295	0.999289470977	-0.316792428493	0.0318547263741	5.74947547913
20	18	0.49336130172	0.144586587992	0.547725723688	0.824069930396	0.87039411068	3.26959705353	4.6867351532
21	18	0.499388217926	-0.926443453501	0.230440155538	-0.297657289815	-5.35513019562	1.26795589924	-1.81965732574
22	18	0.499658748507	0.0453898330313	0.905478358868	0.421958178827	0.318525761366	5.30816555023	2.47766304016
23	18	0.499836593866	0.307827850536	0.910934161541	0.274665192136	1.84980273247	5.33611631393	1.48189854622
24	18	0.499273106456	-0.330941458167	-0.829245626851	-0.450365897482	-1.80198705196	-4.82996273041	-2.53092050552
25	18	0.495969370008	-0.741013174566	0.585252495502	0.329209646924	-4.18626117706	3.43002700806	1.9580309391
26	18	0.494762584567	-0.682719685174	-0.44479418186	-0.579699894134	-3.82213997841	-2.6709485054	-3.33886241913
27	18	0.491298869252	-0.287962518957	0.879507245315	0.378872792787	-1.62279129028	4.99662685394	2.17961072922
28	18	0.490633577108	0.797806400594	-0.358617640393	0.484663115133	4.57603406906	-2.01665329933	2.78503227234
29	18	0.495931014419	-0.42012848921	-0.880940255791	-0.217798802293	-2.45506358147	-5.07565307617	-1.27130436897
0	19	0.499579064548	-0.522800782752	-0.466489562022	-0.713489194087	-3.07122945786	-2.71488714218	-4.09754228592
1	19	0.499326147139	0.567902256619	0.619812425853	-0.541589866675	3.34564447403	3.63062739372	-3.03256607056
2	19	0.496884092689	0.0106237574665	-0.983849086923	-0.178684386384	-0.02944923006	-5.72067594528	-0.905259370804
3	19	0.499397035688	0.438243804515	-0.339713358891	-0.832188200827	2.62471723557	-1.90529966354	-4.81527614594
4	19	0.498550355434	-0.142534471637	-0.513072637499	0.846428020002	-0.945953011513	-2.99472236633	4.92700338364
5	19	0.496893389151	0.204586007791	0.253340693123	0.945496197043	1.2644162178	1.51536047459	5.47336578369
6	19	0.477483391762	-0.507840445499	0.726408417115	0.463064675245	-2.92247200012	4.06012535095	2.55622529984
7	19	0.471128569916	0.390695805819	0.185699257259	0.901594461589	2.20329189301	0.957672476768	4.98087310791
8	19	0.491234138608	0.0897407547503	0.740714632906	-0.66579909097	0.443179249763	4.18891906738	-3.8116979599
9	19	0.494035989046	0.871444158369	-0.490493193506	-0.00122717943365	4.94100952148	-2.92841219902	-0.0242094993591
10	19	0.49747274816	-0.920115295149	0.218027653831	0.325348714147	-5.31784152985	1.39293718338	1.86373496056
11	19	0.498492345214	-0.597083450167	0.19582120389	-0.777910926549	-3.45961284637	0.969971179962	-4.60610198975
12	19	0.497851490974	-0.294341409066	0.880565272278	-0.371440353445	-1.71412932873	5.11417865753	-2.17542123795
13	19	0.490139298141	-0.466943885655	-0.132687451812	0.874275384408	-2.57556819916	-0.785093426704	5.06126356125
14	19	0.471051652916	-0.00930944756151	0.297301826048	0.954738162228	-0.0996941104531	1.64145946503	5.31411981583
15	19	0.471007622778	0.766941077085	0.264239521516	-0.584789585704	4.21176433563	1.46600329876	-3.21537613869
16	19	0.470961116254	-0.330961716663	0.719907690316	-0.610079715716	-1.88552606106	4.00392532349	-3.39960289001
17	19	0.490831136703	-0.69679049193	0.563324884674	0.444013608645	-3.92302322388	3.1771440506	2.63786411285
18	19	0.483172845095	0.0807078999241	0.568607556513	-0.818640141678	0.404464513063	3.18689346313	-4.67164182663
19	19	0.486795455217	0.825633187288	0.546860829632	0.138827493899	4.68398952484	3.1381509304	0.699524641037
20	19	0.493819743395	-0.0313896577291	-0.823502835561	0.566443085588	-0.193766489625	-4.84032297134	3.13466024399
21	19	0.498575815931	0.119832737688	-0.119807024987	0.985538630264	0.700245857239	-0.593004882336	5.74764585495
22	19	0.499410837889	-0.0334276769327	-0.88434780585	-0.465630270389	-0.139663100243	-5.01101589203	-2.76551008224
23	19	0.499729607254	-0.520433348537	0.328279249202	0.788277783699	-2.99547338486	1.8586345911	4.61609315872
24	19	0.498243108392	0.486684312011	0.775139021519	-0.402862107627	2.7563085556	4.53143596649	-2.3073797226
25	19	0.494390964508	0.503212813074	-0.718031198306	0.480840995566	2.84023284912	-4.21586704254	2.69332885742
26	19	0.496606558561	0.00843788380031	0.893340269513	0.449301641421	0.0221328288317	5.15693950653	2.56609559059
27	19	0.499580085278	0.156164479929	-0.821376007782	-0.54859284451	0.985340476036	-4.7899723053	-3.16538715363
28	19	0.498597204685	-0.329902558357	-0.605377633595	-0.724349516969	-2.0014424324	-3.51048588753	-4.18858098984
29	19	0.498535200953	-0.772757128348	0.589859585461	-0.234333288346	-4.37292003632	3.62097644806	-1.29149246216
0	20	0.494269832969	0.925017841468	0.0385113749038	0.377966753789	5.33844709396	0.307327628136	2.13809418678
1	20	0.48755980283	-0.500678561687	-0.211129796794	0.839491028405	-2.87916707993	-1.16130137444	4.73431396484
2	20	0.480642512441	-0.170448291942	-0.963203399821	-0.207813835795	-0.916711568832	-5.42955207825	-1.21999430656
3	20	0.497970283031	-0.543703046339	0.774880799597	0.322407729152	-3.13342761993	4.45326757431	1.90013551712
4	20	0.499272346497	0.14411928678	0.519331107823	0.84233296957	0.953437685966	3.15600442886	4.85280132294
5	20	0.499243840575	-0.88080939604	-0.344909700686	0.324364156805	-5.0825548172	-2.09409856796	1.70928549767
6	20	0.482693985105	0.779510710221	0.62366935367	-0.0583060026371	4.45105409622	3.41581058502	-0.419031143188
7	20	0.438908860087	0.138480120827	0.764105356228	0.630052585678	0.69639134407	3.9833688736	3.28284502029
8	20	0.441277135164	0.271693832938	0.319823718934	0.907686757615	1.4134824276	1.62641334534	4.72807741165
9	20	0.466506741941	0.828572109409	0.159850289339	0.53657818117	4.56192302704	0.97333920002	2.91367125511
10	20	0.493280723691	-0.383010890595	-0.875184798545	0.295557483548	-2.19472050667	-5.01641225815	1.69299936295
11	20	0.498423680663	0.278119050445	0.800799721427	-0.530442833811	1.55232810974	4.67810535431	-3.02935934067
12	20	0.498973399401	0.595423703873	-0.782869019956	0.180517895125	3.38220334053	-4.51863193512	1.18203902245
13	20	0.493292838335	-0.508672390013	-0.752090295591	-0.419061555044	-2.95054388046	-4.28952884674	-2.49347257614
14	20	0.461699910462	0.47818058655	0.508822665218	0.715851117207	2.58468937874	2.78048324585	3.86586332321
15	20	0.456562578678	0.935995923996	-0.326083971072	0.132592888471	5.01710700989	-1.79310786724	0.709553003311
16	20	0.487604349852	-0.307604630155	0.819049178035	-0.484291064822	-1.7372469902	4.67827701569	-2.7198240757
17	20	0.486527621746	-0.295363033985	-0.388701666091	-0.872738043707	-1.63097643852	-2.31798315048	-4.90434932709
18	20	0.473516583443	0.0625163431314	0.648796137177	-0.758389925583	0.37098056078	3.64386963844	-4.1701464653
19	20	0.475579096004	0.145936321864	-0.263648276184	0.953515692805	0.816850841045	-1.50026786327	5.2912569046
20	20	0.48604798317	-0.945342603287	0.187201183215	0.266988912531	-5.37578392029	1.08694624901	1.41150188446
21	20	0.4833701998	0.98573520346	0.167030093392	0.0206653468719	5.55631685257	0.898696839809	0.0142827033997
22	20	0.478645220399	-0.364610856056	0.726294723022	0.582713393494	-1.99489426613	4.04088973999	3.2570567131
23	20	0.495631970465	-0.699811415092	-0.426784923485	-0.572816386282	-3.96653079987	-2.49959445	-3.32296133041
24	20	0.493473812938	0.654637000024	-0.242549745973	-0.715974873112	3.76882553101	-1.41347122192	-4.13045835495
25	20	0.482620149851	0.718508528003	-0.616509282644	0.321965525485	4.04934549332	-3.55362272263	1.80947422981
26	20	0.490219861269	0.338562831019	0.791876172436	0.508239448469	1.90512692928	4.5985956192	2.86763143539
27	20	0.499392300844	-0.413526342413	-0.840747250397	-0.349485371768	-2.44648003578	-4.86946582794	-2.04832315445
28	20	0.499864757061	0.919138926088	0.393656506538	0.0147712359275	5.25267124176	2.31365251541	0.143551111221
29	20	0.498641818762	-0.343981513295	-0.587236098821	0.73268716568	-2.05271172523	-3.3898358345	4.2302904129
0	21	0.473855637014	0.858400899987	-0.129215556556	-0.496438550925	4.81871891022	-0.636843442917	-2.75369000435
1	21	0.450963094831	0.0727514868286	-0.870440197367	-0.486868651663	0.366531223059	-4.59215927124	-2.58095359802
2	21	0.429064527154	0.533359652408	-0.562432894017	-0.631820165007	2.75575828552	-2.84200549126	-3.21964550018
3	21	0.483016904444	0.158848448166	-0.237259330766	-0.958371107912	0.898290276527	-1.28754460812	-5.39029455185
4	21	0.495225012302	0.372411361632	-0.735283448426	0.566275576198	2.05699586868	-4.29234695435	3.29600644112
5	21	0.498273432255	0.677877648686	0.735156115676	-0.00523249430824	3.8845949173	4.2433142662	-0.148654460907
6	21	0.489254385233	-0.339564431795	0.729337911192	0.593937882238	-2.06085538864	4.14677762985	3.36220169067
7	21	0.448611959815	0.936007155208	0.120948882199	0.330547989398	4.93968963623	0.599111914635	1.76375293732
8	21	0.418310970068	0.139848912794	-0.709986622194	0.69018930584	0.711855888367	-3.49952101707	3.43771266937
9	21	0.455468301661	-0.128584318547	-0.160876319193	0.978562661737	-0.712476909161	-0.843724727631	5.23487234116
10	21	0.471237652004	0.438627296568	-0.698673974072	-0.56520860986	2.40942716599	-3.82909727097	-3.17609024048
11	21	0.483869612217	0.979449024548	0.123741607704	0.159272165916	5.54111528397	0.658943891525	1.05416822433
12	21	0.497059244663	0.296953797902	0.209029279246	-0.931732366256	1.6742105484	1.3172403574	-5.3672785759
13	21	0.488041266799	-0.844696421382	-0.352275517825	-0.402976320949	-4.86313438416	-2.01069879532	-2.22046804428
14	21	0.467001862824	-0.23863344006	0.51921971355	0.820649115241	-1.25798404217	2.85493993759	4.47289800644
15	21	0.467960432172	0.983289377751	-0.17049514034	-0.0638232459382	5.40606689453	-0.95616543293	-0.391794681549
16	21	0.490089997649	0.42527157209	-0.568097200662	0.704563453901	2.35453104973	-3.32079696655	3.98116850853
17	21	0.46979893744	0.409814584264	0.73544243155	0.53960766896	2.2226266861	4.09907197952	2.90798664093
18	21	0.42245388031	0.28693297468	0.705653569821	0.647859944309	1.44332718849	3.52678084373	3.24697589874
19	21	0.438464494422	0.393293090166	-0.0609747203769	0.917389028004	2.04527187347	-0.318737715483	4.75148630142
20	21	0.464404456317	-0.101267801877	0.84413325693	0.526482551324	-0.547529101372	4.63057041168	2.83687925339
21	21	0.423753660172	-0.112557216829	0.33018588316	0.937180961982	-0.59236061573	1.66277599335	4.69273376465
22	21	0.403237167746	-0.441345487408	0.53056666907	0.723680295722	-2.11492681503	2.52556586266	3.50575733185
23	21	0.473087519407	0.123449824905	0.591807213289	0.796570375441	0.744353413582	3.27127027512	4.39152765274
24	21	0.478111699224	-0.287920246914	0.33567360304	0.896897521258	-1.65278768539	1.84533452988	5.02285432816
25	21	0.460277114064	0.00482569272296	0.296116274475	0.955139709509	-0.0345921702683	1.64494419098	5.19195222855
26	21	0.48487752676	0.623161905037	0.169215135454	0.763567598869	3.60146903992	0.894730806351	4.31234407425
27	21	0.497975334525	-0.815384236925	-0.462596522251	0.348070400603	-4.7876791954	-2.72193670273	2.05076432228
28	21	0.498974591494	-0.8205543522	0.278841509855	-0.498936837153	-4.76279306412	1.68712997437	-2.82773542404
29	21	0.496121712029	-0.000261414105523	-0.825874107424	-0.563854493951	-0.0146592753008	-4.77671337128	-3.27027058601
0	22	0.476569399238	-0.448321467229	-0.803995450333	-0.390639447401	-2.5154504776	-4.45036554337	-2.12588906288
1	22	0.439323887229	-0.998334454993	0.0560342280966	0.0137288475924	-5.1779551506	0.296270489693	0.07994389534
2	22	0.459174260497	-0.415011442624	-0.619090788925	-0.666702405545	-2.21135997772	-3.28894376755	-3.6366622448
3	22	0.485686019063	-0.465192827798	-0.673295761166	0.574689873725	-2.61600136757	-3.751516819	3.32189631462
4	22	0.490755036473	0.423415085243	-0.900974061939	-0.094685824186	2.52793622017	-5.15353631973	-0.625478744507
5	22	0.494770482183	0.0290633780603	-0.958781705642	0.282653429099	0.12752828002	-5.57275390625	1.69724035263
6	22	0.496468514204	-0.0825153551168	-0.825716775132	0.558017045829	-0.503602564335	-4.78428888321	3.20928788185
7	22	0.477997764945	0.948684182959	-0.156610405685	-0.274720770666	5.31794500351	-0.788884520531	-1.62346053123
8	22	0.455389454961	-0.474350673543	-0.682472552163	0.556077920846	-2.54571127892	-3.65083885193	3.0315117836
9	22	0.467005461454	-0.484394684167	-0.874285715007	-0.0314050710128	-2.63637089729	-4.78334760666	-0.192108631134
10	22	0.423007641919	0.0307524611872	-0.277301454673	-0.960290679621	0.136334389448	-1.36671388149	-4.82428789139
11	22	0.450370674953	0.0314215005561	0.394441847652	-0.918383535416	0.169019237161	2.08392572403	-4.84923791885
12	22	0.488383129239	-0.33835629826	-0.798811044764	0.49740921804	-1.92513418198	-4.48507881165	2.89405989647
13	22	0.481186319143	0.633920140004	-0.0570655172468	-0.77129033628	3.60693693161	-0.241341814399	-4.2856092453
14	22	0.472831889987	-0.988875172597	-0.0179425568055	-0.147661632376	-5.43405437469	-0.131002143025	-0.830427885056
15	22	0.480815008283	0.117150923709	0.993063510228	0.0100262519781	0.626528918743	5.58712291718	0.136026859283
16	22	0.486437320709	0.0160540022085	0.977773399498	-0.209048913526	0.0783038511872	5.56342411041	-1.22540092468
17	22	0.473396968096	0.111330685042	-0.274708442406	0.955060600297	0.548338294029	-1.60501420498	5.29705762863
18	22	0.451491102576	0.684368678952	0.540951098076	0.488887942948	3.62472200394	2.86138439178	2.58529782295
19	22	0.463337600231	0.809552556449	0.476091584013	-0.343455181907	4.35000133514	2.64589357376	-1.91680455208
20	22	0.491367638111	0.642167381713	-0.73186925242	0.22800976125	3.57405495644	-4.24120187759	1.31272387505
21	22	0.461948260665	-0.203994622037	0.898008526631	0.389829296331	-1.10540890694	4.90026092529	2.06476259232
22	22	0.450684837997	0.465047277095	0.544514937042	0.698021857397	2.42560434341	2.8822915554	3.69259953499
23	22	0.46574850101	0.224418652249	0.112212604781	-0.96801064036	1.24507701397	0.60906457901	-5.28013277054
24	22	0.455343052745	0.460564223137	0.543673402002	-0.701640811471	2.49044394493	2.89929962158	-3.72895956039
25	22	0.449943482876	0.95374440795	-0.132525531758	0.26983066493	5.0365114212	-0.70032286644	1.4266346693
26	22	0.492862589657	-0.0114754212284	0.799191747429	-0.600966609346	-0.0918577089906	4.51054334641	-3.48579072952
27	22	0.499093465507	-0.729138300023	-0.258507578159	0.633664873157	-4.17961454391	-1.50745046139	3.73645687103
28	22	0.499512985349	0.913956207374	-0.398737609782	-0.0754477935292	5.26053476334	-2.36904668808	-0.520316123962
29	22	0.49739408493	0.739156029568	0.533447916861	0.411195432793	4.13642501831	3.19930553436	2.39861869812
0	23	0.450648060068	0.0252613666147	0.368781118626	-0.92917293864	0.133964076638	2.01908445358	-4.89792728424
1	23	0.450282126665	-0.672583339535	0.410756515907	-0.615557256491	-3.5432062149	2.16453909874	-3.26732134819
2	23	0.49336142838	-0.0941142567755	-0.371432077066	0.923677821969	-0.512533128262	-2.15134119987	5.25493955612
3	23	0.487065151334	-0.350165829146	0.912902848991	-0.209743367957	-1.86175310612	5.22464227676	-1.28923535347
4	23	0.486723199487	-0.829824546502	0.473078979021	-0.29595185695	-4.73022270203	2.77386140823	-1.62756276131
5	23	0.495777644217	-0.458509365212	-0.486240264742	-0.743867976833	-2.59534931183	-2.84673810005	-4.30182886124
6	23	0.499362841249	0.0181097622958	0.887344854002	-0.460750633842	0.0541604086757	5.12798881531	-2.6641535759
7	23	0.495590895414	0.707381148788	-0.590919795758	0.387847528445	4.08885717392	-3.37378358841	2.25910282135
8	23	0.491484433413	-0.628141769221	-0.7766346576	0.0477129581402	-3.62803220749	-4.41004991531	0.297740459442
9	23	0.486010208726	0.133448410905	0.855474220108	-0.500355254152	0.860817432404	4.85367298126	-2.77268075943
10	23	0.432397659868	-0.594299286969	-0.144956552588	-0.791072661245	-3.02151107788	-0.748032391071	-4.04972362518
11	23	0.442773863673	0.575232065475	0.00657892429624	-0.817963806415	2.95484948158	0.0221270285547	-4.27973794937
12	23	0.47056466341	-0.381671138784	-0.877593997054	0.29009639459	-2.16323208809	-4.85507392883	1.60382795334
13	23	0.464038170874	0.420447423369	-0.70114900066	-0.575859395213	2.31809520721	-3.85991001129	-3.11773824692
14	23	0.450131356716	0.0385040401849	-0.900661428232	-0.43281223479	0.198994740844	-4.81233882904	-2.31406259537
15	23	0.480138286948	0.195601375305	-0.431915609842	-0.880448185842	1.06964874268	-2.45248365402	-4.9255399704
16	23	0.482697952539	-0.0524907522042	0.464127974587	-0.884211481569	-0.340723067522	2.61251354218	-5.03626918793
17	23	0.492920339108	0.851587249706	-0.297718370956	0.431466021528	4.89385843277	-1.68406248093	2.43246030807
18	23	0.487252056599	-0.409989085901	-0.908946052022	-0.0756704959422	-2.40787982941	-5.15662527084	-0.456296682358
19	23	0.489075675607	0.573879209953	-0.697065892714	0.42983926484	3.28477430344	-3.95206308365	2.48581504822
20	23	0.498237863183	0.316445575333	0.508623432448	-0.800727420423	1.71544790268	3.00721359253	-4.58699512482
21	23	0.495992571115	-0.742370056682	-0.000529523371117	0.669989864511	-4.22686767578	-0.12036126852	3.87039709091
22	23	0.485842734575	0.812220007171	-0.291654863261	-0.505208967347	4.64604473114	-1.60452270508	-2.8526096344
23	23	0.467556513846	-0.02727756629	-0.710388886324	-0.703280573146	-0.214121848345	-3.94171476364	-3.81632375717
24	23	0.439521536231	0.573969061022	-0.719543769185	-0.390917230647	3.00605678558	-3.69687604904	-2.03061842918
25	23	0.425124317408	0.900473094254	-0.372247171065	-0.224900533921	4.54348087311	-1.88452911377	-1.15305626392
26	23	0.484804421663	0.351712973194	-0.667192323127	0.656621952456	1.92073023319	-3.74916505814	3.75141859055
27	23	0.499452583492	-0.28793287861	0.3852396953	-0.876746847488	-1.61093437672	2.24706411362	-5.09383583069
28	23	0.498671285808	0.382592567457	0.645385833659	0.661135427155	2.08582162857	3.80048203468	3.84889507294
29	23	0.490768760443	0.0675076097318	-0.982106491771	-0.175811152801	0.357076823711	-5.59417963028	-1.00989341736
0	24	0.447458766401	0.687446256209	-0.0181483510477	-0.726008458751	3.63245725632	-0.0772171542048	-3.80720019341
1	24	0.447782192379	0.535884596415	0.403807195742	-0.741463045601	2.85571098328	2.11680626869	-3.90821433067
2	24	0.487800747156	0.524754823125	0.565324223124	-0.63642823504	2.98814201355	3.17207384109	-3.60876750946
3	24	0.48776948452	-0.863847760857	0.154377181393	0.479515100834	-4.91768169403	0.819826602936	2.76361036301
4	24	0.482124105096	-0.984534010207	-0.160860733365	-0.0694017810086	-5.55391216278	-0.958772242069	-0.486715555191
5	24	0.489404553548	0.034159639809	0.278195391299	0.959916893938	0.275744318962	1.58828544617	5.49047136307
6	24	0.496996514499	0.50080649463	0.698702667965	0.510888869242	3.0150604248	3.97208762169	2.96838355064
7	24	0.499681651592	-0.999875893939	-0.00190199484605	-0.0156390260556	-5.73910427094	-0.0469618067145	-0.0924439430237
8	24	0.498945042491	0.425102624	0.410307088238	-0.806805957099	2.66309833527	2.33329820633	-4.59488344193
9	24	0.494242087007	-0.868549340498	0.382656717985	-0.314953773276	-5.0411233902	2.19886255264	-1.66155171394
10	24	0.466525375843	0.337836735806	-0.76191168589	-0.552591099136	1.83264636993	-4.17266941071	-3.01536655426
11	24	0.46472863853	0.386436065026	-0.922206606428	0.0142176899395	2.09698271751	-5.03255796432	0.0990643501282
12	24	0.480621732771	0.305409543711	-0.625395941834	0.718056353323	1.69787287712	-3.54777765274	4.03686714172
13	24	0.4923908934	0.250089448786	0.751078368266	-0.611012726814	1.34535431862	4.33159923553	-3.41193270683
14	24	0.482349917293	0.268160350169	-0.96289753336	-0.0303045680827	1.51597201824	-5.44578027725	-0.235762834549
15	24	0.49402320385	-0.298366228882	-0.138695416455	0.944320483161	-1.66642928123	-0.775174856186	5.40812635422
16	24	0.479649335146	-0.525977136495	0.786900405813	-0.32270079519	-2.98140382767	4.43912553787	-1.88405191898
17	24	0.491427734494	-0.757283487397	0.641648506625	0.121691880018	-4.31155824661	3.73599481583	0.683149814606
18	24	0.490425661206	-0.648176519351	-0.566938521591	-0.508377726202	-3.63688755035	-3.30683517456	-2.99040317535
19	24	0.490087039769	-0.593240279402	-0.477704414281	0.647969492701	-3.42413592339	-2.65825176239	3.78307342529
20	24	0.499029129744	0.412685300464	-0.895180109124	0.168355026683	2.30558180809	-5.19587421417	1.00268030167
21	24	0.499432489276	0.166522003441	0.795723449243	-0.582318310458	0.936892211437	4.61914825439	-3.39569544792
22	24	0.496709104627	0.353049783423	-0.290864458012	-0.889243339863	2.00432038307	-1.7535533905	-5.19242620468
23	24	0.49553604424	-0.330215814124	0.894620114682	0.301018880651	-1.85495233536	5.12110996246	1.84474086761
24	24	0.488473117352	-0.788743013501	-0.57016648827	0.229770829976	-4.48072862625	-3.30604839325	1.24184346199
25	24	0.476063981652	0.962773370634	0.0920074563217	0.254169362393	5.34849405289	0.575041949749	1.45650005341
26	24	0.488026112318	0.822582728979	-0.566065647423	0.0541048684744	4.74646139145	-3.20820188522	0.253978252411
27	24	0.498497579247	-0.397689550047	-0.36992225796	-0.83964310564	-2.36876010895	-2.17276144028	-4.84412431717
28	24	0.499126523733	0.842628153617	-0.336202955085	0.420648746254	4.8584895134	-1.9045612812	2.45628738403
29	24	0.484047606587	-0.685269987591	-0.688676871912	-0.236916040404	-3.97564029694	-3.82411551476	-1.36911249161
0	25	0.483792379498	0.686374116943	-0.582299879833	0.435680412158	3.89751386642	-3.24320316315	2.49004626274
1	25	0.466013535857	-0.349052274067	0.685285830167	0.639175907667	-1.87668132782	3.80906915665	3.43780303001
2	25	0.468234322965	-0.80693883798	0.129406828773	0.576284291323	-4.45451307297	0.693493247032	3.14257526398
3	25	0.480341441929	0.594803928946	-0.282215705707	0.752703515046	3.42294692993	-1.60179340839	4.15209197998
4	25	0.475139424205	0.525355289241	-0.453767369157	0.719789548935	3.00309658051	-2.52225708961	3.98933339119
5	25	0.474041827023	-0.736003775562	0.111992139125	0.667649760827	-4.1088476181	0.624947309494	3.70281076431
6	25	0.47800206393	-0.772673358252	0.000787743430847	-0.634803324588	-4.30016756058	-0.0499410405755	-3.52967691422
7	25	0.497795164585	0.994590770202	0.0543034142055	-0.0885456889632	5.71789932251	0.277594387531	-0.466798782349
8	25	0.497742295265	-0.471861134829	0.765654777353	-0.437172541858	-2.87367606163	4.38054275513	-2.39724397659
9	25	0.498861148953	0.47660214019	-0.797408199176	-0.370122363353	2.80842733383	-4.62655687332	-2.04443454742
10	25	0.493295654655	0.901134261772	0.347145632396	0.259705510471	5.18306016922	1.98109745979	1.61237835884
11	25	0.496779352427	0.0166588714079	0.967481524335	-0.252392515884	-0.0227878578007	5.56141757965	-1.56201457977
12	25	0.496764339507	0.328091784895	0.656432640501	0.679302560844	1.89066934586	3.86456346512	3.85003256798
13	25	0.498699069023	-0.0469374338106	-0.964163934982	0.261122162574	-0.275765806437	-5.60966920853	1.48600387573
14	25	0.493712209165	0.273121522466	-0.508161048653	0.816809024557	1.59672665596	-2.88106203079	4.77937316895
15	25	0.480485752225	-0.248441232158	0.485929887431	-0.837943374379	-1.36515796185	2.66671943665	-4.70277118683
16	25	0.454798698425	0.143668993291	0.986223039456	0.0819959560811	0.809689700603	5.26257610321	0.477808475494
17	25	0.479933708906	-0.512998865933	-0.447655593533	0.732418345708	-2.8284535408	-2.60235548019	4.07722711563
18	25	0.49003970623	-0.20412777723	0.967003013962	-0.152436942867	-1.02127289772	5.57266426086	-0.812246799469
19	25	0.488265290856	-0.755751424215	0.515812506561	-0.403456618327	-4.33890914917	2.92945790291	-2.36958599091
20	25	0.498960137367	0.498676200876	0.856308383913	0.134380051792	2.87597179413	5.01209259033	0.711258411407
21	25	0.498722217977	0.289762803534	0.759649305616	0.582211688448	1.69349956512	4.41810274124	3.46512126923
22	25	0.499149352312	0.431098523918	-0.902127867762	-0.0178710067553	2.36733794212	-5.26032829285	-0.0246036052704
23	25	0.498650066555	-0.0261768274293	0.745635393074	-0.665839796273	-0.146213948727	4.32643651962	-3.84826755524
24	25	0.496207006276	-0.842231625333	-0.108373703132	0.528110812007	-4.86234664917	-0.57387137413	3.13588905334
25	25	0.49842114374	-0.158467624407	-0.306144070289	-0.938703265277	-0.825099825859	-1.78838086128	-5.41495990753
26	25	0.498606521636	-0.382983374819	-0.155847899672	0.910513682918	-2.27552127838	-0.910967767239	5.26937103271
27	25	0.499216109514	-0.520230084907	0.84162528089	0.145008776717	-3.01132440567	4.93866491318	0.855984210968
28	25	0.499090060592	-0.683155861156	0.38298125981	-0.621790498481	-3.95205879211	2.26048231125	-3.58519530296
29	25	0.490312218666	-0.454926250719	-0.835923435024	0.307040904742	-2.61835193634	-4.83725357056	1.7522110939
0	26	0.495745433494	0.264016751651	-0.05651356619	-0.962861034462	1.47399401665	-0.238281697035	-5.54265880585
1	26	0.478487509303	-0.276451468391	-0.0253259736209	0.960694114005	-1.4892154932	-0.112129762769	5.40892696381
2	26	0.473957568407	-0.830536490386	-0.0172103347348	0.556698250864	-4.6442284584	-0.139327034354	3.09529066086
3	26	0.485652431846	-0.895630960369	0.444720998778	-0.00827140094909	-5.03586483002	2.55799889565	-0.153261423111
4	26	0.483090974391	0.270637484917	-0.8230565401	0.499332838453	1.52514588833	-4.66192483902	2.7974653244
5	26	0.456397242844	-0.804256072176	0.261296754209	-0.533756664228	-4.28927230835	1.40328121185	-2.86954259872
6	26	0.414627760649	-0.989957960337	0.133552362737	0.0463357655959	-4.85266113281	0.651223242283	0.243211984634
7	26	0.457839552313	-0.0592427843166	-0.593073435421	0.80296587269	-0.439805865288	-3.17235016823	4.30974054337
8	26	0.484035760164	0.955447014646	-0.291727721256	0.0448992077283	5.39490365982	-1.6123008728	0.295558452606
9	26	0.498974233866	-0.702353201568	-0.400703540723	-0.588333793607	-4.13599920273	-2.32780456543	-3.30410695076
10	26	0.499253287911	0.000602513858773	0.935140306961	-0.354277071336	-0.0562369525433	5.3859205246	-2.05764913559
11	26	0.499747280031	0.319335103628	-0.535236192251	0.782014904011	1.81368291378	-3.10819911957	4.56075000763
12	26	0.499631658196	-0.391526346577	-0.905270982212	-0.164898661911	-2.25404000282	-5.26373672485	-1.09976649284
13	26	0.498837962747	-0.686682389969	-0.449967865925	-0.570960782315	-4.03445720673	-2.47405076027	-3.38231086731
14	26	0.490568814799	0.0618156905047	0.0744768510204	0.995304987966	0.362034469843	0.459681540728	5.68852329254
15	26	0.440231971443	-0.290024685757	0.84486556701	0.449541828234	-1.49669325352	4.40653276443	2.33549833298
16	26	0.410223945975	0.107178862105	0.643803426522	0.757647569465	0.481374561787	3.124958992	3.68440270424
17	26	0.451911538839	0.216590231758	-0.523793551366	0.82385009987	1.1977430582	-2.76952075958	4.37758922577
18	26	0.484069660306	-0.591227490816	-0.177616212458	-0.786703587875	-3.34847640991	-1.01307702065	-4.45776605606
19	26	0.479633584619	-0.836458617503	-0.38610237139	-0.38892408001	-4.76450967789	-2.14990878105	-2.19044184685
20	26	0.498557753861	0.317116090053	-0.743259970279	0.589068758304	1.85468053818	-4.31155920029	3.339615345
21	26	0.496425062418	-0.654614990806	0.574857509847	0.490935899262	-3.8828625679	3.25599074364	2.83659172058
22	26	0.498858734965	0.361823998694	0.927819050483	-0.090748022185	2.00128889084	5.41624259949	-0.585558414459
23	26	0.499852597713	0.699431362081	-0.602683400566	-0.384146441374	4.05059337616	-3.51269316673	-2.22645163536
24	26	0.499591775239	0.0552955475171	-0.67835094889	0.732654347264	0.38873976469	-3.95348167419	4.22882318497
25	26	0.499726504087	-0.560385158553	0.826119691971	-0.059116229679	-3.22706604004	4.77164268494	-0.323056459427
26	26	0.498383186758	0.655720572867	0.0475617845618	0.753504085569	3.88043451309	0.179465338588	4.41775131226
27	26	0.499570339918	0.843434800318	0.276809371651	0.460428397668	4.91661834717	1.58584070206	2.71524095535
28	26	0.498901709914	0.624093830159	-0.625427544298	-0.468345255117	3.52138805389	-3.66449904442	-2.79675936699
29	26	0.495382641442	0.141128944519	-0.17347210094	0.974674330848	0.725660800934	-0.855304777622	5.64266395569
0	27	0.482313163579	-0.214502097608	-0.624211134621	-0.75123186137	-1.27942836285	-3.49252271652	-4.30015563965
1	27	0.495393887162	-0.357198662717	-0.904558389288	0.232772927383	-2.05302667618	-5.22728395462	1.34791207314
2	27	0.480126306415	0.964900518502	0.0454601389506	-0.258651049023	5.37326574326	0.292768031359	-1.46078491211
3	27	0.451125338674	0.247948057998	-0.446058527434	0.859972994133	1.29833590984	-2.39495778084	4.54805326462
4	27	0.454222165048	0.585690233066	-0.00366665470199	0.810526684653	3.17505550385	0.0310323163867	4.3233704567
5	27	0.464267831296	-0.314513206609	-0.345403277005	0.884182118742	-1.72005677223	-1.89865815639	4.78362083435
6	27	0.425380140543	-0.682366105001	0.105481032865	0.723360387671	-3.47156190872	0.514902353287	3.61577177048
7	27	0.459904979914	0.421838675726	-0.493263979357	0.760751456345	2.24207305908	-2.63633441925	4.11316680908
8	27	0.478526949883	0.886408732529	-0.341280770274	-0.312741098574	4.94657754898	-1.97060847282	-1.89042031765
9	27	0.497933954	0.632155798597	0.774642303203	-0.0175598516162	3.59217071533	4.49051856995	-0.0577895641327
10	27	0.499824672937	0.378319185112	-0.880459692887	0.28577145305	2.09717750549	-5.15842294693	1.61178040504
11	27	0.499881893396	0.759923017078	-0.642984233917	0.0953324868522	4.48622894287	-3.77128458023	0.481811523438
12	27	0.49994947575	-0.280563365899	0.181821172501	0.942457032944	-1.67029476166	1.12534916401	5.40550422668
13	27	0.499176993966	0.989305605978	-0.0554731403074	-0.13489680754	5.78111028671	-0.352072000504	-0.733668327332
14	27	0.496441982687	0.458336833067	-0.00530097494821	-0.888762762	2.58898067474	-0.0931528806686	-5.13746452332
15	27	0.459792375565	-0.527330292867	0.829010297612	-0.186184555422	-2.921033144	4.47356748581	-0.985645294189
16	27	0.448368996382	-0.873931180082	0.383129795398	0.299091712286	-4.58219337463	2.05161094666	1.58597493172
17	27	0.454226277769	-0.0621063982348	-0.279797218873	0.958048178125	-0.349134534597	-1.45787858963	5.14245271683
18	27	0.473919898272	0.658114905775	-0.628527089107	-0.414534038477	3.7017865181	-3.46350097656	-2.27164983749
19	27	0.459783554077	-0.115108965443	-0.898743625474	-0.423095523191	-0.600161910057	-4.88575601578	-2.28457832336
20	27	0.474988870323	-0.0557620711383	0.751063952315	-0.657870451498	-0.331298500299	4.18983364105	-3.61476969719
21	27	0.476522294804	-0.0120062363675	0.436253657691	-0.899743628174	-0.0736701190472	2.38646245003	-5.04056167603
22	27	0.494869068265	0.651905159931	0.0403785185658	0.757224694324	3.81040763855	0.138207405806	4.33824062347
23	27	0.497843325138	-0.896353986362	-0.266387866288	0.354382612197	-5.20909070969	-1.47002899647	2.05612659454
24	27	0.499746181071	-0.272124763255	0.747097819444	-0.606459365008	-1.58066940308	4.36895370483	-3.44827747345
25	27	0.499067515135	0.354020712638	-0.602070514064	-0.715667821771	2.09392356873	-3.61507987976	-4.04224681854
26	27	0.496529906988	0.895028417605	0.444453504885	0.037218458806	5.20632171631	2.62509703636	0.295529603958
27	27	0.499240629375	-0.635356079327	0.114728512064	-0.76364914783	-3.69818043709	0.613890588284	-4.34136676788
28	27	0.492318503559	0.699601436795	0.385700818661	0.60149206821	3.95503091812	2.20960998535	3.51180696487
29	27	0.475903689861	0.78468041497	-0.562819982334	-0.259827469388	4.34450006485	-3.15322780609	-1.51760458946
0	28	0.461480252445	0.415247423672	-0.571832254911	0.707514981734	2.25547099113	-3.09150195122	3.80667638779
1	28	0.49058316648	-0.282044979296	0.957764380767	-0.0560180380558	-1.60026621819	5.44765472412	-0.323845863342
2	28	0.44448941946	0.445536417107	0.735223462585	-0.510826546977	2.35015320778	3.85787248611	-2.70323467255
3	28	0.425715044141	0.746899894224	0.0513226642178	0.662952888331	3.76253032684	0.28989481926	3.30116581917
4	28	0.451593488455	0.241576567416	0.956843696218	-0.16152678751	1.2918715477	5.10419607162	-0.86092209816
5	28	0.487316437066	0.317954918946	0.790558232118	-0.523375917624	1.75749230385	4.47560310364	-3.018201828
6	28	0.490511911921	0.139557955953	0.175435856704	0.974549042949	0.797989368439	0.930930495262	5.54451370239
7	28	0.498921003193	-0.310302214158	0.435770689544	-0.8448765839	-1.75691223145	2.44074296951	-4.85996341705
8	28	0.498395077884	0.531153023637	-0.0928460184025	0.842173427714	3.08050632477	-0.578849732876	4.86579990387
9	28	0.499579682946	-0.957986090771	-0.284444817848	0.0367939599385	-5.55030536652	-1.71789336205	0.0369279384613
10	28	0.499942198396	-0.554805320165	0.627176563844	0.546663163641	-3.13878011703	3.63711452484	3.25232791901
11	28	0.499922335148	0.333140055667	0.293847467799	-0.895919287089	1.89297759533	1.73622572422	-5.25790691376
12	28	0.499896533787	-0.244024350558	0.298564602731	-0.922665320867	-1.4495486021	1.66385865211	-5.38078594208
13	28	0.499370515347	0.731688661885	0.63575254992	-0.245866625103	4.25402832031	3.70018291473	-1.46646881104
14	28	0.497881807387	-0.517920330599	0.383136611044	0.764829960468	-3.0781121254	2.11629343033	4.39297199249
15	28	0.490665853024	0.363002442148	0.930918198267	-0.040255870757	2.07790780067	5.33715057373	-0.28239941597
16	28	0.482286438346	0.307684554228	-0.931808636186	0.192517221617	1.71460783482	-5.22691917419	1.05926537514
17	28	0.451361425221	-0.253958963961	-0.806557633662	0.533825466051	-1.37905144691	-4.29370117188	2.85698604584
18	28	0.454567953944	-0.831084905153	-0.236447207746	-0.503379179522	-4.45951747894	-1.2200678587	-2.70586919785
19	28	0.44013234973	-0.263072305541	-0.933709058101	-0.242858717935	-1.35143089294	-4.85872840881	-1.25182390213
20	28	0.436749324203	0.614079883243	-0.507409496032	-0.60451757653	3.14784431458	-2.63095140457	-3.0857758522
21	28	0.453203078359	0.483583951339	-0.443043227415	-0.75489023086	2.56810903549	-2.36887025833	-4.0270075798
22	28	0.491006555036	0.0167313670465	0.238179574353	0.97107700607	0.101518422365	1.46032738686	5.56113481522
23	28	0.494046747684	-0.160131244019	-0.986643419961	-0.0298788643745	-0.891990542412	-5.72848510742	-0.224048137665
24	28	0.498846590519	0.903825099958	-0.15702954724	-0.398047622753	5.27591276169	-0.891545414925	-2.26618480682
25	28	0.496832028031	-0.632518550032	-0.251843335088	-0.732458339046	-3.78703022003	-1.47001624107	-4.09335565567
26	28	0.487746179104	0.778419268472	0.535824976438	-0.327039809652	4.41173124313	3.11461734772	-1.87746489048
27	28	0.488598242402	0.0616585025283	-0.9324039287	0.356119562521	0.371256202459	-5.26917076111	2.07567477226
28	28	0.472657173872	-0.217349608122	0.882150017829	0.417816339906	-1.25266623497	4.88556337357	2.26115059853
29	28	0.43543022871	0.705937887222	0.278222400146	0.651340153408	3.62580513954	1.44056558609	3.34953117371
0	29	0.450097277761	0.383716584739	-0.871323719662	0.305870165512	2.06964349747	-4.63034677505	1.65072703362
1	29	0.47781355679	0.611597349102	-0.714431158344	-0.33990704988	3.40308618546	-4.0468583107	-1.87418365479
2	29	0.459114328027	0.836229187019	0.541734286981	-0.0851158568488	4.47048616409	2.96499848366	-0.480494737625
3	29	0.456842657179	0.387833875071	-0.485542359938	0.783475272139	2.07478189468	-2.61980557442	4.17022037506
4	29	0.478861425072	-0.0886655040417	0.492434702477	0.865821281899	-0.53500276804	2.82294201851	4.78298330307
5	29	0.497100561857	0.653980869286	-0.744320117306	-0.135264871938	3.79728507996	-4.30208158493	-0.722761869431
6	29	0.498951986432	0.220345817755	-0.482533131167	-0.847708380237	1.26279723644	-2.67178297043	-4.95702075958
7	29	0.499439992011	-0.167336685317	-0.325257545794	0.930701865611	-0.897054970264	-1.94994401932	5.35024023056
8	29	0.499345213175	-0.056317995041	0.848311138552	0.526494535246	-0.279511451721	5.09828567505	2.90588760376
9	29	0.499850202352	-0.267850963699	-0.195027031662	0.943514874375	-1.49395799637	-1.14792811871	5.48846292496
10	29	0.499965606257	-0.247557117467	0.220650741971	-0.943413336592	-1.4356136322	1.27689361572	-5.42413139343
11	29	0.499855816364	0.889058402347	-0.428537493201	0.161030351601	5.18797683716	-2.43233847618	0.982443809509
12	29	0.499627089128	-0.211486375363	-0.333457856978	0.918737922726	-1.29950428009	-1.95799160004	5.34147882462
13	29	0.498114690185	-0.0957819053208	-0.631444240712	0.769482941646	-0.563195824623	-3.71838927269	4.48679018021
14	29	0.494816660881	0.408851924627	-0.701372754025	0.583880436083	2.40756988525	-4.10808801651	3.30178594589
15	29	0.481030538678	0.965029638172	-0.255607629853	0.0581595822843	5.44962787628	-1.44799351692	0.342995643616
16	29	0.456663973629	0.657996077368	0.509372454737	-0.554599733614	3.49856114388	2.76404523849	-2.98075389862
17	29	0.456113696098	0.372137056295	-0.872938087955	-0.315425277885	2.01511764526	-4.64728355408	-1.67627906799
18	29	0.462856352329	-0.770033579812	-0.621700193738	0.143307903019	-4.21910429001	-3.34998416901	0.762897491455
19	29	0.464986555278	0.781911879838	-0.26075796575	0.566232368791	4.28882980347	-1.36754763126	3.08371639252
20	29	0.446001794189	0.617314594932	-0.259145680678	0.742809670824	3.22385025024	-1.37447166443	3.9607667923
21	29	0.473725870252	0.987617412561	-0.124173962171	-0.0958784309686	5.45647239685	-0.672214388847	-0.507404327393
22	29	0.491733714938	-0.630916080455	0.113883900293	0.767447298958	-3.6690030098	0.741138517857	4.34979915619
23	29	0.492859825492	-0.736130193399	-0.655209295068	-0.169744272431	-4.27758693695	-3.76706981659	-1.06520390511
24	29	0.498141672462	0.440913159565	0.205702066755	0.873660257455	2.47299003601	1.20333623886	5.08136177063
25	29	0.494549572468	0.517313865582	0.834381322897	0.1902476609	2.94574022293	4.83701658249	1.04332566261
26	29	0.472485855222	0.92900257971	0.10739984089	0.354146129541	5.16753482819	0.524882793427	2.03389668465
27	29	0.454842761159	0.062379648806	-0.995113037034	-0.0765429483367	0.267795532942	-5.34994316101	-0.460714817047
28	29	0.467091426253	0.330076735791	-0.783614372611	0.526305864993	1.78623867035	-4.25093460083	2.89419126511
29	29	0.438494890928	0.952348251846	0.24628276202	0.179937790188	4.93676710129	1.24166846275	0.937862873077
