0	0	0.498238470405	-0.134547618914	0.619124909047	0.773680350818	-0.8063108325	3.47698926926	4.53637456894
1	0	0.499623134732	0.707754114278	0.545865712914	-0.448458177747	4.05715179443	3.06820726395	-2.77354264259
2	0	0.499555622227	0.0900819042543	0.0977487600882	0.991125839854	0.398262888193	0.480905950069	5.7831196785
3	0	0.499692514539	0.733159514901	-0.545553796826	-0.406015000313	4.23874425888	-3.14277863503	-2.41209030151
4	0	0.499894186854	-0.948761936849	0.289909678585	-0.125710641751	-5.51171970367	1.58618295193	-0.661485910416
5	0	0.499676465988	0.738650748748	0.254964832401	0.624009619808	4.26776313782	1.5941773653	3.51671981812
6	0	0.497954621911	-0.0248087112483	-0.96782818725	-0.250385957696	-0.195376619697	-5.5684337616	-1.3698527813
7	0	0.487406276166	-0.591355667755	0.510012655399	-0.624648353513	-3.32023906708	2.94797134399	-3.53293323517
8	0	0.474051579833	0.871589484041	0.457173737712	0.176985719356	4.82646179199	2.55437469482	0.986954450607
9	0	0.496766999364	0.0704083802582	-0.724718519	-0.685438347489	0.334531962872	-4.22638511658	-3.85244393349
10	0	0.499170742929	-0.374368560912	0.756884639102	-0.535699378095	-2.15805768967	4.48424243927	-3.04425668716
11	0	0.499333143234	-0.847192990272	-0.339295629633	-0.408830665369	-4.95095539093	-2.01918625832	-2.33314323425
12	0	0.499798923731	0.425443183613	-0.813234477763	0.397048840441	2.55195379257	-4.69239187241	2.34453582764
13	0	0.499255053699	-0.66946037504	-0.449870134194	0.591134222163	-3.88782477379	-2.56043362617	3.48831129074
14	0	0.476322662085	0.623646995721	0.114366665139	-0.773294698438	3.46704101562	0.709043085575	-4.3085565567
15	0	0.462551562116	0.447418347753	0.0335041679925	-0.893696980425	2.42448425293	0.134077697992	-4.84395170212
16	0	0.478259637952	-0.951569552528	-0.293523049877	-0.0914308804127	-5.31038570404	-1.71012544632	-0.461658000946
17	0	0.499008536339	0.165872076851	0.887642228187	0.42962510269	0.928129911423	5.19829368591	2.37572789192
18	0	0.498364552855	0.183918742968	-0.980293716459	-0.0720980267173	1.03567481041	-5.7125453949	-0.355533123016
19	0	0.499522970989	-0.0635419814261	-0.333454948639	-0.940622248208	-0.271606504917	-1.87199556828	-5.45607805252
20	0	0.498105466366	-0.198251701232	0.835437113033	0.512582767097	-1.01561152935	4.80861663818	2.95619058609
21	0	0.490611940622	-0.042578928772	-0.941454125629	0.334441570622	-0.165738552809	-5.394282341	1.95804595947
22	0	0.495325634256	-0.294293154821	-0.301471383397	-0.906921465188	-1.75102543831	-1.76903700829	-5.2295331955
23	0	0.495608840138	0.460498659407	0.313627772613	-0.830408697528	2.75630998611	1.79033136368	-4.76172780991
24	0	0.494409441948	-0.721732501684	-0.634693886003	-0.276162754699	-4.15858888626	-3.67600154877	-1.48595762253
25	0	0.480443432927	-0.878312074369	-0.372609401595	-0.29954988543	-4.98887014389	-2.035115242	-1.65370035172
26	0	0.464548395947	-0.297994553662	0.248834920716	-0.921564120515	-1.56679034233	1.42141187191	-5.00415754318
27	0	0.434154361486	0.613924188008	-0.173102962094	-0.770150930593	3.13386631012	-0.888647556305	-3.94025564194
28	0	0.438969131559	0.0437934995043	-0.506900850114	-0.860891199603	0.242116034031	-2.62598729134	-4.43131160736
29	0	0.491157531738	-0.109697988056	0.974852988234	0.193979387429	-0.602225184441	5.60531949997	1.03949642181
0	1	0.498785994947	0.215249153213	-0.616155140688	-0.757641501401	1.30416345596	-3.49233913422	-4.39966106415
1	1	0.49984100461	0.68258793585	-0.551705759032	0.479264504509	3.80130195618	-3.29941272736	2.93924427032
2	1	0.499907210469	0.790759883358	0.588277962043	-0.169197654372	4.54558372498	3.49040007591	-1.11531448364
3	1	0.499854847789	0.696059402963	0.695216001715	-0.179376750181	4.07747364044	4.11880397797	-1.03860378265
4	1	0.499945662916	-0.207628058189	0.571398420468	-0.793973824845	-1.14021003246	3.41583251953	-4.6040186882
5	1	0.499989524484	-0.413967499683	-0.889673646976	-0.192644000898	-2.41655683517	-5.15727043152	-0.999980211258
6	1	0.49990452826	0.102366314691	0.979317296849	-0.174524410068	0.609609484673	5.62647151947	-0.9679646492
7	1	0.497296229005	-0.944855103393	-0.280853261351	0.168434792072	-5.45134687424	-1.68539166451	1.00143790245
8	1	0.494453107938	0.282826658608	0.230816786119	0.930984797097	1.67068600655	1.28273081779	5.39409828186
9	1	0.498795412481	0.31146360109	0.474132167729	0.823522381433	1.76546466351	2.79366016388	4.84155082703
10	1	0.497773319483	-0.17859564808	0.982920999174	0.0443835991028	-0.983552932739	5.77411746979	0.295352935791
11	1	0.497844234109	-0.124645350193	-0.304268355049	-0.944396264706	-0.659785807133	-1.94011116028	-5.42088508606
12	1	0.498855143785	0.442993140297	0.895991642547	0.0309201250821	2.52306890488	5.21933317184	0.162484407425
13	1	0.494446307421	-0.584196740015	0.808135274258	0.0750436370158	-3.35357427597	4.73124074936	0.447237491608
14	1	0.468904316891	-0.00198496527303	-0.0761786092817	-0.997092212085	-0.0513943433762	-0.475676447153	-5.47990036011
15	1	0.430840373039	-0.046781843265	-0.972564872682	-0.227879414529	-0.254638344049	-4.96217727661	-1.16454553604
16	1	0.447601485997	-0.253356833459	-0.558487514173	-0.789874680853	-1.32509016991	-2.91517114639	-4.1875667572
17	1	0.481997445226	0.629685836449	-0.751416938184	0.197150532298	3.49672794342	-4.25573062897	1.11245918274
18	1	0.499076597393	0.200626650452	0.610017895832	-0.766568401314	1.14649820328	3.53127193451	-4.38935279846
19	1	0.499608844519	-0.657643039931	0.23027962655	0.717270468949	-3.67940211296	1.29192614555	4.2733001709
20	1	0.497216567397	-0.587856321477	-0.713300577065	-0.38161136259	-3.31431388855	-4.16869258881	-2.27415513992
21	1	0.495280727744	-0.98577488318	-0.149999594615	-0.0758155743005	-5.72141933441	-0.807825803757	-0.413053750992
22	1	0.495434485376	-0.36882071482	0.730570986595	-0.574662782739	-2.00470972061	4.26596927643	-3.41340112686
23	1	0.499538175762	-0.155389391228	0.408237611055	0.899553328055	-1.00064301491	2.2360663414	5.2505197525
24	1	0.499573983252	0.60548439754	0.455941520596	0.652308189533	3.56160783768	2.63732337952	3.78258371353
25	1	0.498816475272	0.992874200077	-0.0992066836717	-0.0660216383903	5.78119087219	-0.467136114836	-0.463449478149
26	1	0.498321205378	0.270930522519	-0.741407742735	0.613930949685	1.47843194008	-4.2533659935	3.58029651642
27	1	0.476330518723	-0.573043111588	0.721287736328	-0.389057314139	-3.14268445969	4.0404086113	-2.18664979935
28	1	0.459161937237	-0.436814602232	0.697662267779	-0.567855935422	-2.35723590851	3.78375482559	-3.06900572777
29	1	0.484392493963	-0.813427510348	0.388269756234	0.433107702312	-4.62915849686	2.1630384922	2.48960494995
0	2	0.499312564731	-0.967077622655	-0.245928415318	-0.065422368487	-5.61853027344	-1.46893811226	-0.416005849838
1	2	0.499908551574	0.547313828342	0.640073735327	-0.539215343486	3.16859817505	3.76683807373	-3.04139852524
2	2	0.499998152256	-0.360937293039	-0.888635797591	0.28293230592	-2.09268403053	-5.14567804337	1.53804087639
3	2	0.499992766418	-0.185665250162	-0.061382560584	0.980693936016	-1.02686572075	-0.29321154952	5.71711730957
4	2	0.499990984797	-0.284447885098	-0.93100801716	-0.228721386508	-1.70061922073	-5.407538414	-1.2658033371
5	2	0.499958712608	0.3143216556	-0.38423047418	-0.868083428901	1.85387969017	-2.06091976166	-5.2055273056
6	2	0.499861627817	0.84005139611	-0.516795849493	0.165032426635	4.82468414307	-3.05405855179	1.12795233727
7	2	0.498621076345	0.230569601927	-0.731165551495	-0.642054978155	1.43470811844	-4.27644920349	-3.76825714111
8	2	0.499427322298	-0.43331533525	0.300407984426	-0.849701631828	-2.55432319641	1.82565498352	-4.86321973801
9	2	0.499776154757	0.939151561809	-0.117843628683	0.322656509511	5.42044734955	-0.770513653755	1.89709615707
10	2	0.496170580387	-0.882726979559	0.388603872045	0.26415925157	-5.17077636719	2.19219470024	1.48281526566
11	2	0.492112338543	-0.239809731077	0.97079163595	0.00740894396975	-1.32619547844	5.6020822525	0.00802516937256
12	2	0.499210499227	0.524741539241	-0.580010806011	0.623084088952	2.9711432457	-3.42486405373	3.54631996155
13	2	0.49870711565	-0.993656896001	0.0928767816452	0.0634024957022	-5.77508640289	0.476318359375	0.37088227272
14	2	0.48826558888	0.98381846327	0.169890830209	-0.0569063892681	5.58702754974	0.965508818626	-0.182487487793
15	2	0.467157941312	0.0177650736345	-0.46900835195	-0.883015044017	0.0826642289758	-2.53513646126	-4.85516929626
16	2	0.459735497832	0.805393054247	-0.591859768667	-0.0323116450161	4.31973457336	-3.17260169983	-0.167662143707
17	2	0.441989146173	0.0163383428045	-0.686238853647	0.72719274907	0.0752962380648	-3.59153938293	3.82007837296
18	2	0.476476158947	-0.470122012226	-0.308850882078	0.826798903156	-2.60914421082	-1.74806666374	4.58878183365
19	2	0.489533163607	-0.4122899907	0.652123524479	-0.636201125737	-2.30810260773	3.71332263947	-3.66999459267
20	2	0.468759223819	0.98903957488	-0.116226736317	-0.0910607768847	5.43660354614	-0.637298345566	-0.454744100571
21	2	0.477989554405	0.893856856489	-0.103724599184	0.436189325444	4.98530673981	-0.610762834549	2.40238237381
22	2	0.497644588351	-0.731273686597	0.517759622248	0.444031270138	-4.22090005875	2.93643331528	2.62337207794
23	2	0.496408820152	0.711416389101	-0.162502776357	-0.683724775765	4.11646509171	-0.990395545959	-3.90174341202
24	2	0.497520297766	-0.73905771773	0.444500876493	-0.506174535768	-4.29054880142	2.58577179909	-2.93265151978
25	2	0.498939290643	-0.365542684045	-0.928676773978	0.0627534510228	-2.091755867	-5.36559009552	0.411289930344
26	2	0.490512680262	0.127824056817	0.464500560858	-0.87629917235	0.735509872437	2.71771168709	-4.93699836731
27	2	0.485269144177	-0.901228344178	-0.431155813649	0.0434986897148	-5.06511735916	-2.47276377678	0.341032266617
28	2	0.487498164177	0.581181432407	-0.0898398991561	-0.808799687899	3.2732834816	-0.514357686043	-4.59147977829
29	2	0.496931889094	-0.17615799462	0.187157902	0.966405857107	-0.887394368649	1.0496057272	5.61424636841
0	3	0.499333634973	-0.529924965178	0.34343448543	0.77539169811	-2.97120285034	1.94422411919	4.63562726974
1	3	0.499967491254	-0.11838421344	-0.0210071954877	-0.992745624894	-0.692561268806	-0.249987751245	-5.72626590729
2	3	0.499997466803	-0.261006983434	0.87936505734	0.398236676524	-1.45483660698	5.10919952393	2.33542346954
3	3	0.499996989965	-0.599657439194	0.347284526885	-0.720974627158	-3.53603196144	1.91413271427	-4.21333694458
4	3	0.499972894788	0.898438628516	0.436452193443	0.0481405611595	5.13411521912	2.61700105667	0.312292575836
5	3	0.499940931797	0.495325092421	-0.82121936205	-0.283287508042	2.77583670616	-4.87073659897	-1.61360192299
6	3	0.499926887453	-0.08484666618	0.793095125999	-0.603159319214	-0.636533498764	4.64327812195	-3.34961724281
7	3	0.499279744923	-0.144926363733	-0.830066959213	-0.538502731951	-0.820076942444	-4.97013378143	-3.03594017029
8	3	0.499507531524	-0.458167525752	-0.748510825399	-0.479389260004	-2.76925182343	-4.4094877243	-2.73588991165
9	3	0.498096942902	0.313647955068	0.0869409701471	-0.945550753789	1.83029937744	0.566963016987	-5.48621273041
10	3	0.491451919079	-0.3957541185	-0.839705024297	0.371852322652	-2.21032190323	-4.82091140747	2.12625455856
11	3	0.475554279983	-0.361758740747	0.668376100644	0.649926150867	-2.01821112633	3.6894030571	3.66800618172
12	3	0.497529916465	0.486484761489	0.409717698968	-0.771663128568	2.82307195663	2.3178331852	-4.47339725494
13	3	0.499049253762	-0.397516394383	0.485991330402	-0.778327143926	-2.39215803146	2.92452549934	-4.56932449341
14	3	0.498752677813	-0.105138652801	0.279595054222	-0.954343999479	-0.613947033882	1.56170332432	-5.56020259857
15	3	0.496546469629	-0.733221094519	-0.362347032103	0.575405469977	-4.13456487656	-2.12754154205	3.39130926132
16	3	0.48494489491	-0.570608130932	0.48774854341	0.660687308275	-3.29568481445	2.78522968292	3.70495343208
17	3	0.464769064914	0.0110418188026	0.014639076218	0.999831873709	0.084682315588	0.114290803671	5.46897649765
18	3	0.475896390155	0.271050558376	-0.360872049894	0.892358088667	1.50461792946	-1.99526059628	4.97108983994
19	3	0.487135959789	-0.370113874217	0.0971112910037	-0.923896702706	-2.10286617279	0.554533243179	-5.2568063736
20	3	0.448046714067	0.722393663369	0.63868828484	-0.26499937723	3.79915428162	3.35650205612	-1.36869168282
21	3	0.42828219384	0.57792335306	-0.270281165904	-0.770034213101	2.91395354271	-1.36893844604	-3.89950942993
22	3	0.454568140209	-0.23156671256	-0.76710923327	-0.598264391274	-1.20413661003	-4.12452411652	-3.193359375
23	3	0.47753675282	0.592047136727	-0.473920970055	-0.651827509419	3.34165143967	-2.64499807358	-3.64081311226
24	3	0.491090387106	-0.85818808161	0.512837361221	-0.022606581299	-4.92857599258	2.96878576279	-0.103897094727
25	3	0.489081948996	-0.119458548603	0.67601739036	0.727138324596	-0.611710846424	3.85562539101	4.13808059692
26	3	0.428962767124	0.82766058248	0.446719747338	-0.339734348496	4.20722818375	2.23783183098	-1.7409337759
27	3	0.421596519649	0.632864865172	0.229849106312	-0.739358810564	3.16328525543	1.1255812645	-3.63803482056
28	3	0.451705396175	0.982300255264	0.0934014414566	0.162364956942	5.20900011063	0.474209100008	0.916078090668
29	3	0.497837051749	-0.598131096146	0.418458763897	-0.683470156438	-3.4038271904	2.35350298882	-3.98231315613
0	4	0.499880701303	-0.0595374509814	0.814370042954	0.577283920674	-0.338528752327	4.82902145386	3.27876615524
1	4	0.499972507358	0.520385553477	-0.0435262870314	0.852821398694	3.07727622986	-0.342364609241	4.97888278961
2	4	0.499985426664	0.575624755717	-0.392238657465	0.717499112331	3.31319570541	-2.33808755875	4.1643538475
3	4	0.499989137053	0.402104181479	-0.057156768766	-0.91380814782	2.37570428848	-0.345098286867	-5.29161691666
4	4	0.499802485108	-0.462282254973	-0.602714875693	0.650407484086	-2.72435283661	-3.53567647934	3.72203969955
5	4	0.499710524455	0.38913002619	0.032616509906	0.920605228097	2.18693637848	0.371322244406	5.39793348312
6	4	0.499858364463	0.989137492998	-0.144297638464	-0.028021625206	5.71659994125	-0.964039385319	-0.156686067581
7	4	0.499741919339	-0.218920495858	0.585392177519	-0.780634238932	-1.3117017746	3.42523813248	-4.4374499321
8	4	0.498674035072	0.653199905364	-0.487867662062	0.579063923886	3.7859749794	-2.73703241348	3.38218736649
9	4	0.478583499789	-0.468742908922	0.874158221205	-0.126994053544	-2.69531178474	4.85483646393	-0.662386894226
10	4	0.430767804384	-0.193620866071	0.690115847307	-0.697317056666	-1.0040667057	3.50345373154	-3.53424406052
11	4	0.407063320279	-0.611618386921	0.790057172527	-0.0416246671908	-2.95707392693	3.79474782944	-0.234107255936
12	4	0.479053866118	-0.458751855661	-0.137131543276	0.877918945442	-2.48848104477	-0.772010326385	4.89675378799
13	4	0.499190831557	-0.00562907664818	0.0546467256896	-0.998489884209	-0.0216402709484	0.317680597305	-5.77823257446
14	4	0.499881833792	0.295936121854	0.414089167425	0.860785672048	1.69993638992	2.24050521851	5.04676437378
15	4	0.499571859837	0.515203449771	0.587186890855	-0.624321199826	2.9356508255	3.36293935776	-3.6844124794
16	4	0.497479572892	0.796814547845	0.599400119464	0.0761975926699	4.69636917114	3.44063854218	0.539637327194
17	4	0.491287343204	0.0946739046711	-0.532538013291	-0.841094594071	0.433162331581	-3.02450823784	-4.83383083344
18	4	0.48482401669	0.621348766094	-0.373650418776	-0.68870245783	3.57621669769	-2.00230026245	-3.94376468658
19	4	0.491796180606	-0.808359757918	-0.546500568643	0.21884156427	-4.58290052414	-3.17689633369	1.31696271896
20	4	0.47672810033	-0.430756229468	0.459834013037	0.77653187393	-2.34926080704	2.59864449501	4.31774616241
21	4	0.474774137139	0.959499975249	-0.0161103090164	-0.281247676331	5.28236293793	-0.0682888031006	-1.53173351288
22	4	0.469390571117	-0.611260775012	-0.744374964739	-0.268823690923	-3.38302993774	-4.0653629303	-1.45658040047
23	4	0.465538799763	0.00949423214495	-0.83262776507	0.553751626986	0.0738327503204	-4.5057759285	3.12002491951
24	4	0.470153898001	-0.305830674524	-0.883457106218	-0.354924132727	-1.65934443474	-4.89925956726	-1.97944772243
25	4	0.475852262229	-0.0513593088139	-0.238711187998	-0.969731504141	-0.276029884815	-1.33757519722	-5.40972709656
26	4	0.430580317974	0.896444634239	-0.227857898978	-0.380089194291	4.54790878296	-1.16994476318	-1.89848256111
27	4	0.423086792231	0.982471249105	-0.110605132306	0.150055820914	4.89276599884	-0.522516310215	0.690634489059
28	4	0.446880362928	0.780109801367	0.358443062635	0.512783842042	4.05663776398	1.93260276318	2.76740431786
29	4	0.495294183493	0.722409308812	-0.679598863591	0.127554596729	4.09792518616	-3.91922903061	0.709427595139
0	5	0.499876901507	-0.910332037012	-0.217754408868	-0.351963918332	-5.21010351181	-1.42539930344	-2.18644809723
1	5	0.499950289726	-0.443943102408	0.69673016819	0.563455051054	-2.49179935455	4.12450885773	3.36376166344
2	5	0.499965459108	-0.655754186939	0.297767926393	-0.693772807426	-3.77826213837	1.70105445385	-4.07654666901
3	5	0.499845653772	-0.328063259058	0.914389935099	-0.237203593239	-1.92845606804	5.41963434219	-1.34528136253
4	5	0.498991176486	-0.904356316623	0.32591164219	0.275538117271	-5.21855640411	1.97461688519	1.62924838066
5	5	0.498834215105	0.129193923262	-0.735961831638	-0.664581908093	0.785286605358	-4.22872066498	-3.8194694519
6	5	0.497415885329	-0.84980909594	0.354191033037	0.390350115375	-4.92947864532	2.10700130463	2.17659258842
7	5	0.496996868402	-0.394952195643	-0.502223820486	0.769274981585	-2.27708935738	-2.90491056442	4.47526264191
8	5	0.491474702954	0.0463921467287	-0.998691844866	-0.0215027374852	0.171192988753	-5.75661563873	-0.268222808838
9	5	0.478146761656	0.865152459023	0.496913309052	-0.067737625678	4.81800937653	2.80827713013	-0.315922260284
10	5	0.441577125341	-0.254734054453	0.329337706485	-0.909201427951	-1.30928122997	1.71531021595	-4.69280433655
11	5	0.421530559659	-0.796013933841	0.563533638008	-0.220888333698	-3.9416475296	2.78781986237	-1.10898518562
12	5	0.463576123118	-0.993728433024	-0.0300470663358	-0.107707823323	-5.4300661087	-0.134733900428	-0.632344722748
13	5	0.497714102268	0.369402419984	-0.887399388026	0.275797349952	2.15429854393	-5.1092877388	1.63134813309
14	5	0.499894201756	-0.820737607469	0.506712069141	0.263880008096	-4.72041559219	3.0658531189	1.38992357254
15	5	0.499685510993	-0.445841970852	-0.85549245243	0.263358312689	-2.4987885952	-4.94070243835	1.49426293373
16	5	0.496430471539	0.316168924258	0.921717061839	-0.224666128397	1.7457472086	5.29980754852	-1.38565397263
17	5	0.486475907266	0.448758714569	-0.492511725181	0.745686138169	2.4882414341	-2.78154826164	4.29016017914
18	5	0.488335087895	0.33123325807	-0.925955607331	-0.181358049172	1.88906800747	-5.30940294266	-0.99347448349
19	5	0.493764325976	-0.427413201516	0.861671044569	-0.27357076986	-2.30082702637	5.02129554749	-1.57664632797
20	5	0.485824227333	-0.920785417074	0.22518165159	-0.318508146665	-5.2524023056	1.22918140888	-1.87174987793
21	5	0.481509268284	-0.738144345703	0.541085055341	-0.402951470768	-4.239112854	3.05155277252	-2.21996855736
22	5	0.481926172972	0.582255334404	0.620389763473	-0.525447682396	3.33908319473	3.49612808228	-2.87500309944
23	5	0.464709162712	-0.74421365059	-0.520685397952	-0.418369165492	-4.05066347122	-2.80448246002	-2.29022932053
24	5	0.460528537631	0.122503480565	-0.911332168044	0.393022361626	0.686619222164	-4.89640617371	2.13719439507
25	5	0.48888387531	-0.000752839814288	0.6898326343	-0.723968486805	-0.0218841601163	3.97093749046	-4.12324857712
26	5	0.493452876806	-0.329015874787	0.943951627883	-0.026530705886	-1.85582149029	5.43911266327	-0.103858947754
27	5	0.498700290918	-0.989215919856	-0.118646873813	0.0858765581388	-5.7237868309	-0.747481703758	0.47655749321
28	5	0.49742057547	0.321967284535	-0.151702222322	-0.934517791929	1.93947720528	-0.902956485748	-5.33518028259
29	5	0.499342739582	-0.865165771314	0.361148658301	-0.3479365384	-5.0506067276	2.12411522865	-1.91806340218
0	6	0.499924319796	0.169713524991	0.126230201669	0.977375698297	1.08374810219	0.727581977844	5.64857053757
1	6	0.499964118004	-0.893423082504	0.375320724883	0.246839115867	-5.26092720032	2.14951276779	1.36380624771
2	6	0.499974370003	0.148808961389	-0.987190560033	-0.0575386060955	0.888243198395	-5.71043729782	-0.353206157684
3	6	0.499826684594	0.409990748258	0.89190016433	0.190844657277	2.3578517437	5.15466928482	1.17398190498
4	6	0.496167749166	0.569502643818	-0.792477915926	-0.218278472263	3.17167758942	-4.60352706909	-1.21108841896
5	6	0.478270307183	0.700626577813	0.642040218324	-0.311298500664	3.84947061539	3.67986416817	-1.74264454842
6	6	0.480339061469	0.173779602147	0.417875625244	0.891729001269	0.952543795109	2.33663535118	5.04305267334
7	6	0.492129057646	0.973234999004	-0.0539642383367	0.223386431313	5.63591527939	-0.310399323702	1.10250210762
8	6	0.489567715675	0.518180701293	-0.242078164805	0.820296850495	2.83442115784	-1.34399425983	4.80147361755
9	6	0.49031085521	0.760524801587	-0.306145668709	-0.572605322802	4.30001688004	-1.70878636837	-3.42487955093
10	6	0.496205553412	-0.184235882121	-0.632176098293	0.752602498326	-1.1175224781	-3.66021966934	4.373442173
11	6	0.49353504926	0.493943528687	-0.534050667648	0.686155722015	2.95571088791	-3.01809310913	3.92001819611
12	6	0.49292114377	-0.924642163365	0.380834057441	-0.00151341387396	-5.32653331757	2.15987157822	-0.00810480117798
13	6	0.499369412661	0.997552528383	-0.0167226473712	0.06789187125	5.80524635315	0.00906459148973	0.431224346161
14	6	0.499842852354	0.26846446287	-0.936395911973	0.2260299277	1.50499081612	-5.41705942154	1.27279019356
15	6	0.498908266425	0.436868093975	0.870170713153	0.227923668005	2.46879172325	5.08995389938	1.23688817024
16	6	0.480802938342	-0.0496249405507	-0.515006086252	0.85574885124	-0.3130890131	-2.96824002266	4.73908233643
17	6	0.472684819251	0.566871327848	0.232395429805	0.790347557641	3.16134810448	1.34610152245	4.33787918091
18	6	0.490381747484	-0.500997913053	-0.528632873097	-0.685236000657	-2.84976434708	-2.93986082077	-4.01966905594
19	6	0.49672357738	-0.794193869212	-0.438071759545	0.421128521469	-4.59322547913	-2.58438444138	2.43985915184
20	6	0.498376384377	0.462467074419	-0.718812892285	0.519068618743	2.75746798515	-4.05698490143	3.01377439499
21	6	0.483868658543	-0.573333127932	0.714969324005	-0.400134964916	-3.28475046158	4.05986261368	-2.23428821564
22	6	0.47443254292	0.569773861249	-0.0657487818685	-0.819167165309	3.19097971916	-0.391333937645	-4.5602273941
23	6	0.443421274424	0.19231769607	-0.887093734894	0.419617217581	0.983271837234	-4.60537624359	2.18172192574
24	6	0.425720721483	0.756662210818	-0.405257458166	0.513058175377	3.80562543869	-2.02334928513	2.62219715118
25	6	0.486869871616	0.789463937136	-0.557832467999	-0.256065674404	4.54304742813	-3.13079977036	-1.44041204453
26	6	0.497709691525	0.180307797583	-0.983484287847	-0.0157401934454	0.904322624207	-5.71944999695	-0.113997459412
27	6	0.498810533434	0.322868005623	0.369150216518	0.871484003634	2.04145359993	2.17681145668	5.0078163147
28	6	0.499062154442	-0.401932431668	0.211338034096	0.890946999387	-2.482888937	1.20252811909	5.14625453949
29	6	0.499500095844	0.900953280914	0.42719117439	0.0760978720649	5.30619621277	2.42215299606	0.3604824543
0	7	0.499976702034	-0.591547238602	-0.521269448279	-0.615101639401	-3.4440946579	-3.0911822319	-3.51033043861
1	7	0.499953776598	0.433640911248	0.806263369634	-0.402361701555	2.56827116013	4.62058544159	-2.39351129532
2	7	0.499857693911	0.633324710619	-0.351578114935	0.689414708298	3.71470117569	-1.97137832642	4.01536750793
3	7	0.498648747802	-0.689492341643	-0.215366436373	-0.691532796691	-4.00825214386	-1.26584863663	-3.98419237137
4	7	0.490206614137	-0.00509011326508	0.873230825551	-0.487280223336	-0.0109622683376	4.99674129486	-2.75516915321
5	7	0.44498232007	0.913619527568	0.257562133403	0.314580842206	4.78418159485	1.28711676598	1.69566786289
6	7	0.435313984752	0.553778316823	-0.798343265886	0.236595869851	2.81642341614	-4.06891155243	1.22608017921
7	7	0.488165229559	-0.757345168471	0.537935113057	0.370208198092	-4.31212568283	3.01206827164	2.08778476715
8	7	0.488702625036	0.757299174283	0.522624729482	-0.391613780099	4.26381397247	3.03643846512	-2.31802177429
9	7	0.492520242929	0.763297010629	-0.610398412905	-0.211639909014	4.37461471558	-3.52682781219	-1.27538299561
10	7	0.498319458216	-0.608759262363	0.0381677167504	0.792436360779	-3.5617711544	0.315103173256	4.57935333252
11	7	0.489049747586	-0.348104326445	-0.935358394987	-0.06267416403	-1.96706390381	-5.37292718887	-0.431995630264
12	7	0.495039924979	-0.340168640314	0.68411882977	-0.645187354883	-1.91532611847	4.0238161087	-3.69012641907
13	7	0.496811614372	0.0159538785734	0.026065405034	-0.99953292513	0.110031917691	0.105139225721	-5.8227148056
14	7	0.497139960527	-0.519215124828	0.654647437606	-0.549410945091	-3.02184033394	3.84671068192	-3.13805747032
15	7	0.491624578834	0.638507175795	0.643495264021	-0.42216398667	3.716319561	3.69505548477	-2.42155003548
16	7	0.440778180957	-0.49884650557	-0.849683899578	-0.17084915768	-2.56662654877	-4.39914178848	-0.905200719833
17	7	0.443042904139	0.125930255965	-0.989349556479	0.0730001762195	0.628474891186	-5.15693235397	0.389230728149
18	7	0.48204228282	-0.205812470945	-0.860796013614	0.465479805953	-1.16775131226	-4.84677791595	2.59291124344
19	7	0.497060984373	0.0302388855006	0.851366507707	0.523699035094	0.169649958611	4.91592788696	2.97695565224
20	7	0.498867124319	0.0322374542148	-0.350404187348	-0.936043616524	0.12960472703	-2.01998329163	-5.41826343536
21	7	0.487641230226	-0.310894196793	0.805322073961	-0.504778323218	-1.82635474205	4.69376802444	-2.78604340553
22	7	0.490841489285	-0.0518685326379	-0.573964515763	-0.817235822739	-0.274649590254	-3.35721921921	-4.60052394867
23	7	0.461401976645	0.70063889413	0.368405844529	0.611050140128	3.75380802155	1.97374427319	3.36497735977
24	7	0.45688700676	0.845442278412	0.531113849766	-0.0560841551724	4.54430294037	2.8148150444	-0.319380283356
25	7	0.497764647007	-0.958138385121	-0.243080545096	-0.151270233533	-5.49382066727	-1.38869011402	-0.770060062408
26	7	0.499827370048	0.939927895245	0.0656703753904	-0.334996945562	5.47764110565	0.374965548515	-1.89503741264
27	7	0.499709606171	-0.773243703617	0.607511731199	0.181724162601	-4.52058887482	3.49788022041	0.890204429626
28	7	0.499627946876	-0.0407315851124	-0.0777966839872	0.996136844984	-0.182281985879	-0.619361519814	5.801176548
29	7	0.499800994992	0.816478385651	0.383728705918	-0.431410855242	4.69492578506	2.276689291	-2.61213469505
0	8	0.499930098653	-0.890358199354	-0.0632760631802	-0.450841897644	-5.17464971542	-0.331354022026	-2.73773145676
1	8	0.499696042389	-0.239254812038	0.526983248996	0.815503396801	-1.35617649555	3.00989842415	4.83977460861
2	8	0.49951158464	-0.70721528262	-0.366100369949	0.604828126952	-4.18184423447	-2.16895055771	3.46634745598
3	8	0.498956471682	-0.270312621073	-0.960755917376	-0.0622828557203	-1.43368077278	-5.64102888107	-0.487731218338
4	8	0.495670206845	-0.593213850753	0.166143223575	0.787714260716	-3.33894443512	0.991765260696	4.58841085434
5	8	0.444966301322	0.506399095965	-0.846099276832	0.166360961017	2.67664265633	-4.39354324341	0.852900505066
6	8	0.400386475027	0.516980016494	-0.703143130634	0.488181728855	2.45867919922	-3.37912321091	2.27820444107
7	8	0.482193782926	-0.798425979087	-0.38688645689	0.461340249052	-4.47783851624	-2.22446632385	2.56850457191
8	8	0.494653135538	0.989321413144	0.0545096726279	0.135173359375	5.7549200058	0.342837542295	0.711393594742
9	8	0.495354766026	-0.217424993942	-0.282364179301	0.934343000325	-1.38981091976	-1.67085289955	5.35469579697
10	8	0.496697962284	0.378307078028	0.85250297806	-0.360724863452	2.16960287094	4.85350894928	-2.14154076576
11	8	0.449456095695	-0.301891837094	-0.95163891958	0.0569621403771	-1.59421396255	-5.04257392883	0.300740718842
12	8	0.459247991443	0.547025981153	-0.76273461797	0.344961560892	2.98205804825	-4.0936498642	1.84910488129
13	8	0.488927096128	-0.424197529751	-0.779275898702	0.461286819079	-2.35663986206	-4.44602012634	2.70418071747
14	8	0.495670616627	-0.920060028633	-0.127582907315	0.370421578035	-5.34616756439	-0.743064701557	2.1286547184
15	8	0.487446367741	0.725790686704	-0.547769475048	-0.416144784058	4.16076850891	-3.05705595016	-2.31862950325
16	8	0.443916592747	-0.403040562714	-0.53506914371	-0.742468394113	-2.15846776962	-2.79113817215	-3.8509144783
17	8	0.448299437761	-0.967209109206	0.152427521576	-0.203156072357	-5.09662151337	0.77107322216	-1.04933047295
18	8	0.477807760239	-0.0462457649794	0.998840527612	0.0133764577256	-0.323839902878	5.53844165802	0.109421730042
19	8	0.490247666836	0.976666697116	0.0896795329554	-0.195140319038	5.6015381813	0.452673196793	-1.14024424553
20	8	0.497513718903	0.566157816874	-0.590175434929	0.575463536984	3.18481731415	-3.45291852951	3.3750576973
21	8	0.491126567125	0.55837444355	0.726679342669	-0.400193845189	3.23018550873	4.1577963829	-2.3459649086
22	8	0.498305365443	-0.732343753502	0.492493086937	0.470237372001	-4.26210212708	2.7252612114	2.72678804398
23	8	0.487006261945	0.894694274821	0.434601115182	-0.103169885555	5.10674953461	2.38135766983	-0.663516044617
24	8	0.477426856756	0.127459677765	0.955695395015	0.265330628635	0.615397751331	5.35103321075	1.59907531738
25	8	0.495263785124	0.542215395265	0.691615796943	-0.477147833021	3.21204900742	3.98765587807	-2.72515630722
26	8	0.498665735126	0.658065437159	0.637640952715	-0.400454611457	3.72722864151	3.82428312302	-2.35651874542
27	8	0.499849632382	0.327924519362	-0.845729936902	0.420958885674	1.92774474621	-4.89533901215	2.361941576
28	8	0.499898895621	-0.292001989097	0.93963696478	-0.178373800715	-1.70862865448	5.39178466797	-1.22777247429
29	8	0.499955128878	0.575086684537	-0.186775073351	0.796486269337	3.29236149788	-1.21025717258	4.56753158569
0	9	0.499909743667	-0.944292638438	-0.298814158463	-0.137918496558	-5.4898481369	-1.85316348076	-0.709453821182
1	9	0.499581068754	0.389693511398	0.920641817501	0.0236137892564	2.3431994915	5.34327363968	0.053010225296
2	9	0.499321714044	0.098699985678	0.95282063566	-0.287038584667	0.551445484161	5.53289318085	-1.77100157738
3	9	0.499365203083	-0.092575468143	0.479885330158	0.872433294068	-0.475176274776	2.78939390182	5.05703210831
4	9	0.495209090412	-0.587051917775	0.393641367596	-0.707401243675	-3.2811961174	2.09761071205	-4.21758985519
5	9	0.485721834004	0.00299260373458	0.789600273552	0.613614253688	0.0696690455079	4.42804431915	3.50840377808
6	9	0.467896133661	0.795206146698	-0.441934899879	0.415139408539	4.30644989014	-2.5168223381	2.23729324341
7	9	0.497392013669	-0.38286323931	0.912995465398	-0.140907842745	-2.2960255146	5.20492076874	-0.838469743729
8	9	0.496430307627	0.967296867109	0.128881866865	0.218463349957	5.65167713165	0.640158057213	1.15628838539
9	9	0.492831977084	-0.147848395756	0.284138057055	0.947315373255	-1.00714206696	1.71275138855	5.42968463898
10	9	0.468584001064	0.509257105192	-0.855176644713	0.0965924797779	2.79550361633	-4.69331741333	0.493797540665
11	9	0.394362106919	-0.114553129438	-0.992732688648	-0.0368698986486	-0.550513625145	-4.65995359421	-0.108626127243
12	9	0.438422102481	0.205632767823	-0.607062877109	0.767587016587	1.03674566746	-3.15007829666	3.93288135529
13	9	0.489815145731	-0.627477543489	0.611442226814	-0.482089551521	-3.57210206985	3.47996234894	-2.79063796997
14	9	0.496591858566	-0.0348338107933	0.598583172462	0.800302937187	-0.0771708786488	3.44681930542	4.64477348328
15	9	0.49780960381	-0.958387538781	-0.2078645805	0.195667170684	-5.55393075943	-1.26746690273	1.11041927338
16	9	0.487727805972	0.370938335566	0.622915840003	-0.688752936459	2.18506932259	3.58184099197	-3.78533363342
17	9	0.482205510139	-0.435513970023	-0.797676610439	-0.417180544937	-2.4409866333	-4.56152153015	-2.25504827499
18	9	0.483355080709	0.389815150518	-0.138132102616	-0.910474420647	2.23257541656	-0.789916396141	-5.18137359619
19	9	0.491361057386	-0.416325063438	-0.0408976922411	-0.908295557802	-2.38638019562	-0.251520425081	-5.22581195831
20	9	0.496476173401	-0.640339756432	0.63948433868	0.425470065827	-3.64880776405	3.69419050217	2.46368598938
21	9	0.475597634912	0.892103098167	0.327230839799	-0.311563861392	5.00311374664	1.77593588829	-1.7646522522
22	9	0.485603630543	0.998545639829	-0.0534991528094	0.00666677039648	5.6310968399	-0.298859536648	0.0159122943878
23	9	0.496298789978	-0.874539662952	-0.47915239299	-0.0747887840219	-5.07555341721	-2.73587083817	-0.326940536499
24	9	0.496359320357	-0.188245419981	-0.157606645286	-0.969393525467	-1.03879404068	-0.865636944771	-5.63029623032
25	9	0.495171748102	-0.453348986155	-0.65730848841	-0.602013494713	-2.71567153931	-3.86296033859	-3.40998983383
26	9	0.496815934777	-0.086427124717	-0.915391770965	0.393177132808	-0.448144644499	-5.34493207932	2.32269144058
27	9	0.499093361199	-0.634429387807	-0.425122269287	0.645577577092	-3.77720189095	-2.42208003998	3.74153327942
28	9	0.499597653747	-0.296434278489	0.745584170593	0.596850871741	-1.677069664	4.33148479462	3.63384699821
29	9	0.499823063612	-0.468978950902	0.882951514421	-0.0213393250117	-2.70895004272	5.17794084549	-0.307867288589
0	10	0.499938674271	0.610382290262	-0.357580850889	-0.706802231753	3.59415817261	-1.97018873692	-4.0887055397
1	10	0.499455176294	0.224637271756	-0.70883114878	0.668652748935	1.21239757538	-4.111805439	3.98184752464
2	10	0.499385103583	0.746871251114	-0.604841664868	-0.276314847048	4.36943101883	-3.4535446167	-1.66919326782
3	10	0.499126464128	-0.0679177952877	-0.973326848831	0.219139267197	-0.401406794786	-5.66661405563	1.19034409523
4	10	0.497929792851	-0.0868540738468	0.449169706649	0.889214790973	-0.45187741518	2.59501314163	5.13697195053
5	10	0.491818591952	-0.863503769027	0.450017501399	-0.227696045884	-4.9719748497	2.50360250473	-1.48487949371
6	10	0.492434367537	0.491880978248	0.76880504849	0.408646424985	2.74357891083	4.44589138031	2.41912603378
7	10	0.499464035034	0.978863307259	-0.204496049029	-0.00282694766946	5.63139867783	-1.28380095959	-0.137166023254
8	10	0.499565526843	-0.669338676089	0.254331333729	0.698069702376	-3.96633839607	1.41579270363	3.89178943634
9	10	0.497429728508	0.963465317963	0.15352015476	0.219467863627	5.57994747162	0.830374121666	1.15686368942
10	10	0.475955680013	-0.28880654353	-0.927063004456	-0.239050133199	-1.67656898499	-5.11430215836	-1.37115859985
11	10	0.428554162383	-0.578683322592	-0.515022584549	0.632358560912	-2.93671178818	-2.62850403786	3.21550035477
12	10	0.462697718292	-0.57719652747	0.0469555016187	0.815254162543	-3.1058549881	0.249815493822	4.40000200272
13	10	0.484984830022	-0.209834348969	0.648767087974	-0.731485346097	-1.18884301186	3.70771121979	-4.19259023666
14	10	0.497964680195	0.75569258438	-0.223456062659	-0.615626596221	4.30871963501	-1.3371386528	-3.5673122406
15	10	0.498276501894	-0.92009301163	0.197051013784	0.338525845272	-5.3488483429	1.19775319099	2.03053545952
16	10	0.49738894403	-0.383974618076	-0.837301100959	-0.389217624224	-2.18020629883	-4.93911075592	-2.17463564873
17	10	0.49593155086	-0.428522259636	0.655787385673	-0.621539683197	-2.40807461739	3.86119151115	-3.53514552116
18	10	0.492475524545	0.932912961664	-0.0663990481232	-0.353927354647	5.39346170425	-0.444782614708	-1.89797472954
19	10	0.4921002388	-0.91139020767	-0.347429925333	0.220590880014	-5.23097801208	-1.96202683449	1.42174339294
20	10	0.482687190175	-0.518218569101	-0.673023892344	-0.527719958854	-2.87297749519	-3.8099834919	-3.01535654068
21	10	0.419681295753	-0.638615311124	0.579130340148	-0.506733197568	-3.14156913757	2.89257240295	-2.49685692787
22	10	0.415344312787	-0.561977887751	0.52629079504	-0.638121346403	-2.75724411011	2.57139825821	-3.1079492569
23	10	0.474579431117	-0.768246265041	-0.245021151893	-0.59140706064	-4.24430274963	-1.30463886261	-3.34180450439
24	10	0.498873464763	0.585668868762	-0.303425693314	0.751614811456	3.27827835083	-1.65469813347	4.37525081635
25	10	0.498115713708	0.200108536348	0.0914844383827	-0.975493296345	1.23029112816	0.621899425983	-5.62755060196
26	10	0.497763067484	-0.389584620969	-0.821209270786	0.416940231542	-2.27968263626	-4.70377016068	2.56110286713
27	10	0.499741747975	0.693516594079	-0.0106011594202	-0.720362651139	3.98717093468	0.00385234155692	-4.18273162842
28	10	0.499837897718	0.0101588426845	0.772869359319	-0.634483846399	0.0598768293858	4.39369297028	-3.80333328247
29	10	0.499861132354	-0.126792014906	0.193829508094	0.972807230004	-0.663395702839	0.995358228683	5.65845584869
0	11	0.499691285193	-0.711226860524	-0.0318547688533	-0.702240433591	-4.12374162674	-0.0955138877034	-4.12055444717
1	11	0.499368548393	-0.43819491904	-0.794285854197	0.420826798992	-2.43820428848	-4.69754314423	2.52963113785
2	11	0.498755201697	-0.928597235989	0.172430938047	0.328595107873	-5.37249851227	1.02360868454	1.89964866638
3	11	0.492374464869	-0.490324293412	0.659187288881	-0.570135251908	-2.74502444267	3.83321809769	-3.28482985497
4	11	0.49697740376	0.851186323527	-0.340424243411	-0.39949114776	4.87938213348	-1.93907761574	-2.28647542
5	11	0.49862036109	-0.809648058881	-0.368178926757	0.457071437133	-4.63473749161	-2.16164112091	2.67996120453
6	11	0.497987594455	0.504341359881	0.0956630148033	-0.858189011997	2.94735598564	0.488828063011	-4.93317317963
7	11	0.499411780387	-0.591703905644	-0.12417555403	0.796534318048	-3.40572309494	-0.63466668129	4.54921865463
8	11	0.49942086637	0.754317925035	-0.0384807168016	-0.655380578294	4.39072656631	-0.242250442505	-3.74465489388
9	11	0.494035437703	-0.55885179269	0.824204693037	-0.0914947964812	-3.36650705338	4.63474702835	-0.582685947418
10	11	0.487283751369	0.367621425776	0.55887317366	0.74331370435	2.1568365097	3.12174463272	4.21030664444
11	11	0.469902038574	-0.478819191348	-0.868720746948	-0.126714031657	-2.62274193764	-4.77797603607	-0.699155330658
12	11	0.482608204708	0.414613679411	-0.101458315345	-0.904323895014	2.36230421066	-0.563002645969	-5.05856657028
13	11	0.485763981938	-0.376395699263	0.783724045217	-0.494067706417	-2.23153328896	4.44389915466	-2.77186083794
14	11	0.498102273792	0.348091593054	-0.242285497132	0.905610280819	2.0409052372	-1.47194337845	5.18667030334
15	11	0.497695922852	-0.46665859583	0.814454406226	0.344809766562	-2.64385533333	4.75427532196	1.98702132702
16	11	0.497983932495	-0.00361145779253	-0.842074153115	-0.53934968066	0.131642013788	-4.84745121002	-3.15269684792
17	11	0.498674973845	-0.675252996139	-0.0413337481729	0.736427126379	-3.85689854622	-0.243769660592	4.29274606705
18	11	0.49371008575	-0.119921304214	0.699441253971	-0.704557175138	-0.654228329659	4.08969974518	-4.02826976776
19	11	0.493325144053	-0.905058495849	-0.0913014072575	-0.415371125772	-5.2181019783	-0.548248171806	-2.3748087883
20	11	0.486382246017	0.904967519054	-0.424899244609	-0.0222355883019	5.1585817337	-2.33247804642	-0.0795035362244
21	11	0.447342529893	-0.936600560966	0.127220311206	-0.326487950184	-4.89486503601	0.649190425873	-1.71332478523
22	11	0.413800418377	-0.914752293532	-0.341356327133	-0.21611131253	-4.4858007431	-1.63694036007	-1.06739032269
23	11	0.471153087914	-0.208409559427	-0.719581883059	0.662395175943	-1.11068212986	-3.89955377579	3.70841693878
24	11	0.497589782812	-0.264602030942	-0.0618795520998	-0.962370347763	-1.43278360367	-0.359319210052	-5.60877943039
25	11	0.498066365719	-0.766923921888	0.439115337753	-0.467980147214	-4.53561735153	2.61313152313	-2.59809279442
26	11	0.497230544686	-0.821947858328	-0.48731436836	-0.294832875675	-4.80711174011	-2.76278734207	-1.77499651909
27	11	0.499079272151	0.352061218861	-0.419903366387	0.836501082528	2.0563890934	-2.47051620483	4.84988737106
28	11	0.498856008053	-0.355162837153	0.00763303891756	0.934773285788	-2.09966802597	-0.001229864778	5.43428897858
29	11	0.499102711678	-0.983783930845	0.1348651772	-0.118239424008	-5.77428865433	0.832802176476	-0.836747646332
0	12	0.49995970726	0.480516064022	-0.180481952644	0.858213596366	2.89804649353	-1.00395691395	4.85228443146
1	12	0.49923364073	-0.643238260175	0.33619829277	-0.687906424294	-3.74797439575	1.90404319763	-3.97312068939
2	12	0.49593064189	0.937798062049	0.307748684517	0.160703273132	5.39550828934	1.70398342609	0.879066944122
3	12	0.462363734841	-0.976531035291	0.193338828615	0.0949064511153	-5.29560852051	1.01893222332	0.554531097412
4	12	0.46649774909	-0.989708285374	-0.135894538661	-0.0448350780445	-5.39133262634	-0.768245816231	-0.23967218399
5	12	0.486794874072	0.0661905180869	0.971896213308	0.225912739509	0.473165214062	5.49975013733	1.3462228775
6	12	0.487560935318	-0.310355266527	0.536152847605	-0.784996644925	-1.84347689152	3.12566828728	-4.42943429947
7	12	0.49264729768	-0.077391849934	-0.493828537634	-0.866108467215	-0.449456065893	-2.8568007946	-5.02937507629
8	12	0.497887395322	0.178012981378	-0.548201263054	-0.817182203457	0.986618161201	-3.25532698631	-4.71088123322
9	12	0.490135990083	0.270280302548	0.722858135606	0.635943923505	1.61070394516	4.08818912506	3.64036011696
10	12	0.460726097226	-0.0967565708409	0.900552303644	0.423843974123	-0.563265562057	4.91544151306	2.31340146065
11	12	0.426058467478	0.104688841002	-0.364046078602	0.925478632505	0.552601575851	-1.80584049225	4.64663743973
12	12	0.443705752492	0.441581982252	-0.696560311695	0.565516653266	2.23791265488	-3.66184663773	2.93418478966
13	12	0.482562720776	0.8445430669	0.455453781081	-0.281618290332	4.79429149628	2.50132727623	-1.53427648544
14	12	0.49341738224	-0.972004536443	0.171087620547	-0.161047220498	-5.55898952484	1.01434373856	-0.892481803894
15	12	0.470745597035	-0.0125800895	-0.124762385044	-0.99210689375	0.0307909399271	-0.757153272629	-5.45078706741
16	12	0.478243738413	-0.756495664348	0.595475621567	0.270412821336	-4.18451309204	3.30858135223	1.51846194267
17	12	0.49610696733	0.855110082911	-0.437283483063	0.278513736723	4.94711112976	-2.46113991737	1.54354357719
18	12	0.479664193466	0.0364711641549	-0.348903332234	-0.936448780736	0.146283894777	-1.99509823322	-5.27080869675
19	12	0.458250999451	0.636933241211	0.770658946176	0.0200208621123	3.42362260818	4.10072517395	0.127442836761
20	12	0.433960288763	0.820027564626	-0.534013559098	0.205874505349	4.24670124054	-2.72681283951	1.05614852905
21	12	0.464217573404	0.387057649893	-0.833689788136	0.393887944492	2.12625813484	-4.53647041321	2.1652109623
22	12	0.449495714158	-0.232232372534	-0.62613995656	-0.744323101849	-1.2519030571	-3.30956196785	-3.94533729553
23	12	0.467544086277	0.612840587479	-0.530771135323	-0.585413030473	3.38560581207	-2.87223243713	-3.18896555901
24	12	0.489689484239	-0.869467074718	0.426543525283	-0.249173889125	-4.99403762817	2.41095352173	-1.3455555439
25	12	0.494282394648	0.991525341162	0.111841251096	0.066098656461	5.69061613083	0.648419201374	0.404810905457
26	12	0.492418512702	0.852952274858	-0.443504033508	-0.275275478524	4.9282913208	-2.58261799812	-1.59271597862
27	12	0.4964992553	0.357529005849	0.929687472151	0.0886240040955	1.93410086632	5.45030927658	0.392177343369
28	12	0.497936993837	0.958258648056	0.180349859417	0.22184294362	5.61734437943	0.953751504421	1.13496613503
29	12	0.499575734138	-0.831654628036	-0.382450498602	0.402594331536	-4.89580011368	-2.17350649834	2.24768686295
0	13	0.499876499176	-0.986303231146	0.0569327011805	-0.154805050846	-5.6680521965	0.291040956974	-0.904052734375
1	13	0.499221935868	0.1814655691	0.798877470127	-0.573467553532	1.23427259922	4.61999034882	-3.31470036507
2	13	0.482531214133	0.163899563536	-0.316333894144	0.934382042041	0.847244024277	-1.87463641167	5.22111034393
3	13	0.418139271438	0.0770994732362	0.808347939854	0.583634542638	0.383872836828	3.99879360199	2.88111329079
4	13	0.441831357777	-0.24173907243	0.786735248195	0.567987561579	-1.25797748566	4.06732559204	2.93165779114
5	13	0.487585261464	0.282280631494	0.196428243106	-0.939006704126	1.51857352257	1.12106013298	-5.3346581459
6	13	0.482383385301	0.277333067953	-0.892748623536	-0.355086277677	1.55479896069	-5.11337280273	-1.94689106941
7	13	0.49327288568	0.710951605822	-0.593533364028	-0.377181600778	4.12259340286	-3.3934173584	-2.10185217857
8	13	0.499676838517	-0.358910731172	0.815340547907	0.454315835062	-1.98018193245	4.74733161926	2.61676597595
9	13	0.498971894383	-0.733091956601	-0.67906468138	-0.0380439439365	-4.11793136597	-4.05262565613	-0.208827495575
10	13	0.492378130555	-0.102907183674	0.887848460457	-0.448481017226	-0.505968093872	5.06429386139	-2.59590101242
11	13	0.456251740456	0.555419784077	-0.764235692382	0.327799740612	2.9338684082	-4.05392456055	1.81833314896
12	13	0.439189866185	-0.648911286663	-0.702951983284	0.291157433769	-3.33243441582	-3.6531252861	1.50965929031
13	13	0.46982036531	-0.0326077431464	-0.36815100334	-0.929194045303	-0.213557749987	-1.99846148491	-5.15075111389
14	13	0.477859288454	0.145489714147	-0.947390295106	-0.285104142056	0.847134113312	-5.29995441437	-1.56999945641
15	13	0.415173642337	-0.726262652106	-0.240248592246	-0.644067678183	-3.58826398849	-1.11396062374	-3.13963222504
16	13	0.411037296057	-0.586425041793	0.768467528381	0.256053369791	-2.86787295341	3.74782991409	1.22160708904
17	13	0.486430898309	-0.925264610539	-0.284986493132	0.250335972679	-5.23757457733	-1.53141438961	1.47247481346
18	13	0.470255386084	-0.072340754178	-0.55684282294	-0.827461712604	-0.388127207756	-3.11232614517	-4.55210876465
19	13	0.426894083619	0.898902972987	-0.0304455928366	-0.437088676394	4.52089929581	-0.137550234795	-2.18627905846
20	13	0.413994587958	0.745502040694	-0.481584993569	-0.460763064156	3.63698148727	-2.3931646347	-2.22563791275
21	13	0.451812028885	-0.707218598578	-0.687072979796	-0.166651055384	-3.76402568817	-3.65255212784	-0.902362346649
22	13	0.409741535783	-0.812730357344	0.337186896611	-0.475157198204	-3.96465969086	1.62878251076	-2.31564831734
23	13	0.421334438026	-0.799457080257	-0.0830221159533	-0.594958574264	-3.970662117	-0.390997320414	-2.95645618439
24	13	0.460313752294	-0.694111632692	0.594920014672	0.40531372726	-3.76069784164	3.23089361191	2.19208288193
25	13	0.484634660184	0.128739701924	-0.659008545544	0.74103564425	0.710365831852	-3.7510433197	4.18333339691
26	13	0.489026516676	0.510311603116	-0.85888255827	-0.0436213115817	2.88555431366	-4.96661090851	-0.31201004982
27	13	0.494938644581	-0.228354673349	-0.111173217118	0.967209728526	-1.42729949951	-0.645755887032	5.57589387894
28	13	0.497927777469	0.240181257228	0.681297132434	0.691481873236	1.30306756496	4.02731657028	3.97787189484
29	13	0.499557733536	0.845930613834	-0.516981787397	0.130886317385	4.95432567596	-2.91099119186	0.64208984375
0	14	0.499869942665	0.935747874104	0.229979882597	0.267367106636	5.40497732162	1.37102341652	1.4071598053
1	14	0.497734546661	-0.987420750588	0.129211308465	-0.0911301216606	-5.73301362991	0.544103264809	-0.430636405945
2	14	0.485964372754	0.0301665807053	0.930834899271	-0.364192761746	0.30342900753	5.23505687714	-2.14498233795
3	14	0.458223119378	-0.634237330951	0.604817371572	0.481600410167	-3.40300226212	3.20856571198	2.59319877625
4	14	0.463743969798	-0.922408903134	-0.334421589347	-0.193194244216	-5.00710391998	-1.77050423622	-1.13907718658
5	14	0.494709715247	0.312877277442	-0.569480460896	0.760131445158	1.88327670097	-3.24377346039	4.39907026291
6	14	0.493491113186	0.0293098558692	-0.980307173347	0.195291521153	0.171332120895	-5.67240428925	1.18862056732
7	14	0.499166160822	-0.880469938412	0.473138175222	-0.0302151402479	-5.03585004807	2.8820066452	-0.256443023682
8	14	0.499908536673	-0.874247280665	-0.0201555775186	0.485062310374	-5.14169788361	-0.262114346027	2.86710166931
9	14	0.499827519059	-0.686775748607	0.222867537606	-0.691859184955	-3.91293597221	1.4104757309	-4.10072469711
10	14	0.49953783676	-0.526529295351	-0.1598060673	0.835002348494	-2.93038702011	-0.9662296772	4.92516088486
11	14	0.480337835848	0.00834161523825	-0.44327417337	-0.896347267904	0.0783385038376	-2.40048027039	-5.03458356857
12	14	0.468170948327	0.319439997101	-0.810973254549	-0.490184117101	1.78548538685	-4.450050354	-2.69020104408
13	14	0.481110736728	0.127222967193	-0.987332947117	-0.0948048952069	0.679992318153	-5.55934381485	-0.55809211731
14	14	0.494209557772	0.628201625897	0.172820429627	0.75861440556	3.54787635803	1.10236024857	4.36053514481
15	14	0.439252987504	-0.896622968801	0.0871761753034	-0.43412851355	-4.60541248322	0.420324742794	-2.25397086143
16	14	0.423313036561	-0.556933938938	0.719087619244	0.415617111665	-2.79025578499	3.56892299652	2.05943703651
17	14	0.497966192663	0.602882143628	-0.462865657294	-0.649837290552	3.4549703598	-2.70363998413	-3.74736905098
18	14	0.496899172664	0.392772701244	0.862698569838	-0.318560485241	2.21577239037	4.99113941193	-1.79105210304
19	14	0.474190853536	0.105622664157	-0.846664715689	0.521538792444	0.521286547184	-4.70040035248	2.90274810791
20	14	0.460658580065	-0.182430282471	-0.977366072837	-0.107120267482	-0.997680902481	-5.28717184067	-0.587266683578
21	14	0.46627958864	0.109310463111	-0.753917067753	-0.6478119153	0.619675278664	-4.1154050827	-3.55370593071
22	14	0.439706131816	-0.88746435776	-0.300719185924	-0.349249173117	-4.60525608063	-1.53777444363	-1.84856939316
23	14	0.45386838913	-0.765414191968	-0.624926413079	-0.153649253077	-4.09679889679	-3.28418827057	-0.80558681488
24	14	0.481267310679	0.0830800359037	0.821119882077	0.564676763194	0.579575181007	4.59395217896	3.21327662468
25	14	0.494529828429	-0.611731446281	0.735030656194	0.292428747024	-3.61583614349	4.16368293762	1.6893928051
26	14	0.49877525866	0.603670842428	0.651021235388	-0.460166127693	3.45125722885	3.78783035278	-2.64634180069
27	14	0.498247414827	0.429707953308	-0.902050640373	0.0406905034011	2.53749370575	-5.26174354553	0.305327177048
28	14	0.499106280506	-0.35301269867	-0.588238843241	-0.727569307956	-2.01596736908	-3.38940811157	-4.28642225266
29	14	0.499077320099	-0.403460448876	-0.738203950724	0.540624262615	-2.48670434952	-4.21957778931	3.20518493652
0	15	0.499310787767	-0.0768474405454	-0.581382747848	0.809992945269	-0.470303446054	-3.42902421951	4.69372606277
1	15	0.499509885907	0.188169068805	0.804555915798	-0.563278066233	1.20350897312	4.63156223297	-3.23578834534
2	15	0.496109344065	-0.722921100007	0.179425906188	0.667226668647	-4.12871026993	1.0159008503	3.88436388969
3	15	0.486987456679	0.376865545773	-0.886757548347	-0.267644187046	2.21267175674	-5.0040397644	-1.55891776085
4	15	0.482249453664	-0.537009566706	-0.729741909812	0.423199090654	-3.0424823761	-4.13670539856	2.38678884506
5	15	0.495919287205	-0.798036549772	0.16410601919	0.579833493077	-4.56312227249	1.0299834013	3.37661123276
6	15	0.498071527109	0.260238200044	-0.215902899711	-0.941096178472	1.50975704193	-1.18323874474	-5.4317741394
7	15	0.499846234918	-0.518843334008	-0.432400368558	0.737449331159	-3.05072116852	-2.53629589081	4.24511194229
8	15	0.499907840043	0.382398138924	0.153632721788	0.911135912004	2.28464460373	1.04237115383	5.28328466415
9	15	0.499955758452	0.671840365269	-0.415557727354	-0.61314133675	3.86851263046	-2.36193728447	-3.54362368584
10	15	0.499146804214	-0.711909527053	-0.234198700512	0.662069327163	-4.1687297821	-1.32698130608	3.86767959595
11	15	0.496710062027	-0.571507968793	0.466489740742	0.67510440925	-3.21919250488	2.76842832565	3.97849154472
12	15	0.491839393973	-0.561430426281	0.713023798105	0.419991594894	-3.30431318283	4.11640453339	2.3581840992
13	15	0.496081471443	-0.270366718754	0.746275681258	0.608255246548	-1.55154848099	4.2923707962	3.48909449577
14	15	0.498048357666	0.153186689902	-0.611437212917	-0.776323626265	0.860268294811	-3.54710125923	-4.43657827377
15	15	0.475509501994	-0.70924344972	0.305573913202	0.635293878925	-3.86831402779	1.67721390724	3.58643531799
16	15	0.456197932363	-0.765649123291	0.629569357403	0.131999409935	-4.14038610458	3.39965128899	0.598010063171
17	15	0.495801837184	0.0237037082382	0.0103891736755	0.999665043545	0.174373731017	0.0132546704262	5.7983007431
18	15	0.499166902155	-0.439958135777	-0.376270434642	0.815387882408	-2.61826896667	-2.19349646568	4.67853212357
19	15	0.496067538857	0.933259998416	-0.338867330457	0.119141544836	5.448533535	-1.90601038933	0.536454439163
20	15	0.497152492404	0.449599087284	0.843425036124	0.294100100566	2.54035329819	4.95014762878	1.61515569687
21	15	0.497306503356	0.185174176993	0.780334862835	0.597317357875	1.11994075775	4.54913139343	3.50896549225
22	15	0.493524927646	-0.38367928943	-0.0348917177443	0.92280700631	-2.24164748192	-0.162684112787	5.30454730988
23	15	0.495833203197	0.919875999426	-0.390118203404	-0.0404466692394	5.30443000793	-2.13662099838	-0.185185670853
24	15	0.499617658556	-0.573046931665	-0.0528081642157	-0.817819363858	-3.48107910156	-0.340821504593	-4.64844512939
25	15	0.499414168298	0.649772705784	0.0618105160717	-0.757611305962	3.88254928589	0.323060244322	-4.25335168839
26	15	0.499931186438	-0.773088183781	-0.46749297797	0.428701499469	-4.49174785614	-2.63498806953	2.48591518402
27	15	0.499427311122	-0.0307071993618	-0.832224958656	-0.553587107958	-0.0471314638853	-4.89012384415	-3.22752189636
28	15	0.499314941466	-0.70211474841	0.384465463401	-0.599350638205	-4.05250406265	2.41879701614	-3.35816478729
29	15	0.498825326562	-0.127016839242	-0.96245727553	0.239880627247	-0.695817112923	-5.68885850906	1.30904006958
0	16	0.499465897679	-0.770929016035	0.449585466809	0.45115558322	-4.42502498627	2.73702478409	2.54496455193
1	16	0.498092055321	-0.143500371076	-0.611786006102	-0.777898146442	-0.708333134651	-3.63432788849	-4.5154209137
2	16	0.493991717696	-0.622632723813	-0.782259598628	0.0199602503038	-3.68761587143	-4.49695205688	0.147282838821
3	16	0.49245352298	0.0991624859601	-0.835127264161	-0.541044595234	0.522395014763	-4.75633907318	-3.21150541306
4	16	0.496858030558	0.920184410514	0.130853114585	0.368968986571	5.25276470184	0.831631243229	2.24479031563
5	16	0.499740684405	-0.184489176266	0.143328054981	-0.972327523264	-1.09359049797	0.802818953991	-5.61959648132
6	16	0.498889401555	0.715905659638	0.692481757796	-0.0891521262671	4.14842414856	4.16098213196	-0.371769666672
7	16	0.499872624874	0.990374964445	0.0931780101676	0.102348855501	5.76574897766	0.579317033291	0.510980844498
8	16	0.499762758613	0.340145406883	-0.846057510652	0.410472643236	1.92757344246	-5.07388019562	2.22895240784
9	16	0.499794311821	-0.566153545092	0.262625104242	0.781343853884	-3.27329587936	1.58785963058	4.50632572174
10	16	0.499222323298	0.351651839062	-0.51765055754	-0.779986464218	2.17161154747	-2.8612742424	-4.54823732376
11	16	0.499023966491	-0.487677109912	-0.56977078293	-0.66146223731	-2.82769989967	-3.32917356491	-3.79468679428
12	16	0.476238064468	0.789071780541	0.289719647336	0.541690179994	4.37013339996	1.62492537498	3.03480744362
13	16	0.467086955905	0.931622430921	-0.218721494796	-0.290242233177	5.08217000961	-1.28558647633	-1.60969614983
14	16	0.48258792609	0.397674267441	0.562633736882	-0.724774761659	2.24564027786	3.26188707352	-4.09384965897
15	16	0.495547167957	0.385058655517	0.281543661237	-0.878898741966	2.22633314133	1.6131105423	-5.08303594589
16	16	0.494628321379	0.0769348252697	0.247870108656	0.965733628852	0.413291454315	1.30118834972	5.56633090973
17	16	0.498436927795	-0.0858699110861	0.996289092958	0.00586528970262	-0.499122530222	5.77256679535	-0.00163841247559
18	16	0.499505220912	0.0877556617222	0.0332787864578	-0.995585991368	0.64096480608	0.172686129808	-5.75667572021
19	16	0.496918074787	-0.490191379016	-0.621066160536	0.611546593626	-2.96691179276	-3.49248504639	3.55346632004
20	16	0.493328653276	-0.165847097651	-0.797773429909	0.579700176584	-0.87219196558	-4.66084289551	3.27692222595
21	16	0.498564958572	-0.407199940595	0.91317292826	0.0174187104216	-2.33682584763	5.27917480469	0.0992736816406
22	16	0.499613642693	-0.0334231666307	-0.929719653412	-0.366748221524	-0.113206788898	-5.36168003082	-2.15801477432
23	16	0.499544680119	-0.822410243084	-0.208991941774	-0.529116017849	-4.91065740585	-1.16874313354	-2.95308589935
24	16	0.499856987968	0.375907772167	0.00461295387082	-0.92664559972	2.33457398415	-0.00276452116668	-5.35105800629
25	16	0.499956652522	-0.948342666782	0.215263580075	-0.23304029148	-5.4864730835	1.21699142456	-1.22836732864
26	16	0.49997010082	0.612484990353	0.198357667537	0.765190415728	3.65176010132	1.03333628178	4.37138938904
27	16	0.499873518944	-0.66692833413	0.54028430082	-0.513127149371	-3.90960288048	3.10771179199	-2.86450505257
28	16	0.499871626496	0.880908817887	-0.460042252874	0.11117904541	5.04651546478	-2.71522784233	0.635842084885
29	16	0.499539859593	0.418950231189	-0.142022344658	0.896833517106	2.45232057571	-0.766088008881	5.23305702209
0	17	0.498756155372	-0.110613099577	-0.85264686124	-0.510644761277	-0.539868712425	-5.01341724396	-2.96952462196
1	17	0.498463727534	-0.602776137993	-0.203844460681	-0.771432669334	-3.67201352119	-1.06126332283	-4.44187355042
2	17	0.498777970672	0.798112469217	-0.539579241353	0.268087166388	4.69054889679	-3.00301647186	1.53642678261
3	17	0.499040117487	0.215318017997	0.293632659773	0.931352786134	1.04420244694	1.7542566061	5.40633106232
4	17	0.499316565692	0.78620395706	0.0895797979109	-0.611439937941	4.47169160843	0.476754963398	-3.65519952774
5	17	0.499789431691	-0.157416120887	-0.862400889322	0.481128746783	-1.0398389101	-4.93344449997	2.89885640144
6	17	0.499459996819	0.968851225464	-0.00484777159147	-0.247596046067	5.60326004028	0.0170246884227	-1.52463245392
7	17	0.499878928065	-0.990266661087	0.129886955605	0.0500131852929	-5.69285964966	0.727022588253	0.153268814087
8	17	0.499612938613	0.315603596166	0.00517437899844	0.948877018316	1.90474963188	0.0934663414955	5.52706480026
9	17	0.498988360167	-0.763044370738	0.520448567609	0.383270892136	-4.50394535065	3.1500878334	2.04703855515
10	17	0.497982949018	-0.387741741328	-0.874771104105	0.290571604697	-2.15160107613	-5.09996557236	1.64829134941
11	17	0.494501113892	0.0907005011233	0.992690500263	-0.079617773037	0.56407392025	5.68882274628	-0.41323184967
12	17	0.452981635928	0.895783126042	-0.380800770184	0.229267015781	4.7604932785	-2.07304048538	1.21744632721
13	17	0.444641262293	0.593400213101	0.780275710033	-0.197600615953	3.11335802078	4.04798555374	-1.0985660553
14	17	0.472777038813	-0.368270446463	0.881186716595	0.296457161759	-2.03791904449	4.82638597488	1.69180774689
15	17	0.497920021415	0.112897850819	-0.810856794184	-0.574251978321	0.554936468601	-4.76813936234	-3.29810523987
16	17	0.499128527939	0.564971369546	-0.31592729454	-0.762231786373	3.27202415466	-1.76899373531	-4.47496604919
17	17	0.499097794294	-0.142634802142	-0.898339185302	-0.415502131606	-0.83334839344	-5.24205303192	-2.3614115715
18	17	0.49754049629	-0.762708607329	0.132325861553	-0.633060381536	-4.51237392426	0.878673195839	-3.53071212769
19	17	0.49317650497	0.894545672228	-0.365008228891	0.257986497982	5.16017723083	-2.00806522369	1.40699911118
20	17	0.478731378913	-0.830089092246	-0.552341698095	0.0766208031809	-4.70590019226	-2.9808011055	0.43412232399
21	17	0.481748081744	0.268596019697	-0.341393480054	-0.900725635241	1.51940667629	-1.96555519104	-5.02298736572
22	17	0.497261993587	0.630647129678	0.482399957483	0.607926376176	3.53247594833	2.80963563919	3.59360122681
23	17	0.499606270343	-0.334226497514	0.534029207282	-0.776598644172	-2.009557724	3.03630137444	-4.51125049591
24	17	0.499702893198	0.667629104408	0.413297060008	0.619238983864	3.75063443184	2.37813162804	3.71352410316
25	17	0.499794155359	0.922604381104	-0.376813576979	-0.0825389857726	5.3077673912	-2.24625110626	-0.467754125595
26	17	0.499456033111	0.164247004512	0.983933711619	-0.0699812306832	0.746138215065	5.74168491364	-0.46023440361
27	17	0.498237326741	0.86745617328	0.0870121615536	-0.489845558498	5.11085176468	0.333924293518	-2.80358076096
28	17	0.498590320349	-0.300696371693	0.952877105634	-0.0400863269723	-1.82974052429	5.49039077759	-0.0584623813629
29	17	0.499111397192	-0.168269434919	0.154151656862	-0.973613200382	-0.901512265205	0.888250827789	-5.67766952515
0	18	0.498712085187	0.0656453735528	-0.797896960333	0.599208749621	0.420757502317	-4.60524225235	3.57808661461
1	18	0.499537263066	0.340772535027	-0.0101094217054	-0.940091420535	2.1601805687	0.00797883234918	-5.41399621964
2	18	0.499900266528	-0.863729768649	-0.327524780304	-0.383012277918	-5.0533041954	-1.84055614471	-2.05843830109
3	18	0.499929249287	0.839379299789	0.115581924081	-0.53111506278	4.84068155289	0.544044315815	-3.12710952759
4	18	0.499811336398	-0.433879960013	0.8572325166	0.277309561289	-2.52355289459	4.9294629097	1.61201858521
5	18	0.499693527818	0.196655765814	-0.895811698672	0.398557286089	1.17912721634	-5.24907970428	2.29351091385
6	18	0.49895658344	0.294926904937	-0.535753776029	0.791192778162	1.74186491966	-3.17069721222	4.67294120789
7	18	0.499258939177	0.132844850329	-0.240303247739	0.961564659743	0.838635921478	-1.31068837643	5.67186832428
8	18	0.499466225505	0.762343957834	-0.613537972069	-0.205919515304	4.41396427155	-3.5346326828	-1.36034727097
9	18	0.498763307929	0.112209685114	-0.137390615384	0.984140643085	0.732521414757	-0.842069327831	5.70112037659
10	18	0.495548672974	-0.56473911002	0.493297870124	0.6616093628	-3.31234002113	2.86283874512	3.82731294632
11	18	0.487139731646	-0.435943470349	0.776144214565	-0.455580342922	-2.48208713531	4.38327264786	-2.66436338425
12	18	0.453611567616	0.660397195738	-0.124582040968	-0.740509864168	3.52755832672	-0.688545167446	-3.9078783989
13	18	0.416910359636	0.217586611192	-0.456190332898	-0.862871048767	1.1055533886	-2.23155283928	-4.28631925583
14	18	0.462453893851	0.076503580591	-0.0787694558141	-0.993953004416	0.396423697472	-0.444879114628	-5.39019107819
15	18	0.495831526816	0.819161213912	-0.258444387012	0.512036526475	4.75995349884	-1.43506288528	2.96423840523
16	18	0.498052239418	0.0472426325065	0.673002024088	0.738130347057	0.142293542624	3.92542982101	4.3123421669
17	18	0.498001012951	0.464290751267	-0.0830450993649	0.881780930707	2.60006141663	-0.4508934021	5.19875335693
18	18	0.495492942631	0.790339461685	-0.339882795446	-0.509748193389	4.48417711258	-1.96387732029	-2.96945571899
19	18	0.471599610522	0.143278480899	0.350179407604	0.925659580732	0.702495217323	1.94937348366	5.09680986404
20	18	0.403651699424	-0.582786500074	0.806995581804	-0.0954883567766	-2.80481147766	3.8135342598	-0.47517490387
21	18	0.428665652871	-0.647049418546	0.377579713543	-0.662390073808	-3.27840518951	1.91936993599	-3.29249858856
22	18	0.495342865586	0.975946450231	-0.111947603889	0.187072874212	5.67794418335	-0.682476878166	1.01028990746
23	18	0.490432113409	0.883479401221	-0.460795365954	0.0844498569218	5.04605007172	-2.67201161385	0.609594345093
24	18	0.490411024541	-0.321462731328	-0.531148813169	-0.783927707532	-1.87383806705	-3.02393293381	-4.46997737885
25	18	0.496433079243	-0.942994659205	-0.0747861687589	-0.324296317699	-5.44355487823	-0.338609755039	-1.87596917152
26	18	0.493597403169	0.282566555122	-0.781006318446	0.556942791024	1.63392615318	-4.48502206802	3.20563840866
27	18	0.494888216257	0.876469235547	-0.142598089054	-0.459855916715	5.12340927124	-0.781221747398	-2.61134815216
28	18	0.495862145908	-0.150835746267	-0.18833735341	-0.970452275467	-0.827980399132	-1.0951346159	-5.63388442993
29	18	0.498521968722	-0.995733587064	0.0907416246565	0.0167505566534	-5.79308605194	0.550302326679	0.26092338562
0	19	0.498891267926	0.233511344917	-0.519128056804	0.822179124299	1.34072220325	-3.03466057777	4.75748586655
1	19	0.498961463571	-0.820358075318	0.421772769844	-0.386161053032	-4.77929162979	2.39165711403	-2.25498747826
2	19	0.499753206968	0.838314885581	0.545108249672	-0.00922760821705	4.90001058578	3.04738068581	-0.026371717453
3	19	0.499935984612	0.226734250745	0.733389501769	0.640883310935	1.19269311428	4.25180387497	3.81033635139
4	19	0.498376831412	-0.71147898389	-0.697004811186	0.0893417520893	-4.03759622574	-4.14881753922	0.519000291824
5	19	0.499095739797	0.0195442829013	0.322348498483	-0.946419286855	0.190200775862	1.99741244316	-5.42671394348
6	19	0.499499805272	-0.698664132825	-0.0766843938546	0.711328287954	-4.09089756012	-0.397134780884	4.11448431015
7	19	0.49946500361	-0.652739287764	-0.562207882684	0.507792988192	-3.75358343124	-3.38181018829	2.97149062157
8	19	0.499823436141	-0.701479403895	0.146493941176	-0.697471269021	-4.06652545929	0.97937977314	-4.05442380905
9	19	0.499651130289	-0.552169455569	0.203245480639	-0.808579103697	-3.19833755493	1.17506504059	-4.76054000854
10	19	0.498573571444	0.582390495671	0.811943527399	-0.0396108427962	3.42579102516	4.70773029327	-0.294324398041
11	19	0.494347374886	-0.176705049996	-0.493790909512	0.851437527356	-0.911519646645	-2.88535547256	4.86365842819
12	19	0.490701645613	-0.82723873096	0.559506637082	-0.0512679730455	-4.65450906754	3.22482395172	-0.296439647675
13	19	0.46659700945	0.52373133065	-0.0371227196621	-0.851074260556	2.92275571823	-0.2160281986	-4.61044692993
14	19	0.476951751858	-0.256601272483	0.465059069078	-0.847275545043	-1.42043554783	2.6253490448	-4.71222305298
15	19	0.498511508107	-0.549082700234	-0.692022062024	0.468629548765	-3.18444228172	-3.98193597794	2.67001461983
16	19	0.498502835631	-0.0602404139707	0.930592850454	-0.36106514538	-0.350949645042	5.34520769119	-2.18965482712
17	19	0.496772810817	0.947993266792	0.0970147012956	-0.303145037647	5.48399877548	0.510052978992	-1.79438447952
18	19	0.495138816535	-0.49437291337	0.496281618994	0.713652560547	-2.79672527313	2.84551525116	4.1018743515
19	19	0.465126767755	-0.999468991909	0.0324452791467	0.00300633895551	-5.44881629944	0.184383109212	-0.0734255313873
20	19	0.411507159472	-0.647728426754	0.532899123315	-0.544487290527	-3.15052318573	2.598269701	-2.60814237595
21	19	0.426274135709	-0.775584378737	0.435324248431	-0.457123254918	-3.88145971298	2.16396331787	-2.33518600464
22	19	0.485164105892	-0.679997989249	0.444723796829	0.582943804454	-3.86175537109	2.48769640923	3.33087015152
23	19	0.453379124403	0.511340909405	0.455232226065	-0.728899234957	2.69237971306	2.41215896606	-3.9029135704
24	19	0.432444855571	0.591807551985	0.65476270099	-0.470159150507	3.00345659256	3.36008262634	-2.37677049637
25	19	0.475298583508	0.0457676222176	0.642325023218	0.765064630803	0.276191115379	3.57679414749	4.21930646896
26	19	0.479997381568	-0.346358599256	-0.721558046407	0.599491206263	-1.90625202656	-4.13163995743	3.35061478615
27	19	0.491468921304	-0.969949766014	0.0128293548874	-0.242966785923	-5.53421974182	0.122903510928	-1.3879802227
28	19	0.493802666664	-0.219379543468	-0.964960660317	0.143956729428	-1.15267276764	-5.55992364883	0.91348028183
29	19	0.499491296709	-0.0408137519187	0.551178811035	-0.833388358402	-0.224477857351	3.19826507568	-4.78649520874
0	20	0.493830412626	0.849791292046	0.467087213324	0.244303694432	4.92549610138	2.80858612061	1.27198171616
1	20	0.49352517724	-0.637784356372	0.444239763388	0.62919166189	-3.68040847778	2.55351543427	3.71063995361
2	20	0.497028246522	-0.876276987899	-0.420203151901	-0.235728554932	-5.0083193779	-2.47247576714	-1.38465189934
3	20	0.497531674802	0.668231458338	0.284567990342	-0.687377463232	3.88199400902	1.61398768425	-3.97225260735
4	20	0.493603259325	-0.887524202562	-0.45087593335	-0.0949298825077	-5.16745996475	-2.5449450016	-0.382730007172
5	20	0.497118553147	0.107182107072	-0.380010268631	-0.918751430833	0.690655112267	-2.29540205002	-5.33362483978
6	20	0.49954226613	0.930380672552	0.151232171773	-0.333947053233	5.40918254852	0.906398534775	-1.89606451988
7	20	0.499870277941	-0.116848175152	0.812058490143	-0.571758264086	-0.782018661499	4.6908121109	-3.27905654907
8	20	0.499948166311	0.344136847124	-0.694229235761	0.63215156305	2.10475635529	-3.90549612045	3.70464897156
9	20	0.49983510375	-0.765857889784	-0.57176136979	-0.29419488213	-4.47880601883	-3.24213337898	-1.70921707153
10	20	0.499655753374	0.924351021004	0.299665134815	0.236169424239	5.33396053314	1.68702840805	1.45166826248
11	20	0.493737488985	-0.774552760974	-0.561363629306	-0.29144278368	-4.5223197937	-3.15735554695	-1.74424505234
12	20	0.48818820715	0.0351681519466	-0.976839384631	0.211064013328	0.295767605305	-5.5743188858	1.20018982887
13	20	0.479086369276	-0.944567072731	-0.262376466755	0.197361685251	-5.31916904449	-1.36252164841	1.10092496872
14	20	0.456477355212	-0.267251441244	0.229123292052	0.935991017154	-1.4104487896	1.2003916502	5.01053667068
15	20	0.464639410377	0.961116146909	0.168769983272	0.218569084951	5.22067451477	0.958728969097	1.10908007622
16	20	0.49022891745	-0.316513323187	-0.485485663745	0.814937412654	-1.85905241966	-2.76293206215	4.60675525665
17	20	0.484346479177	-0.0571329831216	-0.71501693709	-0.696768686089	-0.297512739897	-4.04357814789	-4.01665115356
18	20	0.491465628147	-0.47160041346	-0.697594786122	-0.539402043377	-2.67671704292	-3.99316549301	-3.14422559738
19	20	0.483042404056	0.355259301347	-0.743187725541	0.566976924937	2.05790996552	-4.14808416367	3.2328774929
20	20	0.463873952627	0.716243047463	-0.513397549085	0.472672035935	3.91053819656	-2.83407735825	2.57947015762
21	20	0.486371308565	0.531493151755	0.269171578068	0.803157326554	3.0216627121	1.53411889076	4.53005695343
22	20	0.495154172182	-0.935290621031	0.353752357808	-0.00952489142246	-5.37732172012	2.01955246925	-0.104141712189
23	20	0.44705311954	0.856629821686	-0.402193245987	-0.323150029367	4.48812532425	-2.07884883881	-1.69410896301
24	20	0.423562258482	0.834550800554	0.476849889357	-0.275933224377	4.19682598114	2.3343000412	-1.39993524551
25	20	0.466147542	0.541059756308	0.478906989766	-0.691304878659	2.98543262482	2.57485866547	-3.7601017952
26	20	0.481344863772	-0.896328890914	0.346405810656	0.276762594395	-5.03699159622	1.91476714611	1.57678580284
27	20	0.477876350284	0.258460982543	0.939679365273	0.224054928497	1.5358017683	5.25580406189	1.22484970093
28	20	0.484862960875	-0.465687920498	0.189770033928	0.864362247513	-2.70230531693	1.12750184536	4.88265419006
29	20	0.496404826641	0.934945961339	-0.0209937171241	0.354168481401	5.40520191193	-0.190493762493	2.02717423439
0	21	0.496106922626	0.685747668733	-0.525454309463	0.503634692504	3.95714426041	-3.03670215607	2.87922620773
1	21	0.493164695799	-0.434061581322	0.591003275016	0.679930638037	-2.48970460892	3.48632621765	3.92207312584
2	21	0.487593542784	-0.262235830031	0.186985462432	0.946714743884	-1.47338747978	1.07018613815	5.39535474777
3	21	0.478034317493	0.90754232784	0.408490540413	0.0974802624741	5.08092021942	2.30863261223	0.612924814224
4	21	0.487984590232	0.234838742144	-0.0787758218111	-0.968837001299	1.36444759369	-0.43374761939	-5.50394916534
5	21	0.496757462621	-0.859629859726	0.420030208743	-0.290879920262	-4.9486322403	2.47501921654	-1.58665895462
6	21	0.499698013067	-0.223142060364	-0.863018648799	0.453217864522	-1.31876933575	-5.02387619019	2.64611625671
7	21	0.499865412712	0.903396298177	-0.378804507116	-0.200953412086	5.32246017456	-2.05280065536	-1.12589263916
8	21	0.499932572246	-0.428085731283	-0.90140775221	-0.0648588538933	-2.7060406208	-5.15321779251	-0.387427806854
9	21	0.499937012792	0.923287536143	0.0351483249806	0.382498001111	5.3023815155	0.327594846487	2.20188188553
10	21	0.497323963791	-0.211112654322	0.452853567609	-0.866230392845	-1.36685478687	2.63227987289	-5.01350164413
11	21	0.49416885525	-0.630529007637	-0.448646314489	-0.633363762008	-3.69705247879	-2.5518078804	-3.66578912735
12	21	0.489299401641	0.9349655542	-0.122460421739	0.332930709857	5.35447645187	-0.558045208454	1.95448446274
13	21	0.482530266047	-0.0443231064964	-0.991722270834	-0.120508919842	-0.229406967759	-5.59676599503	-0.686840295792
14	21	0.431578475982	0.443115147407	-0.116085925957	0.888916769969	2.25320243835	-0.578191041946	4.50629711151
15	21	0.414269402623	0.846033638414	-0.532247053149	-0.0306619811291	4.15456295013	-2.61672639847	-0.149311542511
16	21	0.476327948272	0.7681928479	0.311090362047	0.559555658606	4.27074241638	1.72727251053	3.07968664169
17	21	0.476268991828	-0.884510162793	-0.360801996639	-0.295742609608	-4.92310571671	-2.03455018997	-1.63527083397
18	21	0.463607087731	-0.580245082847	0.715505207286	0.389060332311	-3.12089347839	3.90012860298	2.17069721222
19	21	0.444067910314	-0.300994221208	0.861404831677	0.409126135518	-1.52466058731	4.50525331497	2.15593290329
20	21	0.419037014246	0.934840792993	0.0885402776095	0.343850710333	4.5958814621	0.476530253887	1.71649837494
21	21	0.472241491079	0.411356857071	-0.804387523685	-0.428656328404	2.20893669128	-4.48172950745	-2.39992713928
22	21	0.490192055702	0.724287669845	-0.506328206976	-0.468016151571	4.21562194824	-2.79012727737	-2.68063402176
23	21	0.458507910371	0.152668091513	-0.884695119388	0.440462256687	0.79251229763	-4.79037427902	2.40916776657
24	21	0.477171421051	-0.0388187879863	-0.923555971025	0.381493735312	-0.199213862419	-5.1560716629	2.16328716278
25	21	0.481656864285	-0.708323868704	0.137307887673	-0.692404391239	-4.00091648102	0.695962131023	-3.92052459717
26	21	0.480336785316	0.0931256525855	0.647431714202	-0.756412445876	0.585244476795	3.59035825729	-4.29713058472
27	21	0.481821611524	0.795648021372	0.605021737925	-0.0298818126132	4.52357673645	3.32909822464	-0.161531686783
28	21	0.487622283399	-0.640232434437	-0.40448978627	0.653062357435	-3.67992448807	-2.30307769775	3.75712656975
29	21	0.49578589201	-0.941056315435	-0.334911496101	0.0474057059713	-5.44346952438	-1.88563108444	0.110857486725
0	22	0.496846829541	-0.153516706494	-0.0948405298171	-0.983584208256	-0.872105956078	-0.607081770897	-5.6999874115
1	22	0.494314938784	-0.6555026108	0.00836716063185	-0.755146553894	-3.76270627975	0.0502530559897	-4.39338636398
2	22	0.475736126304	0.725874541247	-0.43878653507	-0.529690973126	4.08466625214	-2.38469052315	-2.89743161201
3	22	0.457403123379	0.709134412354	-0.673867889998	-0.207437826936	3.78008031845	-3.69968032837	-1.13402295113
4	22	0.483153358102	0.739918705658	-0.575281721076	0.348670690499	4.18196105957	-3.23790121078	2.02967238426
5	22	0.494597703218	0.925104886758	0.0451006552487	0.377023711976	5.38194561005	0.223926246166	2.08686614037
6	22	0.499869152904	-0.752487932714	-0.103120183124	0.650483004353	-4.3957362175	-0.504738211632	3.7686111927
7	22	0.499902918935	-0.521424528233	-0.804499827326	-0.284423081323	-3.12524032593	-4.69693422318	-1.68054461479
8	22	0.499934434891	0.428852535036	-0.548639078392	-0.717691204387	2.70771169662	-3.01565408707	-4.1953420639
9	22	0.499667957425	-0.480188644747	-0.844584705196	0.236844972937	-2.86229681969	-4.78237581253	1.46763801575
10	22	0.493643507361	0.514820516525	0.232407492466	-0.825194881959	2.9852411747	1.39126729965	-4.7449464798
11	22	0.493466407061	0.283563881646	-0.93625797333	0.207394629638	1.5589646101	-5.38012933731	1.26872181892
12	22	0.492991432548	0.983262220493	-0.0320276817488	-0.179358951137	5.68582439423	-0.0926627740264	-1.0660803318
13	22	0.496519133449	-0.871206885307	0.344144188919	-0.350090474345	-5.03575515747	1.99114787579	-1.91657876968
14	22	0.460537046194	0.22670606664	0.863152685531	0.451189318146	1.26333892345	4.68743371964	2.45467805862
15	22	0.464149273932	0.609567921065	-0.231147502454	0.758286081712	3.28728890419	-1.26439380646	4.10295343399
16	22	0.47564946115	-0.512457599274	0.827464639413	0.22954189044	-2.91156172752	4.58121204376	1.2451710701
17	22	0.47002145648	-0.843267757761	0.332259734741	0.422496103402	-4.70838689804	1.79330170155	2.35828018188
18	22	0.47674395144	-0.0563259336447	0.90035726985	-0.431490643963	-0.237357750535	4.99220752716	-2.43007349968
19	22	0.462071664631	0.647978128685	0.0861999374078	0.756765429666	3.49005365372	0.436899006367	4.06778430939
20	22	0.423074036837	0.967057817416	0.210692852228	0.142855520701	4.84432506561	1.04807567596	0.70917391777
21	22	0.47664269805	0.698032474882	0.692014956488	0.184027074113	3.84747004509	3.86954784393	1.03716063499
22	22	0.483608052135	-0.797546401333	-0.502347876545	0.334015491635	-4.50706863403	-2.80987787247	1.86005067825
23	22	0.469129415229	-0.416037637782	-0.0739553812412	0.906335084577	-2.2910451889	-0.320258378983	4.98821544647
24	22	0.496539629996	0.621830249789	-0.471625570167	-0.625217131892	3.56360793114	-2.7208340168	-3.59738779068
25	22	0.492829024792	-0.393319350673	0.829581203286	0.396352009634	-2.21437931061	4.76341342926	2.28699588776
26	22	0.49124186486	-0.3424299092	0.588783365224	0.732172046804	-1.98395419121	3.31050038338	4.2918920517
27	22	0.49487632513	-0.968958699255	0.246571994741	0.017924579406	-5.56289434433	1.47540330887	0.0443532466888
28	22	0.494032606483	-0.229808438587	-0.956290141675	0.180823799566	-1.16112267971	-5.58981084824	0.935835123062
29	22	0.499274712056	-0.0243660102136	0.483972272872	0.874744040641	-0.0296983718872	2.83175086975	4.99162626266
0	23	0.496992304921	-0.280178698027	0.810254595581	-0.514769256572	-1.58379244804	4.72643375397	-2.9614212513
1	23	0.48390988633	-0.664129662542	-0.0141743620904	0.747483029099	-3.60841989517	-0.162386387587	4.31723737717
2	23	0.46447769925	-0.595382937755	0.130545807229	-0.79276538121	-3.23713088036	0.707590281963	-4.3011932373
3	23	0.475687339902	0.602793994501	0.790885848345	-0.105541342995	3.37050199509	4.34645938873	-0.568334102631
4	23	0.492512062192	-0.988387360856	0.126833063547	-0.0836887022885	-5.63673496246	0.713576555252	-0.509139060974
5	23	0.490937680006	0.547197481427	0.700706333755	0.457805144309	3.15998601913	4.03115177155	2.6518702507
6	23	0.499634496868	0.578154981745	0.375099595748	-0.724594445434	3.36733317375	2.18751573563	-4.15007686615
7	23	0.499772071838	-0.759739078215	-0.648328728645	-0.0496627893494	-4.4474697113	-3.78072118759	-0.19970369339
8	23	0.499823763967	-0.997619098277	0.00651904597904	0.068655930495	-5.79757595062	0.0560340508819	0.586403608322
9	23	0.499006673694	0.246382015794	0.634946625052	-0.732214917649	1.48366510868	3.61191654205	-4.27501583099
10	23	0.478315755725	0.648554431465	0.752733500594	-0.113001887201	3.68379807472	4.25578546524	-0.547609329224
11	23	0.481651723385	0.408197875372	0.787845767812	0.461165415749	2.2301132679	4.4543261528	2.59567117691
12	23	0.489845499396	0.548409623795	-0.827478358237	0.120525728284	3.10761451721	-4.81764650345	0.747488975525
13	23	0.497629456222	0.51218391857	-0.567216811591	-0.64492846286	2.96779966354	-3.31660366058	-3.68455171585
14	23	0.492171011865	0.162849023024	0.746715815349	0.644899749424	0.935588240623	4.2353477478	3.75270318985
15	23	0.494955142029	0.145104608879	0.0650929185163	-0.9872727913	0.711459934711	0.319550842047	-5.67419338226
16	23	0.491849839687	0.934936249587	0.317044500613	-0.159301581411	5.42204856873	1.69590950012	-0.921180725098
17	23	0.492575213313	-0.257241801289	0.400001382461	0.879673547232	-1.47586739063	2.31262779236	5.03442049026
18	23	0.498057290912	-0.583526033422	-0.770941092193	0.255239496721	-3.29161167145	-4.55893993378	1.42136001587
19	23	0.493027374148	-0.824551547933	-0.284418857027	-0.489101889763	-4.77674150467	-1.55274677277	-2.90352153778
20	23	0.485986977816	-0.0403464565051	-0.999096923643	-0.0133229356309	-0.270349502563	-5.66608524323	0.025190114975
21	23	0.48413041234	0.445998489132	-0.532963303937	-0.719051781409	2.4986371994	-3.00959205627	-4.09618759155
22	23	0.427788741887	0.176368168434	-0.707867186631	-0.683972452117	0.872404038906	-3.59202337265	-3.47749400139
23	23	0.428947746754	-0.615293928125	-0.753156909068	-0.232740310936	-3.06025266647	-3.82172012329	-1.1750972271
24	23	0.484172895551	-0.16990722801	0.678814945291	-0.714382113382	-1.00438916683	3.91904711723	-3.93492794037
25	23	0.495512783527	0.109016797926	-0.99192319506	-0.0648360460853	0.602639317513	-5.71154499054	-0.314643144608
26	23	0.496067553759	0.98590744798	0.163034717484	0.0374991321491	5.65509080887	1.09449601173	0.158616781235
27	23	0.498316302896	0.0734456998381	-0.983624852025	0.164583959285	0.550550341606	-5.69134044647	0.904095411301
28	23	0.497895330191	-0.989984933453	-0.106504247457	0.0926643232874	-5.76596069336	-0.51228928566	0.603448867798
29	23	0.499380428344	-0.288938938035	-0.511956955793	-0.808958815702	-1.55449867249	-3.02477645874	-4.74069213867
0	24	0.498393949121	0.454528189004	0.231273863161	0.860184006838	2.63953781128	1.24698495865	4.99199724197
1	24	0.483934178948	-0.542706979717	0.470686529508	-0.695645976849	-2.99612879753	2.62498688698	-3.99478125572
2	24	0.441655837931	-0.028294154547	0.245590393506	-0.968960680026	-0.129500508308	1.28626704216	-5.08695173264
3	24	0.445781752467	-0.880959987956	0.447692134307	-0.153235937367	-4.61281251907	2.34361338615	-0.798421382904
4	24	0.453142315149	-0.595053134439	-0.802869352866	-0.0362293999844	-3.14051771164	-4.31872320175	-0.190895795822
5	24	0.46883585304	-0.290100505119	0.184796719952	0.938984488277	-1.59379267693	1.03432106972	5.1607465744
6	24	0.494955778122	-0.155424501443	-0.875503303591	-0.457533812687	-0.987955093384	-5.02156448364	-2.62097287178
7	24	0.499176889658	0.934013983476	0.143619939826	-0.327095080297	5.43936252594	0.852694153786	-1.80196690559
8	24	0.498833736405	-0.0203110294494	0.337836075816	-0.940985785206	-0.084470666945	1.92976617813	-5.44738960266
9	24	0.492954429239	-0.17780412069	0.287074396808	0.94126191114	-1.00021123886	1.55908417702	5.39161205292
10	24	0.455984866247	-0.0658152824955	-0.323165025987	-0.944051224547	-0.380501836538	-1.74931621552	-5.01577138901
11	24	0.473093301058	0.145115296356	0.321434920985	-0.935746302336	0.814828395844	1.78008842468	-5.16587114334
12	24	0.488387465477	0.153323225367	-0.942389059562	-0.297312712443	0.916019678116	-5.39275503159	-1.6751666069
13	24	0.496235921979	-0.42217119852	0.7768881293	-0.467136290275	-2.47222495079	4.52239561081	-2.63475513458
14	24	0.487694725394	-0.952736263653	0.26810487407	0.14287542973	-5.49077320099	1.4769923687	0.714689493179
15	24	0.481469513848	0.253576043057	0.0305426048875	0.966833149863	1.42686831951	0.130229637027	5.40096235275
16	24	0.481850475073	0.311396242075	0.939095032714	-0.145371592664	1.67494750023	5.33532333374	-0.809942245483
17	24	0.495887052268	0.566003716713	-0.159468300335	-0.808832277951	3.1659822464	-0.981729984283	-4.67979335785
18	24	0.497411549091	0.0908536662579	0.601966355079	0.793336069192	0.55822467804	3.49000668526	4.57389831543
19	24	0.498395949602	-0.876549240334	-0.241994892631	-0.416052762532	-5.03106403351	-1.49708449841	-2.42541384697
20	24	0.499134644866	0.635604571089	0.690576702041	-0.345124104938	3.67973899841	3.96886301041	-1.95215678215
21	24	0.496072467417	-0.202633010229	0.565442059141	0.799509312591	-1.23204433918	3.23581790924	4.57780647278
22	24	0.435612916946	-0.469046040692	-0.787223797554	-0.400342983297	-2.36540269852	-4.04366588593	-2.04014778137
23	24	0.408231437206	-0.401277169224	-0.878184520991	0.260323991501	-1.96463298798	-4.24526166916	1.23674738407
24	24	0.476347997785	0.422413186914	-0.495735726345	-0.758823556003	2.37132716179	-2.81293487549	-4.18258094788
25	24	0.485680580139	-0.220976880373	-0.743478157324	-0.6311968377	-1.36270809174	-4.23584461212	-3.64425563812
26	24	0.49491597712	-0.366665313054	-0.929005070068	0.0500612423964	-2.05879306793	-5.40967082977	0.315641403198
27	24	0.498926833272	-0.823946198775	0.362632110453	0.435443008893	-4.73263263702	2.18310117722	2.50120854378
28	24	0.499080881476	0.137831620836	0.930603006951	-0.339087728695	0.96475893259	5.38625717163	-1.88804650307
29	24	0.499609276652	-0.544769415582	-0.764170911424	-0.34535358979	-3.1365442276	-4.50867414474	-1.93122720718
0	25	0.49931396544	0.668447213972	0.613390605784	0.42063082016	3.93370056152	3.49340724945	2.41577839851
1	25	0.49704362452	-0.890729491733	-0.0986070353545	0.443708941916	-5.07651472092	-0.681590795517	2.63164234161
2	25	0.482583578676	0.511550458905	0.192492166615	-0.837414409827	2.89614081383	1.08739173412	-4.66168355942
3	25	0.449847877026	-0.769371703999	0.604215730022	0.207341584542	-4.08060598373	3.17479777336	1.13907337189
4	25	0.432257063687	-0.868391492759	0.21015199815	0.449146248984	-4.44307661057	1.04216682911	2.25733280182
5	25	0.434657981619	-0.464693063371	0.0604683795491	0.883404738458	-2.43373823166	0.306008011103	4.50973796844
6	25	0.471213812009	0.273558079775	-0.128674489016	0.953209763308	1.59798884392	-0.699683904648	5.26466178894
7	25	0.491882249713	-0.327406925914	0.799515491577	0.503566960385	-1.94004106522	4.5800447464	2.86079216003
8	25	0.473756097257	-0.168207591991	-0.501776609742	0.84848479062	-0.860836565495	-2.81598567963	4.70297145844
9	25	0.445497766137	-0.779920716266	-0.576998408085	0.242479923719	-4.10665225983	-3.02646160126	1.2025744915
10	25	0.41316717118	-0.69601367487	-0.140105391079	-0.704226841142	-3.41314554214	-0.703345835209	-3.44925379753
11	25	0.474670737982	-0.952191417465	0.0248612616505	0.304488788258	-5.2904214859	0.149856328964	1.66827774048
12	25	0.491400241852	-0.721574485944	-0.580210914562	0.377737416544	-4.14654254913	-3.29652261734	2.23648619652
13	25	0.498093485832	0.683024928449	0.726096116142	-0.0791288647687	3.96401500702	4.19741344452	-0.459506034851
14	25	0.484522294253	-0.351414070427	-0.478810241517	0.804517808209	-1.92996954918	-2.74789619446	4.53296232224
15	25	0.417462572455	0.292006738443	-0.878530934052	0.378041614927	1.45240390301	-4.35920953751	1.87832546234
16	25	0.419670275412	0.0472456699244	-0.303279754209	0.95172960307	0.258232802153	-1.54386210442	4.69375610352
17	25	0.463815305382	0.336611916301	-0.520594942174	0.784648535324	1.76925444603	-2.8481054306	4.2843208313
18	25	0.487516261637	0.45172122743	0.712808946354	0.536517789721	2.61231446266	4.11299419403	3.0653424263
19	25	0.496822014451	0.41843356088	0.554745078643	0.719146197133	2.50663852692	3.14472842216	4.14242696762
20	25	0.498293682933	-0.616395045551	-0.783831287897	-0.0752705781433	-3.66552686691	-4.48280239105	-0.447498559952
21	25	0.493266507983	0.48376433866	-0.874715220665	-0.0290748581684	2.77576637268	-5.0693731308	-0.132669448853
22	25	0.473093338311	0.52427465362	-0.144381909188	-0.839219847162	2.89289426804	-0.74405002594	-4.67908906937
23	25	0.475363984704	0.321362429848	-0.817186310595	-0.478469144729	1.81674563885	-4.53159952164	-2.62501120567
24	25	0.495067149401	-0.0422573210934	0.986310716213	0.159390996914	-0.339851021767	5.62334823608	0.969375133514
25	25	0.497653849423	0.792236976807	0.271252727703	-0.546610034937	4.63965606689	1.52667570114	-3.04199171066
26	25	0.498822972178	-0.978719238392	-0.0167962685689	-0.204515372928	-5.69104337692	0.0220890361816	-1.17318272591
27	25	0.499859109521	0.684685729703	-0.693319773996	-0.224751290379	3.99335575104	-4.01345062256	-1.2437107563
28	25	0.499675855041	-0.00520551370329	-0.368184608996	-0.9297381332	-0.095562800765	-2.25555944443	-5.38901281357
29	25	0.499692544341	-0.665046924853	0.300236063635	-0.683791557301	-3.88569164276	1.76212656498	-4.00325489044
0	26	0.499840825796	-0.545237230966	-0.235537184492	-0.804511402461	-3.10834908485	-1.43587327003	-4.68792724609
1	26	0.499729637057	-0.294455206233	0.506572316665	-0.810358327847	-1.65182626247	3.0426697731	-4.6875
2	26	0.497359223664	-0.235588879963	-0.72093151707	0.65173278829	-1.27142977715	-4.10566616058	3.80318212509
3	26	0.484642677009	0.179191376758	0.418624138947	-0.890305723213	1.04213607311	2.3986415863	-4.9841003418
4	26	0.453700461425	0.00894611024764	0.168429706794	-0.985673070029	0.0529501661658	0.888750493526	-5.28433609009
5	26	0.455453116447	-0.469068752549	-0.337671155397	-0.816059247968	-2.52717781067	-1.79868459702	-4.35292577744
6	26	0.483584027737	-0.431813709127	-0.440390170442	0.787142565478	-2.45779299736	-2.47781538963	4.45282554626
7	26	0.493701832369	-0.121944245678	0.252990104103	-0.959752889119	-0.649313986301	1.41288518906	-5.5153503418
8	26	0.472943216562	-0.551866794919	-0.422623971248	0.718910300101	-3.06305980682	-2.35655546188	3.97972893715
9	26	0.461353030056	-0.351410590933	0.460138728857	0.815342226789	-1.92375063896	2.52296209335	4.38909387589
10	26	0.468267202377	-0.721282797703	-0.314272992058	-0.617238699533	-3.97179794312	-1.75686192513	-3.32944393158
11	26	0.497617900372	0.997552373259	0.0315665439413	-0.0623924347108	5.77765035629	0.200257718563	-0.277339696884
12	26	0.498787607998	-0.300295664492	-0.483381894062	-0.822292197689	-1.89743804932	-2.72922754288	-4.77909421921
13	26	0.498887442052	0.763443189363	-0.0385790861459	-0.644721762257	4.56063222885	-0.343110352755	-3.65104818344
14	26	0.497981265187	-0.585526704454	0.487995640096	-0.647316563684	-3.42088937759	2.82872319221	-3.65449666977
15	26	0.445033729076	0.493164407042	-0.639336324964	0.589947396984	2.56005477905	-3.37347269058	3.06991910934
16	26	0.435060590506	0.59755406885	-0.755122048801	0.269666138429	3.072930336	-3.83998537064	1.41307616234
17	26	0.467790544033	0.930899587608	0.330815720789	-0.154877101829	5.134141922	1.80128824711	-0.787261247635
18	26	0.489953340031	0.0289493826211	0.241274524663	-0.970025018747	0.127932831645	1.31739902496	-5.55606651306
19	26	0.496412366629	-0.483823355334	0.722112501919	-0.494437554606	-2.80789756775	4.24073648453	-2.83963775635
20	26	0.498412147164	-0.147213864548	-0.968424396646	-0.201202052836	-0.781570315361	-5.63968992233	-1.13010954857
21	26	0.490275233984	0.860162908692	0.129837181896	-0.493216054795	4.88714981079	0.792719185352	-2.86161708832
22	26	0.479003511369	-0.11002303606	0.856775894166	0.503815441122	-0.634858369827	4.74454498291	2.87612438202
23	26	0.483373582363	-0.999335449859	0.0172795387091	0.0320948001585	-5.64141559601	0.133075922728	0.169076681137
24	26	0.496387302876	0.196011652152	-0.963318607207	0.18329400762	1.29826366901	-5.5039024353	1.06848621368
25	26	0.499290347099	-0.973063487282	-0.225955669209	0.0457327592855	-5.69508743286	-1.22613668442	0.173263072968
26	26	0.499253489077	-0.786316109085	-0.255599327332	0.562473075321	-4.56028938293	-1.60937082767	3.35151910782
27	26	0.499412879348	0.766345512213	0.618891915565	0.17230018212	4.42936182022	3.71699905396	0.921504735947
28	26	0.499722138047	0.575382178574	0.714491463729	0.398041828001	3.41672730446	4.13537216187	2.31519532204
29	26	0.49976220727	-0.46870555033	0.691152925217	0.550111571459	-2.67169713974	3.94773483276	3.34942340851
0	27	0.49943947047	-0.27175704923	-0.669997774636	0.690833618302	-1.60816144943	-3.74948883057	4.13045406342
1	27	0.499764814973	0.815340283838	-0.304048218319	-0.492721932217	4.72723531723	-1.77345013618	-2.83862614632
2	27	0.497521713376	-0.971852881294	-0.216062344507	0.0939097460646	-5.6923160553	-1.13567399979	0.572558403015
3	27	0.495850890875	-0.247333347667	-0.91394107848	0.32177308806	-1.25141704082	-5.29607200623	1.87949943542
4	27	0.479687407613	-0.798342208667	0.570852590169	-0.191773403158	-4.47040891647	3.26917505264	-0.983316898346
5	27	0.476586855948	-0.729428216393	0.196685555059	-0.65517117577	-4.0179643631	1.12877762318	-3.70361471176
6	27	0.491163915023	0.0294821766667	-0.0859136043196	0.995866283118	0.250257670879	-0.507219552994	5.69975709915
7	27	0.462660551071	0.658224454459	0.667273923322	-0.348548531493	3.5806593895	3.62332630157	-1.91631746292
8	27	0.448457457125	0.445374164442	0.748724388324	0.490972141752	2.33381175995	3.99455809593	2.56564474106
9	27	0.485027320683	0.750835667376	0.0450042518049	0.658954033234	4.27094078064	0.187397330999	3.69248270988
10	27	0.494202144444	-0.293101866605	0.630435354102	-0.718778519497	-1.74067282677	3.57890844345	-4.15633535385
11	27	0.498155146837	0.834088249847	0.478677321949	-0.274162019468	4.85712718964	2.82016682625	-1.60101366043
12	27	0.499426648021	0.876474971022	-0.47505216875	0.0782116496281	5.02890920639	-2.80117583275	0.535336017609
13	27	0.499810658395	-0.32617983066	0.738520537666	-0.590079768774	-2.07562017441	4.25712347031	-3.37063837051
14	27	0.499288290739	0.968495632497	-0.239058302473	-0.0697663088656	5.5606470108	-1.47749125957	-0.409113168716
15	27	0.487959157676	0.535395779222	0.308808789058	0.786122440458	3.03022623062	1.78867542744	4.51905059814
16	27	0.491174682975	-0.751445763828	-0.527933385173	-0.395746894928	-4.33117771149	-2.99065899849	-2.27207946777
17	27	0.495059333742	0.103950231971	0.508550269581	-0.854734445651	0.630744218826	3.01165628433	-4.89963817596
18	27	0.498855993152	-0.0416075083905	-0.708033841527	0.704951696571	-0.245233789086	-3.99012804031	4.1184091568
19	27	0.498918414116	-0.811466987539	0.303337120514	-0.499507677071	-4.73769187927	1.78296625614	-2.98384523392
20	27	0.496192105114	-0.614612446842	0.465902398084	0.636542611022	-3.4943985939	2.73628759384	3.70135045052
21	27	0.47375716269	0.158028192118	0.560454664205	0.812968424889	0.890494585037	3.11063766479	4.52626609802
22	27	0.443189777434	-0.304438541287	0.708585458764	-0.636571930112	-1.5559284687	3.6760160923	-3.35157585144
23	27	0.454430937767	-0.380101963727	0.924715334726	-0.0205923989388	-1.9788633585	4.9867477417	-0.0567064285278
24	27	0.496249884367	-0.74733244128	-0.168748099737	-0.642664999082	-4.25561857224	-0.916219353676	-3.72906351089
25	27	0.498795364052	-0.0108640278837	-0.231360164041	0.972807507883	0.179557219148	-1.3474111557	5.66957950592
26	27	0.499734386802	-0.79583404712	0.496630248633	0.346419637993	-4.62460708618	2.94950413704	1.90017580986
27	27	0.498519748449	0.713349209464	-0.500382279052	0.490663306318	4.18748855591	-2.95413589478	2.78044033051
28	27	0.499353945255	-0.867023153321	-0.246250502064	0.433164566694	-5.05508613586	-1.45534157753	2.41310405731
29	27	0.499823473394	-0.0824668322777	0.0599646447173	-0.994788149788	-0.351383209229	0.421462357044	-5.72975063324
0	28	0.49764572084	0.337539026168	-0.897127741793	0.285007404673	2.00189113617	-5.24789094925	1.64375853539
1	28	0.499549075961	0.459153034425	0.806614444738	0.372225238959	2.65298438072	4.6812286377	2.19080352783
2	28	0.497734069824	-0.660679100435	0.176338055366	-0.729662947174	-3.74334526062	0.900639295578	-4.38251972198
3	28	0.498278826475	-0.843370055638	0.535359088402	0.0460173415031	-4.8169131279	3.2315196991	0.338971614838
4	28	0.496350802481	0.167076201789	-0.0795111561952	-0.982732679235	1.01091980934	-0.499470412731	-5.6694226265
5	28	0.494266971946	-0.298126326968	-0.878479949607	0.373354618703	-1.60287058353	-5.08102941513	2.29008889198
6	28	0.496520370245	-0.989028744854	-0.147696459007	-0.00281031138569	-5.7162027359	-0.823934197426	-0.0915517807007
7	28	0.427879169583	0.961710928239	-0.101098485722	0.254737485837	4.83846187592	-0.478939950466	1.2856297493
8	28	0.415018156171	0.921940967337	0.233310890434	0.309177750089	4.50215768814	1.13302612305	1.50988960266
9	28	0.497374907136	-0.915537957355	-0.377343785545	-0.139290761191	-5.24874258041	-2.19999146461	-0.886924982071
10	28	0.499009088613	-0.230116859684	0.118452512939	0.965927136521	-1.22669839859	0.747531294823	5.64231824875
11	28	0.499647453427	-0.853189057079	-0.183896720389	0.48810903404	-5.00586748123	-1.23796653748	2.7425327301
12	28	0.499827101827	-0.663969648413	0.583531464199	0.467584576602	-3.85385894775	3.41941833496	2.72147631645
13	28	0.499472245574	-0.186891636342	0.981725627036	0.0358651570022	-0.952515006065	5.79712104797	0.225574731827
14	28	0.497193783522	-0.682541228921	0.271609375016	0.678502629491	-4.06765460968	1.48123085499	3.85130500793
15	28	0.491072177887	0.299765930452	0.88480817245	0.356728026521	1.76390528679	5.12620258331	1.9733697176
16	28	0.498390898108	-0.0736593283377	-0.996786576529	0.0314773601221	-0.316277086735	-5.77750873566	0.301064729691
17	28	0.498534485698	-0.353612706559	-0.183274993128	-0.91726132081	-2.1413602829	-1.01756095886	-5.31104326248
18	28	0.497395664454	0.798326543224	-0.518576848639	-0.306190761519	4.74037790298	-2.91218852997	-1.75108885765
19	28	0.493801821023	-0.29862269588	-0.138655345201	-0.944245296918	-1.74283790588	-0.738842606544	-5.47423124313
20	28	0.483221195638	0.596819876634	-0.610934067992	-0.520159205842	3.41602993011	-3.42849040031	-2.86804389954
21	28	0.447502195835	0.974743175638	-0.0569519324342	0.215944944233	5.13486337662	-0.250684767962	1.14111328125
22	28	0.437162928283	0.583786045311	0.0376587410949	-0.811033706155	2.99623155594	0.245284557343	-4.16038179398
23	28	0.461893634871	-0.358158252567	0.147415825813	-0.921949695167	-1.95910334587	0.747344791889	-4.98482322693
24	28	0.497092999518	0.831708524247	0.037647108688	0.553934676566	4.76184844971	0.206016302109	3.20481324196
25	28	0.495172098279	-0.633873711836	-0.34194946658	0.693739633976	-3.78729987144	-1.9053093195	3.95195221901
26	28	0.498022574931	0.581747086529	-0.203716239272	-0.787445249635	3.38151407242	-1.11424684525	-4.51362133026
27	28	0.49591049552	0.774730023536	-0.5715331211	0.270450147194	4.46719646454	-3.39382362366	1.57225131989
28	28	0.498380403966	0.238660508941	0.40681305214	0.881784725475	1.40410494804	2.47528672218	5.05342197418
29	28	0.496128156781	0.135230453427	-0.904972404344	0.40340757534	0.738020002842	-5.27125120163	2.40158104897
0	29	0.497612714767	-0.271773371147	-0.311793870361	-0.91045253426	-1.54329192638	-1.73619556427	-5.2870721817
1	29	0.499065265059	-0.61660275757	0.676819164548	0.40214034597	-3.66487073898	3.87823629379	2.40681838989
2	29	0.49850615114	-0.622429009586	0.511797088442	0.59215358505	-3.61360144615	3.07376217842	3.47073078156
3	29	0.499487489462	-0.282259553269	-0.869851668028	0.404583267347	-1.64237415791	-5.07119369507	2.30691051483
4	29	0.499486103654	0.953284291809	0.300493795845	-0.0308632086599	5.47706699371	1.79443252087	-0.124128103256
5	29	0.49908682704	-0.572792123766	-0.818956967848	0.0349094222813	-3.38369226456	-4.68048286438	0.145919084549
6	29	0.493484824896	0.508563706764	0.818231924775	-0.268066173624	2.90725469589	4.66952991486	-1.49839520454
7	29	0.431308604777	0.744775282733	0.435995022648	0.505191170208	3.79397678375	2.16530275345	2.60062646866
8	29	0.405143879354	0.847567604424	0.0825390102707	0.524229403711	4.07907104492	0.378456562757	2.53737092018
9	29	0.492982298136	0.309657387754	0.90101804714	-0.303774226915	1.72985851765	5.18648290634	-1.662981987
10	29	0.499774187803	0.628502817344	-0.770313504308	-0.107709394541	3.51907968521	-4.50937461853	-0.644210338593
11	29	0.49994879961	0.163972195529	0.91862900485	0.359491127209	0.983093082905	5.27950811386	2.0625038147
12	29	0.499889954925	0.131184141984	-0.726515632269	-0.674511495054	0.788880050182	-4.21146297455	-3.94090247154
13	29	0.49965557456	-0.360418513078	-0.647382603472	-0.671561062118	-2.09380674362	-3.73276329041	-3.96471095085
14	29	0.493519075215	0.617535630581	-0.39563009309	0.679798922038	3.5331659317	-2.26811337471	3.8980987072
15	29	0.482356339693	0.149384690169	0.987957801482	0.040293880863	0.82709133625	5.60776519775	0.242358446121
16	29	0.493611246347	-0.566817920338	0.493631269885	-0.659579877328	-3.20727205276	2.82891941071	-3.84506702423
17	29	0.498523246497	0.310329918507	0.306949491248	0.89970959287	1.82835459709	1.73122191429	5.21525669098
18	29	0.49537935853	0.10072846448	-0.883255753741	0.457944374272	0.553829073906	-5.19453477859	2.65507245064
19	29	0.492955379188	-0.652584078695	-0.347073873736	0.67355307616	-3.68403530121	-1.88113069534	3.99895477295
20	29	0.483040943742	-0.868368339246	-0.319640763088	-0.379165148672	-4.89885187149	-1.77008700371	-2.18258213997
21	29	0.465158775449	0.215419996544	-0.953676056699	-0.209990961633	1.18910157681	-5.20803642273	-1.18642902374
22	29	0.479273028672	0.702978162769	-0.0567162085192	0.708946383277	3.88749647141	-0.310548037291	3.95942950249
23	29	0.482391357422	-0.041688606238	0.934948661176	-0.352325220605	-0.302206218243	5.33307600021	-1.93040084839
24	29	0.49427298829	0.475720169303	0.40460257697	-0.781016693309	2.72345280647	2.33662724495	-4.49361658096
25	29	0.481186240911	-0.134163335001	-0.877429440312	0.460562457019	-0.65404856205	-4.94096565247	2.61477160454
26	29	0.469964191318	-0.992072492333	-0.0372124367352	-0.120030848157	-5.45526075363	-0.186087578535	-0.592657566071
27	29	0.463748633862	-0.194927629043	0.914825214465	-0.353692021984	-1.04626369476	4.95086956024	-1.90917766094
28	29	0.467411264777	-0.215044830857	-0.100379788166	-0.971431736588	-1.17366683483	-0.546497762203	-5.30806684494
29	29	0.49088780582	0.356789804521	-0.891003635864	-0.280737522016	2.09660053253	-5.12408351898	-1.56606626511
