0	0	0.482713058591	0.285168777873	0.550668019862	0.784502071398	1.55102801323	3.12109947205	4.46473312378
1	0	0.436503693461	-0.884345242981	0.369957045622	0.284719643881	-4.5626373291	1.91413879395	1.46096658707
2	0	0.405334278941	-0.691980234228	0.708563103634	0.138208840555	-3.34066390991	3.4102025032	0.645518064499
3	0	0.44224639982	-0.654945754364	0.454944845829	0.603383166897	-3.43337345123	2.34447407722	3.13874101639
4	0	0.483930401504	0.306059693342	0.313964448078	0.898751238917	1.68728899956	1.85341536999	5.05639839172
5	0	0.497938007116	0.975730337338	-0.0388766779532	-0.215496897217	5.59111499786	-0.314300626516	-1.36590981483
6	0	0.499279782176	0.0958032109718	0.850278656718	0.517540288961	0.465786248446	4.94585847855	3.0871450901
7	0	0.497891902924	-0.0709391023084	0.887228940265	-0.455842572957	-0.344130694866	5.16052532196	-2.67229676247
8	0	0.496209621429	-0.765382571849	0.637637024188	-0.0872269688494	-4.51288175583	3.6444106102	-0.499878883362
9	0	0.490312024951	-0.90632861485	-0.0116876048634	0.422411933777	-5.21335744858	-0.0775225758553	2.41765475273
10	0	0.491425037384	-0.587457070459	0.627156817601	0.511437695624	-3.28044557571	3.70897006989	2.88959479332
11	0	0.497051224113	0.819032627562	-0.484273881877	0.307675742171	4.74123954773	-2.79725837708	1.7514154911
12	0	0.498104676604	-0.527403968984	-0.803077548937	0.277329233752	-3.07110738754	-4.67643690109	1.58747029305
13	0	0.490836814046	0.980301995964	0.0582128072806	0.188730669942	5.62372493744	0.35171097517	1.07268095016
14	0	0.487182334065	0.588237345018	0.808686890577	-0.00152935737471	3.41169047356	4.56651306152	-0.00294923782349
15	0	0.49197769165	-0.938457433368	0.256585717809	-0.231217246702	-5.43176174164	1.48022580147	-1.28771972656
16	0	0.498161247931	0.0730193829205	0.0448828384598	-0.996320079357	0.411915302277	0.144543275237	-5.78691959381
17	0	0.498109936714	-0.123730798116	0.988322011787	-0.088939814566	-0.778866887093	5.79660081863	-0.501171588898
18	0	0.499557949603	0.724440333489	0.0355859819286	0.688418361975	4.18865394592	0.195428431034	4.02324676514
19	0	0.499985471368	-0.758545758587	-0.544158993483	-0.358468020808	-4.4209394455	-3.13440513611	-2.16344046593
20	0	0.499958060682	0.465310965545	-0.662449022641	0.587066433843	2.75018692017	-3.76529788971	3.41566348076
21	0	0.499328282662	-0.124660468201	-0.188177036693	0.974191547145	-0.791631102562	-1.08869099617	5.73504400253
22	0	0.499530442059	-0.811991364969	-0.0536911723115	-0.581194701655	-4.75954437256	-0.284939527512	-3.28488397598
23	0	0.499513298273	0.842698235428	-0.538379955104	0.00258997071722	4.91380214691	-3.04058289528	0.0281808376312
24	0	0.498266413808	0.841615731226	0.242578393839	0.482533608981	4.87368011475	1.62314093113	2.81512403488
25	0	0.498691603541	-0.299753340769	-0.950650223154	0.0800755138273	-1.74752354622	-5.50899028778	0.34196472168
26	0	0.492066301405	0.457342664591	-0.587743231169	0.667379638107	2.69428443909	-3.32251238823	3.91450309753
27	0	0.495752036572	0.625062549771	-0.717947644615	0.306346190551	3.63448691368	-4.16664743423	1.74196171761
28	0	0.499731332064	0.276794505097	0.888751218882	0.365384828481	1.60603666306	5.16866111755	2.07288074493
29	0	0.497853398323	0.521070538639	-0.547763542959	-0.654553737112	2.97434639931	-3.19876480103	-3.80818796158
0	1	0.496007829905	0.226856903557	0.540290945429	0.810321935774	1.30563163757	3.03979635239	4.6961145401
1	1	0.481474868953	-0.809597072578	0.111968599944	-0.576207959594	-4.49623012543	0.642294824123	-3.28940200806
2	1	0.480307014659	-0.346135085955	-0.0558397003359	0.936521452043	-1.96050286293	-0.341662883759	5.22005033493
3	1	0.491294056177	0.335729720285	0.879195020638	-0.338085300778	1.99427866936	5.00636100769	-1.89229178429
4	1	0.498094365001	0.097739606181	-0.872016846193	-0.47961817036	0.574877798557	-5.03945016861	-2.7492814064
5	1	0.498989462852	-0.598718345741	-0.617198989179	0.510491674987	-3.54979753494	-3.48255777359	2.97935223579
6	1	0.498408816755	0.00843198782143	0.824450137031	0.565871781529	0.114272631705	4.82942056656	3.26500844955
7	1	0.460649460554	0.479893707957	-0.814459201382	0.326126108043	2.55168533325	-4.40530252457	1.72737646103
8	1	0.446807488799	0.892766471035	-0.435504922444	-0.115340759154	4.67170619965	-2.29494810104	-0.585843801498
9	1	0.46893530339	0.483903794779	-0.692877601412	-0.534563136458	2.70412659645	-3.73831605911	-2.98393774033
10	1	0.495806008577	-0.812404823392	-0.569699072789	-0.124263306706	-4.66796207428	-3.32268810272	-0.687316179276
11	1	0.498918278143	0.373460534333	-0.167794752393	-0.912344315686	2.17991018295	-0.959391653538	-5.28210353851
12	1	0.48741954565	-0.969770471039	0.141211257253	0.199009081013	-5.54750728607	0.854556202888	1.23586392403
13	1	0.479822695255	-0.972959445138	0.218275441929	-0.0755364121965	-5.46962165833	1.20097196102	-0.517201423645
14	1	0.475621148944	-0.386946347875	0.399861434275	0.830893108195	-2.11152601242	2.1883687973	4.66071510315
15	1	0.480446644127	-0.867594681233	-0.0112295322982	-0.497145216915	-4.85652017593	-0.135281741619	-2.86054706573
16	1	0.497327256948	0.206610779272	0.394030567615	0.895573502106	1.15900421143	2.17096972466	5.2260761261
17	1	0.497823119164	0.437678566184	0.804298858556	-0.401921408771	2.51719117165	4.61883354187	-2.53248643875
18	1	0.499529413879	0.45434531191	-0.518817540613	0.724153780007	2.58486223221	-3.06421065331	4.23477888107
19	1	0.499920397997	-0.391738360202	0.70544888496	-0.590663125525	-2.30012559891	4.13363790512	-3.40697717667
20	1	0.499660402536	-0.450317849519	0.542366075365	-0.709262204475	-2.57274770737	3.13189172745	-4.18157291412
21	1	0.495903268456	0.22672378499	-0.241662017592	0.943501878415	1.23601508141	-1.40767014027	5.48274993896
22	1	0.492510735989	0.78318700723	-0.0913822915163	-0.615034461232	4.51001262665	-0.50867074728	-3.47412872314
23	1	0.496848240495	-0.85471832961	-0.507208490104	-0.110436065646	-4.98729610443	-2.79723572731	-0.626387119293
24	1	0.494037508965	0.148784042994	-0.891800419602	0.427264929695	0.914946377277	-5.1964468956	2.43014478683
25	1	0.498531453311	-0.346692582443	0.352011368258	0.869420640367	-1.88371872902	2.14264631271	5.01393938065
26	1	0.498467577621	-0.288937924503	-0.058103683133	-0.955582983205	-1.59091663361	-0.401430130005	-5.5139708519
27	1	0.496862515807	-0.95369495679	0.288063207821	0.0865188863393	-5.53351354599	1.70907831192	0.527921199799
28	1	0.498808205128	-0.641154620471	-0.470734422809	0.606077433858	-3.69024324417	-2.82315635681	3.4947681427
29	1	0.499509910122	-0.318572930173	0.0846606533967	-0.94411008994	-1.90108013153	0.497288346291	-5.46245336533
0	2	0.499191518873	0.388591190255	-0.499779451269	-0.774091329848	2.22999572754	-2.89743280411	-4.57559108734
1	2	0.497707515955	0.242560775649	-0.968983461905	-0.0472791779807	1.45009315014	-5.65933179855	-0.211431503296
2	2	0.498152896762	0.964693507924	-0.251437106259	-0.0783952636633	5.57591438293	-1.43414878845	-0.476645231247
3	2	0.499009586871	-0.700035292521	0.237904687387	-0.673314153233	-4.1639881134	1.32446455956	-3.8264374733
4	2	0.499486252666	-0.205207258995	0.73849074194	-0.642278292428	-1.13733506203	4.42755413055	-3.65998673439
5	2	0.49977760762	0.452504248482	-0.680936539745	-0.575817101123	2.71026039124	-3.92015695572	-3.31174874306
6	2	0.497949384153	-0.588898212159	0.338157770131	-0.73406281626	-3.4476184845	1.9256401062	-4.26364374161
7	2	0.434113919735	0.315446058702	-0.932748249006	0.174569436115	1.60923063755	-4.75141859055	0.902124881744
8	2	0.41440654546	-0.190928209935	-0.878538565506	0.437854322315	-0.897201955318	-4.30897903442	2.13449382782
9	2	0.47039718926	0.857864552348	-0.415280752127	0.30267194574	4.68848276138	-2.30873417854	1.65943956375
10	2	0.496999032795	0.0101864601568	0.851602319334	0.524089425322	-0.0204441808164	4.9720582962	3.0453286171
11	2	0.498216226697	0.374396058357	0.892440005664	0.251750725474	2.20510721207	5.15249347687	1.601095438
12	2	0.487427651882	-0.835524303893	0.436652049614	-0.33351780338	-4.75826263428	2.39909553528	-2.00609135628
13	2	0.467443417758	-0.136312334842	0.616471394346	0.77548821224	-0.697762846947	3.33118009567	4.29286909103
14	2	0.452112913132	-0.68748464773	-0.683230087017	-0.246092477193	-3.63325953484	-3.63209533691	-1.26797103882
15	2	0.461146630347	-0.287832712846	0.181884693033	-0.940250119838	-1.54425036907	0.963660240173	-5.08951330185
16	2	0.495378836989	0.609049475053	0.57381757473	0.547532764196	3.55576133728	3.3557882309	3.14269518852
17	2	0.497918918729	0.349004100676	0.784599137689	0.512445441826	1.97871470451	4.54565572739	3.04207539558
18	2	0.499614700675	0.0888815496519	-0.98803864462	0.12601470894	0.345657169819	-5.76232004166	0.688397407532
19	2	0.499933242798	0.997769818814	0.0657652141572	-0.0114160093792	5.76950120926	0.424122780561	-0.015567779541
20	2	0.499633535743	-0.844008563873	0.522431395015	-0.121305323921	-4.96013593674	2.90513396263	-0.697438240051
21	2	0.493102058768	0.963802359166	-0.18998200923	0.187061082628	5.51406288147	-1.10782146454	1.05333018303
22	2	0.4490634799	0.35111611949	0.871039532891	-0.343522346835	1.78220307827	4.66650629044	-1.81372249126
23	2	0.456272289157	0.827876774689	0.550637023659	-0.106859319236	4.40598249435	2.91200113297	-0.580965042114
24	2	0.485282719135	-0.297980866146	-0.951712396313	-0.0738303333047	-1.68509340286	-5.44632482529	-0.384673118591
25	2	0.496559917927	-0.726056758832	-0.1388661031	-0.673466991295	-4.12007188797	-0.880078673363	-3.92766666412
26	2	0.496296912432	0.279282711435	0.908480473773	0.310908983253	1.70300579071	5.17705726624	1.87264990807
27	2	0.492923766375	-0.215798615679	0.956923856748	-0.194236170313	-1.28920209408	5.49311923981	-1.19924592972
28	2	0.496029503644	0.707939264106	0.0609431671791	0.703639061388	4.08320426941	0.248094469309	4.10704088211
29	2	0.499046251178	0.898774023586	0.332678807335	-0.285534701354	5.21948385239	2.01112222672	-1.64754867554
0	3	0.498493745923	-0.558760918329	-0.670037899018	-0.488707939395	-3.19855427742	-3.88315439224	-2.94847035408
1	3	0.498615294695	-0.809448732313	-0.288010709663	0.511705560725	-4.73922157288	-1.59985685349	3.07858037949
2	3	0.499662786722	-0.408140065805	0.856529734277	0.315877351174	-2.43095445633	4.98325061798	1.68442130089
3	3	0.499900773168	0.662676308633	-0.693789229094	0.281986906735	3.77339792252	-3.99658441544	1.61524963379
4	3	0.499813467264	-0.890140528781	0.455684140568	0.00134277903754	-5.18967866898	2.70592427254	-0.0642297267914
5	3	0.499207139015	-0.0993618633988	-0.331047280013	0.938368221168	-0.59715795517	-1.93214631081	5.45333719254
6	3	0.49467562139	-0.0660696168657	0.992757974613	-0.100331498395	-0.318953424692	5.71806430817	-0.607701539993
7	3	0.458297118545	0.985372986684	0.0715319235724	-0.154671461567	5.3161277771	0.350508362055	-0.830271244049
8	3	0.466902427375	-0.11977858582	-0.658862924506	-0.742665966024	-0.621637105942	-3.60265779495	-4.04005146027
9	3	0.490192338824	-0.776536310466	0.0678687125745	-0.626406574344	-4.47889614105	0.324584543705	-3.50557398796
10	3	0.499727502465	0.866957196806	0.49820931042	0.013141610134	5.09024715424	2.80438661575	0.100620508194
11	3	0.499616574496	0.228534668242	-0.180615943607	-0.956634614849	1.15287840366	-1.10522508621	-5.54371786118
12	3	0.492936640978	0.651980786135	-0.0365387898412	0.757354587593	3.678409338	-0.28172981739	4.3600692749
13	3	0.464450448751	0.323379500033	0.552185919679	0.768450654933	1.74082696438	3.06300330162	4.20679569244
14	3	0.453859105706	-0.5954946893	-0.768196312745	-0.235075519996	-3.17408680916	-4.06749677658	-1.22679066658
15	3	0.466602370143	0.778521976912	0.159224345335	-0.607084128698	4.26209640503	0.942680597305	-3.29024291039
16	3	0.49575394392	-0.0150409396511	-0.998857698668	0.0453549109433	-0.185799583793	-5.73804283142	0.364627361298
17	3	0.499381570145	-0.338144073201	-0.0180520629782	-0.940921202217	-1.98781585693	-0.181204840541	-5.48237752914
18	3	0.499734211713	0.485392094267	0.352329927711	-0.800161319274	2.84238004684	2.26596021652	-4.53798532486
19	3	0.499781414866	-0.0999198252129	-0.987013146756	-0.125781861411	-0.759937226772	-5.70514249802	-0.642597436905
20	3	0.498723857105	0.566508540519	0.497340139428	0.657054685116	3.30990219116	2.90709877014	3.7193608284
21	3	0.49165558815	-0.599172235922	-0.347824408173	-0.721117752368	-3.49021553993	-1.97283673286	-4.06765365601
22	3	0.44196087122	0.868195280537	0.411931007102	-0.276676345649	4.51205348969	2.15424084663	-1.39425957203
23	3	0.411776959896	0.929255323824	0.363186808538	-0.0676748494515	4.54102230072	1.73640942574	-0.338881015778
24	3	0.483221188188	-0.435824472879	-0.598309876629	-0.672370671853	-2.45466899872	-3.34710288048	-3.8056845665
25	3	0.497200503945	0.192050165856	0.937352977239	0.290664978723	1.16599261761	5.33633089066	1.74782943726
26	3	0.481064878404	-0.325134810375	-0.781193903735	0.532938495373	-1.84311854839	-4.39593553543	2.89894294739
27	3	0.46676287055	0.86903239584	-0.492367946332	0.0485437988446	4.71509456635	-2.68501496315	0.284857034683
28	3	0.484771922231	0.407384447567	0.841924386745	-0.353837870902	2.1794025898	4.76321220398	-2.08962965012
29	3	0.49851500988	-0.317899992019	-0.536534258397	0.781710038723	-1.90593588352	-3.06983709335	4.48270463943
0	4	0.499248854816	-0.146807523747	0.761364663393	0.631483491714	-0.824591636658	4.3990354538	3.61670827866
1	4	0.499430224299	-0.627987319763	-0.773194528279	0.0883297665327	-3.60518455505	-4.5277428627	0.396113872528
2	4	0.499728433788	0.545091595648	0.00413191132706	0.838366315916	3.19411230087	0.0308601930737	4.8682012558
3	4	0.499656572938	0.4253024144	0.816388823166	-0.390675243283	2.44264650345	4.71819400787	-2.38407158852
4	4	0.499759584665	-0.926561148406	-0.0432313540509	0.373651560001	-5.3884768486	-0.352225601673	2.11272263527
5	4	0.499189659953	0.724743651241	-0.519555833469	0.452557594008	4.34280872345	-3.0087556839	2.48616456985
6	4	0.49843788147	-0.793302085213	-0.545298464063	0.270779221298	-4.63757896423	-3.1411690712	1.56777667999
7	4	0.478315964341	0.761603025955	-0.53625663438	-0.363853889548	4.24512481689	-3.01800823212	-2.10380506516
8	4	0.483254127204	0.707654551313	0.134466238817	0.69364534643	3.97740125656	0.776550531387	3.95663404465
9	4	0.494633108377	0.108795710856	0.9536736962	-0.280481682959	0.663905084133	5.51765108109	-1.63612437248
10	4	0.498232036829	-0.618363905869	0.258701556765	0.742091358558	-3.67801570892	1.35387516022	4.32652759552
11	4	0.499564571306	-0.0585927403266	-0.102492416927	0.993006644113	-0.352874279022	-0.57640182972	5.76625823975
12	4	0.497241176665	0.0913301846875	0.68024961173	-0.727268357008	0.501731395721	3.85944604874	-4.24248790741
13	4	0.486122382805	0.391433728306	-0.0226028603001	0.91992866411	2.12221312523	-0.172269418836	5.24676561356
14	4	0.461079776287	-0.403101375081	-0.607629004728	-0.684321762054	-2.18796920776	-3.26980876923	-3.72912955284
15	4	0.473440997303	0.273838285451	-0.530026668274	-0.802548642974	1.47658026218	-3.01749157906	-4.43495035172
16	4	0.495556257665	0.720816627098	0.31836022482	-0.615686736379	4.18667602539	1.84946131706	-3.48419904709
17	4	0.499224185944	-0.56703393521	0.823273084586	-0.0263428266356	-3.31406641006	4.75038576126	-0.0704202651978
18	4	0.498061493039	0.0197066271184	-0.930967747936	-0.3645691994	0.135147452354	-5.45823478699	-1.99219036102
19	4	0.498825058341	0.513540741023	-0.0513427742526	-0.856527773538	3.01987123489	-0.13381499052	-4.93962574005
20	4	0.488428212702	0.0157725922983	-0.709407284396	0.704622260632	0.0167157649994	-3.99971008301	4.03687286377
21	4	0.468325011432	-0.390928997065	-0.562148327889	-0.728809835764	-2.10815739632	-3.09196519852	-4.04806375504
22	4	0.460655331612	-0.490298990445	0.80539321673	0.333089577163	-2.62445235252	4.36160135269	1.80477106571
23	4	0.434470400214	0.779669651219	0.439165271692	-0.44637327329	3.9806394577	2.2802131176	-2.27619075775
24	4	0.481214165688	0.574416647178	-0.722682901765	0.384415060763	3.21533679962	-4.03950786591	2.19109296799
25	4	0.488444730639	-0.0551112849539	0.0346736832203	-0.997877989517	-0.346611946821	0.132007315755	-5.67843055725
26	4	0.433855772018	-0.575433122761	-0.320784001885	-0.75231266463	-2.95134449005	-1.6775135994	-3.83292508125
27	4	0.421692341566	-0.0150076124435	-0.999141356965	0.0386176173691	-0.124890178442	-4.95203351974	0.178302288055
28	4	0.481271639466	0.942565091159	0.121650028927	0.311082496118	5.3170876503	0.588429987431	1.80477881432
29	4	0.495080590248	0.940404090934	0.1785769259	0.289396660815	5.49016237259	1.04523229599	1.52538633347
0	5	0.498219154775	0.267866782269	-0.50117592791	-0.822842680128	1.57848823071	-2.94103336334	-4.76237201691
1	5	0.49974950403	0.420417324462	0.713322833012	-0.560731494743	2.40067815781	4.19770050049	-3.13484954834
2	5	0.499435395002	0.191504699618	-0.967362435221	-0.165939353221	1.03300058842	-5.59262275696	-0.912047863007
3	5	0.498557403684	0.084277422298	0.989155146627	0.120288868945	0.354374825954	5.80201911926	0.762057542801
4	5	0.49867708981	0.635725974491	0.659611544624	0.400955228868	3.81142115593	3.81113100052	2.24329662323
5	5	0.497447907925	0.629125013751	0.491860345831	0.601892945025	3.66995930672	2.89722967148	3.43890857697
6	5	0.49571301043	-0.957252161428	-0.289213433457	-0.00488767319171	-5.52659797668	-1.69282865524	-0.0450849533081
7	5	0.48008479178	0.846345759953	0.532441180894	-0.0143263218385	4.73165416718	3.02013397217	-0.111516714096
8	5	0.48091519624	0.671128320475	-0.461305952369	0.580330591788	3.6787712574	-2.65544772148	3.35717511177
9	5	0.495930664241	0.439002389253	0.0686565472037	-0.895858906724	2.53071165085	0.24563229084	-5.18511295319
10	5	0.499056309462	-0.375555493459	0.88521424528	-0.274506486785	-2.19253516197	5.09931898117	-1.61685156822
11	5	0.499726131558	0.552731068781	-0.828562064561	0.0892931731717	3.17679738998	-4.79653072357	0.469141960144
12	5	0.496231101453	-0.537079879196	0.000617595348863	-0.8435311624	-3.18101358414	0.0753002613783	-4.85292053223
13	5	0.490751326084	0.978862530093	-0.203751555924	-0.0177045372053	5.58881759644	-1.10032820702	-0.137441396713
14	5	0.486991733313	-0.927714242028	-0.106709364897	0.357714126896	-5.28701543808	-0.624797940254	2.0157699585
15	5	0.496902614832	-0.0978164281486	0.962523586984	0.252943256252	-0.432585477829	5.55978965759	1.48329353333
16	5	0.498242199421	-0.858750983171	0.0485509772502	0.510087788044	-5.03713226318	0.175773262978	2.82685709
17	5	0.497787445784	0.587161289815	0.0711758567792	0.80633468061	3.47282123566	0.439417719841	4.59504842758
18	5	0.491384774446	-0.767972434802	-0.640035129719	-0.0239451896804	-4.43059825897	-3.71784710884	-0.203372478485
19	5	0.488040030003	-0.89409700971	0.422067877276	0.149830718479	-5.06309223175	2.40772390366	0.934428691864
20	5	0.456013567746	0.62962139316	-0.258363702254	-0.732683491443	3.35231423378	-1.34557545185	-3.91560459137
21	5	0.417896423489	-0.445693308906	-0.314323778331	-0.838187351833	-2.20823836327	-1.54726099968	-4.12907981873
22	5	0.455611333251	-0.444078829729	0.86338988908	0.239482551392	-2.39721059799	4.61395740509	1.2735581398
23	5	0.461419463158	0.805843491466	0.377674375651	-0.456046415662	4.37807655334	2.03757429123	-2.48239088058
24	5	0.484269540757	0.283207621322	0.423189377453	0.860641733845	1.61014723778	2.37618708611	4.93854999542
25	5	0.493674263358	0.29565113202	0.876408274394	0.380130168114	1.67926490307	5.02223014832	2.19622445107
26	5	0.451581194997	0.501861242289	-0.789402100621	-0.353524563535	2.60032463074	-4.18694400787	-1.88939070702
27	5	0.447205945849	-0.416516218561	-0.896263104205	0.152403043657	-2.16263628006	-4.70517206192	0.827625274658
28	5	0.498569309711	-0.43941809403	0.798950536689	-0.410596856494	-2.51749849319	4.59885692596	-2.43481111526
29	5	0.499505147338	-0.811657273093	-0.39805207986	0.427512587831	-4.6351275444	-2.29816937447	2.56102919579
0	6	0.489669233561	0.241323086026	-0.639452134253	-0.729975435306	1.41243565083	-3.70433044434	-4.22737884521
1	6	0.492028132081	-0.403005890485	-0.506757918569	0.762090981577	-2.24114108086	-2.85731339455	4.36372280121
2	6	0.489252764732	-0.390087121808	0.485393489539	-0.782448207687	-2.21558213234	2.82530164719	-4.43230390549
3	6	0.495121568441	0.654348389506	0.633873135958	-0.412350618602	3.83075523376	3.62499976158	-2.3296251297
4	6	0.49720287323	-0.73838186234	-0.572778609244	0.355973159326	-4.21269702911	-3.32413911819	2.07795929909
5	6	0.490623831749	-0.862872071812	-0.502133172531	-0.057567914075	-4.93549156189	-2.9015083313	-0.305772304535
6	6	0.483020771295	-0.571310410693	-0.0535244086881	-0.818986906067	-3.18829631805	-0.289414703846	-4.68355560303
7	6	0.461802691221	0.320515100435	0.944367189803	0.0737609735298	1.70239090919	5.14515590668	0.447907924652
8	6	0.478481192142	0.61342022338	0.0218599229002	-0.789454098298	3.3984746933	0.0934757217765	-4.43613672256
9	6	0.497434593737	-0.338876797732	0.693740411936	0.635520854737	-2.04364085197	3.97985458374	3.69857788086
10	6	0.499258454889	0.42385918339	-0.24016635269	0.873306083622	2.49843764305	-1.53413891792	4.99797534943
11	6	0.497393466532	0.25003746709	0.725769846304	0.640889534356	1.38449013233	4.33169412613	3.62083292007
12	6	0.489355966449	-0.720336957358	-0.692959853406	0.0303530794366	-4.0867099762	-4.01626729965	0.122851848602
13	6	0.472838073969	-0.0867904300966	-0.918339497611	0.3861605733	-0.50072914362	-5.12674427032	2.15302467346
14	6	0.478351436555	-0.690479864818	-0.215277323705	0.690574565256	-3.84152269363	-1.15383350849	3.94150257111
15	6	0.497855488211	-0.37543113735	-0.413693396044	-0.829402938973	-2.1348388195	-2.41496634483	-4.75604438782
16	6	0.494576863945	0.770562783593	0.0385479774984	0.636197335716	4.42722892761	0.249222695827	3.65839457512
17	6	0.489904135466	0.499157583181	-0.766999565883	-0.403179083148	2.76541948318	-4.38858509064	-2.40067243576
18	6	0.490103885531	-0.938206501648	-0.175692574503	0.298162169849	-5.35181331635	-0.963181495667	1.74665904045
19	6	0.47304739058	0.0251883483511	0.977360284589	-0.210077179189	0.229766428471	5.43193006516	-1.12585878372
20	6	0.441270939074	0.0829049076423	-0.117869002348	-0.989562365177	0.417412757874	-0.61813390255	-5.13106870651
21	6	0.407877847552	-0.44580073477	-0.595401381765	-0.668400253943	-2.16623449326	-2.88298177719	-3.237377882
22	6	0.461442960426	-0.455912082169	-0.040890174878	-0.889085016706	-2.45066571236	-0.210249900818	-4.83513259888
23	6	0.484310207888	0.0779059005708	-0.299099901166	-0.951036234735	0.491583943367	-1.68858528137	-5.38636493683
24	6	0.497708708048	-0.656592191337	0.603646549967	0.452214038912	-3.70808935165	3.56578636169	2.64007210732
25	6	0.498240068555	-0.361801839506	-0.769503224556	-0.526273898581	-2.06448793411	-4.41551208496	-3.01592445374
26	6	0.471344396472	0.889223279748	0.0325975272155	-0.456310595947	4.97408246994	0.31098395586	-2.47393727303
27	6	0.480562001467	0.923515939471	-0.368373286292	0.106861740066	5.19445753098	-2.08086395264	0.563462972641
28	6	0.498080991209	0.678607272221	-0.0339560818236	0.733715990419	3.85398817062	-0.224615201354	4.27543926239
29	6	0.498036343604	-0.116520621149	0.187779615122	-0.975275223202	-0.694315195084	1.18235659599	-5.59828996658
0	7	0.474166333675	0.515211594206	-0.65804014467	-0.549126744203	2.86858129501	-3.64281082153	-3.09205985069
1	7	0.448319517076	-0.773362020931	0.179955794554	-0.607887404531	-4.04471683502	0.952539503574	-3.22635912895
2	7	0.446575626731	-0.812414853325	-0.412841591112	-0.411757121062	-4.29351711273	-2.19391703606	-2.13949608803
3	7	0.477480307221	-0.111741776696	-0.847416866538	-0.519036058138	-0.61450445652	-4.81818246841	-2.80589962006
4	7	0.493581674993	-0.0421877261566	0.434807679455	-0.899534589467	-0.18352279067	2.53799128532	-5.16123008728
5	7	0.475723847747	0.380219823112	0.470697273165	-0.7961639047	2.1871676445	2.67814803123	-4.40798902512
6	7	0.456696212292	0.729051523764	0.516548197271	-0.449067740539	3.93905735016	2.77710533142	-2.40014576912
7	7	0.428857803345	-0.283737578004	0.623432639896	-0.728577195869	-1.41757512093	3.18983650208	-3.69081783295
8	7	0.462650697678	0.166801557006	-0.269538091035	-0.948433686697	0.870758414268	-1.52526831627	-5.14577770233
9	7	0.498155385256	-0.293998621272	0.84475120036	0.447169118097	-1.69596040249	4.89850711823	2.61578845978
10	7	0.499480687082	-0.418719990815	-0.0972065810309	-0.902897807006	-2.44208955765	-0.561533808708	-5.19174623489
11	7	0.493529506028	0.653815729964	0.407705594173	0.637417555242	3.85397052765	2.27555799484	3.69808149338
12	7	0.487969513983	-0.458467472183	0.357971149037	0.813427460446	-2.67441082001	2.09335422516	4.57415723801
13	7	0.454871803522	0.796797575244	-0.564035493908	0.216743132989	4.27723884583	-3.00195765495	1.1353521347
14	7	0.42341414839	0.872875889061	0.144229053728	0.466139101939	4.36350822449	0.71654343605	2.3321852684
15	7	0.442178025842	0.468119254011	0.806369433495	0.361431460652	2.43543434143	4.18951320648	1.92015457153
16	7	0.462399855256	0.269033234283	0.951267341481	0.150703562939	1.39912617207	5.20743560791	0.786422014236
17	7	0.455568775535	0.862633412458	0.354027098805	-0.361287155907	4.62912559509	1.94240248203	-1.93030381203
18	7	0.447033159435	0.750356325143	-0.106553807358	-0.652389202437	3.94140148163	-0.568646132946	-3.43129444122
19	7	0.464865436777	-0.0929178180297	0.376343539353	-0.921808992948	-0.534747421741	2.040391922	-5.03399181366
20	7	0.490034550428	0.233956530984	-0.897628894293	0.373532742529	1.25815296173	-5.09010791779	2.1973900795
21	7	0.491228017956	0.45753076313	0.233467748503	-0.857996743116	2.60283446312	1.33625769615	-4.85878658295
22	7	0.496853992343	-0.701355918959	-0.0448887528875	0.711396425915	-3.97208833694	-0.210058495402	4.16890525818
23	7	0.497471809387	-0.358567104302	-0.827879025855	0.431330442077	-2.05036330223	-4.83237981796	2.53184318542
24	7	0.498585566878	-0.595474039078	-0.801319964303	-0.0574193660106	-3.44773340225	-4.69957447052	-0.503188848495
25	7	0.4997427091	0.381832287091	0.502383446322	0.775767347467	2.13773465157	2.97984838486	4.3962635994
26	7	0.496651697904	0.164373561632	-0.501336629916	-0.84949568318	0.941658973694	-2.91452336311	-4.85647201538
27	7	0.499066725373	-0.955479871791	0.26457037933	-0.130616725515	-5.56114721298	1.65294063091	-0.612569093704
28	7	0.499391488731	-0.744361768694	-0.226424020545	-0.628217892317	-4.28462600708	-1.24742698669	-3.66118526459
29	7	0.493041679263	0.446723146197	-0.694207238937	0.564371101368	2.5470252037	-3.86352014542	3.38467407227
0	8	0.452638022602	-0.419425939638	-0.705591937576	0.571158383276	-2.26760029793	-3.7266960144	3.07271242142
1	8	0.425627723336	-0.100186744912	-0.906660533722	-0.40979176753	-0.533394396305	-4.557284832	-2.04127955437
2	8	0.449823796749	-0.211423372327	-0.832467490086	0.512150403284	-1.08968019485	-4.4018573761	2.728703022
3	8	0.486020792276	-0.536990347595	-0.236916549781	-0.809636903204	-2.96203327179	-1.26419305801	-4.67235183716
4	8	0.49689887464	-0.462159290076	0.183278553635	0.867650714501	-2.50688886642	1.02866446972	5.06446075439
5	8	0.479637153447	-0.21463141636	-0.688521262988	-0.692727814892	-1.18833684921	-3.89280653	-3.84915542603
6	8	0.457623265684	-0.306644153759	-0.678852224307	-0.667179901165	-1.66122126579	-3.67882680893	-3.59849023819
7	8	0.443538006395	0.311317637973	0.556588746257	-0.770253397153	1.61071062088	2.91915726662	-4.03287506104
8	8	0.471833214164	0.836183233912	0.416353680488	-0.356997495885	4.58656692505	2.35791373253	-2.01576042175
9	8	0.496612399817	0.683731204151	-0.417536229227	0.598477349408	3.88660669327	-2.49511623383	3.47013568878
10	8	0.498270049691	0.326774182875	-0.744252016889	-0.582501131984	1.83456039429	-4.33645057678	-3.45713233948
11	8	0.490782648325	0.594819370159	0.731997063779	0.332220131093	3.29848146439	4.32226848602	1.84731578827
12	8	0.485245376825	0.78896626495	-0.520905051645	0.325868316872	4.49265098572	-2.97447228432	1.80511069298
13	8	0.460953798145	-0.305162205766	-0.455947343449	0.836055050923	-1.7322883606	-2.47589802742	4.50943088531
14	8	0.43354709819	0.569948233566	0.337662988826	0.749094598187	2.90765833855	1.71558403969	3.82932209969
15	8	0.443904906511	0.679370049992	0.402033989176	0.613860738866	3.53086805344	2.13352131844	3.2188642025
16	8	0.475398123264	0.518980755515	-0.665793357595	0.536076655327	2.84342384338	-3.75534248352	2.94832921028
17	8	0.467801585793	0.631874983085	-0.388552577888	0.670642154929	3.48808431625	-2.1072332859	3.68377566338
18	8	0.417445987463	0.789514732482	0.384254083359	-0.478555416452	3.91911268234	1.88317930698	-2.35547995567
19	8	0.431586042047	0.803366306723	0.44348056658	-0.397401011937	4.10185670853	2.25570964813	-2.04351401329
20	8	0.481072738767	0.702277871779	0.702563345067	0.114937100095	3.90966582298	4.00869607925	0.59832406044
21	8	0.497112005949	-0.450513900353	0.273238415195	0.849928228764	-2.62061357498	1.49020183086	4.93174123764
22	8	0.499764574692	0.164650005706	-0.025288657698	-0.986027818782	0.917306065559	-0.200937822461	-5.67355203629
23	8	0.499515920877	0.431028511383	0.877975521606	0.208262828741	2.46403169632	5.06914710999	1.11486530304
24	8	0.497427865863	-0.310931342032	-0.807100851204	0.501906282615	-1.83217215538	-4.72581577301	2.91500735283
25	8	0.498805806041	0.287407123711	-0.937249148646	-0.197385862214	1.70713055134	-5.351334095	-1.3128361702
26	8	0.499607246369	-0.432568564819	0.433924103298	0.790312792069	-2.42601466179	2.60442137718	4.55882167816
27	8	0.499657012522	-0.620963984701	-0.356697651469	-0.697976013299	-3.56315159798	-2.08634209633	-4.13286590576
28	8	0.498738080263	0.948419167853	-0.092825369675	0.303124615947	5.47722053528	-0.406082987785	1.8035826683
29	8	0.492597818375	0.517765119802	-0.67486820275	-0.525806228218	2.87874746323	-3.86934518814	-3.13490009308
0	9	0.472728788853	-0.0185638322558	-0.946543662911	0.322041112802	-0.179271355271	-5.25074481964	1.74336647987
1	9	0.462695404887	0.498199878637	-0.853584069612	-0.152286299549	2.76634907722	-4.59314537048	-0.800363540649
2	9	0.485618147999	-0.556899925685	-0.309078252989	-0.770930026851	-3.12421655655	-1.6621530056	-4.39666366577
3	9	0.493645064533	-0.760536732796	-0.370605141023	0.533137606547	-4.27349233627	-2.19103193283	3.24792909622
4	9	0.496845185757	-0.769967489805	0.515725926097	-0.37573505798	-4.4186964035	2.95813560486	-2.29314279556
5	9	0.481872439384	0.128718699528	0.85674664856	-0.499416335909	0.75158905983	4.92633533478	-2.72131681442
6	9	0.478057751432	0.369894668333	-0.137377225289	-0.918860942858	2.13049888611	-0.729672551155	-5.14582157135
7	9	0.48124461621	-0.00111821167968	-0.68539768108	-0.72816809074	-0.0706390812993	-3.90679907799	-4.09461736679
8	9	0.494799621403	0.157893532738	-0.534472273127	0.830306582882	0.907655000687	-3.13349175453	4.74309921265
9	9	0.498979091644	-0.258481020766	0.964109490966	-0.0606667234384	-1.58363962173	5.52268314362	-0.499060630798
10	9	0.498205944896	0.434170066993	-0.812432543681	0.389165408143	2.50173044205	-4.70457553864	2.27043414116
11	9	0.490179687738	0.298359484399	-0.632937684127	0.714402901787	1.68047785759	-3.66157722473	4.16366386414
12	9	0.48470402509	0.291729296063	-0.794413869877	-0.532729407078	1.5270485878	-4.49520158768	-3.10068583488
13	9	0.485630527139	0.705078954356	0.256919585474	0.660950826253	3.94799947739	1.46562075615	3.76323866844
14	9	0.477629845962	0.292615395091	0.111212026361	-0.949741078267	1.55983638763	0.648290216923	-5.33917188644
15	9	0.490441504866	0.235149128052	-0.296904363452	-0.925501316336	1.31210660934	-1.78287398815	-5.27285528183
16	9	0.4921592623	-0.256699195939	0.828860129594	-0.497087928212	-1.43870747089	4.84428215027	-2.75548481941
17	9	0.474345706403	-0.772697239742	-0.291026500422	-0.564129906801	-4.28817415237	-1.67562031746	-3.12212824821
18	9	0.441442857496	0.169073710507	-0.267751085451	-0.94853752517	0.906500339508	-1.40605211258	-4.93995141983
19	9	0.462900713086	0.452363739707	-0.878615880622	-0.152974446613	2.44936227798	-4.7935423851	-0.818882465363
20	9	0.487477809191	0.679199053915	-0.644343044356	-0.351440871772	3.80967998505	-3.65677285194	-2.06546783447
21	9	0.499196566641	-0.607054402645	0.155962166811	0.779205207088	-3.58699989319	1.02567708492	4.48182344437
22	9	0.499805793166	0.638791731679	-0.278972049985	0.717021421484	3.83249545097	-1.56229841709	4.09994459152
23	9	0.498716637492	-0.290664281068	-0.617516747403	0.730881209492	-1.80411601067	-3.65281748772	4.15365362167
24	9	0.495006419718	-0.313235219222	0.0235398397883	0.949383786138	-1.84454262257	0.231823995709	5.54065084457
25	9	0.496357701719	-0.673369350882	0.342854798993	0.654999468779	-3.97019219398	2.02786755562	3.76090812683
26	9	0.49891653657	-0.346950822525	-0.0403962566647	0.937012950389	-1.9574098587	-0.200725913048	5.51423740387
27	9	0.499503061175	-0.598471407026	-0.701152378998	-0.387578787342	-3.42824745178	-4.05690670013	-2.40003299713
28	9	0.4988357611	-0.0589854978513	-0.42318652704	0.904120497708	-0.327605366707	-2.46891355515	5.26331663132
29	9	0.496895030141	0.371850794818	0.825286668818	0.425004588992	2.12912607193	4.79505825043	2.41819643974
0	10	0.497158974409	0.933276232941	0.347133890785	0.0921603759556	5.39683198929	1.96766829491	0.610900402069
1	10	0.498456016183	-0.586952196145	0.790566436735	-0.174619095601	-3.49961543083	4.51355075836	-1.00735378265
2	10	0.499136447906	0.619062336339	0.201551635392	0.759038050428	3.65330934525	1.10099828243	4.28768062592
3	10	0.499039784074	-0.943313160586	0.260361894073	0.205844517005	-5.4718708992	1.54556512833	1.04860186577
4	10	0.490278691053	0.687234325429	-0.311622957578	0.656201275724	3.91969156265	-1.82091999054	3.67722082138
5	10	0.48466040194	0.510801369445	0.30424130121	-0.804064171326	2.83499097824	1.71871399879	-4.5718460083
6	10	0.496441453695	-0.60885055659	-0.647735117488	0.457974035632	-3.52062749863	-3.65730524063	2.65324664116
7	10	0.498201541603	0.694295925191	0.190090668549	-0.694131620079	3.95594716072	1.18169784546	-4.01629829407
8	10	0.498654713854	-0.207055200002	0.333718168686	0.919652286487	-1.32145762444	1.84672141075	5.3561091423
9	10	0.499330297112	0.370642180431	0.864603079427	0.339243112134	2.32593774796	5.03456687927	1.93921923637
10	10	0.499688848853	-0.333594725437	0.850505501426	-0.40663860024	-1.9821792841	4.90523815155	-2.40229153633
11	10	0.493691314012	0.0962093525241	-0.551065466466	0.828897226534	0.454815268517	-3.18532562256	4.76475429535
12	10	0.482809007168	0.726991600323	0.595062199881	-0.342613764072	4.11635255814	3.38328552246	-1.90468382835
13	10	0.46998809278	0.176772155737	0.864481739843	-0.470555975878	0.902718365192	4.75873661041	-2.64166736603
14	10	0.446811586618	0.892448465584	-0.442599945326	-0.0874129548367	4.67040538788	-2.32865834236	-0.445839881897
15	10	0.471933325753	0.21026755218	0.133148931869	0.968534417789	1.14695572853	0.716782689095	5.31670951843
16	10	0.489421851933	-0.643741841124	0.260390649746	-0.719578454035	-3.70319008827	1.45678091049	-4.13165855408
17	10	0.456510938704	-0.69924677012	0.515366213617	-0.495430742221	-3.7792031765	2.8002781868	-2.67613601685
18	10	0.424104392529	-0.814589551105	-0.294030810018	-0.499989745885	-4.08709812164	-1.48832929134	-2.49195742607
19	10	0.43745431304	-0.742769910609	0.145537642539	0.653537798829	-3.84962368011	0.740095853806	3.34840011597
20	10	0.473837506026	-0.154676335665	0.415116545703	0.896522997289	-0.82070338726	2.36466383934	4.92770433426
21	10	0.498326733708	-0.289939682881	-0.912752175588	-0.287781942189	-1.53466391563	-5.26220846176	-1.81375098228
22	10	0.499467641115	-0.888951729878	-0.331129635602	0.316414263859	-5.22043466568	-1.85334897041	1.77752161026
23	10	0.498638473451	0.775463756671	0.191260993028	-0.601726843871	4.49526786804	1.19748437405	-3.45437812805
24	10	0.495822966099	0.997377791852	-0.0633304414217	-0.0350256407543	5.81275367737	-0.406277775764	-0.250280857086
25	10	0.49710637331	0.291947830873	0.93688933277	-0.192366426882	1.59269380569	5.49191761017	-1.0600476265
26	10	0.499691173434	0.467739542297	-0.629433478558	-0.620510448456	2.65683412552	-3.60916900635	-3.65239620209
27	10	0.499949526042	0.285191392605	0.488112269791	0.824871069721	1.66358447075	2.88492369652	4.68453979492
28	10	0.499480858445	-0.943322405986	0.0190223672698	-0.331332141377	-5.46432685852	0.109256312251	-2.01716637611
29	10	0.497874110937	-0.217507343153	0.883406979412	-0.415069469368	-1.33285021782	5.08844804764	-2.50340652466
0	11	0.498972866684	0.12465982893	-0.595633626327	-0.793524108165	0.582237362862	-3.4445810318	-4.62952852249
1	11	0.497641935945	-0.224110293924	0.655580329487	-0.721102633296	-1.28931701183	3.92294979095	-4.16212654114
2	11	0.497131720185	-0.874882357406	-0.448426477745	-0.183015176301	-5.01983261108	-2.63014364243	-1.01098871231
3	11	0.493379548192	0.874073309703	-0.446222693977	-0.192044673565	4.99649572372	-2.50023031235	-1.06553506851
4	11	0.454733876511	0.328681000925	0.246426972509	0.911725039061	1.66288542747	1.36852645874	4.91883563995
5	11	0.455902263522	0.858996659493	-0.379019043977	0.344193700237	4.59188699722	-2.07560825348	1.82430267334
6	11	0.485957833007	0.268378525365	-0.118892873929	0.955948456587	1.58792257309	-0.615645051003	5.4732375145
7	11	0.496931776404	0.418259086251	-0.612339520448	0.67089466272	2.33458399773	-3.56607723236	3.88407230377
8	11	0.499546229839	0.3834817194	0.702869370495	-0.599096335247	2.20584392548	3.97229623795	-3.57229232788
9	11	0.499861963093	-0.581920740362	-0.425414741707	0.693102120524	-3.33060407639	-2.4792702198	3.97984313965
10	11	0.49986794591	-0.170543097336	0.60795011809	-0.775442909482	-0.99506187439	3.48875141144	-4.54634523392
11	11	0.49654635787	0.872646764148	-0.369475856324	-0.319335586202	5.0482749939	-2.23311710358	-1.75199627876
12	11	0.484108358622	0.0433475823027	0.788498307347	-0.613507462399	0.0718618258834	4.4887342453	-3.46604299545
13	11	0.459008693695	0.8338949568	-0.540670483998	-0.110881146985	4.45624446869	-2.94137978554	-0.57307434082
14	11	0.399944372475	0.81252734689	-0.213131117864	0.542562841664	3.84000730515	-1.02807760239	2.59708499908
15	11	0.434168661013	0.477841452765	-0.0679264114968	0.875815933082	2.42760872841	-0.302060842514	4.51832675934
16	11	0.492696836591	0.636995502291	-0.724305077439	-0.263853908173	3.59550690651	-4.18210077286	-1.45833206177
17	11	0.486756339669	0.0823025410495	0.91714573109	0.389961536154	0.49793189764	5.18758964539	2.20414161682
18	11	0.450660720468	-0.470645763609	-0.448052896287	-0.760092867567	-2.50672721863	-2.38332152367	-4.01338481903
19	11	0.436595007777	-0.735238370482	-0.148669969182	0.661303091505	-3.82453680038	-0.765532672405	3.37851643562
20	11	0.462636217475	-0.73015687566	-0.341117029363	0.592038942305	-3.99077796936	-1.89106750488	3.21354818344
21	11	0.494100034237	0.07675782418	0.672968461941	0.735677705018	0.550804615021	3.92833328247	4.21036624908
22	11	0.498605603352	-0.192224940367	0.132321487341	0.972389117734	-1.03096866608	0.755752265453	5.65551614761
23	11	0.499052643776	-0.328936160043	-0.34044969582	-0.880849026356	-1.90224480629	-1.90717673302	-5.13053941727
24	11	0.496928110719	0.509450912894	-0.776628272846	0.37055133675	2.83209180832	-4.53249502182	2.25164341927
25	11	0.498342700303	0.695442286114	-0.00137316581156	-0.718580643422	3.99319314957	0.0564614608884	-4.18777132034
26	11	0.499651148915	-0.25781676388	-0.956430752554	0.13700632041	-1.64073038101	-5.54939460754	0.970804214478
27	11	0.499796032906	0.02758880092	-0.95020861527	0.310390794855	0.245321333408	-5.58383655548	1.80703306198
28	11	0.499896660447	-0.239314496417	-0.966765428707	-0.08996209014	-1.37076878548	-5.64782190323	-0.620862483978
29	11	0.499869700521	0.484590066399	-0.205054808599	0.850367563479	2.83627605438	-1.08779466152	4.91036939621
0	12	0.498968504369	0.559121418918	-0.537979266497	0.630841935612	3.20509886742	-3.03769445419	3.80092453957
1	12	0.497440412641	0.756515148278	0.122899107495	-0.642324403866	4.39398479462	0.665364742279	-3.70496582985
2	12	0.49182780087	-0.287238063007	0.890371717388	-0.353174885907	-1.62509059906	5.21470165253	-1.89450192451
3	12	0.48660774529	-0.389061909048	0.476102481473	-0.788642668173	-2.25553941727	2.6209692955	-4.5052523613
4	12	0.467077091336	0.946316629871	0.31861844862	0.0544712789371	5.15899467468	1.68636035919	0.307594776154
5	12	0.441294986755	0.5398990065	-0.0465283599099	-0.840442844282	2.78172969818	-0.294546484947	-4.35138511658
6	12	0.457370400429	-0.87803419638	-0.311683955544	-0.36319287141	-4.68664073944	-1.72396755219	-1.9973064661
7	12	0.477159947157	-0.82496353971	0.190742356499	-0.532026795928	-4.56464862823	1.07648181915	-3.0092022419
8	12	0.493182212114	-0.0120110491083	0.993914805974	0.109494717523	-0.0678285956383	5.73066234589	0.684887647629
9	12	0.499381095171	0.544231579787	-0.712853040497	-0.442326271226	3.08261704445	-4.08786773682	-2.60537481308
10	12	0.499615743756	0.238978657207	0.240243408358	0.940835961335	1.38131415844	1.28658294678	5.46818447113
11	12	0.497309423983	0.153577754266	0.63822846838	-0.754372782876	0.802894949913	3.71372318268	-4.38569068909
12	12	0.49270310998	0.96445271637	0.258799388137	-0.0534212933868	5.58201789856	1.41361951828	-0.200128793716
13	12	0.486820526421	0.640895866852	0.436153636119	-0.631682272627	3.64873218536	2.51313591003	-3.60582208633
14	12	0.476714516059	-0.133544089863	-0.426811593446	0.89442598339	-0.738757610321	-2.33039808273	4.97604370117
15	12	0.481675341725	0.57216284382	-0.818937462762	0.0443972097806	3.17875623703	-4.62645196915	0.163464307785
16	12	0.496219843626	-0.0851576051873	0.797558180783	-0.597201080496	-0.550765275955	4.59856319427	-3.37614583969
17	12	0.482902571559	-0.964259324764	-0.075007045497	0.254121816717	-5.46332216263	-0.52089869976	1.49482750893
18	12	0.475265130401	-0.75072396761	0.21391152013	-0.625024308336	-4.18850851059	1.2240717411	-3.49681258202
19	12	0.484572207555	0.371870222696	0.174048590429	0.911822145839	2.13930034637	0.9471616745	5.12210512161
20	12	0.492614433169	-0.49250157388	-0.730619535095	-0.472903049962	-2.70627403259	-4.23294734955	-2.72599053383
21	12	0.497028127313	-0.540117887845	0.809295234485	-0.230898009239	-3.07493972778	4.73871088028	-1.28617548943
22	12	0.496700026095	0.0301665788215	0.0374540474423	-0.998842916505	0.292966127396	0.186214715242	-5.76980257034
23	12	0.49918513	-0.892399156005	-0.128414853186	0.432589149013	-5.10126972198	-0.730314791203	2.59426832199
24	12	0.491056874394	0.289713363214	0.881267929198	0.37340728989	1.71608662605	5.10304546356	1.98166942596
25	12	0.494041435421	-0.653042508755	-0.105625793735	0.749919111276	-3.7155213356	-0.659630775452	4.30996894836
26	12	0.499173946679	0.172094847022	-0.0953762309017	-0.980452313072	1.16315996647	-0.517526686192	-5.62907028198
27	12	0.499599844217	-0.782754683496	0.486745037911	-0.387781347584	-4.61857461929	2.82915019989	-2.18709468842
28	12	0.499633640051	-0.0734353051734	0.912123726607	0.403283477613	-0.221814453602	5.27558374405	2.41732883453
29	12	0.499736011028	-0.955199494213	-0.292553328454	-0.0447937078737	-5.5530128479	-1.61765599251	-0.404513597488
0	13	0.499728411436	0.838456980131	-0.540146862855	-0.0723274430425	4.94567966461	-3.12491321564	-0.54790186882
1	13	0.499255910516	-0.711588619491	-0.486941306173	0.506487710566	-4.16638183594	-2.73226237297	2.97461795807
2	13	0.496139969677	-0.391238398247	-0.104273887067	-0.914362877753	-2.15599346161	-0.728083014488	-5.32401227951
3	13	0.488804340363	-0.57453150182	0.486503079906	0.658200810283	-3.19091463089	2.76575303078	3.86063408852
4	13	0.489096283913	-0.85001056581	-0.158852458471	-0.502242903832	-4.84226942062	-0.903276205063	-2.85117554665
5	13	0.471302345395	0.339662295232	0.77490242786	-0.533062615922	1.91092014313	4.30804252625	-2.85788846016
6	13	0.469985380769	-0.819423476075	-0.509753502087	-0.262100236488	-4.48516559601	-2.81522846222	-1.52527546883
7	13	0.477626472712	-0.48609048526	-0.632759079535	0.602770260883	-2.63509273529	-3.55466842651	3.44303035736
8	13	0.491466654465	-0.348770305419	0.174982357559	0.920728216468	-1.98731946945	0.905335783958	5.32669734955
9	13	0.498105630279	-0.389085948214	0.883613286346	0.260460525024	-2.1777818203	5.19379997253	1.4430243969
10	13	0.499081864953	-0.776436395761	0.514465113221	0.363967265859	-4.59807920456	2.95631837845	2.11735343933
11	13	0.498046711087	-0.842151283983	-0.260454933337	-0.472169929777	-4.86467552185	-1.58162856102	-2.86541295052
12	13	0.498789474368	-0.837467160241	-0.495953202929	0.229519445848	-4.85040092468	-2.88835287094	1.36409807205
13	13	0.495245665312	-0.458528060305	0.0563347724823	-0.886892559064	-2.69036817551	0.284095615149	-5.1945810318
14	13	0.498082578182	-0.402481661523	-0.0208534816448	-0.915190496258	-2.30352544785	-0.195731565356	-5.31302642822
15	13	0.497535577044	0.183083423001	0.368891521437	0.911262588739	0.92444562912	2.19669079781	5.24704742432
16	13	0.495447561145	0.888333664021	-0.283605542503	0.361152596044	5.12021780014	-1.64031505585	2.05033588409
17	13	0.481096088886	-0.856764376518	-0.380213550034	0.348414206802	-4.84945678711	-2.14829444885	1.98617660999
18	13	0.484674295411	-0.330695295876	-0.109917381034	-0.937314670019	-1.81706595421	-0.716316521168	-5.32548522949
19	13	0.492762446404	-0.346527660342	0.937714131631	-0.024714124658	-1.98046708107	5.47071409225	-0.138207435608
20	13	0.498193770647	-0.455321248017	0.889870578392	0.0285116610499	-2.58364081383	5.17132425308	0.204218626022
21	13	0.493416532874	-0.406896288697	-0.905599738409	0.11968510366	-2.22713637352	-5.24298095703	0.694957733154
22	13	0.491766296327	-0.0868322476624	-0.469529183373	-0.878636731947	-0.506313562393	-2.72499895096	-5.09887218475
23	13	0.496118888259	0.697609578824	-0.570728739357	-0.433139217348	4.02544260025	-3.22941350937	-2.54362106323
24	13	0.482208061963	0.286838056826	0.328283165481	0.899974495427	1.58972167969	1.83541893959	5.13152503967
25	13	0.481184735894	-0.869465915061	0.12424901355	0.478112126157	-4.98409175873	0.671239554882	2.71006011963
26	13	0.495508655906	-0.885780654824	0.241851699387	0.396106534965	-5.03876256943	1.35176599026	2.42210006714
27	13	0.498720265925	0.0656486899899	0.459270645764	-0.885867215469	0.631069362164	2.6207485199	-5.17244577408
28	13	0.499255858362	-0.611275037341	0.455983209978	-0.646855579664	-3.59377336502	2.59087753296	-3.81156492233
29	13	0.499734401703	0.14114413537	-0.989955678106	0.0081294795026	0.914191007614	-5.76213264465	0.185464382172
0	14	0.499608889222	0.70433474098	0.67147666439	0.230286043496	4.01872158051	3.9949669838	1.36794352531
1	14	0.499555066228	-0.355437316805	-0.355308022758	0.864534859208	-2.01152038574	-2.20329737663	4.99702692032
2	14	0.498743206263	0.000272074755032	0.900652101521	-0.434540812814	0.0373357050121	5.23129844666	-2.50306415558
3	14	0.495869671926	-0.276309945766	0.264049967915	0.924083561327	-1.52550625801	1.48200058937	5.40996313095
4	14	0.494197174907	0.105493044056	-0.866674938921	-0.487591804589	0.629592657089	-5.01043319702	-2.78327131271
5	14	0.494873154908	-0.0266980145224	-0.492022723439	-0.870172888362	-0.172760516405	-2.86280083656	-4.99716424942
6	14	0.494462262839	-0.287289812909	-0.0265153130568	0.95747663239	-1.49830007553	-0.125256732106	5.5118188858
7	14	0.497867979109	-0.424495040973	-0.16122421265	-0.890960556615	-2.47187662125	-0.864291191101	-5.16486692429
8	14	0.499517794698	0.237877506123	0.214386913425	-0.947339719126	1.51181936264	1.26029419899	-5.44748926163
9	14	0.499833896756	-0.496056132918	-0.859257871681	0.124916864149	-2.91393375397	-4.93050909042	0.728896141052
10	14	0.499904200435	0.910440945242	0.377478455667	-0.169136928948	5.25371694565	2.12631702423	-0.993614673615
11	14	0.49904788658	-0.431616643693	-0.216504016199	0.875690061527	-2.60736894608	-1.28645515442	5.02966165543
12	14	0.497864335775	0.449577923864	0.316601675507	0.835250303466	2.69070148468	1.79570174217	4.84801769257
13	14	0.494898214936	-0.182540334306	0.87529633803	-0.447811731627	-1.09145855904	5.11404800415	-2.5765812397
14	14	0.496541842818	0.33249630082	0.928322746071	-0.166322244658	1.99079954624	5.38778877258	-0.851581335068
15	14	0.492706209421	0.696014975615	-0.357669320763	-0.622604056126	3.93742799759	-2.10497307777	-3.62522125244
16	14	0.479329809546	-0.301710608603	-0.706931694853	-0.639701717575	-1.75968325138	-3.93057727814	-3.6005051136
17	14	0.47423273325	-0.94394102339	-0.000306180938028	0.330113996393	-5.2420334816	0.00813175085932	1.84143519402
18	14	0.491295918822	0.427931383442	0.880764744715	0.202800876559	2.55555653572	5.0103263855	1.1869790554
19	14	0.496067255735	-0.807143064196	0.583881030195	-0.0871952779645	-4.70477676392	3.30309867859	-0.481414556503
20	14	0.488519415259	0.895845215441	-0.421381245826	-0.141064508782	5.03652906418	-2.42663526535	-0.802437067032
21	14	0.47769100219	-0.373595878525	-0.0645386197404	0.925343658384	-2.09984850883	-0.299631386995	5.16053628922
22	14	0.47441059351	-0.791273319402	0.611297032544	-0.0142292658008	-4.3979973793	3.43664884567	-0.127485752106
23	14	0.491707062349	-0.344290352055	-0.0248657127529	0.938533883145	-2.00293660164	-0.162366986275	5.32832384109
24	14	0.483382716775	0.624770282665	0.49804057949	0.601346551566	3.60891342163	2.80002617836	3.40540766716
25	14	0.493087932467	-0.687111912585	0.555663503551	-0.468097522324	-3.94842267036	3.1657538414	-2.67744922638
26	14	0.498083822429	0.277011889615	-0.0872435154831	-0.956897581781	1.8042640686	-0.575410962105	-5.44193840027
27	14	0.49929971993	-0.95382064958	-0.123561373318	0.273785966512	-5.53084230423	-0.80165630579	1.59562087059
28	14	0.499103434384	-0.227027066319	0.780174387562	0.58291220278	-1.2337821722	4.4791727066	3.52280473709
29	14	0.499776549637	-0.411736163417	0.142028743804	-0.900167299822	-2.34405422211	0.801945269108	-5.22942352295
0	15	0.498418182135	0.914211537912	-0.369509577125	-0.166372883493	5.30306005478	-2.16043806076	-1.00646400452
1	15	0.498183593154	-0.553830051638	0.804489842016	-0.214635430431	-3.22955918312	4.61591625214	-1.26983809471
2	15	0.499565392733	0.480350039252	-0.459971335085	-0.746786589791	2.81200551987	-2.75833773613	-4.26895713806
3	15	0.499016627669	-0.906823624299	0.36259300411	0.214935403748	-5.32021522522	2.08309030533	1.17923307419
4	15	0.488354682922	0.676308603908	0.736474754947	0.0145467386535	3.8968667984	4.18857240677	0.125419616699
5	15	0.472732245922	-0.0159955453133	0.989679851224	0.142400613102	-0.088174007833	5.50470161438	0.886198997498
6	15	0.478199124336	-0.579937192317	0.677018053754	-0.453121846593	-3.23717164993	3.73608779907	-2.60595726967
7	15	0.497342646122	0.824929950577	-0.520515687732	0.220349711743	4.72751235962	-2.95344257355	1.30132269859
8	15	0.498348623514	-0.853853709088	0.35322027567	0.382320912759	-4.9434800148	2.02381539345	2.20899868011
9	15	0.49949709326	0.788950407317	-0.245126602574	0.563444942744	4.58871889114	-1.42509639263	3.1717338562
10	15	0.49945307523	-0.615368372549	0.316578409598	-0.721872479488	-3.65311217308	1.82462525368	-4.06945800781
11	15	0.499110341072	0.988661835329	0.139001167823	0.0568018547851	5.72943925858	0.779024720192	0.319432735443
12	15	0.497952833772	0.746013476884	0.657018575972	-0.108583991156	4.31019735336	3.89291143417	-0.713543176651
13	15	0.48854573071	-0.352021706387	-0.282666020398	-0.892289548939	-1.97560608387	-1.71317374706	-5.09193229675
14	15	0.491220593452	-0.829747119533	-0.246848171881	0.500585355024	-4.7141866684	-1.43329143524	2.87199926376
15	15	0.484411515296	0.674934629734	-0.0468201902917	0.736390599727	3.84512257576	-0.193352222443	4.148832798
16	15	0.450169607997	0.0462612292737	-0.712999217907	0.699637058717	0.22939248383	-3.79419517517	3.7046558857
17	15	0.449734590948	0.30276995367	-0.711212729292	0.634434243123	1.58569264412	-3.77326583862	3.31743574142
18	15	0.488201618195	0.484271429772	0.724686373514	0.490215098044	2.71312427521	4.14355516434	2.80370044708
19	15	0.486180156469	0.274593400031	-0.844886772102	-0.459091283936	1.54441487789	-4.80289030075	-2.5928132534
20	15	0.457855291665	0.881403261013	-0.0425025269859	-0.470448537755	4.76668787003	-0.201472103596	-2.5880241394
21	15	0.467634081841	0.889438493963	-0.191276325015	0.415105447984	4.86664485931	-1.0477360487	2.24867296219
22	15	0.478353843093	-0.794219925358	0.606190555606	0.0418057467136	-4.47245979309	3.33932685852	0.304101228714
23	15	0.488195676357	0.351441712951	0.234694217306	-0.906315257932	2.0068666935	1.2546390295	-5.18928098679
24	15	0.493258282542	0.840542461178	0.541611319663	-0.0120643843722	4.81659317017	3.22731161118	-0.134873867035
25	15	0.49911083281	0.722822657374	-0.546907222358	0.422397793697	4.16538572311	-3.14473962784	2.42630124092
26	15	0.499828085303	-0.829359908496	0.542872992047	0.132102447687	-4.86411237717	3.12041854858	0.689086914062
27	15	0.499467966147	0.0529148511496	0.0997723111205	0.993602286864	0.403871893883	0.482423454523	5.76370859146
28	15	0.498140513897	0.779584573049	0.505082362431	-0.370323778099	4.51833724976	2.85989379883	-2.23889303207
29	15	0.499321311712	-0.612865989613	-0.362926713679	0.701911304421	-3.51029443741	-2.07853794098	4.03024291992
0	16	0.483652949333	0.421202233194	-0.902863748159	-0.0861726813586	2.29417514801	-5.14624881744	-0.487955570221
1	16	0.491838946939	0.108555789355	0.656683585	0.74631247463	0.539750099182	3.77878570557	4.27923202515
2	16	0.49956561625	0.820573552769	-0.563657699556	0.0945993775195	4.75336551666	-3.28956341743	0.500542879105
3	16	0.499620933086	-0.599464762999	0.00014554331905	0.800401134894	-3.47766017914	0.0417541265488	4.63186502457
4	16	0.484788767993	0.739963425472	0.370129071468	-0.561657012258	4.21944046021	1.95787787437	-3.22993254662
5	16	0.457378640771	0.0251017851722	0.97523786771	-0.219729383025	0.085777387023	5.25871610641	-1.1688477993
6	16	0.415579408407	-0.925750426647	0.37683595208	-0.0313179306756	-4.56904983521	1.87462663651	-0.15984916687
7	16	0.451097868383	-0.688128195418	0.382727819742	-0.616440591352	-3.66046047211	2.03189516068	-3.26360034943
8	16	0.473044067621	-0.834085133785	0.412698220853	-0.36603574703	-4.66834878922	2.30713033676	-2.13147377968
9	16	0.495785728097	-0.427922275958	0.899969395077	-0.0832923385641	-2.47778081894	5.16985225677	-0.528611898422
10	16	0.493102729321	-0.0177213489814	-0.975033458959	-0.221349740686	0.0311331525445	-5.6029086113	-1.25768136978
11	16	0.486871764064	-0.756392409622	-0.653131034887	0.0359217752154	-4.37797307968	-3.65622377396	0.158162593842
12	16	0.493227897212	0.203492445959	-0.117842529683	0.971958827644	1.18818855286	-0.717606246471	5.58789920807
13	16	0.461799964309	-0.856574475577	0.024808257619	-0.515426734021	-4.65625858307	0.164431631565	-2.81009435654
14	16	0.43843068555	-0.4111956907	0.0986172047732	-0.906196860992	-2.09478378296	0.49060973525	-4.72241783142
15	16	0.454235941172	-0.879569174436	-0.412424087799	-0.237201263034	-4.69792079926	-2.18959712982	-1.25702285767
16	16	0.435393132269	0.300707313091	-0.589039094043	-0.750072034902	1.56572747231	-3.04096412659	-3.84604501724
17	16	0.429612420499	0.0216472791836	-0.643777369682	-0.764906591414	0.122911132872	-3.25635957718	-3.86939811707
18	16	0.470055893064	-0.432392293644	-0.859072887352	-0.273917284256	-2.36672639847	-4.73738765717	-1.47256851196
19	16	0.483752161264	-0.0371505600727	-0.994066092651	-0.102237171947	-0.185525655746	-5.64808082581	-0.602703332901
20	16	0.480506435037	0.504338680935	0.861282905073	-0.0619213399596	2.82788419724	4.80964946747	-0.315333127975
21	16	0.47859574575	-0.194667096969	0.0218856025387	0.980625179036	-1.13674116135	0.0326634682715	5.45746994019
22	16	0.477069348097	0.436921340543	0.899497058348	-0.0021872818192	2.45097494125	5.03904438019	0.000741720199585
23	16	0.487600259483	0.0139291217806	0.789323813197	-0.613819108114	0.0146188940853	4.46493434906	-3.53903102875
24	16	0.498660601676	-0.0491712614644	-0.688619064572	0.723454194095	-0.332915723324	-3.95601153374	4.17069768906
25	16	0.499565660954	-0.761700208271	-0.46768857733	-0.448419655407	-4.38546276093	-2.66860389709	-2.64173841476
26	16	0.49942997098	-0.178392138227	0.854554641283	0.487762862547	-0.942092180252	4.97221660614	2.88928174973
27	16	0.496855720878	-0.34814129823	0.359714047092	-0.865680911648	-2.00953698158	1.92895841599	-5.06630325317
28	16	0.48885865137	0.256325504475	0.177429540717	-0.95016629799	1.52044010162	0.925633430481	-5.52856874466
29	16	0.487596713006	0.364952953974	0.751214300268	-0.549987651187	2.03422617912	4.30467128754	-3.09266781807
0	17	0.422069191933	0.995384137495	0.0509060216988	0.0813572109759	4.9929227829	0.216345250607	0.417278289795
1	17	0.452422648668	0.984632382147	-0.145623936936	0.0963988642016	5.22540187836	-0.8081138134	0.485724925995
2	17	0.494907006621	-0.660603475546	0.702137094312	-0.265718928359	-3.82472658157	3.99516320229	-1.47997808456
3	17	0.499063313007	0.214952100009	-0.655578772717	-0.72388677807	1.36743760109	-3.72973537445	-4.15457201004
4	17	0.494424149394	-0.66219482247	0.711663567494	0.23459109914	-3.76962423325	4.1079044342	1.47058606148
5	17	0.473645985126	-0.788122580372	-0.518386044021	-0.33187152284	-4.37261390686	-2.88373804092	-1.85801339149
6	17	0.424829319119	-0.809320842015	0.418574747332	0.412061834651	-4.08928155899	2.11789155006	2.07855510712
7	17	0.450840443373	-0.594499265682	0.70367868691	0.389110432516	-3.14317417145	3.73471307755	2.09934830666
8	17	0.476272627711	-0.875247115067	-0.359832515504	0.323207438578	-4.92302894592	-2.05088806152	1.76402688026
9	17	0.491782344878	0.435520301193	0.0634350233947	0.897941014241	2.61198616028	0.309926658869	5.08627223969
10	17	0.471393042244	-0.204160256992	-0.144445149747	0.96822217914	-1.15083801746	-0.725119709969	5.38556957245
11	17	0.466467961669	-0.813750909347	-0.553317047454	-0.177903632716	-4.4390039444	-3.04508495331	-1.01577997208
12	17	0.489648662508	0.340440561928	0.642922146975	0.686113209845	1.9888061285	3.70915102959	3.86939620972
13	17	0.456074073911	-0.933751524084	0.357731921155	0.0116603540989	-5.03048753738	1.880443573	0.0618855953217
14	17	0.412408314645	-0.699886328976	-0.568607994823	-0.43225464108	-3.46064424515	-2.74479222298	-2.12821054459
15	17	0.431391611695	-0.870177925119	-0.208372778423	-0.446509981801	-4.46396160126	-1.07130277157	-2.27519965172
16	17	0.472367063165	0.424759031261	-0.866193939746	-0.263225804416	2.40378713608	-4.75611066818	-1.45843625069
17	17	0.476697742939	-0.521494314821	0.669164348777	-0.529398483125	-2.92595052719	3.70655965805	-2.93448638916
18	17	0.481366142631	-0.577208793262	0.663034995047	-0.476670330861	-3.2347612381	3.73997688293	-2.69504547119
19	17	0.493199199438	-0.723787752088	-0.138149590181	0.676051758862	-4.10125637054	-0.732835173607	3.98486971855
20	17	0.488469596952	-0.508390872316	0.312255959111	-0.802517873287	-2.89300727844	1.76806044579	-4.61616230011
21	17	0.490953229368	-0.012192601474	0.700713669604	-0.713338414569	-0.126422226429	4.04847812653	-4.05023479462
22	17	0.487226217985	0.903617283975	-0.157823570455	-0.398205380063	5.09219837189	-1.05201816559	-2.29798984528
23	17	0.492653824389	0.58908844808	0.290429935069	0.754072445561	3.30267429352	1.65930354595	4.39705753326
24	17	0.495427176356	0.901681029166	0.368409042603	-0.226376012358	5.20589828491	2.13088011742	-1.49828481674
25	17	0.496678292751	0.688742860541	0.710969481888	-0.141970658507	3.9754576683	4.20563650131	-0.810386180878
26	17	0.498493887484	0.686390084887	-0.444411857649	0.575644640512	3.92812490463	-2.79410648346	3.21170806885
27	17	0.497321665287	-0.077123727643	0.794655233229	0.602142002302	-0.366529047489	4.58506298065	3.51631307602
28	17	0.492425255477	-0.607319900095	0.530163515638	-0.591683349128	-3.56338882446	2.97638177872	-3.35406899452
29	17	0.462676376104	0.936920107555	-0.34898642103	-0.0197278989035	5.05929470062	-1.89455509186	-0.082498550415
0	18	0.439435049891	0.266604477554	-0.94653027236	-0.181665891281	1.43589580059	-4.89078855515	-0.935435295105
1	18	0.448727473617	0.799068662526	0.589839392974	-0.116527949717	4.23834991455	3.06993198395	-0.672394275665
2	18	0.479856580496	0.0615343783185	0.886066132135	0.459456559175	0.338383764029	4.98202133179	2.57795810699
3	18	0.495033815503	-0.501538434113	-0.388976798351	0.772758855952	-2.85006284714	-2.3344335556	4.4348897934
4	18	0.496388524771	-0.798515707473	0.532952466612	-0.279882713383	-4.58209991455	3.19887304306	-1.66966629028
5	18	0.490648254752	0.0127690307648	-0.998944922055	-0.044113428276	0.208920449018	-5.70257425308	-0.318110704422
6	18	0.486664570868	-0.747525421107	-0.0433749299611	0.662815479791	-4.20331954956	-0.183017253876	3.77582502365
7	18	0.494312822819	0.202335127238	0.396755868418	-0.895346456497	1.26077115536	2.27883791924	-5.06955623627
8	18	0.493935629725	-0.593178101193	-0.653511015195	0.47017347148	-3.28519773483	-3.82507109642	2.82191300392
9	18	0.495776392519	-0.775424737815	0.258279774231	-0.576201383378	-4.41149282455	1.50314748287	-3.32643508911
10	18	0.456541057676	-0.00666642337868	-0.629597966774	0.776892501594	-0.0144148394465	-3.37014913559	4.14862728119
11	18	0.415913835168	0.0441235219181	-0.955926220171	0.290272589823	0.208206146955	-4.71971321106	1.44196033478
12	18	0.457719057798	0.324225913625	-0.945694713833	0.0232177768709	1.72869181633	-5.09950780869	0.12126159668
13	18	0.469051447697	-0.175668429292	-0.145364695378	-0.973657901056	-0.919971346855	-0.781780362129	-5.39426612854
14	18	0.460552200675	-0.994998802533	0.0810204913172	-0.0584214253873	-5.39752960205	0.473800003529	-0.23673415184
15	18	0.473494634032	-0.522492934769	-0.320051480663	-0.790296262703	-2.83992576599	-1.79937636852	-4.41935491562
16	18	0.49162581563	-0.580428521872	-0.50670197463	0.637460461443	-3.40655946732	-2.88015365601	3.65506029129
17	18	0.496958114207	0.838694143989	-0.0272782549788	0.543919138884	4.85213851929	-0.241093173623	3.14108848572
18	18	0.495411142707	0.984662007065	0.173838755281	-0.0148599800098	5.68818187714	1.11178612709	-0.11600112915
19	18	0.496394172311	-0.103999732042	-0.993290899638	0.050569204381	-0.665121495724	-5.78594017029	0.323451280594
20	18	0.494669049978	-0.282934301071	-0.920450438213	-0.269664925548	-1.64113950729	-5.34623813629	-1.52421545982
21	18	0.497817575932	0.826533669133	-0.560525883038	-0.0515056136238	4.76526069641	-3.2042863369	-0.298574209213
22	18	0.498653687537	-0.345036097887	0.742755000172	0.573816260552	-1.97535443306	4.32223129272	3.29823946953
23	18	0.497554987669	-0.628249362232	-0.774258130519	0.0763353534062	-3.63675355911	-4.44583892822	0.231484174728
24	18	0.497347863391	0.329646938035	0.167937312035	0.929047875769	1.85094690323	1.0219656229	5.40656328201
25	18	0.496518954635	0.633508255944	0.752307604498	-0.180832955696	3.79534077644	4.34320116043	-1.13209986687
26	18	0.498893752694	-0.317910649883	0.90138851075	0.293992468234	-1.84630322456	5.23355102539	1.62982535362
27	18	0.499368548393	-0.800384270859	-0.586039791315	0.126263145678	-4.58576869965	-3.4130320549	0.703116416931
28	18	0.496983274817	0.986961429365	-0.156303936639	-0.0384215608281	5.71980762482	-0.844512820244	-0.209492921829
29	18	0.469218224287	-0.179266684951	-0.980259501094	0.0833952407609	-1.04831445217	-5.36186981201	0.466951608658
0	19	0.484173521399	0.780683789012	-0.195489203509	-0.593562796075	4.40739154816	-1.16314435005	-3.31933045387
1	19	0.475384596735	0.535324940632	0.120467965242	0.836011170552	2.84297919273	0.716858029366	4.72430372238
2	19	0.487344667315	0.91911736012	-0.323239216383	-0.22525471653	5.16319704056	-1.9132733345	-1.42044305801
3	19	0.497485667467	0.069322096496	0.843473950793	0.532678271822	0.423954695463	4.89265632629	2.99713945389
4	19	0.498506069183	-0.741387411201	-0.091572910369	-0.664800051594	-4.23581504822	-0.608823776245	-3.95671081543
5	19	0.499309770763	0.0561790457647	0.301990520043	0.951654160197	0.257218718529	1.82994639874	5.44888591766
6	19	0.499466247857	0.561672690577	-0.532147050341	-0.633516618151	3.25597763062	-3.02986621857	-3.66690349579
7	19	0.495465174317	-0.615325534834	-0.787323100464	0.0386887794623	-3.53008747101	-4.60286426544	0.359263658524
8	19	0.492648020387	-0.920637007074	0.285904732765	-0.265868360261	-5.29629802704	1.74778676033	-1.52387738228
9	19	0.485603481531	0.826545528859	0.213196306587	-0.520931688018	4.76744794846	1.12040829659	-2.83726811409
10	19	0.467600516975	-0.740489406603	0.0515175370314	-0.670090577525	-4.08930969238	0.30914363265	-3.60702705383
11	19	0.454528734088	-0.729020366784	-0.674080922276	-0.118929454036	-3.88656520844	-3.5763926506	-0.600468158722
12	19	0.472809255123	0.436955793385	-0.74746817203	0.500360836226	2.46852397919	-4.06531667709	2.80909323692
13	19	0.484663944691	-0.453414279944	0.179895715118	-0.872956483695	-2.62578010559	1.15383255482	-4.91329574585
14	19	0.492920644581	0.257768430645	-0.642491199129	-0.721637370986	1.4662938118	-3.73642516136	-4.12009811401
15	19	0.497989967465	0.392323342931	0.910553708288	0.130285605169	2.26352667809	5.22059726715	0.799324035645
16	19	0.496658788063	-0.280611816561	0.0859900191397	0.955961675495	-1.61302495003	0.390749037266	5.61940813065
17	19	0.495704859495	-0.280495361834	0.894973639503	-0.346907100798	-1.67485284805	5.07285118103	-2.10872387886
18	19	0.495604380965	0.540190922039	-0.818542481867	0.195402080658	3.01542806625	-4.81439447403	1.17491078377
19	19	0.497934482992	0.595115552032	-0.317503736809	-0.738260697072	3.5233631134	-1.79344987869	-4.2792930603
20	19	0.498727425933	-0.370013935498	0.927281272058	0.056913355447	-2.12373304367	5.41181564331	0.361838102341
21	19	0.49943870306	-0.900582474271	0.215571528335	0.37746539339	-5.26238965988	1.17210292816	2.19565486908
22	19	0.499341338873	-0.921813693351	0.367908139075	0.12207831893	-5.43220853806	2.07101941109	0.673530817032
23	19	0.499547317624	0.821360168193	-0.0563389193015	0.567620824386	4.7851099968	-0.180590987206	3.26733422279
24	19	0.499409303069	-0.0109247271031	-0.938682761559	0.344608942846	-0.0839941650629	-5.50047302246	1.86278009415
25	19	0.499546997249	-0.220317016461	0.772885886604	-0.595069591347	-1.30925488472	4.5252404213	-3.34848690033
26	19	0.499057635665	-0.0376202337149	-0.994631803854	0.0963965392346	-0.229266315699	-5.68915224075	0.623508691788
27	19	0.494241245091	0.671275165173	0.159897199075	-0.723755855486	3.82124018669	1.01424944401	-4.21999073029
28	19	0.498371839523	0.970785302633	0.205176117866	0.124413250293	5.66665267944	1.2167288065	0.815469741821
29	19	0.497996553779	-0.431596582043	0.871651782443	-0.232266141597	-2.51842093468	4.99254894257	-1.29540920258
0	20	0.495652966201	-0.669756600823	0.469115540762	-0.575635913638	-3.93519592285	2.74810385704	-3.20645284653
1	20	0.496104158461	0.61339064974	-0.538164138397	-0.578040890382	3.48817276955	-3.04387235641	-3.41742706299
2	20	0.49504506588	0.405141867885	-0.473916161184	0.781833447132	2.32374238968	-2.67979288101	4.58524751663
3	20	0.496190667152	-0.0288935032294	-0.881833157379	0.470675523071	-0.152071624994	-5.18186855316	2.73025178909
4	20	0.497951313853	-0.610381192781	-0.779613939221	-0.140131742556	-3.58071398735	-4.56059408188	-0.834803104401
5	20	0.499607548118	0.893873548667	-0.33089276778	-0.30248976053	5.14982318878	-1.9128947258	-1.7573993206
6	20	0.4995470047	-0.0772284283886	0.973301261796	-0.216149077339	-0.487678408623	5.63018512726	-1.13470745087
7	20	0.49450571835	-0.950489523355	-0.306220313816	-0.0529035480697	-5.51037883759	-1.91160285473	-0.275968551636
8	20	0.491566300392	-0.764146134911	0.277320204818	-0.582386631457	-4.37675046921	1.55710864067	-3.42689371109
9	20	0.489104643464	0.389320062112	0.868883867822	-0.30572980469	2.20835328102	4.98826122284	-1.68860197067
10	20	0.477943306789	0.236168313274	-0.343648511671	-0.908917063451	1.35584139824	-2.05018472672	-5.08782148361
11	20	0.485722832382	0.501211557557	0.469536408602	-0.726857988584	2.89312934875	2.6712884903	-4.06488275528
12	20	0.493454352021	-0.737094008436	-0.480192412434	-0.475507802006	-4.28188610077	-2.7505428791	-2.66253137589
13	20	0.492294333875	0.121861441756	-0.845516680015	-0.519857031143	0.697429060936	-4.94274950027	-2.98909425735
14	20	0.495595753193	0.86268512387	-0.466086177646	0.196311110386	5.00638580322	-2.56985187531	1.31776070595
15	20	0.499222792685	-0.361415977883	-0.746513836812	-0.558655155153	-2.07039451599	-4.29667663574	-3.28585410118
16	20	0.496660783887	-0.387515017988	0.284228994342	0.876952672388	-2.2294459343	1.73981201649	5.08648395538
17	20	0.480265170336	0.177422737784	0.911299304395	0.371557196037	1.04672694206	5.17508125305	2.09126567841
18	20	0.488174550235	0.649756045068	-0.273444399223	0.709256824029	3.67135810852	-1.53778076172	4.0721540451
19	20	0.49861381948	-0.484552513125	-0.00515329169917	-0.874746995199	-2.90494608879	-0.0669065266848	-4.98292636871
20	20	0.497074574232	0.106234633502	0.972934084268	0.205215667808	0.693602979183	5.64307975769	1.29688119888
21	20	0.496615901589	0.91589974811	0.34368740291	-0.207380376346	5.39924621582	1.86962747574	-1.16108226776
22	20	0.497623872012	0.300017884496	0.368750172989	-0.879779846839	1.76646399498	2.10960626602	-5.16566038132
23	20	0.499194346368	0.545027369128	-0.588318340616	-0.597349727543	3.14001131058	-3.4083404541	-3.46579790115
24	20	0.498618535697	-0.609177789225	0.259293923417	0.749445850208	-3.51954936981	1.6363735199	4.30311393738
25	20	0.494094572961	0.244413060769	-0.782628366248	-0.5724989922	1.43768727779	-4.54660320282	-3.1751036644
26	20	0.478758886456	0.363642940522	0.853167129977	-0.373991524149	1.96110725403	4.82026338577	-2.03544950485
27	20	0.473365962505	0.985571184269	0.165834686526	-0.0338865383927	5.50409936905	0.925654292107	-0.131315231323
28	20	0.496645569801	-0.0862177125436	-0.989009183294	-0.120113868492	-0.601658582687	-5.72288417816	-0.678062438965
29	20	0.49857981503	-0.0790508330367	-0.99328306762	0.0844968246499	-0.314547210932	-5.79784440994	0.520750284195
0	21	0.497989073396	0.0948344838633	0.941202554169	-0.324259421909	0.6854596138	5.43712615967	-1.96966814995
1	21	0.499712698162	-0.159747537239	-0.226065232691	0.960924156692	-0.941298902035	-1.3689289093	5.52035808563
2	21	0.499102979898	-0.832946772793	0.55320655191	-0.0127351724618	-4.7326464653	3.26862001419	-0.207877159119
3	21	0.498338982463	-0.208434734294	-0.970879052121	0.118105155228	-1.03905618191	-5.67705488205	0.5965321064
4	21	0.498186543584	-0.788908037214	0.316336222827	0.526835366074	-4.55342531204	2.00946712494	3.137185812
5	21	0.499691441655	-0.970013434378	0.199645941534	0.138619750232	-5.60355997086	1.20471763611	0.840762138367
6	21	0.499965623021	0.183396173284	-0.979554899092	-0.0826924621153	1.12838971615	-5.64500045776	-0.526347160339
7	21	0.499065995216	-0.71523690386	0.657293337659	0.237490293753	-4.13252973557	3.85851335526	1.25701951981
8	21	0.49920312874	0.265557669243	0.0777239907169	0.960956869778	1.72383821011	0.409787535667	5.5374917984
9	21	0.499112181365	-0.0113125554504	-0.549602832266	0.835349479472	-0.167806476355	-3.23906755447	4.83646202087
10	21	0.496929714456	-0.0831628495875	0.0437252118453	-0.995576238315	-0.42200833559	0.205406218767	-5.76021289825
11	21	0.49726229161	-0.408223697923	0.725176128639	0.554502475113	-2.36151814461	4.07686710358	3.32799005508
12	21	0.498742252588	0.0374330984152	0.995865502422	-0.0827687394444	0.211978703737	5.760430336	-0.454133272171
13	21	0.498557113111	0.629367260884	-0.557784570094	-0.541085228307	3.659968853	-3.27971029282	-3.08621668816
14	21	0.499078802764	-0.356701803783	0.507886317487	-0.784101595258	-2.04780673981	3.06983804703	-4.4492726326
15	21	0.497532874346	-0.860983759547	-0.490185022102	-0.135740966192	-5.04656839371	-2.91671156883	-0.697293043137
16	21	0.493961527944	-0.218715850808	-0.974326100148	-0.0534043741198	-1.21680414677	-5.64638805389	-0.335117101669
17	21	0.452523767948	-0.0777910805289	0.91832020005	-0.388119257407	-0.421665847301	4.86669063568	-2.07087349892
18	21	0.438008297235	0.570914013026	0.303739383895	-0.762757875346	2.89519476891	1.57907104492	-3.94949626923
19	21	0.479503884912	0.951015613125	0.0018082638848	0.309137564483	5.27650356293	0.00575773697346	1.80475878716
20	21	0.496883288026	-0.963635216165	-0.128854191037	-0.234102045311	-5.50226688385	-0.838745474815	-1.36966657639
21	21	0.496726259589	0.582237773584	0.612273659474	-0.534901991888	3.41705703735	3.48688650131	-3.13076734543
22	21	0.495695918798	-0.34533590998	0.929662201544	-0.128340563733	-2.08125662804	5.38236713409	-0.642099142075
23	21	0.489954337478	-0.937888211773	0.0940887893199	0.333935625447	-5.38883399963	0.520411074162	1.8751180172
24	21	0.492197934538	-0.515887248845	0.353194683132	0.780457469877	-2.91086602211	2.050989151	4.54463624954
25	21	0.47120584175	-0.4445503555	0.181793142861	-0.877112441272	-2.46921014786	0.981368303299	-4.86678218842
26	21	0.442735388875	0.268714845252	0.413464313973	-0.869965282648	1.41792821884	2.17823314667	-4.5456662178
27	21	0.453391492367	0.680612037555	0.707486545102	0.190341910346	3.63203525543	3.77646017075	1.03234791756
28	21	0.491552829742	-0.284651640602	0.751275700291	-0.595447953775	-1.51402521133	4.30589580536	-3.4179456234
29	21	0.497349902987	-0.783288317577	-0.350391021032	0.51350320732	-4.48775815964	-2.11991453171	2.96790027618
0	22	0.496632471681	-0.114729170174	0.992419930371	0.0440442880982	-0.790764391422	5.78242969513	0.341131687164
1	22	0.499029532075	0.670346714375	0.379051828022	-0.637930242424	3.88640856743	2.20606279373	-3.71560430527
2	22	0.499390169978	0.78025968197	-0.624105264105	0.0410785589853	4.41604661942	-3.70005702972	0.303621292114
3	22	0.499729454517	-0.569188105168	0.79915731283	0.193319658302	-3.27077960968	4.63706874847	1.06777667999
4	22	0.499294146895	-0.851537844191	0.331060360511	0.406549305261	-4.99195098877	1.94180607796	2.40418958664
5	22	0.499881617725	0.63255541309	0.0909791927027	-0.769153064003	3.70675182343	0.460634708405	-4.39392995834
6	22	0.499868348241	0.560515591401	-0.550613483591	0.618584726197	3.2505607605	-3.27739906311	3.67989611626
7	22	0.499850288033	0.802922163911	0.0200824028033	0.595745495828	4.7469625473	0.0226355139166	3.36772871017
8	22	0.499917298555	-0.990589164388	0.135158645107	0.0215696094286	-5.6790394783	0.820912778378	-0.0721297264099
9	22	0.499742262065	0.690873334947	-0.29289350254	0.660989736099	4.12881040573	-1.77754497528	3.70420742035
10	22	0.499672070146	-0.488294411036	0.862732668609	0.131380784997	-2.77674508095	5.02411174774	0.815713167191
11	22	0.499888792634	0.119728572149	-0.698970693206	-0.705056762999	0.639844655991	-4.06169557571	-4.09104824066
12	22	0.499956160784	0.489586877395	-0.850846599244	0.190695448391	2.82787036896	-4.94528102875	1.15798354149
13	22	0.499933470041	-0.26098752207	0.1157574529	0.958376609388	-1.55558872223	0.832542181015	5.49973535538
14	22	0.499510705471	-0.49681652659	-0.854709124275	0.150484722774	-2.83193063736	-5.02573060989	0.841296672821
15	22	0.495789706707	-0.644081619346	0.75661097417	-0.112688514882	-3.61129331589	4.45174646378	-0.545112133026
16	22	0.481885187328	0.338084776437	-0.694814321128	-0.634769047054	1.93786907196	-3.91621899605	-3.59590244293
17	22	0.445580528583	-0.0661958352945	0.0739812497281	-0.995060242437	-0.347005367279	0.378687590361	-5.20018434525
18	22	0.402013707906	0.255144374128	-0.206342995521	-0.944628983543	1.23014044762	-0.953657865524	-4.51758289337
19	22	0.461669906974	0.945062458206	-0.299287938102	-0.131467411154	5.09510087967	-1.6136701107	-0.797360181808
20	22	0.487032622099	-0.118809234519	-0.0291583175898	0.992488870622	-0.670320928097	-0.150218337774	5.70198822021
21	22	0.495946336538	-0.232045926678	-0.198028825541	0.952333592901	-1.46325683594	-1.17054784298	5.44588565826
22	22	0.488576680422	0.933693864951	-0.338230491723	-0.117541061002	5.29044771194	-1.92759203911	-0.711828708649
23	22	0.47210836038	0.479586182026	-0.292899004447	0.827168221829	2.63977146149	-1.58112466335	4.59339332581
24	22	0.474997982383	0.627488609604	-0.731953919307	-0.265521194687	3.44761180878	-4.06458187103	-1.49263739586
25	22	0.461599200964	-0.232676101815	0.707476197173	-0.667337442436	-1.26626634598	3.86664533615	-3.59572482109
26	22	0.432528555393	-0.228334738662	0.894401925058	0.384588668023	-1.14838564396	4.57465362549	1.95513224602
27	22	0.444934308529	-0.570784041177	0.550501160449	0.609224138296	-3.00932359695	2.9001584053	3.2024037838
28	22	0.485172241926	-0.876286862022	0.0194045761019	0.481398792971	-4.97762393951	0.0499260872602	2.74532270432
29	22	0.49364516139	-0.0370891921377	0.836101384679	0.547319711289	-0.0581474676728	4.87434005737	3.19756698608
0	23	0.499005265534	0.577015377396	-0.573580610729	-0.581428015531	3.36985826492	-3.3579158783	-3.21610355377
1	23	0.497688770294	-0.591057106764	-0.3125350465	-0.743621772983	-3.60632610321	-1.87953519821	-4.13976287842
2	23	0.49571326375	0.534535277006	0.644874196946	-0.546268530806	3.03600883484	3.86443424225	-3.13871717453
3	23	0.498011946678	0.937157031042	-0.253210826004	-0.240043697613	5.46076059341	-1.4510654211	-1.33784341812
4	23	0.49957960844	-0.329748266055	-0.893898965389	0.303662181891	-1.91432499886	-5.19762945175	1.71860718727
5	23	0.499869719148	-0.614262668101	0.69341720424	-0.376635042768	-3.55817604065	3.99275708199	-2.26835346222
6	23	0.499903135002	0.0122844794313	0.305687095641	0.952052777489	0.030903859064	1.73301577568	5.58111763
7	23	0.499812632799	-0.110380458256	0.936964384283	0.331532648497	-0.710672318935	5.54894924164	1.78099131584
8	23	0.499952934682	0.492836341368	-0.63240353005	0.597643803455	2.89391303062	-3.70860314369	3.32772064209
9	23	0.499848842621	-0.0561869575759	0.508796693034	0.859051192279	-0.29593038559	3.07667779922	4.94187831879
10	23	0.499884784222	-0.965573392391	-0.176610052896	0.190989301066	-5.6059513092	-1.21052694321	1.04395866394
11	23	0.499871835113	0.963721979023	0.152152477842	-0.219293343798	5.63528394699	0.976421833038	-1.18035817146
12	23	0.499904942699	0.058148452854	0.219056787171	-0.973977864956	0.173570528626	1.32973325253	-5.67000436783
13	23	0.499611236155	0.449568775688	-0.108546797254	-0.886625912509	2.54906344414	-0.594674110413	-5.22696399689
14	23	0.498024210334	0.413216610938	-0.847805473742	0.332382176323	2.46689629555	-4.86841392517	2.04626178741
15	23	0.488825715147	0.207726884426	0.0827254629213	-0.974682532557	1.13471412659	0.53956258297	-5.5687494278
16	23	0.479086831212	0.600874925448	-0.702915019582	0.380604518121	3.36506080627	-3.93231678009	2.22820615768
17	23	0.482062079012	-0.13712297401	-0.49600343618	0.857425146177	-0.808637201786	-2.79578232765	4.82166004181
18	23	0.474208302796	-0.157529849444	-0.787374099928	-0.596008702366	-0.834458708763	-4.3015832901	-3.37727642059
19	23	0.487407281995	-0.405383136913	-0.61685027034	0.674655657567	-2.33806037903	-3.45375823975	3.86795258522
20	23	0.489587321877	0.253663006823	0.141239934411	0.956925472488	1.51324129105	0.871526837349	5.50801181793
21	23	0.491842612624	0.644247976251	0.470072861112	-0.603304276748	3.69034528732	2.63018035889	-3.44028353691
22	23	0.455384448171	-0.418001559774	-0.236403206124	-0.877147775555	-2.32855319977	-1.28307628632	-4.65906000137
23	23	0.435840845108	0.440333108703	-0.528437517032	-0.725851599139	2.2783138752	-2.70683288574	-3.72562122345
24	23	0.436174154282	0.960703928948	-0.0128306052714	-0.27727844574	4.94609928131	-0.0480841323733	-1.44775688648
25	23	0.433190226555	0.865672448276	0.469145742397	-0.174681094244	4.44493722916	2.41458845139	-0.869888305664
26	23	0.434662826359	0.439832662815	0.568442387567	0.695284460302	2.27268409729	2.92992115021	3.58592104912
27	23	0.467562377453	0.67733685251	0.648986137952	0.346456030368	3.71353197098	3.56594538689	1.92916476727
28	23	0.497295349836	0.397361320083	-0.868394891322	-0.296638321912	2.29095244408	-4.98234081268	-1.65601205826
29	23	0.49724547565	-0.431499933606	0.88982975125	-0.148360443137	-2.54275751114	5.14806747437	-0.857425689697
0	24	0.498152345419	-0.779800587401	0.574703563167	0.248247574756	-4.51437997818	3.25830101967	1.54597401619
1	24	0.497779577971	0.648241300545	0.437815325519	-0.62297749318	3.86159038544	2.49563074112	-3.5295290947
2	24	0.493765771389	0.699970513628	0.586845585645	-0.407005575712	4.04233837128	3.52909374237	-2.28043794632
3	24	0.496468834579	0.0124941359886	-0.747802874451	-0.663803252123	-0.0868181735277	-4.3096780777	-3.85341405869
4	24	0.498782634735	0.861710126369	0.187889733699	0.471331206355	5.00097560883	1.19650781155	2.65931129456
5	24	0.499544832855	0.0992131841689	0.45486195524	0.885018274253	0.533177495003	2.57573699951	5.1725230217
6	24	0.499713972211	0.701326902311	-0.316477379578	-0.638735191069	3.91476988792	-1.89749598503	-3.71211051941
7	24	0.499598219991	-0.660284729424	0.681329700855	0.31593340251	-3.93862819672	3.90439939499	1.93664121628
8	24	0.49974361062	-0.562695108127	0.489986916686	-0.665798045031	-3.19831037521	2.91775131226	-3.87483882904
9	24	0.4988720119	-0.698703468691	-0.321903374033	-0.638898803117	-4.03733921051	-2.00766468048	-3.70124149323
10	24	0.49984395504	-0.588812976259	0.803341409233	0.0891171094672	-3.3554520607	4.68765258789	0.506855964661
11	24	0.499592095613	0.852049123846	-0.454301687381	0.26004281839	4.93050098419	-2.79629993439	1.41609358788
12	24	0.499888055958	0.243654651897	-0.00218353395364	0.969859599524	1.27245163918	-0.0168867073953	5.64827299118
13	24	0.499500021338	0.992217711499	-0.124129409905	-0.00979298653011	5.77316761017	-0.693426370621	-0.157020330429
14	24	0.49332600832	-0.80573885075	-0.482695081924	0.343206005596	-4.72110462189	-2.59179258347	1.97652697563
15	24	0.465869732201	0.536545486153	-0.599513079115	-0.593888044381	2.96809387207	-3.27908325195	-3.24675869942
16	24	0.458992987871	0.864692350228	-0.140859160887	-0.482147110592	4.6742811203	-0.756931364536	-2.62519025803
17	24	0.473993033171	0.322580779729	0.772328535838	0.547220497861	1.8103954792	4.32072544098	3.00164937973
18	24	0.491688892245	-0.118040184787	0.230291545704	0.96593598067	-0.668521165848	1.25997257233	5.50960636139
19	24	0.498726196587	0.0566161831812	-0.234262193463	-0.970523483753	0.330080330372	-1.26284503937	-5.61937427521
20	24	0.498551353812	-0.434340135564	-0.406609442154	0.803752081297	-2.41590762138	-2.36253333092	4.70930957794
21	24	0.494314670563	-0.906039948852	0.212289994925	-0.366093661704	-5.22961425781	1.17580103874	-2.08797073364
22	24	0.476695008576	-0.0831934133488	0.233872611239	-0.968701428557	-0.466378867626	1.37834119797	-5.40224313736
23	24	0.473042458296	0.694370615167	-0.686841466521	-0.214705027095	3.894343853	-3.77189207077	-1.11427283287
24	24	0.478130895644	-0.422959750367	0.415995727081	-0.805017145544	-2.44777917862	2.31188344955	-4.45880508423
25	24	0.464415248483	0.44789316974	0.45762988877	-0.768092828638	2.46196556091	2.51419734955	-4.18500995636
26	24	0.460553005338	-0.228764145931	0.919097127538	-0.320823059781	-1.27058291435	4.98758506775	-1.74038362503
27	24	0.473764270544	-0.0357204737121	0.910693698051	-0.411534975534	-0.200149431825	5.07439136505	-2.32634615898
28	24	0.486570395529	-0.288074997196	0.813259880491	-0.505589915617	-1.71898031235	4.63060998917	-2.89005446434
29	24	0.489844679832	-0.429372018343	0.855742474406	0.288694453292	-2.45702838898	5.01083612442	1.73178291321
0	25	0.499722918496	-0.00713334381132	-0.415279102197	-0.909666083068	0.0977895259857	-2.36111688614	-5.30429601669
1	25	0.499522268772	-0.892201172441	-0.434413533349	-0.123539264761	-5.2187128067	-2.50913691521	-0.605638504028
2	25	0.496518313885	0.571509141307	-0.797476388419	-0.193413317319	3.31024503708	-4.59311962128	-1.10245013237
3	25	0.486711710691	-0.363700247843	-0.680775065152	0.635820289379	-2.14130926132	-3.79508543015	3.73885583878
4	25	0.483002349734	-0.84925073768	-0.524953704369	0.0565401876521	-4.80254268646	-2.94147014618	0.307834148407
5	25	0.48606896773	-0.498175265832	-0.131518477161	-0.857043928092	-2.74774670601	-0.782505393028	-4.8725194931
6	25	0.498861819506	-0.154347727552	0.839184018518	0.521485342138	-0.94016289711	4.82945013046	3.06185293198
7	25	0.498748242855	-0.00999249807743	0.921226920956	0.388897300181	0.0439754575491	5.41755819321	2.25821828842
8	25	0.498488336802	0.27516146298	-0.931631942257	0.2373775336	1.59481334686	-5.32627344131	1.45855331421
9	25	0.493119575083	0.526266504943	-0.306679375296	-0.793089734231	3.02391958237	-1.67116749287	-4.67575073242
10	25	0.494444295764	0.86814166047	-0.411765805102	0.277090200304	4.9681596756	-2.40510249138	1.62229728699
11	25	0.497376717627	0.296870555602	0.796471585509	0.526783529255	1.61621522903	4.62827777863	3.13579416275
12	25	0.499359317124	-0.317675093427	0.437113680796	-0.841435775967	-1.79979896545	2.3978638649	-4.89543533325
13	25	0.496910871938	-0.331725363292	0.210421308068	0.919609241178	-1.97585999966	1.24914443493	5.26108503342
14	25	0.488685652614	0.0307154247019	-0.966325869335	-0.255481656757	0.22744089365	-5.46590900421	-1.59011602402
15	25	0.447525948286	0.321220574867	-0.870474534009	0.372949631887	1.71814763546	-4.58506727219	2.01068878174
16	25	0.444835528731	0.707444413682	0.355512578392	0.610846304855	3.70182704926	1.85634899139	3.18275141716
17	25	0.450515039265	-0.171429635743	0.82573036366	-0.537383705111	-0.922500550747	4.39679908752	-2.870677948
18	25	0.477888301015	-0.211975327772	0.797437827218	-0.564941919261	-1.2409504652	4.44030284882	-3.22200894356
19	25	0.497381001711	0.74281820715	-0.0370695929333	-0.668466122108	4.40879440308	-0.236347183585	-3.79564642906
20	25	0.499552547932	-0.424042991607	0.312895559585	-0.849872878765	-2.47869563103	1.73370599747	-4.93147230148
21	25	0.4997856915	0.767400686515	0.341934609584	0.542380778701	4.4326415062	1.89784264565	3.17913866043
22	25	0.497477412224	0.717287708007	-0.692262948401	0.0791855682057	4.16062307358	-4.00771522522	0.552573680878
23	25	0.496456429362	-0.858986176706	-0.51017648082	-0.0431590853354	-4.97078180313	-2.86276602745	-0.267219781876
24	25	0.498468518257	0.945190196406	0.131966024078	0.29866446241	5.44021558762	0.846109449863	1.6840467453
25	25	0.486245468259	0.380254720898	-0.878757938116	0.288428211924	2.05229854584	-5.03906679153	1.68275547028
26	25	0.460768684745	0.678965219976	-0.00290040645135	0.734164707477	3.69076752663	0.0281260982156	3.98474884033
27	25	0.472697921097	0.275960047899	-0.59511905182	0.754771068685	1.45593822002	-3.30214118958	4.17485618591
28	25	0.489942446351	0.881446065749	0.4422467963	-0.165742584565	5.03626537323	2.45703721046	-1.0331902504
29	25	0.49536909163	-0.597980251614	0.464241978386	0.653375086902	-3.51311635971	2.57158327103	3.78003263474
0	26	0.499002248049	0.426654582053	-0.89929149547	0.096128423419	2.44344949722	-5.25691890717	0.530729532242
1	26	0.499490499496	-0.729949791202	0.650341232973	0.210308304687	-4.18903970718	3.83536052704	1.18960618973
2	26	0.49661962688	0.0286320380368	0.990215150554	-0.136580240196	0.198800623417	5.71372938156	-0.838217735291
3	26	0.487173289061	0.515016558371	-0.726516560841	0.454897385601	2.92779684067	-4.17445468903	2.51647901535
4	26	0.438468843699	0.444683320239	-0.00588456490861	-0.895668530539	2.27479171753	-0.0234757848084	-4.61683559418
5	26	0.426093801856	0.647411646125	-0.62310586819	-0.438859017783	3.26913571358	-3.14087462425	-2.22293400764
6	26	0.479174971581	0.497463674554	-0.864293684091	-0.0743392234236	2.77350926399	-4.80927753448	-0.464473247528
7	26	0.495783820748	-0.785231159658	0.506157065102	-0.356674994005	-4.58635663986	2.95018959045	-1.98597693443
8	26	0.493542283773	-0.678778781957	0.0212945143705	-0.734033997049	-3.92832684517	0.199586182833	-4.2462644577
9	26	0.48523491621	0.914962282253	-0.318779472054	-0.247434173571	5.22629213333	-1.80402731895	-1.27135491371
10	26	0.472237035632	-0.242838357136	-0.739962295282	-0.627284093425	-1.42520809174	-4.07546710968	-3.44085884094
11	26	0.48716314137	0.276494907863	0.792906350565	-0.543000999225	1.56375002861	4.49784755707	-3.1027507782
12	26	0.477953135967	0.418705367133	-0.597882518376	0.683536619176	2.28073191643	-3.35359311104	3.83390808105
13	26	0.461955472827	0.807381943574	-0.279024565813	0.519884303344	4.44925260544	-1.54710102081	2.75727009773
14	26	0.488025795668	0.0781903265233	0.59868591446	0.797158358587	0.429567843676	3.47362875938	4.47389793396
15	26	0.457310117781	0.0595241455187	-0.516054757345	0.854484852716	0.244258224964	-2.83274364471	4.59480190277
16	26	0.459095828235	0.675276719319	-0.075948105008	0.73364380846	3.64387512207	-0.400423169136	3.96632528305
17	26	0.471419587731	-0.449974699803	0.59408876711	-0.666769305181	-2.46848058701	3.26211690903	-3.75530695915
18	26	0.485263094306	-0.0368476044581	0.914984186951	0.401803673048	-0.220077723265	5.20867109299	2.307543993
19	26	0.49825900048	-0.324392139678	-0.436306412438	0.839289255371	-1.90891575813	-2.67767500877	4.75938987732
20	26	0.499818488955	-0.265245758793	0.775708995083	0.572643206883	-1.41318821907	4.50022125244	3.42264962196
21	26	0.499944061041	-0.63169609565	0.7065691873	-0.318935771431	-3.79422283173	4.02978134155	-1.92882466316
22	26	0.499810266308	0.0179512462654	-0.015330085729	-0.999721331787	0.115275099874	-0.164644822478	-5.79205942154
23	26	0.498985052109	-0.294804860214	0.93978138217	0.17291919535	-1.60226547718	5.50692367554	0.986445426941
24	26	0.499278843403	-0.773423035061	-0.506702170441	0.380880190227	-4.45681428909	-2.99596190453	2.13695454597
25	26	0.486265806481	0.293253153086	-0.168376793725	-0.941090773273	1.61683011055	-0.871469140053	-5.34765577316
26	26	0.445857524872	0.980668448276	0.0732438608566	0.181451732986	5.15521240234	0.377784848213	0.975272655487
27	26	0.456264555454	0.617161959354	-0.645063346761	-0.450560089879	3.29351329803	-3.45370769501	-2.43429780006
28	26	0.487442265265	0.0251953079203	0.163465632115	0.986227247431	-0.00964780990034	0.913956522942	5.63909196854
29	26	0.496590092778	0.761674540169	0.541716885366	0.355520338332	4.39620161057	3.19860649109	1.98953795433
0	27	0.497055403888	0.505705912342	-0.456159622912	0.7322430803	2.95762014389	-2.59565877914	4.3564248085
1	27	0.497952088714	0.302816729052	-0.859357693882	0.41207570005	1.86717617512	-4.97331666946	2.309684515
2	27	0.491994068027	-0.732656236825	0.445389244451	0.514629244766	-4.31856441498	2.56534099579	2.84616494179
3	27	0.489029943943	0.190221134278	0.240164397048	0.951912276665	1.13968658447	1.40637469292	5.42365026474
4	27	0.442272959277	0.257850214018	0.0816274802617	-0.96273060697	1.35924971104	0.388921797276	-4.99764347076
5	27	0.441145375371	-0.23688112202	-0.830283281909	-0.50449678474	-1.21658849716	-4.29682064056	-2.62756896019
6	27	0.478704251349	-0.0280277047195	-0.546428477385	0.837036658021	-0.155220389366	-2.99361348152	4.74568605423
7	27	0.497271334752	0.193345875265	-0.20808103365	-0.95881158522	1.26354014874	-1.22784614563	-5.49696683884
8	27	0.488729022443	-0.794133582678	-0.298816233268	-0.529207626172	-4.62417697906	-1.73329687119	-2.91764593124
9	27	0.480461299419	0.0274057290162	0.889247889822	-0.456603894492	0.140324741602	4.99592590332	-2.56613588333
10	27	0.431245261803	-0.459380469848	0.0873467405188	-0.883934460717	-2.33203744888	0.410069167614	-4.52499485016
11	27	0.462436415255	-0.670858203744	0.231731358008	-0.704450032426	-3.64924860001	1.21960413456	-3.82227039337
12	27	0.455722615123	0.253827421946	-0.535793846628	0.805292862121	1.37091135979	-2.8520014286	4.32271146774
13	27	0.416904918849	0.161340288527	-0.867833755979	0.469929657802	0.811153054237	-4.29227828979	2.28116083145
14	27	0.463435709476	-0.529149647245	-0.75582923433	-0.38564597671	-2.85717177391	-4.09695768356	-2.07827711105
15	27	0.481308043003	0.999765743644	-0.0117547474478	0.0181737103411	5.64656829834	-0.0814093202353	0.117327928543
16	27	0.483951553702	0.911270995332	0.397970932048	-0.105850414787	5.16013669968	2.23791980743	-0.686383247375
17	27	0.489866808057	-0.757979923998	0.623793101514	-0.190653091556	-4.39720726013	3.44194459915	-1.09949111938
18	27	0.493835821748	0.913158160548	0.36218024758	0.186996369179	5.34861183167	1.99957716465	1.04274320602
19	27	0.49907566607	0.241924554307	0.941606463582	0.234200294118	1.41952109337	5.45955181122	1.40886330605
20	27	0.499905027449	-0.264489732074	-0.350834465506	-0.898309723559	-1.56294608116	-2.15953111649	-5.09085178375
21	27	0.499944448471	0.136043698715	0.90669321671	0.399248697945	0.929274022579	5.26153945923	2.37623524666
22	27	0.499672113918	0.0790030410633	0.0229620199499	0.996609886135	0.400242567062	0.0966100692749	5.85247707367
23	27	0.498882936314	0.201846835793	0.329438824778	0.922349128914	1.17290902138	1.879378438	5.45635604858
24	27	0.497401110828	0.00904922150212	0.578223000132	0.815828581081	0.114370033145	3.43309164047	4.75851964951
25	27	0.488660104573	0.703471919098	0.203708143713	0.680903995601	4.01675653458	1.18796205521	3.86455392838
26	27	0.452955581248	0.170746889718	-0.824988753999	0.538738392383	0.896912336349	-4.41131496429	2.83062624931
27	27	0.46080808714	0.249999570826	-0.572501269507	-0.78086010975	1.32678627968	-3.07271647453	-4.24635744095
28	27	0.490514494479	0.693749762413	-0.336838740302	0.636593221911	3.97862625122	-1.94856011868	3.6786198616
29	27	0.496647998691	0.270716236227	-0.650464761728	-0.709653657211	1.43408715725	-3.65806293488	-4.19270992279
0	28	0.49627558887	0.0739299691856	0.480213243019	0.874030663584	0.416707992554	2.86839842796	5.04227733612
1	28	0.495107486844	-0.759842700009	-0.33076307518	-0.559673886599	-4.30126285553	-1.81612491608	-3.33823609352
2	28	0.488992234692	0.110814983926	0.0534121484622	0.992404746932	0.73726183176	0.313694775105	5.63677740097
3	28	0.464221224189	-0.105372378456	-0.992720922801	0.0583252200351	-0.583575248718	-5.42190074921	0.22664809227
4	28	0.452563628554	0.501134880016	-0.766430035699	-0.401806959136	2.70196485519	-4.07885551453	-2.15245008469
5	28	0.482829108834	0.685027778439	0.170450131341	-0.708296333107	3.86578273773	0.941688001156	-3.96748900414
6	28	0.496906224638	-0.577444614092	-0.221386610428	0.785840751284	-3.37518692017	-1.26115369797	4.55528783798
7	28	0.499304026365	-0.6267662002	0.708723998942	0.323843208376	-3.5568561554	4.13871574402	1.91418862343
8	28	0.487115353346	0.82353132437	-0.529853885214	-0.202610508377	4.65579843521	-3.02471351624	-1.13851428032
9	28	0.459895476699	0.697564239774	-0.627085153109	0.346653057305	3.75627994537	-3.44354915619	1.85135817528
10	28	0.425700992346	-0.443089978163	-0.870024643499	-0.216167506705	-2.230656147	-4.33587837219	-1.11457133293
11	28	0.457500204444	-0.845478335221	0.310216794048	0.434663002063	-4.54648685455	1.65373885632	2.35607123375
12	28	0.468903720379	-0.554984955901	-0.684808787984	-0.47225906304	-2.97624969482	-3.7983648777	-2.60869503021
13	28	0.423531368375	0.774783629711	-0.444894961106	-0.449197952705	3.84985876083	-2.28122925758	-2.24952840805
14	28	0.447027407587	-0.125966648208	-0.520578926725	-0.844470239019	-0.638955533504	-2.79362773895	-4.44054746628
15	28	0.490911908448	0.301653924928	0.720171782202	-0.62478597431	1.68837165833	4.08735179901	-3.5759768486
16	28	0.497768541798	-0.341604568251	0.040377143811	0.938976040806	-2.13015270233	0.153997272253	5.36273670197
17	28	0.497984848917	0.496442767635	0.0839632478279	0.863999277475	3.01120877266	0.444082677364	4.98760557175
18	28	0.498138338327	0.771983431116	-0.514655963454	0.373056056596	4.41399669647	-3.06963443756	2.23456215858
19	28	0.499877825379	-0.492842816318	0.318770655296	-0.809624127436	-2.89781713486	1.81386613846	-4.67644119263
20	28	0.499986991286	0.956844950898	0.205856456281	-0.20511182157	5.60708236694	1.1303999424	-0.962991952896
21	28	0.499986127019	-0.829201889148	0.522084177276	-0.199630505865	-4.83978319168	2.88709878922	-1.22914886475
22	28	0.499941304326	0.521376069765	-0.7071778957	0.477562998681	2.98576617241	-4.12020397186	2.80372858047
23	28	0.499935224652	0.644535136695	-0.218892665055	-0.732571128799	3.7355132103	-1.24974894524	-4.23393344879
24	28	0.498920172453	-0.865410551598	0.390447772094	-0.314030435547	-5.02366924286	2.25236010551	-1.79882574081
25	28	0.49241040647	-0.671114112718	-0.692398766163	-0.264933569648	-3.76913928986	-4.04870271683	-1.54508781433
26	28	0.460509520024	-0.442071572066	-0.181391245374	0.878447460736	-2.39655780792	-0.926695168018	4.81411075592
27	28	0.481832653284	-0.925692057279	-0.295127636786	0.236630287783	-5.21663188934	-1.65704965591	1.32721734047
28	28	0.49464058131	0.255874466924	0.608944555727	0.750809420044	1.60956382751	3.5689034462	4.28757190704
29	28	0.49625216797	-0.504016433861	-0.123763268844	0.854780724913	-3.02140235901	-0.698486804962	4.92914485931
0	29	0.490313187242	0.992406789906	0.0273173489093	0.119927168719	5.71071386337	0.181501284242	0.533947467804
1	29	0.476461820304	-0.645831890831	-0.580438756783	0.49597582442	-3.5722424984	-3.2262263298	2.8080072403
2	29	0.45768968761	-0.602763198172	0.761215079376	-0.23922401606	-3.22404766083	4.08324480057	-1.29506778717
3	29	0.448913253844	-0.3120158411	-0.607937106749	0.730108614618	-1.65987360477	-3.17782592773	3.89582276344
4	29	0.470373928547	-0.462911382651	-0.810825929319	0.358154106715	-2.53196787834	-4.51066970825	1.92311966419
5	29	0.498393565416	-0.651182533742	0.748478339583	0.125465066552	-3.74890351295	4.2897195816	0.768029689789
6	29	0.49965596199	0.332645333143	-0.875019744299	-0.351692378969	2.00844717026	-5.01578998566	-2.04882240295
7	29	0.498560160398	-0.521185104962	-0.491483813508	-0.697717526959	-3.03335428238	-2.95023393631	-3.98028516769
8	29	0.493037059903	0.557120930279	0.781497998298	-0.280850756989	3.18507194519	4.50871706009	-1.54097032547
9	29	0.466599673033	0.496695857372	-0.7605226607	0.41820868933	2.73523712158	-4.14778089523	2.27923226357
10	29	0.461193814874	-0.378256104111	-0.925682721502	-0.00581539465429	-2.03361773491	-4.98840045929	-0.069310426712
11	29	0.483188211918	-0.138177527281	0.931705004933	0.335905871842	-0.75821185112	5.26306247711	1.88538050652
12	29	0.490365490317	-0.779219965733	0.464490288073	-0.420790942499	-4.43369150162	2.68866586685	-2.42803192139
13	29	0.472208485007	0.975773490564	-0.169522834795	-0.138304387476	5.39993953705	-0.977351009846	-0.739575386047
14	29	0.481930460781	-0.51654100303	0.218401768987	-0.827940855069	-2.91160655022	1.23168027401	-4.64114904404
15	29	0.497018478811	-0.467171044104	-0.522343534909	0.71337819359	-2.61795759201	-3.00497674942	4.13451385498
16	29	0.499417796731	0.951072705726	0.00546081981719	-0.308918901767	5.47734975815	0.0185264665633	-1.81502223015
17	29	0.499291151762	-0.672666411578	0.648464578285	0.356389659565	-4.00403118134	3.65046787262	2.10025644302
18	29	0.499783672392	0.242423662483	0.196507586735	-0.950060806593	1.36410021782	1.13819909096	-5.49045467377
19	29	0.499935939908	-0.803545475521	-0.541906233914	0.246276881609	-4.59761476517	-3.18810462952	1.67085003853
20	29	0.499987183139	-0.155084699916	0.284768262652	-0.945968166715	-0.980392992496	1.65788149834	-5.44448041916
21	29	0.49989040941	0.701021604875	0.39441180448	0.594144795471	4.09709358215	2.18722558022	3.48853492737
22	29	0.499932527542	0.24944785342	0.475972685508	-0.843342024966	1.48232889175	2.76479196548	-4.89932250977
23	29	0.499953389168	-0.991202925435	0.117236508678	-0.0614195542357	-5.69825315475	0.670539081097	-0.25027513504
24	29	0.499381676316	0.962815222358	0.0336921954355	0.268051643462	5.56891012192	0.0794705972075	1.53301548958
25	29	0.497375831008	-0.571632765257	0.73054438595	-0.373551712405	-3.21792840958	4.24047231674	-2.16531324387
26	29	0.483216999099	-0.0842720196257	-0.28567249935	0.954614817517	-0.469551861286	-1.59108388424	5.41970539093
27	29	0.492531098425	0.13275631663	-0.803678684151	-0.580065800609	0.829152941704	-4.55015230179	-3.39731836319
28	29	0.499311819673	-0.840023874403	0.542164603374	-0.0204311840271	-4.88915777206	3.11614322662	-0.187845468521
29	29	0.496648028493	0.20712337773	-0.84967048695	0.484932954132	1.20405554771	-4.93904829025	2.80839705467
