0	0	0.496959328651	-0.154517987181	0.854887392308	0.495269359147	-0.988505601883	4.89711380005	2.89264440536
1	0	0.499343227595	0.359525463255	-0.370766965933	-0.85631378492	2.02377891541	-2.18045401573	-4.92540931702
2	0	0.487539798021	-0.820278353098	-0.437501985253	0.368422904199	-4.63541889191	-2.48427510262	2.15067815781
3	0	0.46776817739	0.413636594204	-0.901992499716	0.123750953096	2.37188339233	-4.93605184555	0.663017272949
4	0	0.485288098454	0.228234423852	-0.86740470114	0.442174323326	1.33360803127	-4.94078350067	2.49244523048
5	0	0.488823339343	-0.519109117801	-0.773582372221	-0.363450185315	-2.94841361046	-4.40777397156	-2.17769622803
6	0	0.488612666726	-0.882085731731	0.454439792432	0.124133947539	-5.03433322906	2.70575070381	0.733253479004
7	0	0.491549834609	-0.580649955714	-0.28953450647	0.760930613455	-3.2559967041	-1.7604765892	4.3868021965
8	0	0.44908214733	-0.100078064392	0.493730498125	-0.863837123681	-0.529860258102	2.62612843513	-4.51166343689
9	0	0.416021630168	-0.175194310369	0.657968190588	-0.732382969346	-0.874267101288	3.24217200279	-3.60973954201
10	0	0.47432719171	0.3825703871	0.76754865289	0.514304349933	2.07552814484	4.28821849823	2.85948443413
11	0	0.439074084163	0.526489665833	0.716075571518	-0.45830601965	2.72566843033	3.72262072563	-2.40929412842
12	0	0.420905224979	0.101808994787	0.900046721457	-0.423734383518	0.524259805679	4.4804816246	-2.10382318497
13	0	0.424610704184	-0.0513388581515	0.908400031601	-0.414938193266	-0.263994455338	4.58989238739	-2.09779047966
14	0	0.435837365687	0.226678071123	0.762965502935	0.605393007395	1.16958391666	3.93095827103	3.13597583771
15	0	0.43310329318	0.248299783337	-0.638391121297	0.728562964914	1.2969275713	-3.23615550995	3.72640562057
16	0	0.451354652643	-0.0822925671338	-0.992597135724	0.0893244622034	-0.442755758762	-5.26648712158	0.493433952332
17	0	0.482134073973	-0.309958258577	-0.86321193406	0.398485928029	-1.88580656052	-4.80242013931	2.25468468666
18	0	0.498113065958	0.870000679849	-0.333498205464	-0.36314978179	5.01834201813	-1.94103169441	-2.12575101852
19	0	0.498248428106	0.0358135970947	0.938886848275	-0.342357813405	0.159606963396	5.37153291702	-2.04733848572
20	0	0.49567007646	-0.0259456202257	0.322693964709	0.946147678712	-0.275075942278	1.80509912968	5.49102878571
21	0	0.496714841574	0.372694160626	0.0236120445559	-0.927653779159	2.10710120201	0.19070315361	-5.36904001236
22	0	0.498103797436	0.0647473097575	-0.903463677336	-0.423746586552	0.330059885979	-5.24214839935	-2.43643069267
23	0	0.499706074595	-0.0855358653586	0.949700935615	0.301250308927	-0.578020215034	5.49120903015	1.70459127426
24	0	0.499475866556	-0.374888701827	-0.804896028966	-0.46000091717	-2.24294519424	-4.56303071976	-2.66615486145
25	0	0.498985499144	0.822077598259	0.350545796826	0.448671446348	4.87816858292	1.92013859749	2.60092067719
26	0	0.496733143926	0.0774241594557	0.966595651518	0.244332449745	0.411772608757	5.62138271332	1.43117570877
27	0	0.479815766215	0.639207217834	0.59498923443	0.487239103092	3.69729661942	3.26951694489	2.74720716476
28	0	0.471256628633	-0.0165410063404	0.757722157815	0.652367631528	-0.0824314951897	4.18882465363	3.6159594059
29	0	0.485527832061	-0.213398898771	0.489547723749	-0.845460783345	-1.18212878704	2.6932220459	-4.83850002289
0	1	0.491271641105	0.406688628826	0.276290092515	0.870785934637	2.38910984993	1.49813580513	5.06000328064
1	1	0.494599625468	-0.00559948359403	0.879037279073	0.476720156679	-0.0420567430556	5.06718635559	2.75341439247
2	1	0.482525020838	-0.369359615702	0.784631910634	-0.497921920689	-2.0160651207	4.43482398987	-2.84527254105
3	1	0.467117786407	-0.432826065227	-0.662771619423	-0.611060862556	-2.37116289139	-3.61934065819	-3.33238887787
4	1	0.484487012029	-0.478960275064	0.0333259814428	0.877203758469	-2.75241160393	0.293770968914	4.92017793655
5	1	0.495696373284	0.754751871131	-0.300528144175	0.583123012393	4.40713739395	-1.69407939911	3.273011446
6	1	0.496964126825	-0.887524344926	-0.425555978823	-0.176642707326	-5.0742020607	-2.52045679092	-1.17770767212
7	1	0.498793788254	-0.224757241659	0.73899933877	0.635109565051	-1.18237805367	4.35034275055	3.58287763596
8	1	0.490182578564	0.267040661369	-0.929537836535	-0.254261077686	1.46569705009	-5.28958797455	-1.47879695892
9	1	0.469091266394	0.457057588473	0.756105811726	-0.468404058792	2.51073741913	4.19786214828	-2.53746318817
10	1	0.487878799438	0.566244259741	-0.692444190365	-0.447088896686	3.13036203384	-4.02586650848	-2.51334857941
11	1	0.462329797447	0.123907279889	0.654764686171	0.745607263734	0.687002003193	3.54847955704	4.04545688629
12	1	0.437411546707	-0.416392623041	0.829079328382	0.373154995582	-2.14864206314	4.29595327377	1.92765712738
13	1	0.455682903528	0.37137217118	0.903045251349	0.21585176508	1.98265707493	4.8672952652	1.1241569519
14	1	0.474917978048	-0.0861074791568	0.805841517714	0.585836965684	-0.471899986267	4.45227575302	3.29832434654
15	1	0.483558297157	-0.762725390395	-0.646680504992	0.00736907799192	-4.27423191071	-3.69198131561	-0.013286113739
16	1	0.485985325649	-0.0506123040918	0.290718946167	-0.955468936708	-0.240449637175	1.66734361649	-5.40769147873
17	1	0.490554668009	0.730600604742	0.429442990727	-0.530849766003	4.17275381088	2.46468162537	-3.06778216362
18	1	0.496461607516	0.400327077896	-0.368820864481	0.838873888392	2.2896528244	-2.06465506554	4.94390058517
19	1	0.49776391685	0.099123771984	-0.940822815391	0.324078552001	0.456353455782	-5.54300785065	1.79883623123
20	1	0.498719841242	0.859819403979	-0.352154313027	0.369726834781	5.08755874634	-2.11746835709	1.97061729431
21	1	0.499694835395	0.184744578854	0.368967788952	0.910896377916	0.995109558105	2.25992631912	5.24370384216
22	1	0.499189294875	-0.361953561505	-0.75320858952	0.549241695419	-2.20105624199	-4.43916130066	3.08056735992
23	1	0.498323336244	0.704218864277	0.221295419791	0.674614058834	4.13248252869	1.30857384205	3.89661431313
24	1	0.49530685693	0.454801475558	-0.452092200047	0.767312361745	2.60756731033	-2.71192264557	4.43137121201
25	1	0.498623773456	-0.189575757384	0.937395143643	0.292149579646	-1.1444286108	5.45523357391	1.69957232475
26	1	0.497353145853	0.00787158857804	-0.24764091564	-0.968819908442	0.0419804155827	-1.51175069809	-5.55176830292
27	1	0.467602863908	-0.888084945386	-0.40014942008	0.226242284704	-4.86340999603	-2.16865301132	1.29301047325
28	1	0.440288152546	-0.168667334812	-0.482730905415	0.859373145452	-0.913138866425	-2.48783040047	4.45879936218
29	1	0.468300119042	-0.737945325485	0.585078047005	-0.33633372639	-4.07369327545	3.19561100006	-1.83471655846
0	2	0.491724863648	0.843214373892	-0.327377259189	0.426396118448	4.90581464767	-1.79727983475	2.43153309822
1	2	0.489981010556	-0.419944421268	-0.855530252231	0.302844300861	-2.46477937698	-4.89449262619	1.61692619324
2	2	0.459657087922	-0.66930575787	-0.701211414382	0.245626453833	-3.60963463783	-3.81922960281	1.31293034554
3	2	0.420851320028	0.49272790586	-0.777856997035	-0.390073971126	2.4683983326	-3.88345098495	-1.92701721191
4	2	0.470048338175	0.0400054242337	-0.751022793914	-0.659063220832	0.225395590067	-4.1330947876	-3.60578250885
5	2	0.498716890812	-0.149660213453	0.954726108315	0.25709896657	-0.973767518997	5.52982378006	1.38989281654
6	2	0.498984495178	-0.235385310353	-0.0285372087473	0.971483084457	-1.3207679987	-0.171383827925	5.64526844025
7	2	0.499898925424	-0.0375167624633	-0.954433513276	-0.296056010359	-0.163255363703	-5.49620723724	-1.82935714722
8	2	0.498662590981	0.545469719223	-0.181098013699	0.818331408932	3.10660457611	-0.984961271286	4.76119565964
9	2	0.489887714386	-0.124127374878	0.920915663579	-0.369468179118	-0.777731776237	5.2801361084	-2.08806467056
10	2	0.488478288054	0.581178318068	0.397279660492	-0.710211682505	3.39815664291	2.19277906418	-4.06270837784
11	2	0.463987395167	-0.750232874014	0.61541434506	0.241693646262	-4.09914016724	3.34333634377	1.32292127609
12	2	0.455098301172	-0.957080480609	-0.285411529918	-0.0503707477214	-5.13123273849	-1.52339029312	-0.290976047516
13	2	0.489980041981	0.364182447649	-0.899773621913	0.240371741544	2.0467505455	-5.15721225739	1.39343333244
14	2	0.497839471325	0.339060941413	-0.265403226514	-0.902551275753	1.95661711693	-1.52119231224	-5.23017120361
15	2	0.49801225774	-0.359112231396	-0.0958614883803	0.928358217666	-1.957421422	-0.545935988426	5.45537233353
16	2	0.497775949538	-0.715267347976	0.15209181711	0.682100212643	-4.14824771881	0.846546888351	3.95067214966
17	2	0.47866281867	0.263985524966	0.934564265428	-0.238539884281	1.51640605927	5.22452974319	-1.36119437218
18	2	0.49050322175	-0.691804725479	-0.460698732931	0.556024189474	-4.03558206558	-2.62145423889	3.13002872467
19	2	0.497702859342	0.353418922872	-0.538889781467	0.764652122463	2.09417200089	-3.16142988205	4.45558404922
20	2	0.497848123312	-0.124720224698	0.668360435424	0.733307025679	-0.844695448875	3.98828887939	4.13235902786
21	2	0.499737203121	0.0365668480848	-0.958086093383	-0.284137120572	0.145250484347	-5.44166564941	-1.76806282997
22	2	0.499226175249	0.242385233315	0.814569513843	0.526997064307	1.42084681988	4.66473007202	3.0235376358
23	2	0.490474949591	-0.112881954485	0.0861930794624	-0.98986282757	-0.749284803867	0.385194778442	-5.63434505463
24	2	0.487241625786	0.712248070244	0.531181910365	0.458855603142	4.04773521423	3.00992393494	2.64340162277
25	2	0.497722804546	-0.816901705229	0.560842609334	-0.134637184868	-4.76183748245	3.1508936882	-0.890749454498
26	2	0.49818880856	0.849957320617	-0.0165925393566	0.526590201929	4.87096500397	-0.109123773873	3.00047039986
27	2	0.461722895503	-0.856369749817	-0.516102272963	0.0164102236887	-4.66130971909	-2.77215337753	0.0817368030548
28	2	0.41358409822	-0.86211116725	0.18650977215	0.471145879952	-4.21203231812	0.88346850872	2.3163523674
29	2	0.444447740912	-0.941223554157	0.0782985929805	0.328584161878	-4.9254565239	0.414466440678	1.70025253296
0	3	0.497336506844	0.39417868673	-0.782655444614	-0.481740197559	2.14954829216	-4.56190443039	-2.79131269455
1	3	0.493624359369	0.678009930863	0.361379789761	0.640083729838	3.89029932022	2.20067667961	3.58460044861
2	3	0.459903076291	-0.897615409488	-0.336969500874	0.284144562029	-4.8595328331	-1.81111931801	1.5095770359
3	3	0.435523435473	0.409606010258	-0.884567392151	0.223077217806	2.09602165222	-4.55557584763	1.14558887482
4	3	0.478573128581	-0.0228938446476	-0.568100365525	-0.822640776139	-0.163980945945	-3.14971661568	-4.63680887222
5	3	0.494414418936	0.990215573911	-0.131276290887	0.0473249684075	5.7216463089	-0.805573225021	0.287335157394
6	3	0.497198648751	0.627246364233	0.549996874164	-0.551421288097	3.57344293594	3.22598838806	-3.22756910324
7	3	0.499398596585	-0.832978291395	0.0890583071669	-0.546091369634	-4.93126344681	0.466678380966	-3.14038515091
8	3	0.499154176563	-0.311162822187	0.31760765758	-0.895713723203	-1.72411215305	1.99026679993	-5.20411539078
9	3	0.497059926391	-0.538187599531	-0.769927363992	-0.342878931822	-3.0235683918	-4.58543157578	-1.84265494347
10	3	0.49275919795	-0.312584328269	0.94234006802	0.119525034722	-1.69728803635	5.40204143524	0.730697870255
11	3	0.447293072939	-0.789744165876	-0.415874874284	0.450945940667	-4.14240169525	-2.24824953079	2.3634262085
12	3	0.424708038568	-0.536389310967	-0.784377797931	0.311509192791	-2.68966007233	-3.93027806282	1.58976137638
13	3	0.475508507341	0.496787950404	0.144642636755	0.855733743618	2.75584101677	0.832899451256	4.75456619263
14	3	0.496766177937	-0.0178308483511	0.297143281694	-0.954666397749	-0.12071660161	1.70967268944	-5.52862405777
15	3	0.498717740178	-0.762689482539	0.595866016901	-0.251492431551	-4.47794771194	3.42989969254	-1.4485270977
16	3	0.495786011219	0.65454570105	-0.656823292783	-0.374370254288	3.79977416992	-3.71194648743	-2.12650895119
17	3	0.427302986383	-0.0664482269627	0.831527678181	-0.551494654147	-0.387742012739	4.18016338348	-2.79089736938
18	3	0.438034161925	-0.664079929902	0.373064414077	-0.647935791303	-3.40559434891	1.92611718178	-3.31976461411
19	3	0.479521080852	0.793277786784	0.418558903477	-0.442175075412	4.41715860367	2.34442853928	-2.51185941696
20	3	0.493890952319	0.352176555168	0.369582306507	0.859872428158	2.06860351562	2.15247869492	5.01483535767
21	3	0.4986095801	0.564904705652	0.321981606169	0.759743719172	3.25140810013	1.9467959404	4.43488359451
22	3	0.492889642715	-0.60158635742	-0.395677941082	-0.693925659928	-3.45896148682	-2.34003663063	-3.89998722076
23	3	0.46894525364	0.245585572231	-0.0418649513432	-0.968470470671	1.39741134644	-0.200581431389	-5.35367870331
24	3	0.461548432708	0.984382754142	0.0216953897892	-0.17469946597	5.35751724243	0.126351758838	-0.946374416351
25	3	0.489578641951	0.139628655608	-0.775129957625	0.616179671302	0.814053058624	-4.3941693306	3.4977016449
26	3	0.497523352504	-0.946560597078	0.269765597387	-0.176775446614	-5.45497941971	1.64900684357	-0.981348276138
27	3	0.491670533083	-0.128934942657	-0.0319276047178	-0.991138945163	-0.703410863876	-0.218814134598	-5.68553352356
28	3	0.466312617064	0.0479463941796	0.984770903626	0.167114962399	0.281845510006	5.39064836502	0.889016628265
29	3	0.475140541792	-0.135494081156	0.827398538877	0.545025698326	-0.690363645554	4.5940155983	3.05087089539
0	4	0.49953225255	-0.128093808489	0.826973750628	-0.547454465686	-0.706551074982	4.81703710556	-3.10291051865
1	4	0.481289699674	-0.2268989517	-0.483910713695	0.845190680787	-1.34930336475	-2.79581665993	4.7153673172
2	4	0.431644178927	0.131860590144	-0.364777019635	0.921710643702	0.694894492626	-1.88692331314	4.72408914566
3	4	0.428672991693	0.49745048427	-0.555116283954	0.666625027274	2.53626155853	-2.80402159691	3.40705537796
4	4	0.472107633948	-0.377901124358	0.581166239059	0.720719461918	-2.0661110878	3.24293279648	3.98106002808
5	4	0.480851000175	-0.023867045323	-0.325841116635	0.945123235805	-0.23823903501	-1.8776102066	5.32757854462
6	4	0.494975462556	0.777730021389	-0.608425736478	0.15796878496	4.44536495209	-3.54778766632	0.803439378738
7	4	0.499705344439	-0.398459856232	0.775675658576	0.489445620743	-2.16641664505	4.52836084366	2.8467566967
8	4	0.499018132687	-0.442703918715	-0.785441177327	-0.432545254642	-2.52828454971	-4.6227684021	-2.45273566246
9	4	0.496810380369	-0.532233887174	-0.370987336551	-0.760983235993	-3.13042759895	-2.00594425201	-4.53789377213
10	4	0.493065029383	-0.664802919669	-0.705087861769	-0.246755314404	-3.71052408218	-4.17484760284	-1.42163968086
11	4	0.452626414597	-0.549346264066	0.624321121304	0.555375386248	-2.87519001961	3.37551140785	2.95514822006
12	4	0.417636085302	-0.464147846591	0.181819360113	0.866895897322	-2.32411932945	0.867968738079	4.28090572357
13	4	0.460277268663	-0.249816625496	-0.325523451801	0.911935379264	-1.42841172218	-1.78454875946	4.93022060394
14	4	0.492385424674	0.403366451145	-0.389565394532	0.8279699931	2.31727600098	-2.24080061913	4.76195192337
15	4	0.49765868485	0.242280620855	0.953631737346	0.178568223054	1.43237578869	5.49713993073	1.01404428482
16	4	0.489593610168	-0.742972698502	-0.629610002015	0.227118503526	-4.26166248322	-3.52541732788	1.32881236076
17	4	0.419775381684	-0.770457934763	0.0637932513358	-0.634290936278	-3.79995560646	0.330767601728	-3.14481115341
18	4	0.419406995177	-0.886348596655	-0.460473209178	0.0484828715863	-4.39508962631	-2.25598692894	0.205111980438
19	4	0.483971934766	-0.382680062981	0.354360999574	-0.853219931423	-2.19592285156	2.02901387215	-4.80708456039
20	4	0.498913653195	-0.533448567011	-0.647435233098	0.544297937988	-3.15125846863	-3.71071863174	3.11912584305
21	4	0.498341053724	0.935007340506	0.152868844138	0.319988108671	5.48418140411	0.869495511055	1.7568564415
22	4	0.48831525445	0.152493206377	0.649606215124	-0.744820506754	0.835533380508	3.74024343491	-4.21813440323
23	4	0.462917938828	-0.830711661774	-0.500330026499	-0.244106533251	-4.51573038101	-2.71781373024	-1.28338027
24	4	0.467117946595	0.356527846229	0.464404832256	-0.810688624961	1.90283894539	2.55402612686	-4.44647026062
25	4	0.478186517954	0.898511680271	0.153000516632	-0.411421441257	5.05536651611	0.925451397896	-2.29217672348
26	4	0.495655536652	-0.208821025754	-0.802684687419	-0.558651118129	-1.30859565735	-4.61958885193	-3.20681095123
27	4	0.499528802931	0.740403879614	0.0452228375549	0.670639239842	4.29055070877	0.377152293921	3.83692932129
28	4	0.496528003365	-0.46095619348	-0.378994256785	0.802423043672	-2.68982982635	-2.23073029518	4.6096868515
29	4	0.495496287942	-0.995595788015	0.066249204176	-0.0663330221945	-5.79017353058	0.235423445702	-0.46904873848
0	5	0.498192578554	0.630212579292	-0.776245141912	-0.0166007397342	3.55079126358	-4.52178525925	-0.136604785919
1	5	0.482303723693	0.661908356613	-0.168324696421	0.730441047601	3.79320430756	-0.848532021046	4.11704158783
2	5	0.434235580266	-0.163765295143	-0.695263840811	0.699849355053	-0.845372736454	-3.59706115723	3.61049079895
3	5	0.433847898617	-0.0148372951555	-0.129764317088	0.991433848869	-0.0936003699899	-0.672259271145	5.06873559952
4	5	0.452226430178	-0.409680931258	0.82580583451	0.387564521405	-2.17074203491	4.4330291748	2.06481337547
5	5	0.476414941251	0.0950769103783	0.823610106994	0.55913037189	0.551996707916	4.66967725754	3.05524492264
6	5	0.494310259819	-0.738967219722	0.304041574916	0.601237198532	-4.27685260773	1.8529214859	3.41114020348
7	5	0.499329730868	-0.606800334541	-0.726377320383	-0.322752757438	-3.42950963974	-4.24514245987	-1.88659739494
8	5	0.499710932374	0.786417813868	0.230002100778	0.573276596129	4.49143314362	1.45299613476	3.3221745491
9	5	0.498926773667	0.690426663838	-0.511291695366	0.51175367523	3.98425769806	-3.04280471802	2.9399998188
10	5	0.497127696872	-0.792105752892	0.539971405905	0.284603859847	-4.5361161232	3.26828718185	1.51409912109
11	5	0.486986070871	-0.632970670708	-0.559143761637	0.535449702443	-3.51973557472	-3.2922270298	3.00994801521
12	5	0.470254123211	0.503223834135	0.359620324497	0.785772864744	2.80735635757	2.02832984924	4.34125757217
13	5	0.48913988471	0.787121694262	0.614559935905	-0.0524930814623	4.45479154587	3.50238490105	-0.327809333801
14	5	0.495270371437	0.138855178325	-0.989897645492	0.0286686396991	0.74690580368	-5.76531219482	0.105412006378
15	5	0.49615123868	0.415079397327	-0.596938084922	-0.68656683337	2.38719654083	-3.51054811478	-3.98579287529
16	5	0.494732916355	0.74467021404	-0.642447505405	-0.180907366131	4.39641523361	-3.62773489952	-1.04526042938
17	5	0.474912501872	-0.612879261056	0.546414060918	0.570798287838	-3.44060134888	3.0292506218	3.09204483032
18	5	0.47764335759	-0.273000545753	-0.0204111697197	0.961797320733	-1.48813080788	-0.114363312721	5.35627555847
19	5	0.497240133584	0.620058692548	0.357337149564	-0.698453562763	3.64878082275	2.09388113022	-3.99742889404
20	5	0.497402347624	0.656159799093	-0.506983307216	-0.558947443199	3.82315707207	-2.93978309631	-3.22067642212
21	5	0.495665010065	-0.557498556436	-0.115578028933	0.822093108352	-3.24754333496	-0.565605998039	4.68910884857
22	5	0.468572288752	0.711729105632	-0.694569692048	-0.104950574485	3.9103178978	-3.8035941124	-0.597340583801
23	5	0.443368963897	0.145584444762	-0.673993835126	-0.724249597622	0.737606823444	-3.51627659798	-3.82949876785
24	5	0.479106858373	-0.264892759082	-0.956348656797	-0.123406129619	-1.47932076454	-5.33120155334	-0.703196287155
25	5	0.48691213131	0.960942780532	0.266520829004	-0.0745360332388	5.52611589432	1.58617937565	-0.402414798737
26	5	0.496298640966	0.896572749407	-0.427069354966	-0.11734168513	5.21257972717	-2.40146946907	-0.617896080017
27	5	0.496535569429	-0.85469671197	-0.512239368897	-0.0842873626337	-4.97493934631	-2.84061574936	-0.412190914154
28	5	0.494362391531	0.754174898533	-0.127723417557	-0.644132712281	4.32617473602	-0.746151685715	-3.70672178268
29	5	0.49673743546	0.0766828756375	0.920663036776	0.382752281897	0.461220085621	5.29671573639	2.25816226006
0	6	0.49032343924	-0.800888808238	0.588506466011	0.110622132972	-4.56060695648	3.45554208755	0.729969263077
1	6	0.493907228112	-0.915991080857	-0.266762561576	-0.299663270241	-5.21990537643	-1.53568792343	-1.88222193718
2	6	0.482188902795	-0.53674211072	-0.0421231840623	0.842694217344	-3.00055122375	-0.122504353523	4.76821470261
3	6	0.479237064719	-0.0112587163543	-0.989753685965	-0.142340726512	0.0214384458959	-5.56988048553	-0.788425683975
4	6	0.491505295038	-0.869860112542	-0.456552875993	-0.186823060758	-4.98901939392	-2.59689593315	-1.03273463249
5	6	0.497496500611	0.730898895694	-0.616045007738	0.293726663267	4.28913068771	-3.55146121979	1.58261823654
6	6	0.498901888728	-0.0830493394633	-0.777102185263	0.623870980952	-0.495666325092	-4.48853969574	3.62047934532
7	6	0.499779831618	0.2725298555	0.541615709893	-0.795223176635	1.60968279839	3.26027059555	-4.50304841995
8	6	0.499159995466	-0.347369927008	0.023689925964	-0.93742888862	-2.1376054287	-0.039930485189	-5.37762975693
9	6	0.496218249202	0.749576841796	0.599732096024	0.280099930816	4.32590007782	3.55482721329	1.53285336494
10	6	0.497116364539	-0.110110882802	-0.217237708321	0.969888329434	-0.587344944477	-1.45155704021	5.56945371628
11	6	0.499172911048	-0.21928132371	0.780282752744	-0.585725641271	-1.2430485487	4.39684724808	-3.45455574989
12	6	0.497012317181	0.370098909847	-0.1674596026	0.913774632186	2.14993810654	-0.97505646944	5.25881576538
13	6	0.499524444342	-0.894665642312	0.00363425577819	-0.446721591879	-5.09917449951	-0.00879716873169	-2.6596622467
14	6	0.497358951718	-0.562176707403	-0.279069627061	0.778509789859	-3.1813378334	-1.63874638081	4.60102510452
15	6	0.497297525406	-0.416861490385	0.570233971593	-0.707855716566	-2.29766225815	3.37746858597	-4.06141662598
16	6	0.496165856719	0.0569111423211	-0.988394661294	0.140844294901	0.323168158531	-5.71340608597	0.834858179092
17	6	0.493556022644	0.602581045958	-0.297496739103	0.740534788701	3.54150819778	-1.57754731178	4.26724910736
18	6	0.498199552298	-0.393929319001	-0.521647881631	-0.756771550219	-2.23985552788	-2.91791009903	-4.4486246109
19	6	0.495925486088	-0.962821130434	-0.0232665086076	-0.269135914302	-5.65358161926	-0.209783121943	-1.41264510155
20	6	0.489998959005	0.00901219087259	0.492250004094	-0.870407211531	0.058933172375	2.94662857056	-4.96466684341
21	6	0.494243115187	-0.521088135052	-0.450196839183	-0.725113757625	-2.96599936485	-2.64597439766	-4.13049268723
22	6	0.471801094711	0.786915423548	-0.30887796233	0.534189592345	4.34301757812	-1.59895420074	3.04152870178
23	6	0.470207288861	0.834443372715	-0.471564100627	-0.285186880363	4.56654882431	-2.57437467575	-1.65850543976
24	6	0.494364120066	-0.437290795885	0.292294259434	0.850494459556	-2.49274396896	1.6829020977	4.89826393127
25	6	0.495959460735	0.677878037798	0.715083357517	-0.170696097417	3.97801780701	4.08997440338	-0.978327512741
26	6	0.486799299717	-0.90106195353	0.407147899658	-0.149391913113	-5.14196920395	2.24643421173	-0.763222932816
27	6	0.481940937229	-0.124865447239	-0.243261255588	-0.961890108908	-0.59992235899	-1.40057659149	-5.4573597908
28	6	0.481864906847	0.748226832535	0.31285340134	-0.58504645657	4.26766967773	1.75838327408	-3.29167079926
29	6	0.484000965953	-0.761284222239	0.609936165511	-0.220055008968	-4.40786266327	3.36260104179	-1.30391263962
0	7	0.494575403631	-0.768810947876	0.320242754472	-0.553510889355	-4.42802858353	1.8093354702	-3.23661136627
1	7	0.498379627243	0.115801704634	-0.404180969423	0.907318967706	0.689015209675	-2.20705509186	5.27959251404
2	7	0.498046442866	0.62391203651	-0.632106783195	-0.45953757772	3.58218812943	-3.61956834793	-2.74679970741
3	7	0.493341948837	-0.284811893969	-0.125751128239	-0.950299341682	-1.66587233543	-0.713988542557	-5.50585889816
4	7	0.496537573636	0.205430703615	0.808915321107	-0.550866798138	1.29172444344	4.7322769165	-3.11512613297
5	7	0.499585390091	-0.422180990605	0.64630202719	0.635654702509	-2.55850505829	3.68281602859	3.6939022541
6	7	0.499255325645	0.00404096792856	0.419310826977	-0.907833740813	0.0401612147689	2.50009036064	-5.19699859619
7	7	0.498027905822	0.239249163399	-0.927792163157	0.286289258963	1.27065658569	-5.37140512466	1.67219018936
8	7	0.499175459146	0.30953556173	0.904489295146	0.293405608316	1.80898094177	5.23350095749	1.65295696259
9	7	0.490612128749	0.36809263813	0.0549066008177	0.928166512508	2.08333778381	0.143447563052	5.41378116608
10	7	0.490367546678	-0.352530054584	0.869171494432	0.346790244792	-2.09007167816	5.04375362396	1.84496259689
11	7	0.497562117875	0.704856913458	-0.116162098592	0.699773605104	4.03588819504	-0.698298215866	4.10017251968
12	7	0.499401979148	-0.0137507131819	-0.72056057889	-0.693255631089	-0.146024897695	-4.10736656189	-4.08143615723
13	7	0.498886205256	0.758553104578	0.211674782105	0.616271834628	4.43858671188	1.27120566368	3.51317477226
14	7	0.495277099311	-0.482276503724	0.386591180172	0.786102177435	-2.84067869186	2.2587428093	4.60284757614
15	7	0.496295690536	-0.972832537213	-0.00164204428006	0.231504121411	-5.65918159485	-0.178729683161	1.40544176102
16	7	0.497959151864	-0.921478069173	0.363114832176	-0.137933993949	-5.2474155426	2.2911670208	-0.896615743637
17	7	0.498484224081	-0.0949898563273	-0.915404703348	0.39116640485	-0.579851090908	-5.33886384964	2.24349784851
18	7	0.49973526597	0.551302985507	-0.388079221053	0.738552324726	3.27109336853	-2.17929506302	4.23466682434
19	7	0.498148992658	-0.817371810258	0.567751507061	-0.0977831786402	-4.7195019722	3.26739501953	-0.596939325333
20	7	0.488805599511	0.764210085055	0.299337452207	-0.571296801677	4.44911003113	1.54826927185	-3.2751865387
21	7	0.491411522031	0.104596088156	0.988036762662	-0.113327022248	0.596452593803	5.670794487	-0.601479768753
22	7	0.493531644344	-0.0800972330815	-0.995786904029	-0.0446416287386	-0.584835886955	-5.69876098633	-0.322882175446
23	7	0.493178512901	0.142463910804	-0.19638418237	0.970122305193	0.858777701855	-1.00037586689	5.56150150299
24	7	0.496169894934	-0.988296090583	-0.0521905418865	-0.14334219433	-5.71563053131	-0.243266522884	-0.936752319336
25	7	0.493499871343	-0.491880531908	-0.269195494226	-0.828002009791	-2.77791380882	-1.65285980701	-4.75206041336
26	7	0.468183100224	-0.484642814144	0.807167506396	-0.337048897515	-2.63234758377	4.53657865524	-1.83518528938
27	7	0.48069241643	-0.954632294822	0.163505248203	-0.248883939805	-5.37455177307	0.854586958885	-1.37299466133
28	7	0.4857429564	0.294752003307	0.779509124784	0.552708585897	1.73706555367	4.39445495605	3.19367313385
29	7	0.486734956503	0.232026513071	0.877815785315	0.41905028849	1.39809942245	4.99583101273	2.3818757534
0	8	0.496783666313	0.0682096274714	-0.461171112957	-0.88468562286	0.439715743065	-2.59787940979	-5.21173095703
1	8	0.498487435281	0.558825337529	-0.58428342177	-0.588495645846	3.23035764694	-3.38944745064	-3.43380308151
2	8	0.49936555326	0.489137771762	0.374839477885	0.787552922701	2.83178138733	2.19328546524	4.59645366669
3	8	0.499313145876	-0.887617228234	0.374035095082	0.26876272768	-5.13726997375	2.12258052826	1.56944608688
4	8	0.499257571995	0.28515602517	-0.291126589411	-0.913198417786	1.60504281521	-1.69196462631	-5.29289388657
5	8	0.498467959464	0.733567533537	-0.16896882118	0.65827669806	4.2405591011	-0.875288844109	3.88128042221
6	8	0.49452522397	0.146433304219	-0.857176881271	-0.493766221638	0.727246522903	-4.97969436646	-2.83390665054
7	8	0.485602520406	0.606256232517	-0.385595696469	0.69553528983	3.51610040665	-2.06013059616	4.01025915146
8	8	0.494985446334	-0.860561164747	-0.507016963239	-0.0486649845083	-4.94029521942	-2.85921001434	-0.368757486343
9	8	0.491567187011	0.683562759817	0.196637001577	0.702905287362	3.96121644974	1.11668539047	3.97512578964
10	8	0.488132148981	-0.426042841954	0.904547547135	-0.016769966949	-2.52486371994	5.08984375	-0.157041788101
11	8	0.497039884329	0.883755108327	-0.464785294759	0.0543280616364	5.12636947632	-2.67867088318	0.331355333328
12	8	0.499153137207	-0.899443951456	0.0409604282432	-0.435112423987	-5.18056964874	0.389000892639	-2.54137396812
13	8	0.49929009378	0.401406481713	-0.378408075859	0.834074435865	2.27002048492	-2.3171441555	4.81620264053
14	8	0.49800029397	-0.113995432869	0.989422604889	0.0897103685237	-0.635302424431	5.80783176422	0.396688461304
15	8	0.49912725389	0.428637159543	0.824961529145	-0.368386564481	2.48651170731	4.78660154343	-2.1893954277
16	8	0.499929331243	0.169488053596	-0.765942237879	0.620166338913	0.929663419724	-4.40990686417	3.53319573402
17	8	0.499938234687	0.108945310241	0.430896946044	-0.895800614683	0.676309227943	2.47000646591	-5.19099569321
18	8	0.499970778823	-0.760849155525	0.626542176212	-0.168977702563	-4.42334079742	3.55742239952	-1.02170348167
19	8	0.499121233821	0.696301309909	-0.359200984182	0.621400948488	4.03757762909	-2.13613724709	3.49149298668
20	8	0.491981051862	0.450310017022	0.714532958174	0.535409693835	2.61798834801	4.13003635406	3.13775229454
21	8	0.492580845952	-0.0680089830584	0.907777218657	0.413902524166	-0.475747346878	5.250477314	2.37594676018
22	8	0.49749468267	0.870815013409	-0.168037445495	-0.462000681096	5.09416389465	-0.997782111168	-2.58771443367
23	8	0.499035764486	-0.3590783992	-0.277365897027	-0.891140203556	-2.1093351841	-1.54528880119	-5.17144775391
24	8	0.499037161469	0.565215621825	-0.631650598693	0.530611743194	3.36834311485	-3.61328935623	3.00605797768
25	8	0.496973719448	0.156764753892	0.439413200919	0.884500339624	0.887411475182	2.58397626877	5.07861089706
26	8	0.478341415524	-0.221822706784	0.935315339558	-0.2756445217	-1.24379241467	5.25639486313	-1.62298798561
27	8	0.489203080535	0.778048103667	0.627495394057	-0.0298442426013	4.5567035675	3.42900681496	-0.115087032318
28	8	0.496350303292	-0.84867921942	0.512332362349	-0.131374019555	-4.88452577591	2.87885022163	-0.853102445602
29	8	0.496955119073	0.0994256214274	-0.648530727687	0.754667106113	0.549163639545	-3.70462346077	4.36628341675
0	9	0.493178352714	-0.440389761158	-0.896744019231	0.0436694657777	-2.59042716026	-5.15388774872	0.35183596611
1	9	0.495924293995	-0.716558955384	0.544609043168	-0.435825944109	-4.05807113647	3.19092941284	-2.5178976059
2	9	0.49533893913	-0.060777474975	0.705732050864	0.705867105707	-0.354982316494	4.12745952606	4.12503051758
3	9	0.499218195677	0.87109573682	0.0635104029894	0.4869893695	5.14506244659	0.389998316765	2.68267726898
4	9	0.499370805919	0.25029807545	-0.593398187045	0.76500291832	1.30887031555	-3.41533041	4.53640079498
5	9	0.497454479337	0.306210034825	-0.95196346025	0.000992432252806	1.75866627693	-5.58303117752	-0.0493574142456
6	9	0.484166778624	0.518665632528	0.487893725387	-0.702100900414	2.88736271858	2.84115695953	-3.93455982208
7	9	0.455911181867	0.615872943904	-0.369887800915	0.695617374496	3.29797267914	-1.97871601582	3.78579759598
8	9	0.469702512026	0.4907282574	-0.869045280159	-0.0628178193049	2.74894022942	-4.77030467987	-0.336499929428
9	9	0.454846456647	0.256120455814	-0.636141081101	-0.727823355664	1.30992150307	-3.39154171944	-3.94383049011
10	9	0.477570161223	0.977478959277	-0.199546615472	0.0686733749306	5.4684343338	-1.06427717209	0.412405729294
11	9	0.493085414171	0.349779880733	-0.820412219881	-0.452302801786	1.94250226021	-4.76442146301	-2.65693616867
12	9	0.498608931899	-0.330134800107	-0.574753353188	0.748778736849	-1.96949279308	-3.26516485214	4.3516960144
13	9	0.49888086319	0.737985602748	0.569160629378	-0.3625374851	4.21674871445	3.3116440773	-2.18250179291
14	9	0.499513044953	-0.845335058445	0.158981831933	0.51003275981	-4.86881017685	0.760515868664	2.94617772102
15	9	0.499796152115	0.955641176784	0.00699207219549	-0.294450423944	5.5721654892	-0.12831094861	-1.65406179428
16	9	0.499910235405	0.372952352329	0.92372182364	-0.087433033932	2.15158176422	5.39331436157	-0.641394138336
17	9	0.499844908714	-0.0741066972438	0.826265576713	0.558384629232	-0.516680300236	4.74817657471	3.3816716671
18	9	0.499908149242	0.719534005436	-0.243444183747	0.650388917818	4.19243335724	-1.4757900238	3.63762044907
19	9	0.499465405941	-0.884512050213	-0.0317157875923	-0.465438010743	-5.13654470444	-0.19585481286	-2.70966005325
20	9	0.497838497162	-0.645582514862	0.755793286818	0.109543252214	-3.67968535423	4.43839073181	0.586119651794
21	9	0.497899308801	-0.323717678669	-0.792571709844	0.516756179713	-1.69443798065	-4.63057756424	2.96000647545
22	9	0.499702446163	-0.337201087648	0.746198520401	-0.574006267074	-1.94755506516	4.33791446686	-3.30621051788
23	9	0.498824626207	-0.943227260548	0.319236405276	-0.0917085192642	-5.5479016304	1.9138944149	-0.53896188736
24	9	0.499423727393	-0.892142012474	0.0584109312368	0.447962936739	-5.20337438583	0.448746860027	2.55606102943
25	9	0.498402699828	-0.0464485724309	-0.997932741928	-0.0444159060081	-0.172982931137	-5.78565120697	-0.289528608322
26	9	0.490592420101	-0.996146766065	-0.0873214832396	0.00815959694966	-5.71974420547	-0.515999376774	0.0388615131378
27	9	0.495450630784	-0.384221290692	0.873798299584	-0.298078062633	-2.21451997757	5.00038528442	-1.74687981606
28	9	0.495637103915	0.63567390773	-0.565361243801	0.525628525708	3.63181018829	-3.2930624485	3.01304841042
29	9	0.491746835411	0.586727975378	-0.522129913125	-0.618975473447	3.41697216034	-2.85005426407	-3.69138240814
0	10	0.49137802422	0.368132324923	-0.696937016568	0.615432682172	2.2084581852	-3.9365606308	3.59195184708
1	10	0.490222617984	-0.120561629003	-0.772016821015	0.624063235323	-0.664962112904	-4.45962715149	3.53281617165
2	10	0.491616308689	-0.893766716666	0.167220569368	0.416195071283	-5.2253370285	1.05430042744	2.31667995453
3	10	0.499294504523	-0.555901595999	-0.826439779239	0.0892788152738	-3.23184680939	-4.74068927765	0.493894338608
4	10	0.499812558293	0.527413776437	0.613559385471	-0.587690044943	3.05362796783	3.60133457184	-3.34008836746
5	10	0.499209433794	-0.583014431033	-0.792801019684	-0.177653360214	-3.43052744865	-4.54308414459	-1.00855588913
6	10	0.472050130367	0.0471646756864	0.991394703834	-0.122114841754	0.284219771624	5.47434329987	-0.660099506378
7	10	0.459147416055	0.53230313864	-0.293462174704	0.794061282656	2.88705539703	-1.60798311234	4.2517209053
8	10	0.478429749608	-0.970764955896	-0.192305341594	0.143645591641	-5.42386388779	-1.01156318188	0.791488170624
9	10	0.458362132311	0.397280773978	-0.625519560596	-0.671485864289	2.15452098846	-3.36426877975	-3.62411379814
10	10	0.478050038218	0.166916901753	-0.616300600539	0.769618293497	0.882030248642	-3.40935516357	4.33927106857
11	10	0.499008722603	0.0670330693482	0.709508583358	-0.701501345512	0.287448376417	4.15721607208	-4.05898284912
12	10	0.499104395509	0.973652073281	-0.101045979146	0.204429328361	5.66778612137	-0.566606760025	1.1927523613
13	10	0.493879966438	0.786372851444	0.0779086383701	-0.612819698263	4.56917715073	0.352213263512	-3.65527033806
14	10	0.495284788311	0.516859417839	0.235874162571	-0.822933607056	3.07944154739	1.32336163521	-4.77178478241
15	10	0.499770656228	-0.667523227966	0.387272772748	-0.635950107803	-3.89801502228	2.20464754105	-3.67303919792
16	10	0.499862775207	-0.625987871586	0.188929825338	0.756600757153	-3.6182975769	0.970584511757	4.43505334854
17	10	0.499309016392	-0.179200404568	0.369796718474	-0.911667484343	-0.924516439438	2.08402967453	-5.32397127151
18	10	0.49885506928	-0.894313979262	0.303081114393	-0.329157021185	-5.22009181976	1.82146787643	-1.81865644455
19	10	0.498602324165	-0.283404807011	0.0315395267552	-0.958481597953	-1.56308579445	0.318555891514	-5.64075708389
20	10	0.497888699174	0.161270149051	-0.986699577269	0.0203932155708	0.98166435957	-5.65885591507	0.237780094147
21	10	0.493135407567	-0.760068353015	-0.07345827004	-0.645677923819	-4.37486839294	-0.262666702271	-3.69717383385
22	10	0.496664345264	0.677339239397	-0.51766005602	0.522723273993	3.92408108711	-3.01749801636	2.97709178925
23	10	0.497996341437	-0.134676272726	-0.471078959751	0.871749341981	-0.827970027924	-2.68450832367	5.0846824646
24	10	0.498305946589	0.984666363782	-0.151951761026	0.085690223234	5.74000883102	-0.809539079666	0.467133760452
25	10	0.498576615006	0.482186467182	0.330704911893	-0.811252409621	2.65523982048	1.96056222916	-4.75176286697
26	10	0.489037759602	0.275547153566	-0.501258827118	0.82025200664	1.58582103252	-2.78939390182	4.73343467712
27	10	0.480728909373	-0.0202628439851	-0.825379346871	0.564214809193	-0.151551902294	-4.70995378494	3.07853531837
28	10	0.482978416607	0.38642576831	0.211854706725	0.897659572903	2.16307020187	1.31973969936	5.0692691803
29	10	0.491615429521	0.051199875797	-0.893464686256	-0.446205588414	0.225549727678	-5.13227844238	-2.60819077492
0	11	0.475047618151	-0.297448911861	0.917500272301	-0.264040518029	-1.68810546398	5.08083105087	-1.47618722916
1	11	0.481088504195	0.858759341474	0.445196368467	0.253638693688	4.84543323517	2.45065164566	1.37616658211
2	11	0.493082594126	-0.59327684822	0.0842498858247	0.800577627781	-3.45581626892	0.422040462494	4.55484867096
3	11	0.496291667223	0.898107411982	0.436404483957	-0.0543525797504	5.19642829895	2.50563263893	-0.368072986603
4	11	0.497474245727	0.234478674351	0.702911085989	-0.671517502727	1.23615276814	4.05120658875	-4.05208539963
5	11	0.495561286807	0.791225849089	0.0186460833778	0.611239706914	4.52311515808	0.0662063285708	3.52357172966
6	11	0.444257333875	0.036466606449	0.855335876522	0.516788859157	0.14243248105	4.52397251129	2.70373034477
7	11	0.450121149421	0.774048554213	0.478047367887	0.415113899764	4.08182430267	2.59024333954	2.19129776955
8	11	0.488890513778	0.512926383024	-0.857157972967	0.0467625381848	2.90768361092	-4.85962057114	0.285802602768
9	11	0.469859460369	0.43417613313	-0.166532347862	-0.885301114049	2.42834544182	-0.817760288715	-4.92464637756
10	11	0.486583381891	0.0344608968596	-0.954151547938	0.297333600783	0.154544711113	-5.43894100189	1.67865347862
11	11	0.498181588948	-0.0564633830383	0.800577681641	-0.596562873497	-0.303057909012	4.69634437561	-3.39344000816
12	11	0.499352455139	-0.782231677424	-0.444663613916	0.436334588697	-4.49826574326	-2.56935477257	2.47192192078
13	11	0.490298822522	0.316661455829	0.908247288738	0.273518527512	1.75639462471	5.20909738541	1.66594910622
14	11	0.490257650614	0.578506739714	0.499997878119	-0.644462624194	3.23694658279	2.85760951042	-3.77709293365
15	11	0.495700981468	0.426561202533	-0.275443005348	0.861496773818	2.41594576836	-1.64986276627	5.00704097748
16	11	0.49807523936	0.817232052828	-0.143687834987	0.558108930145	4.82320690155	-0.821688771248	3.20827817917
17	11	0.49607565999	0.336050414889	-0.856123849554	0.392583841845	1.92647731304	-4.97119188309	2.28947782516
18	11	0.496010050178	0.027178085126	-0.999447721897	0.01912074484	0.232632666826	-5.82022428513	0.0883362293243
19	11	0.497833639383	0.0260417045649	-0.998651329454	-0.0449149396536	0.143446654081	-5.80131864548	-0.14448928833
20	11	0.480646401644	0.662164805017	0.654668133747	-0.364619535479	3.66148138046	3.7532119751	-2.00986528397
21	11	0.465635161847	0.483349817428	-0.00241752162668	-0.875423959908	2.64893341064	-0.0517080500722	-4.80801677704
22	11	0.478592254221	0.760301727961	0.392710404057	0.517416486986	4.21467828751	2.25598549843	2.94307303429
23	11	0.493621924892	-0.0639938163933	-0.386202654117	-0.920191448241	-0.452210009098	-2.10124492645	-5.3107419014
24	11	0.496599152684	0.365060255046	-0.917863695264	-0.155747382325	2.06786179543	-5.36796712875	-0.849026203156
25	11	0.498987372965	0.16496131843	0.506516750351	0.846302868384	0.859531223774	2.98297262192	4.82641267776
26	11	0.489431768656	0.405011021436	-0.894755206457	-0.188093575203	2.25228834152	-5.09145307541	-1.27122712135
27	11	0.464231226593	0.400105911101	0.304481138266	0.864411069077	2.17825102806	1.69817948341	4.71018314362
28	11	0.454305291176	0.417124003685	0.852140658532	0.316012442202	2.2366194725	4.58657836914	1.65210282803
29	11	0.461528234184	-0.0533933162062	0.523543673874	-0.850324158972	-0.27553036809	2.86873722076	-4.62601518631
0	12	0.430858008564	-0.882159818333	0.0756646970649	-0.464832129415	-4.51365756989	0.395009994507	-2.36833429337
1	12	0.447860740125	-0.0248283157262	0.682269002878	-0.730679521028	-0.188363984227	3.59220814705	-3.85522603989
2	12	0.47420296073	0.899076951083	-0.109473817305	-0.423882199858	4.96598958969	-0.619270503521	-2.38763999939
3	12	0.487517509609	0.570628030917	0.283500222336	0.770721268856	3.27148675919	1.59536254406	4.45298290253
4	12	0.497073441744	-0.0306099367562	0.847008934617	0.530696614319	-0.175967901945	4.839884758	3.19481134415
5	12	0.495099887252	-0.734664591277	0.197549939135	-0.649031555374	-4.14954996109	1.07043004036	-3.80176973343
6	12	0.461335889995	-0.329818766531	0.554466671035	0.764059089309	-1.77110552788	2.99444770813	4.1569108963
7	12	0.474431321025	0.733717853028	-0.613781817066	0.291427509318	4.0375995636	-3.44601154327	1.58086705208
8	12	0.491660922766	-0.83568920874	0.548906137278	0.0180443579277	-4.72929382324	3.19166946411	0.0999462604523
9	12	0.488006645814	-0.338597891629	-0.116995759754	-0.933629187624	-1.89303517342	-0.667565524578	-5.31855535507
10	12	0.490695267916	0.439191330679	-0.325911872442	0.837193183475	2.49007225037	-1.78984642029	4.84649133682
11	12	0.491154327989	0.49284908526	-0.461798039498	-0.737456676608	2.7546145916	-2.75347042084	-4.25610780716
12	12	0.495936110616	0.791943816375	-0.283645322636	-0.540712791278	4.61720085144	-1.58070802689	-3.1344101429
13	12	0.483100585639	0.584448175764	0.588801154807	-0.558331021835	3.23109412193	3.37066316605	-3.20380496979
14	12	0.476718530059	0.485119221165	-0.578803637284	0.655473638466	2.6597673893	-3.26514291763	3.64432811737
15	12	0.488013556227	0.434837789236	-0.0837449671096	0.896606311341	2.45826077461	-0.465179145336	5.1431722641
16	12	0.488183423877	0.0215117358537	0.668626817713	-0.743286905478	0.0495653450489	3.70997071266	-4.31205844879
17	12	0.475205212831	-0.433107993669	0.789794327194	0.434329813105	-2.43946027756	4.37331914902	2.448325634
18	12	0.46386064589	-0.450729813735	0.766482908148	0.457544081513	-2.41872620583	4.19025802612	2.50296139717
19	12	0.452256366611	-0.250888022698	0.932275476533	-0.260610122448	-1.32699084282	4.94619274139	-1.37965631485
20	12	0.453502908349	0.34770066774	0.937408183517	-0.0192391041577	1.85026812553	5.01695585251	-0.0700151920319
21	12	0.458461709321	0.725747794696	-0.380263065688	-0.57331504373	3.89422082901	-2.08645415306	-3.11709833145
22	12	0.466315686703	0.750051798293	0.133146611437	0.647838158602	4.09864664078	0.738288342953	3.56773138046
23	12	0.477117970586	0.889459530091	-0.393499197323	0.232422301075	4.94804430008	-2.16948509216	1.38591527939
24	12	0.491083975881	-0.209681441202	-0.0721253852548	-0.975105954252	-1.27002298832	-0.247491985559	-5.58088636398
25	12	0.496326655149	-0.282752584596	-0.893758579621	-0.348204792124	-1.672311306	-5.11771297455	-2.11013269424
26	12	0.493541743606	0.23077709371	-0.511198188091	0.827899961053	1.3421009779	-2.82900476456	4.84613466263
27	12	0.474295184016	-0.210958343232	0.193370669678	0.95817762525	-1.19801950455	1.10322928429	5.3467669487
28	12	0.448039978743	0.5034496738	0.278325827123	-0.817968923558	2.6714720726	1.49772930145	-4.30200767517
29	12	0.427755050361	0.101679972515	0.552804554508	-0.827084220442	0.501712203026	2.78324437141	-4.23169183731
0	13	0.445718571544	-0.686127651002	0.663501125447	-0.298320470404	-3.64847445488	3.46641302109	-1.56964325905
1	13	0.461643449962	-0.533851467105	0.237462959392	-0.811550339774	-2.89139890671	1.29160261154	-4.37827682495
2	13	0.476210162044	0.893105226645	-0.379083470091	-0.242195740762	4.97164440155	-2.12154483795	-1.36480045319
3	13	0.491525340825	-0.495906768891	-0.358999872472	0.790693093516	-2.86218714714	-2.05806875229	4.51630592346
4	13	0.499087480828	-0.0442665380315	-0.277651127802	-0.959661567867	-0.244053840637	-1.51903760433	-5.53739738464
5	13	0.495514519513	-0.298875895377	-0.678749825375	0.670799428828	-1.64659619331	-3.90682220459	3.87162828445
6	13	0.463532973081	0.29898015447	0.376736814956	0.876744112891	1.62070083618	2.1402463913	4.77369642258
7	13	0.469533249736	0.939864625289	0.209136222662	0.270030602898	5.18441772461	1.13688540459	1.45919466019
8	13	0.472674824297	-0.629420553751	-0.34514697718	0.696206385104	-3.49018263817	-1.9669829607	3.84097862244
9	13	0.461756415665	-0.29057701708	0.647288291573	0.704686359126	-1.57183170319	3.51990270615	3.78384542465
10	13	0.46344204247	0.657296547385	0.524279267701	0.541380179037	3.60735702515	2.90031290054	2.91800165176
11	13	0.480051979423	0.72931696001	0.621025329367	-0.287096346418	4.07594776154	3.49029541016	-1.67640519142
12	13	0.491922318935	-0.320868660435	-0.593947699555	0.737746184636	-1.94814312458	-3.30791473389	4.20566511154
13	13	0.463942810893	0.507639530902	-0.792243282113	0.338604029231	2.79079413414	-4.30845355988	1.85446596146
14	13	0.43462523073	-0.512808364661	-0.625538550153	0.587987332691	-2.65345239639	-3.20047330856	3.02031636238
15	13	0.464523173869	-0.287881206577	-0.643137229062	-0.709576574793	-1.56546986103	-3.47122001648	-3.83435964584
16	13	0.463244274259	0.177102724648	0.906295646935	-0.383748387969	0.991872131824	4.97937726974	-2.05198049545
17	13	0.467313811183	0.411053833602	0.837510459822	-0.360015243523	2.30867147446	4.56400108337	-1.98038101196
18	13	0.456445291638	-0.705369455891	0.0899245098414	-0.703112731521	-3.76880550385	0.469320714474	-3.74567484856
19	13	0.408232085407	-0.90639212839	0.0769417843957	-0.415371245281	-4.40932941437	0.378249645233	-2.02975130081
20	13	0.454061187804	-0.822598405491	0.262250306071	-0.50453606437	-4.37927150726	1.41923141479	-2.6553401947
21	13	0.487226247787	0.945648162635	-0.25011912922	0.207821975987	5.37099075317	-1.42381620407	1.2042016983
22	13	0.47421224229	-0.266203906197	-0.128389938577	-0.955327956253	-1.53126358986	-0.72463285923	-5.28299999237
23	13	0.457838863134	0.344157497319	-0.228935203024	-0.910573604853	1.82436013222	-1.18795990944	-4.92840862274
24	13	0.477261528373	0.635877811616	-0.633214117107	0.441247425591	3.57377052307	-3.51909971237	2.47953724861
25	13	0.491763986647	0.529754760465	-0.466153917771	0.708562219365	2.97808361053	-2.59251666069	4.1568403244
26	13	0.495275702327	0.0040338796918	-0.187906822856	-0.98217857528	0.00187686248682	-1.08144187927	-5.64324903488
27	13	0.477733686566	-0.24522532695	0.950674847638	0.189952291618	-1.34366989136	5.30399847031	1.12668228149
28	13	0.455054819584	0.620645475449	0.648052737959	-0.441391937657	3.38693118095	3.42841339111	-2.38069438934
29	13	0.454167904332	0.286217196571	-0.248378489474	-0.925412255351	1.57127845287	-1.33135247231	-4.95034885406
0	14	0.481506198645	-0.0453987602208	0.946636507142	0.319089761536	-0.267600983381	5.35434865952	1.81585788727
1	14	0.487765789032	0.921358706156	0.102950650159	0.37483236016	5.26326179504	0.448658049107	2.17284679413
2	14	0.482405811548	0.76991102159	0.628911891237	0.108198206527	4.38562679291	3.58991384506	0.53754067421
3	14	0.491374649107	-0.547253352964	0.644553872894	0.533913918724	-3.18013525009	3.71117305756	3.0377368927
4	14	0.498291388154	0.736089330261	-0.241790148784	0.632226242596	4.27976036072	-1.49482750893	3.60476016998
5	14	0.49814145267	-0.152104915538	0.95564692245	-0.252196459692	-0.909177184105	5.49176740646	-1.54843711853
6	14	0.484026566148	0.621587952548	-0.6438877058	0.446135673945	3.47910833359	-3.68221139908	2.51223111153
7	14	0.474702702835	0.169457781385	0.0509916723366	-0.984217409763	0.889383912086	0.322027683258	-5.4670009613
8	14	0.480113834143	0.108385350444	-0.876835899421	0.468413728765	0.628192543983	-4.91385746002	2.62948989868
9	14	0.461088851094	0.487736165651	-0.212693741381	0.846684595994	2.6939265728	-1.16139006615	4.56337881088
10	14	0.471827175468	-0.2850498119	-0.341344713183	0.895673149937	-1.62342834473	-1.9709444046	4.89301347733
11	14	0.48724693805	0.178069808659	0.797934345513	0.575840189198	0.953962862492	4.58069181442	3.25887346268
12	14	0.492314361036	0.689258668245	-0.012756258291	-0.724403041216	3.96427679062	-0.0708551704884	-4.14464378357
13	14	0.469229698181	0.246528836574	-0.93099362596	-0.269210700307	1.2943842411	-5.14559984207	-1.47854661942
14	14	0.44837012887	-0.61007592314	-0.791577833087	-0.0348123852956	-3.22295045853	-4.15949773788	-0.162925720215
15	14	0.436237515882	-0.372943991305	-0.0158746798012	-0.927718046548	-1.92597734928	-0.0674628913403	-4.79639339447
16	14	0.453161284328	-0.654427914492	0.180268791482	-0.73432095677	-3.51394605637	1.00413119793	-3.92251133919
17	14	0.483932211995	-0.926527923991	-0.375915311379	-0.0152867503301	-5.21569442749	-2.1617333889	-0.136549949646
18	14	0.481579318643	0.0832243248843	-0.747531998837	0.658991367517	0.513405263424	-4.19059371948	3.74448084831
19	14	0.458487272263	-0.978498653972	0.0623039875738	-0.196617896711	-5.27148914337	0.333325505257	-1.05593967438
20	14	0.465335950255	-0.367949289556	-0.473621778373	-0.800184810757	-1.97553157806	-2.605676651	-4.37304878235
21	14	0.491143699735	0.330394956131	0.552069659009	0.765544423639	1.802993536	3.11714601517	4.43728256226
22	14	0.482403315604	0.358893237968	0.632528684407	-0.686369512102	1.99762308598	3.60114622116	-3.84409379959
23	14	0.466156557202	0.737333838221	-0.672226854995	0.0667073192251	4.02834272385	-3.64470052719	0.351741075516
24	14	0.473056383431	-0.401950231279	-0.610765771206	0.682203184028	-2.2684981823	-3.35968875885	3.76854348183
25	14	0.495169937611	0.553080434371	0.597313305257	-0.580791570599	3.19688200951	3.47148704529	-3.36084651947
26	14	0.489270869642	-0.27646780463	0.44036931766	-0.854189918617	-1.58614075184	2.63756942749	-4.89377832413
27	14	0.484789088368	-0.866523075516	-0.037493090874	-0.497726860572	-4.91448020935	-0.291825443506	-2.84733510017
28	14	0.486853450537	-0.413448523544	0.908082490983	0.0666821411556	-2.36043381691	5.17377185822	0.436944246292
29	14	0.489728808403	-0.721664033766	-0.345265563219	-0.599993927656	-4.13684940338	-2.02273178101	-3.42987108231
0	15	0.494512289762	0.451131898271	0.839039970545	0.304124872693	2.69532299042	4.82595396042	1.79523921013
1	15	0.496349617839	0.136202736844	0.874923718072	-0.464712063574	0.707277834415	5.00511217117	-2.80322480202
2	15	0.495228691027	0.128145227888	0.433042407727	0.892218063973	0.719459712505	2.3340678215	5.19384622574
3	15	0.490037612617	-0.692032361804	0.286159538279	-0.662724625216	-3.89055585861	1.53318047523	-3.90726089478
4	15	0.497524980456	-0.156281627507	0.199335730497	0.967388918404	-0.903507471085	1.08621644974	5.60756778717
5	15	0.494356662035	-0.441690974394	0.89655356407	-0.0331781538312	-2.62002253532	5.19111537933	-0.255927562714
6	15	0.485400661826	0.595448916004	-0.601102780477	0.533025361247	3.38987517357	-3.40686511993	3.00915336609
7	15	0.441520692781	-0.0382387368306	0.387709302954	-0.920988216759	-0.217324078083	1.99266850948	-4.79599475861
8	15	0.461827561259	-0.212740949084	0.909827004102	-0.356309010817	-1.11899590492	4.91783332825	-1.94217419624
9	15	0.474713265896	-0.745774731462	0.66589597223	0.0200649963973	-4.23045635223	3.63484334946	0.162916660309
10	15	0.494301408529	0.105516584703	0.927639772852	-0.358260662334	0.712380826473	5.25547027588	-2.15694212914
11	15	0.49852476269	-0.0437405711313	-0.486774718489	0.872431737087	-0.289565682411	-2.93769431114	4.96732711792
12	15	0.49717919901	-0.379059426866	0.432965157114	-0.817835633627	-2.32631492615	2.47189927101	-4.70057296753
13	15	0.495094180107	0.56165156673	0.813631692121	0.150169861044	3.27738523483	4.68255805969	1.01422452927
14	15	0.494100190699	0.198969694302	0.550927769433	-0.810487293927	1.10876381397	3.18286156654	-4.63306236267
15	15	0.477993607521	-0.0549827621921	-0.961187703608	-0.270361044337	-0.342016547918	-5.44442844391	-1.40724420547
16	15	0.487004380673	0.37433475629	-0.301208655971	-0.877010168585	2.12585949898	-1.6597764492	-4.98660898209
17	15	0.493518337607	-0.184439419672	0.654734214027	0.733011056843	-1.10901808739	3.7429060936	4.21950054169
18	15	0.484412759542	0.820006658737	-0.401385147706	0.408018434422	4.65511798859	-2.31749820709	2.29587078094
19	15	0.471715793014	0.181370084606	0.976920053563	-0.112836613542	0.987673163414	5.38040065765	-0.61054110527
20	15	0.444997246377	0.270215510792	-0.00383852923073	-0.962792211965	1.42462539673	-0.0271664578468	-5.06719779968
21	15	0.468209404498	0.330652515693	0.379991141152	-0.863872471209	1.78049969673	2.12753939629	-4.75472736359
22	15	0.489584699273	-0.0808809002415	-0.889647812424	-0.449427468927	-0.487908661366	-5.07835960388	-2.52951693535
23	15	0.478948928416	-0.533990244984	-0.56979081165	0.624654183706	-2.97246742249	-3.19147205353	3.55293035507
24	15	0.481508620083	-0.567465891332	0.0195944128265	0.823163726825	-3.24212765694	0.183844834566	4.61375284195
25	15	0.49792868644	0.59684810753	0.581799455904	-0.552523058024	3.46617078781	3.37291431427	-3.13798618317
26	15	0.497054547071	-0.401848892559	-0.898492153247	-0.176718188374	-2.31304240227	-5.21793603897	-0.908430814743
27	15	0.496872968972	-0.00360705209221	-0.856663314628	0.515863309943	0.0469634979963	-4.95165538788	2.99777245522
28	15	0.498830795288	0.83740315068	0.388369437895	0.384610378097	4.84405565262	2.34136629105	2.23339939117
29	15	0.499162867665	-0.152160242845	-0.918648487214	-0.364598707398	-0.940001428127	-5.27013206482	-2.1316215992
0	16	0.499216198921	-0.525967484763	0.693839535095	0.491878953108	-3.0845952034	4.06936883926	2.81117200851
1	16	0.499064907432	-0.379263101258	-0.880147844691	0.285480772576	-2.05927538872	-5.11044836044	1.65657734871
2	16	0.496527981944	-0.211871467599	0.0612781458426	-0.975374528097	-1.15800213814	0.362613946199	-5.62449359894
3	16	0.477997370064	-0.524554862523	0.456910074196	-0.718383866956	-2.99956989288	2.67586731911	-4.00759410858
4	16	0.483198499307	0.33064313493	0.0953604456315	-0.938925717367	1.86486768723	0.433243513107	-5.31505203247
5	16	0.489571452141	-0.147022104568	0.93328460034	-0.327665005053	-0.7841796875	5.40950727463	-1.80021429062
6	16	0.481868579984	-0.184861949272	-0.982763719763	0.00123726668176	-1.05451774597	-5.51074266434	-0.0348582267761
7	16	0.402581807226	-0.300647161508	-0.350076727651	-0.887162650834	-1.4204647541	-1.67871689796	-4.25399446487
8	16	0.424787158147	0.0403206190746	-0.49951589872	-0.865365884816	0.183800369501	-2.47863078117	-4.35667276382
9	16	0.482737325132	0.223237650755	0.749229380531	-0.623554557865	1.30925369263	4.1670293808	-3.50217151642
10	16	0.498474135995	-0.843228566837	-0.0453733934512	0.535636853882	-4.90069198608	-0.323442339897	3.0727250576
11	16	0.49950619787	0.673840434559	0.282244468119	0.682844879141	3.95560741425	1.62185311317	3.94217920303
12	16	0.498945146799	0.643387283473	0.211931560557	-0.735620701928	3.74253034592	1.16291332245	-4.32031536102
13	16	0.498497903347	0.279951990822	0.928093017751	-0.245499965859	1.50557792187	5.45356845856	-1.38252282143
14	16	0.498744577169	0.250615513865	-0.740384022224	0.623717374974	1.39517331123	-4.2770986557	3.67456030846
15	16	0.492639556527	0.253649314532	-0.857384926918	-0.447831566922	1.53231275082	-4.93206119537	-2.68683218956
16	16	0.496348440647	0.209359759437	-0.699135848513	0.683650171105	1.09913289547	-4.04178333282	3.96003675461
17	16	0.490707650781	0.495994863172	0.848826683174	0.182981850573	2.79525613785	4.9160900116	1.06138205528
18	16	0.477135509253	0.7285226643	-0.112728095562	-0.675682694814	4.07419204712	-0.613766908646	-3.79441452026
19	16	0.454622656107	0.329289524843	-0.457176862919	-0.826170518017	1.71157300472	-2.47761487961	-4.4313325882
20	16	0.441473856568	-0.0216964261655	-0.864089160624	-0.502870945257	-0.118342787027	-4.49825572968	-2.60334467888
21	16	0.470219910145	0.886795192427	-0.166291364216	-0.431209309821	4.87049484253	-0.936660468578	-2.37707734108
22	16	0.487127296627	0.693145144228	0.465643149213	0.550205658481	3.91038799286	2.67094230652	3.12749218941
23	16	0.496986165643	-0.678877367221	0.60489799802	-0.416201792724	-3.90923643112	3.41335725784	-2.41956400871
24	16	0.497756868601	0.621974645346	-0.756704160845	0.201361251254	3.73135185242	-4.27839899063	1.14753437042
25	16	0.499387487769	-0.660142592719	-0.746738785134	0.0811969460876	-3.86600542068	-4.26222515106	0.488996267319
26	16	0.499328769743	-0.255562959994	0.7400288692	-0.622129284177	-1.41518676281	4.35167789459	-3.57529830933
27	16	0.499184936285	-0.568106422589	0.807877324551	-0.156809824595	-3.37858867645	4.63887262344	-0.843247413635
28	16	0.499459654093	0.991430721803	-0.085789203914	-0.0985156655378	5.76905441284	-0.665721535683	-0.593685388565
29	16	0.499876484275	0.436786104303	0.344163974884	0.831125175578	2.58718824387	1.99576699734	4.84558010101
0	17	0.499837078154	-0.243624943764	-0.655445821274	-0.714868982506	-1.29337346554	-3.83480215073	-4.13851547241
1	17	0.499617010355	-0.371155138636	0.910958730326	0.179994596328	-2.04802656174	5.28835678101	1.01091861725
2	17	0.498507831246	0.00911446209194	-0.100382065508	0.994907215526	0.124102026224	-0.589961111546	5.71097898483
3	17	0.486718088388	-0.483553938934	-0.707976124264	-0.514728467849	-2.75455522537	-3.98082971573	-2.93496632576
4	17	0.475963845849	0.894787083788	0.340862349881	-0.288390244495	4.99841594696	1.91659402847	-1.51687216759
5	17	0.488519608974	-0.682759265308	0.491654517489	-0.540477216049	-3.96548604965	2.7102355957	-3.05127596855
6	17	0.496226264164	0.322434971172	0.272633144193	0.906480478583	1.91129183769	1.56683671474	5.21613740921
7	17	0.468930434436	-0.166392741451	-0.288301142228	-0.942971848457	-0.899675369263	-1.5980155468	-5.12592601776
8	17	0.458294492215	0.39178357474	0.450172555295	-0.802402829645	2.08136892319	2.47245407104	-4.32504892349
9	17	0.487856373191	0.61630212136	-0.663469926706	0.424239733599	3.49866533279	-3.80172252655	2.46582436562
10	17	0.499142676592	-0.130563940225	-0.94722299627	0.292782603395	-0.661998689175	-5.51802682877	1.70918822289
11	17	0.499909460545	-0.658539646395	0.447137246788	-0.605304730414	-3.69250631332	2.60366988182	-3.5957198143
12	17	0.499899879098	-0.293499510587	-0.647292964717	0.70346986795	-1.73099565506	-3.61024427414	4.16088914871
13	17	0.49974603951	0.240400046534	-0.686164577716	-0.686575552954	1.42670023441	-3.94665455818	-4.08013534546
14	17	0.499683849514	0.0730645410959	-0.803518615685	0.590778644741	0.442408114672	-4.660405159	3.49140739441
15	17	0.498994015157	-0.606522560893	-0.10677676965	-0.787863633245	-3.58190989494	-0.55062520504	-4.57461023331
16	17	0.499376311898	0.213360987522	0.942420874666	0.257526666575	1.29611444473	5.45209026337	1.54121947289
17	17	0.496792405844	0.513617695656	0.174540077648	-0.84007893915	2.94891953468	0.910718202591	-4.94125747681
18	17	0.491994395852	-0.854870086372	-0.274283994278	-0.440415060947	-4.94776248932	-1.59420704842	-2.42556929588
19	17	0.480649277568	0.997847942319	-0.0103709859389	-0.0647450898481	5.58718299866	-0.064737662673	-0.312899589539
20	17	0.473010770977	0.777272626259	0.237821576391	0.582484473845	4.27425336838	1.35372138023	3.26224350929
21	17	0.474476806819	-0.482468263014	-0.343319165534	0.805826486138	-2.74807786942	-1.91655957699	4.42568397522
22	17	0.469697184861	0.229331048553	-0.43805876879	0.86920180928	1.22650110722	-2.51432919502	4.80389165878
23	17	0.493262842298	0.966653722781	0.182107889143	0.18004804066	5.54267215729	1.0282150507	1.03851985931
24	17	0.49487785995	-0.221235208335	-0.961216152374	-0.164676929196	-1.42838692665	-5.49780416489	-1.07787179947
25	17	0.493165582418	0.77783885458	-0.276694570218	0.564275492218	4.56822872162	-1.42485201359	3.2430229187
26	17	0.495235577226	0.915753143329	-0.392734556834	0.0845916565118	5.30839109421	-2.31007933617	0.527861356735
27	17	0.497942358255	0.68081037789	0.415130920031	-0.603459649514	4.06614780426	2.32534599304	-3.50928974152
28	17	0.499223839492	-0.0913792977875	0.55222855809	-0.828669683026	-0.610471010208	3.13179111481	-4.87936258316
29	17	0.499876081944	-0.712693374361	0.651133717221	0.260946424463	-4.16860246658	3.71813058853	1.58913731575
0	18	0.499360635877	0.374445624604	-0.926337598755	0.0410989944781	2.24930500984	-5.41614437103	0.395001888275
1	18	0.499653071165	0.039190100113	-0.845717525854	-0.532189818125	0.266742020845	-4.98450660706	-3.00896120071
2	18	0.4990428444	-0.100775700658	0.0281361698091	-0.994511243831	-0.611365675926	0.21890988946	-5.78594398499
3	18	0.477836757898	0.679237773185	-0.729728602815	0.0783084523682	3.85350608826	-4.0372505188	0.503225564957
4	18	0.460609480739	0.627928198097	-0.712895206761	-0.312228445551	3.3824365139	-3.91744804382	-1.72570347786
5	18	0.491220876575	0.734539919522	-0.230866799058	-0.638084342169	4.19820165634	-1.37064146996	-3.61209869385
6	18	0.497951444238	0.0629547971982	0.369360762116	0.927151185578	0.334875911474	2.22666144371	5.39107036591
7	18	0.498009309173	-0.26724047085	0.362632237639	0.892793588107	-1.59963655472	2.09092020988	5.20705413818
8	18	0.488989323378	0.823538595064	0.0512181111546	-0.564943260452	4.64866065979	0.198720872402	-3.29269170761
9	18	0.492711320519	0.883794206902	-0.0609521918043	0.463888596714	5.0379076004	-0.425748199224	2.77376031876
10	18	0.499726399779	-0.366904463313	0.824232454389	-0.431302650042	-2.09379911423	4.70693206787	-2.54061293602
11	18	0.499990567565	-0.612172794198	0.202961338834	0.764232402468	-3.55286192894	1.10460865498	4.45689725876
12	18	0.499983459711	0.693307656108	-0.577352153649	-0.431264402263	4.0378408432	-3.25462341309	-2.57971000671
13	18	0.499946221709	-0.143392327154	-0.760732066897	-0.633028722025	-0.952945590019	-4.45436573029	-3.63182902336
14	18	0.499982520938	-0.0322574293858	0.940467946186	0.338348194093	-0.158054381609	5.38809585571	2.02779102325
15	18	0.499854315072	-0.209415563364	-0.260695181583	-0.942434689578	-1.08758449554	-1.67498350143	-5.46538448334
16	18	0.499803110957	-0.865249353999	0.458014004873	0.203879196447	-5.05192661285	2.62458872795	1.1561088562
17	18	0.499356210232	0.997727942751	0.0194848843347	0.0644925696261	5.74763011932	0.106061890721	0.413291215897
18	18	0.493382886052	-0.931253857721	0.319906551694	-0.174430647145	-5.38503551483	1.84185576439	-1.00794839859
19	18	0.484845727682	-0.592933834746	0.206445786892	-0.778337718916	-3.39985656738	1.20679759979	-4.40305900574
20	18	0.482439160347	0.790503257676	-0.339996453463	-0.509418306735	4.44016838074	-1.97947490215	-2.83445978165
21	18	0.484937533736	0.452100918737	0.749783872885	0.483144805664	2.55088281631	4.2444396019	2.70266890526
22	18	0.470743707381	-0.151267365164	0.205738503063	0.966845309547	-0.873443603516	1.13486838341	5.37732124329
23	18	0.484545737505	-0.21639521608	0.961279104955	-0.170632918382	-1.25806081295	5.41160964966	-1.0272526741
24	18	0.487567458302	-0.370512210312	-0.227216054244	0.900607332139	-2.10603380203	-1.27404117584	5.13951539993
25	18	0.488558016717	-0.377132676251	-0.605413270394	0.700889232714	-2.20119023323	-3.48026657104	4.08110189438
26	18	0.49607115984	-0.31939486729	-0.893881697723	0.314582944905	-1.91391468048	-5.16951608658	1.7613286972
27	18	0.499483183026	-0.534460825874	0.845193078226	-0.000534906973727	-3.08860588074	4.95989179611	-0.0688562393188
28	18	0.499027695507	0.0223357627132	0.350329385493	0.936360205991	0.123998865485	1.90335488319	5.51387548447
29	18	0.499176621437	0.913510820551	0.07969651358	-0.39893163131	5.22434616089	0.502679884434	-2.4104142189
0	19	0.496899649501	-0.948969406458	-0.0395379372009	-0.312879876517	-5.4891705513	-0.119384095073	-1.84086942673
1	19	0.498079746962	-0.439532719496	0.841829652145	-0.313263188489	-2.46320128441	4.96322059631	-1.79337048531
2	19	0.498742088675	-0.3817472442	0.859048098477	-0.341035784117	-2.21057939529	5.04458236694	-1.94318699837
3	19	0.486081924289	-0.405419898452	-0.214262192931	0.888665526854	-2.34700250626	-1.28028476238	5.01169586182
4	19	0.476582363248	0.255702860314	-0.369891949964	0.893194263629	1.45370817184	-2.06805944443	5.0046377182
5	19	0.494518488646	-0.586036591121	0.807325777606	0.069182387067	-3.3556637764	4.65284156799	0.359728336334
6	19	0.494645118713	-0.314052752115	-0.938668077857	-0.142383666552	-1.66674900055	-5.40249443054	-0.906330108643
7	19	0.497284408659	-0.308192819542	0.373885419889	0.874772472576	-1.74439108372	2.1814365387	5.11153125763
8	19	0.495532527566	-0.358770957329	0.838557902661	0.410004931753	-2.17021155357	4.86012077332	2.37847900391
9	19	0.496379047632	0.195385564626	0.774609729741	-0.601501660618	1.04072082043	4.45394802094	-3.58244037628
10	19	0.499582141638	0.594065220723	-0.706443482161	0.384739028485	3.40190649033	-4.17544937134	2.21776676178
11	19	0.499860092998	0.812125630874	0.111618908737	0.572706887412	4.86416769028	0.660327553749	3.19433164597
12	19	0.499965928495	-0.0198123403397	0.714150363725	0.69971189011	-0.220485776663	4.15170240402	4.08572006226
13	19	0.499975055456	0.631772533285	0.756439120787	0.169302459316	3.73346042633	4.39922094345	1.0841729641
14	19	0.499981425703	-0.0231259289214	0.485398685061	-0.873987018183	-0.16233471036	2.70323395729	-5.16066789627
15	19	0.49998126924	-0.148464458736	0.915619981557	0.373628630951	-0.824733495712	5.3021774292	2.16412115097
16	19	0.49992967397	-0.0659338760553	-0.58461779292	0.808625228514	-0.341687262058	-3.4670484066	4.68279838562
17	19	0.499841034412	-0.449408537178	-0.877368106326	0.16809869932	-2.67123627663	-5.08999013901	0.816153287888
18	19	0.497100384906	-0.0150692746173	0.229815615395	0.973117515968	0.0498067997396	1.42340111732	5.6250538826
19	19	0.486041374505	-0.671797425691	-0.401313883889	-0.6226037146	-3.82981753349	-2.38900566101	-3.52274608612
20	19	0.482466734946	-0.470206287413	0.144056538011	-0.870720254234	-2.70078039169	0.927699923515	-4.88794851303
21	19	0.485092755407	-0.111792858605	-0.603979463146	-0.78912050085	-0.61834526062	-3.40214633942	-4.45758867264
22	19	0.471157856286	0.333967326597	-0.524353488762	0.783274692294	1.88087415695	-2.85085511208	4.33047103882
23	19	0.462671630085	0.733728115123	0.0370832055112	-0.678430459919	3.98143339157	0.169961586595	-3.69571280479
24	19	0.479584380984	0.62077789472	0.74673966664	-0.238777460607	3.41906404495	4.20013046265	-1.34592700005
25	19	0.497407883406	-0.784641130418	-0.582326580631	-0.21268297992	-4.56630420685	-3.32850646973	-1.16654539108
26	19	0.499511778355	0.983123197495	0.182843999751	-0.00607044494309	5.6012172699	1.12439703941	-0.0750839710236
27	19	0.499279126525	-0.958574150311	0.20643782472	0.196262637505	-5.6222782135	1.09988689423	1.01992917061
28	19	0.498094394803	-0.21650076993	0.403266909943	0.889102477763	-1.15260791779	2.49059891701	5.18286323547
29	19	0.496224761009	-0.255283575582	-0.688712844195	0.67860512397	-1.47349369526	-4.06201505661	3.87525510788
0	20	0.485761165619	0.515905030173	-0.846711296524	0.130084511686	3.02340459824	-4.79177570343	0.66517162323
1	20	0.496451161802	-0.0712196209746	-0.662893216642	0.745318957842	-0.511367440224	-3.82493448257	4.32723760605
2	20	0.499522835016	0.535410458783	-0.780928848256	-0.321692049306	3.0771355629	-4.52029180527	-1.82840275764
3	20	0.497742533684	0.409705077567	0.904187106274	0.12077841804	2.3418815136	5.232629776	0.648908138275
4	20	0.489965483546	0.622193284256	-0.691515770946	0.366989721327	3.56133174896	-4.03958892822	2.03643703461
5	20	0.487670451403	-0.290599370868	0.62753990344	0.722319648937	-1.58773291111	3.55745458603	4.15763092041
6	20	0.479721948504	-0.888791334714	0.137968825872	-0.437052132388	-5.0012421608	0.814072430134	-2.42456531525
7	20	0.484412421472	-0.0410792765167	-0.0996423818539	-0.994174978955	-0.201678723097	-0.591589212418	-5.58714485168
8	20	0.495683755726	0.00156769311227	0.290986064272	0.95672600714	0.0416307076812	1.51837778091	5.56041002274
9	20	0.498097792268	0.339362700929	0.897810387115	-0.28065898526	1.92515265942	5.24710416794	-1.68456721306
10	20	0.499293535948	-0.0377576469579	-0.673671594323	0.738065676683	-0.224224478006	-4.02499008179	4.25625324249
11	20	0.499796949327	-0.818881115944	-0.190692087675	0.541359626911	-4.82986927032	-1.08808732033	3.07825756073
12	20	0.499952249229	-0.768614638074	-0.363349012871	-0.526506441541	-4.43051481247	-2.14056134224	-3.11050701141
13	20	0.499977603555	0.455063835225	0.856062344333	-0.245100323309	2.66046452522	4.94472074509	-1.35594654083
14	20	0.49985525012	-0.0932158582681	-0.987635907759	0.126040142308	-0.567045271397	-5.76344537735	0.805919885635
15	20	0.499836266041	0.0588532108014	-0.85004345346	0.523414201955	0.349511921406	-5.00062131882	2.99152779579
16	20	0.499733671546	0.909974518574	0.281271586947	-0.304684541654	5.27549314499	1.613022089	-1.90738773346
17	20	0.499350294471	0.216053475633	0.947052361458	0.237513621344	1.23666536808	5.50337362289	1.27531170845
18	20	0.497862096876	0.0913167264314	-0.213350998967	0.972698620701	0.578664839268	-1.31757378578	5.61604118347
19	20	0.493101386353	-0.262846933822	0.273666325252	-0.925212533315	-1.43451941013	1.66358804703	-5.28765583038
20	20	0.485028922558	0.36822204938	-0.792374126668	0.486369988525	2.09338283539	-4.41680145264	2.80259871483
21	20	0.462750948966	0.201701818964	-0.685104631443	0.699962870588	1.09527933598	-3.67256879807	3.90373086929
22	20	0.458873674273	-0.0615650471209	-0.998066321488	0.00856521360715	-0.370874673128	-5.37320756912	0.0404825210571
23	20	0.46192009747	0.940535678701	-0.270664578219	0.205264032866	5.08670520782	-1.50358808041	1.11626434326
24	20	0.471267789602	0.933202343498	0.103125122304	0.344236249165	5.16831207275	0.593695580959	1.99361407757
25	20	0.496823234484	0.0968290218288	0.107126285769	-0.989519125348	0.665907263756	0.647803843021	-5.72610473633
26	20	0.499241307378	-0.820783670282	-0.455179315016	0.345146284609	-4.8122587204	-2.55257797241	1.99925327301
27	20	0.499637112021	0.583494956132	-0.256788078806	0.770450205238	3.57886648178	-1.4170897007	4.34716033936
28	20	0.499364361167	-0.559368412256	-0.828214739303	-0.0341661377986	-3.18285608292	-4.82284164429	-0.398786783218
29	20	0.488461569883	-0.00895720410332	0.0980763716426	0.995138580209	-0.0590995587409	0.750691473484	5.65917301178
0	21	0.46936532855	0.286404463172	-0.958033439409	0.0120171730937	1.49247765541	-5.33322048187	0.0511972904205
1	21	0.494689881802	0.763962006587	0.456164158727	0.456372997431	4.36942195892	2.70916652679	2.57713985443
2	21	0.498473629355	-0.812242750489	0.519065548872	-0.266144077996	-4.6998052597	3.06145119667	-1.56156563759
3	21	0.49694429338	-0.909837580322	0.33945838646	-0.238670444958	-5.31297588348	1.96880972385	-1.31146669388
4	21	0.490199521184	0.463895232322	-0.872339057601	-0.154356023571	2.71219491959	-5.00679206848	-0.813239812851
5	21	0.476791061461	-0.407870922968	0.164267997289	-0.898141044193	-2.27470302582	0.948206782341	-5.00854969025
6	21	0.452354006469	0.616280364545	0.0899759376699	-0.782370016627	3.31928801537	0.450098544359	-4.11532115936
7	21	0.44998799637	0.564170962901	0.0964433745615	-0.820005975663	3.06317138672	0.494892001152	-4.3045501709
8	21	0.482055924833	-0.454659674887	0.64323932023	-0.616058241517	-2.66519880295	3.56782245636	-3.46263790131
9	21	0.497034117579	0.759454821255	0.120261948152	-0.639347666218	4.42724084854	0.556261777878	-3.66889309883
10	21	0.499007804319	0.0133583558088	0.411928815683	0.91111810713	0.0351868793368	2.38232517242	5.32674217224
11	21	0.49990914762	0.753181361737	0.631406454974	0.184509416965	4.33474636078	3.72953152657	0.927377939224
12	21	0.49994418025	0.237125010935	-0.956045484728	-0.172478289418	1.4200412035	-5.59409046173	-0.901588916779
13	21	0.499862730503	-0.746210105653	-0.639606570882	-0.184591204301	-4.44528675079	-3.66039705276	-1.11227631569
14	21	0.499601647258	-0.286983502635	-0.945703421692	-0.1525958958	-1.56388282776	-5.62360525131	-0.909326076508
15	21	0.499634571373	-0.713187740523	0.230341529307	0.662046846261	-4.21774101257	1.36802172661	3.82476043701
16	21	0.499877259135	0.265643248071	0.94644966688	0.183484857188	1.5158469677	5.51899242401	1.05567407608
17	21	0.495837137103	-0.664045332502	-0.691580952475	0.284182305141	-3.76226854324	-4.08811235428	1.55594110489
18	21	0.487693995237	-0.87248524516	-0.357449921858	-0.333165199776	-4.99854755402	-1.95282149315	-1.99795484543
19	21	0.479760736227	-0.782703117174	-0.544655681207	-0.301207601655	-4.42975711823	-3.10421276093	-1.60906195641
20	21	0.478951431811	-0.190070309567	-0.386678683727	-0.902415022577	-1.03613591194	-2.05385828018	-5.12436342239
21	21	0.482187435031	0.0327927107873	-0.936840915321	-0.348215073624	0.161266431212	-5.28722572327	-1.96184587479
22	21	0.489538494498	0.319517354295	0.461851528386	-0.827406687205	1.85440611839	2.73353171349	-4.67376041412
23	21	0.495386585593	-0.343233756584	0.927267265722	-0.149552687241	-2.1218919754	5.27444648743	-0.840412855148
24	21	0.496149361134	0.723654329645	-0.603802367355	0.334285973924	4.09683036804	-3.54212880135	1.86968135834
25	21	0.499289818108	-0.550890719517	0.579043397046	-0.601022594823	-3.20603942871	3.44764065742	-3.35826206207
26	21	0.499228179455	-0.467376099492	-0.8823312208	0.0552376540516	-2.55083703995	-5.23448753357	0.246834039688
27	21	0.498781844974	-0.541192089876	0.264266525118	0.798294635807	-3.15231156349	1.6046230793	4.62449932098
28	21	0.490652412176	-0.765378388431	0.636162059577	0.0974359095864	-4.33943939209	3.72382545471	0.520748138428
29	21	0.470715403557	0.746852145547	-0.651250253661	-0.134480406745	4.09860563278	-3.56962919235	-0.802690982819
0	22	0.463367909193	0.990661704292	0.133964172167	-0.0253572124831	5.41070461273	0.781245827675	-0.150248289108
1	22	0.494086608291	0.588781313294	-0.807211379407	-0.0417894014361	3.40524601936	-4.63787078857	-0.294358730316
2	22	0.497567802668	-0.799913820323	-0.552977936246	0.233137903572	-4.60611629486	-3.233035326	1.45540046692
3	22	0.492590244859	-0.195762526915	-0.484496478264	-0.85260787916	-1.03582751751	-2.73611426353	-5.01317882538
4	22	0.486594997346	0.386738759699	-0.614541080952	-0.687584461407	2.24115347862	-3.48804092407	-3.95346069336
5	22	0.479361563921	-0.660304561098	-0.385381194229	-0.644576777217	-3.7394349575	-2.15267276764	-3.58097219467
6	22	0.452066138387	-0.00487939514916	-0.942849720533	0.333182526543	0.0487583875656	-4.9963927269	1.79118609428
7	22	0.445912539959	0.497561485132	-0.423205506717	0.757185358811	2.63479137421	-2.23013591766	3.94201660156
8	22	0.48071372509	0.537785634759	0.808065409106	-0.240451462154	3.09898805618	4.49987792969	-1.36104869843
9	22	0.494806990027	-0.995941226621	0.089650364332	0.00799282756033	-5.77911281586	0.46911329031	0.0958330631256
10	22	0.497747063637	-0.917044010846	0.356423927378	-0.178863820166	-5.33071470261	2.07788157463	-1.19275331497
11	22	0.499858215451	0.143447979908	-0.929168592444	0.340688132866	0.84476941824	-5.33559179306	2.04918193817
12	22	0.499973475933	0.299811396972	0.397142887592	-0.867404549839	1.69965076447	2.38870573044	-4.93234586716
13	22	0.499912016094	-0.18185660136	-0.693379133133	0.697247125686	-0.989437758923	-3.93189167976	4.18233108521
14	22	0.499779921025	-0.592887074836	-0.127279549347	-0.79516340007	-3.35655879974	-0.686617314816	-4.64469718933
15	22	0.499484017491	0.0843222344423	0.853177474212	0.514760097789	0.46082431078	4.93722963333	3.03739690781
16	22	0.499861843884	0.714187832348	-0.451481206066	-0.534883595462	4.05190944672	-2.7049934864	-3.08236551285
17	22	0.488164968789	-0.188524485752	0.056238118836	0.980456930345	-1.10915613174	0.470828711987	5.57600498199
18	22	0.469993129373	0.814747866896	-0.569672169128	0.10797931797	4.48157787323	-3.11927700043	0.569221258163
19	22	0.449579328299	0.834476805501	-0.277084349616	0.476311583187	4.43430519104	-1.43555033207	2.49823856354
20	22	0.478646505624	-0.407798830556	-0.452482712774	0.79306967439	-2.30554389954	-2.53813266754	4.46087741852
21	22	0.493864547461	0.162845504079	0.164486757396	0.972844000055	0.933907389641	1.0270485878	5.55311203003
22	22	0.498271584511	0.230675621861	-0.790098846103	-0.567919510904	1.16591048241	-4.6496386528	-3.2569527626
23	22	0.499128237367	0.987586177455	0.153748964645	0.0321682758301	5.7648601532	0.746155619621	0.211140394211
24	22	0.499431937933	-0.392191411708	0.829416483629	0.397811756069	-2.38634538651	4.80217409134	2.20973300934
25	22	0.499933704734	0.664755552101	-0.73909260366	-0.108821777077	3.79178237915	-4.32179689407	-0.63299202919
26	22	0.499222040176	-0.314064814376	0.845088456308	0.432653202215	-1.75111699104	4.89657688141	2.45936870575
27	22	0.486879341304	0.545719803496	-0.3219079072	-0.77366995247	3.12455534935	-1.85489487648	-4.31179475784
28	22	0.438619405031	-0.634377621856	0.105247849988	-0.765824994996	-3.29868745804	0.517384588718	-3.96174764633
29	22	0.422844655812	0.112490871706	-0.64610420981	-0.754914004274	0.556013405323	-3.20943927765	-3.77713465691
0	23	0.486494764686	0.89205449043	0.362971365378	0.269240736181	5.02849197388	2.03990030289	1.53000807762
1	23	0.498941108584	-0.967324221671	0.182165208243	0.176351033666	-5.62312698364	0.991744041443	1.06739282608
2	23	0.499535381794	-0.244637890477	0.960026009008	-0.136023397147	-1.24956083298	5.56319093704	-0.861530542374
3	23	0.497710466385	-0.273346314343	-0.925025411095	0.263836656405	-1.48828291893	-5.36723995209	1.50754165649
4	23	0.494695456699	0.171862843996	0.330857015469	0.927899131462	0.8879956007	1.93548679352	5.37402582169
5	23	0.493181414902	0.558222339153	0.597675705458	0.575475083018	3.19696903229	3.48972892761	3.26818919182
6	23	0.484591916203	-0.633507664624	-0.687112810751	-0.355730268834	-3.57616567612	-3.80183935165	-2.05596590042
7	23	0.474768955261	0.175290481134	-0.624012741268	0.761499406407	0.997811317444	-3.45235586166	4.20859527588
8	23	0.490889981389	0.544258267518	0.830090606632	-0.121377605099	3.15213680267	4.68946647644	-0.733882904053
9	23	0.496755152941	-0.912932574374	-0.142977521903	0.382245396148	-5.26790046692	-0.989625811577	2.19132423401
10	23	0.498501941562	-0.387528622082	0.796881501906	0.463466761469	-2.04488563538	4.72956085205	2.72430706024
11	23	0.499773435295	-0.590808183365	-0.335297993583	-0.733839863982	-3.39235544205	-1.96371817589	-4.32471561432
12	23	0.49940738827	-0.726756444906	-0.096845287396	0.680033866875	-4.13576889038	-0.428079396486	4.04028129578
13	23	0.499449744821	0.213886848974	-0.96048592598	0.178098854095	1.27327871323	-5.65481090546	0.798798799515
14	23	0.498637665063	0.440044048059	0.329302302625	0.835416799719	2.49823975563	1.94701957703	4.88853549957
15	23	0.498272076249	0.963625811659	0.171303636005	-0.205134978482	5.60108470917	0.953127622604	-1.26618337631
16	23	0.498796857893	-0.714952115557	0.359630917338	-0.599590756895	-4.19493293762	2.10466051102	-3.32312393188
17	23	0.479790225625	-0.0257127926268	-0.88490599293	0.465059389726	-0.0424176007509	-4.97239589691	2.60041618347
18	23	0.446551963687	-0.748470853607	-0.627855437404	0.213515645853	-3.92489933968	-3.31328701973	1.14299678802
19	23	0.447180911899	0.602809673364	-0.162017120963	0.781262408038	3.18261289597	-0.84658741951	4.1160030365
20	23	0.488461062312	-0.758909997316	-0.597854452553	0.258119486936	-4.28831386566	-3.42235136032	1.47413015366
21	23	0.498002443463	-0.210261690137	0.515048104184	-0.830972606069	-1.28822112083	2.91868400574	-4.84331703186
22	23	0.498397693038	0.619455620188	0.678652195214	-0.394595910457	3.66078996658	3.93824529648	-2.30347824097
23	23	0.498661130667	0.0795266336952	0.993943934228	0.0758351511196	0.371100664139	5.84294891357	0.352505683899
24	23	0.499358728528	-0.46200376832	0.593826758842	0.658727787892	-2.72348332405	3.40125465393	3.92728734016
25	23	0.499450743198	0.903374716353	-0.42874911599	-0.0093977333139	5.26187515259	-2.48740959167	-0.0564329624176
26	23	0.491018354893	-0.898149502288	-0.394362650646	0.194436548303	-5.15119838715	-2.32606363297	1.13851261139
27	23	0.475228123367	-0.814139159641	0.0629769712221	-0.577244601391	-4.53592252731	0.361951231956	-3.23234963417
28	23	0.424032077193	-0.914438858181	-0.187053843495	-0.358904491868	-4.61166858673	-0.950743496418	-1.80347037315
29	23	0.441149964929	-0.0654386320061	-0.899024460437	-0.432981298647	-0.378632545471	-4.63567256927	-2.28147101402
0	24	0.49477597326	-0.625076683934	-0.362631052902	-0.691214770294	-3.64746451378	-2.04238796234	-4.00932264328
1	24	0.495342835784	-0.657759900551	0.287244014469	-0.696306534063	-3.77349042892	1.797706604	-4.07195711136
2	24	0.498026199639	0.127090933986	-0.813037003303	0.568171387663	0.858193039894	-4.68333816528	3.23949813843
3	24	0.495557188988	-0.722333320413	0.691538879204	0.00292451183945	-4.16856002808	3.96133875847	0.0118989944458
4	24	0.484484836459	0.719598040536	0.6913953229	-0.0644295547761	4.14126110077	3.90032577515	-0.42811870575
5	24	0.482115231454	0.837564312131	-0.030399113641	0.54549236194	4.75949668884	-0.269180476665	3.13133096695
6	24	0.489171132445	0.174365981797	0.97278468992	0.152598989019	1.07580637932	5.53307771683	0.887266397476
7	24	0.492191493511	-0.888227293703	0.243844526197	-0.389348329603	-5.10116291046	1.34420537949	-2.2769343853
8	24	0.498745903373	-0.947132433915	-0.319616795339	0.0280224332081	-5.407746315	-1.96024060249	0.201806783676
9	24	0.498653367162	0.746171275788	0.631467952394	-0.210894884453	4.33598995209	3.56423616409	-1.235227108
10	24	0.498516961932	-0.548787512093	-0.717588514356	0.42883445598	-3.09922242165	-4.20580720901	2.44913291931
11	24	0.499071365222	0.208768032411	0.26677120787	-0.940876735441	1.27464413643	1.67609930038	-5.39919519424
12	24	0.495777785778	-0.320499240216	-0.863551719466	-0.389305361932	-1.86106348038	-4.98035144806	-2.30378007889
13	24	0.499268997461	0.248660419979	0.147059452968	0.957361746065	1.42480421066	0.90749835968	5.55855989456
14	24	0.497589953244	0.329019279749	0.572128950014	0.751275434251	1.95726895332	3.47685170174	4.32273006439
15	24	0.496404856443	0.404340004373	-0.898649707761	0.170111327093	2.12144851685	-5.31526088715	0.975865125656
16	24	0.495488658547	0.952288847278	-0.189952825885	-0.238880462343	5.52855587006	-0.991817772388	-1.28487944603
17	24	0.479092486203	-0.834698309001	0.144253883807	-0.531478644874	-4.65172386169	0.898614168167	-2.92423725128
18	24	0.443445190787	-0.553091046709	-0.76744067761	-0.324230011565	-2.91830039024	-4.00193548203	-1.68161129951
19	24	0.469735488296	0.701365046177	-0.502504685266	0.505545362245	3.83421492577	-2.8199775219	2.75708842278
20	24	0.49770706892	0.623156667319	0.742241235319	-0.246482690198	3.50988006592	4.35905075073	-1.47961163521
21	24	0.498946771026	0.899161916039	0.428476670244	-0.0889696116793	5.32709217072	2.37827444077	-0.475512981415
22	24	0.498257133178	-0.0519462958918	0.192301126514	0.979960131375	-0.363836705685	1.09208500385	5.71857881546
23	24	0.499116774648	0.0859067417	-0.375153089784	0.922973559186	0.491924464703	-2.25699687004	5.34280347824
24	24	0.498656474054	-0.790578615837	0.243619105444	-0.561814189607	-4.61137533188	1.3171402216	-3.33017277718
25	24	0.496308423579	0.320646187311	0.563377979797	-0.761440263213	1.86185193062	3.27628540993	-4.42269182205
26	24	0.481951132417	-0.995551370696	-0.0277720712267	-0.0900343288163	-5.63299655914	-0.214654713869	-0.469433546066
27	24	0.484616756439	0.260563559609	0.854344233855	0.449669391312	1.53604638577	4.77261734009	2.5585231781
28	24	0.473382067867	-0.213341262945	-0.1183926542	-0.969777647173	-1.16960155964	-0.635206341743	-5.37121582031
29	24	0.482257246971	0.394656056329	-0.787446567641	0.473470696361	2.23943328857	-4.40514564514	2.7146821022
0	25	0.493836164474	-0.322234071176	-0.933177223606	-0.159202615296	-1.83560872078	-5.39156484604	-0.914699554443
1	25	0.493366552517	-0.360928255916	-0.259626892598	-0.895725778752	-2.00629711151	-1.39013338089	-5.23789978027
2	25	0.494974955916	-0.48679897984	-0.767354779784	0.417364822631	-2.84189105034	-4.37949943542	2.51905798912
3	25	0.491225719452	0.370814333129	0.675474420133	-0.637362564081	2.21596479416	3.81052970886	-3.67657184601
4	25	0.488679990172	0.30596697478	0.644252383419	-0.70094441777	1.68534517288	3.67599964142	-4.06425571442
5	25	0.494926735759	0.52818381797	-0.83777168425	0.138421311592	3.03293466568	-4.81304550171	0.771495819092
6	25	0.49183319509	-0.713409254592	0.698802564355	-0.0521748168476	-4.17150497437	3.97120571136	-0.303117036819
7	25	0.486629635096	0.492944205363	0.792276678765	-0.359588201537	2.85932183266	4.46402740479	-2.09056329727
8	25	0.482701703906	0.661992924952	0.740802464926	0.11391696657	3.82251930237	4.17235660553	0.654584884644
9	25	0.48796865344	0.110440804952	0.992190192099	-0.0579780243127	0.647752165794	5.68678426743	-0.349119663239
10	25	0.484365940094	-0.867629201011	0.204795064867	0.45307676056	-4.96213817596	1.20353484154	2.53322982788
11	25	0.490180231631	0.380947966267	-0.1520037459	0.912016177614	2.13868951797	-0.869528532028	5.20726680756
12	25	0.477478727698	0.38434442321	-0.905459697191	-0.180061381507	2.17376589775	-5.08920812607	-0.991679430008
13	25	0.495193146169	-0.0957323980299	0.527105406682	-0.844390429963	-0.548424363136	2.94689035416	-4.87487459183
14	25	0.497526731342	-0.601288120097	0.164324227866	0.781952776558	-3.5841858387	0.799516320229	4.4742193222
15	25	0.498446762562	0.950318968024	0.308648807013	-0.0403704464062	5.45018720627	1.846981287	-0.316314697266
16	25	0.494296774268	0.0112806589168	-0.890592961297	-0.454661328929	-0.166969180107	-5.16584348679	-2.63148117065
17	25	0.486562177539	0.300111246627	-0.901984452913	-0.310414700603	1.75737524033	-5.14072275162	-1.75216293335
18	25	0.475791446865	0.209063312899	-0.832013742662	-0.513853737188	1.20883274078	-4.65724039078	-2.84873127937
19	25	0.492469355464	-0.424368895598	0.269350662009	0.864500584918	-2.47561883926	1.71805000305	4.90197706223
20	25	0.499077051878	0.183192605406	-0.874375299306	0.449342080477	1.00473570824	-5.06412935257	2.54472446442
21	25	0.49028506875	-0.539731281992	0.577202247312	-0.612803156761	-3.07437586784	3.3557472229	-3.47654914856
22	25	0.491859078407	-0.967849904431	-0.234564562436	-0.0908076458317	-5.54825973511	-1.3197978735	-0.505062580109
23	25	0.497728332877	0.899770114369	-0.40603937615	-0.159830429844	5.19511795044	-2.37483906746	-0.903285980225
24	25	0.498794406652	-0.340029393241	0.782345728613	-0.521838262926	-1.99814319611	4.59395217896	-2.98770594597
25	25	0.492414876819	0.797898069455	0.491760588914	0.348611809828	4.63564014435	2.74032950401	2.07826662064
26	25	0.449891667813	-0.361481818379	0.561702750131	-0.744191450822	-1.89317059517	2.97605085373	-3.95340681076
27	25	0.42787402356	0.0778335354497	-0.0607772283019	-0.995112088802	0.376277714968	-0.277671128511	-5.02204418182
28	25	0.451035857201	-0.715291068796	-0.363795776692	-0.596666841514	-3.79038619995	-1.98640727997	-3.14570474625
29	25	0.489266060293	0.456858849932	0.273650318142	0.846401497293	2.59414339066	1.68136739731	4.80678939819
0	26	0.486757859588	0.170730834289	0.23235089096	0.957530180043	0.987920403481	1.43972551823	5.47003936768
1	26	0.492416013032	0.150160605876	-0.48963301652	0.858901217589	0.889810860157	-2.7162156105	4.96396493912
2	26	0.4837770015	-0.285756952396	-0.935508268842	-0.207767281076	-1.56353116035	-5.30276679993	-1.28761339188
3	26	0.478402249515	-0.426947412042	0.639873746484	0.638965958335	-2.40374803543	3.57418251038	3.59640026093
4	26	0.490151401609	-0.238854491918	0.367859479004	0.898681220121	-1.30666041374	2.0590133667	5.19346237183
5	26	0.495209172368	-0.730954374514	-0.112091474846	0.67315763655	-4.24010419846	-0.693451046944	3.89378046989
6	26	0.493243545294	-0.743013174991	0.605463972195	0.285210098284	-4.27572250366	3.60741233826	1.5409181118
7	26	0.492196545005	0.414940754586	-0.27517044996	0.867240101502	2.35983228683	-1.64379858971	4.94210910797
8	26	0.487640306354	0.690167488453	0.585759488365	0.424917238617	3.93894338608	3.42061519623	2.34119033813
9	26	0.491037428379	-0.891195626381	-0.445632694442	-0.0847458386206	-5.05636739731	-2.55771875381	-0.468549013138
10	26	0.462083280087	-0.7903079291	-0.609345942037	0.064116301557	-4.26498746872	-3.390873909	0.335010051727
11	26	0.446876753122	0.351728803104	-0.363908446639	-0.862471733758	1.82468271255	-1.93003129959	-4.51700782776
12	26	0.442682668567	0.816412804418	-0.570326954833	-0.0905389273901	4.26509571075	-2.97488427162	-0.494329214096
13	26	0.480994135141	0.516011276047	0.806707164681	0.288020682321	2.91670751572	4.55783748627	1.7140276432
14	26	0.494593821466	0.519897348701	0.605489691369	0.602568652072	3.12309837341	3.53927993774	3.37994718552
15	26	0.498221457005	-0.557683532773	0.350311219604	0.752509884781	-3.34547376633	1.92538523674	4.3308634758
16	26	0.49933360517	0.989766370055	-0.0211314288479	0.14112404268	5.7280216217	-0.135058492422	0.762692451477
17	26	0.498964592814	0.0853122398265	0.793390484712	0.60270503607	0.391894519329	4.52591753006	3.54721879959
18	26	0.496783955023	-0.106552724991	0.290299861333	-0.950985019497	-0.584815859795	1.75753033161	-5.45936059952
19	26	0.498678900301	-0.376892241677	-0.581076321037	0.721320003393	-2.12720894814	-3.45405769348	4.12143468857
20	26	0.49263292551	0.786746195323	0.539742597442	-0.299513526659	4.4242978096	3.16098070145	-1.69531059265
21	26	0.468110304326	-0.444151121808	0.00236304194073	-0.895948769199	-2.51512694359	-0.0202539954334	-4.91095256805
22	26	0.475626662374	0.272826096983	-0.727999235201	-0.62895392069	1.55610275269	-4.10458660126	-3.43376469612
23	26	0.489038035274	0.621817406555	0.447585014299	-0.642659138176	3.57155561447	2.71344423294	-3.58490133286
24	26	0.498866483569	-0.736319640632	-0.488766477709	-0.46791101407	-4.20019054413	-2.93973255157	-2.664675951
25	26	0.499187507667	0.220832782827	-0.0814980522003	0.971900689122	1.29625701904	-0.413602590561	5.66981315613
26	26	0.46455058828	-0.398264251846	-0.093742765762	-0.912468015642	-2.15165019035	-0.460759758949	-4.95062303543
27	26	0.430496755987	-0.437571140028	0.462477548912	-0.771132941954	-2.18954443932	2.33163332939	-3.95800876617
28	26	0.455116983503	-0.465866912767	-0.449000020899	-0.762474262399	-2.52052283287	-2.37795162201	-4.0326795578
29	26	0.482089407742	0.625799386219	-0.532611229384	0.569824891122	3.50820398331	-3.08441781998	3.20497655869
0	27	0.496280252934	-0.172225376068	0.674333478134	0.718061821925	-1.00770235062	3.91177868843	4.11574745178
1	27	0.495337417349	-0.160692463879	-0.316910233649	-0.934743727372	-0.925560057163	-1.78688585758	-5.3801574707
2	27	0.464082717896	-0.857276118569	-0.0795795848233	-0.508669584514	-4.713285923	-0.381400406361	-2.75108933449
3	27	0.44017355144	-0.537738090564	0.817101954896	-0.207803131019	-2.80064082146	4.2570400238	-1.06900930405
4	27	0.480278155766	-0.276068820835	0.0122626839207	-0.961059640577	-1.52373862267	-0.0103780627251	-5.41239070892
5	27	0.496113475412	0.170852655064	0.445122888065	-0.879019331288	1.04075312614	2.65796494484	-4.988073349
6	27	0.497552901506	-0.366144390231	-0.809103683662	0.459662391965	-2.02586889267	-4.71075725555	2.75225424767
7	27	0.495230942965	-0.470864945833	-0.666584859901	-0.577884787251	-2.76321077347	-3.67181682587	-3.45406317711
8	27	0.487431209534	0.327704267855	-0.565085194714	0.757158263208	1.81462204456	-3.19376420975	4.35570430756
9	27	0.494930937886	0.862763834414	0.407122537031	-0.299816286863	4.89160394669	2.36918663979	-1.775192976
10	27	0.470305576921	-0.918226089088	0.352796011258	0.179988398957	-5.03934144974	1.97852230072	1.0283601284
11	27	0.449824810028	-0.30407099707	-0.675462432798	-0.671782204751	-1.59922134876	-3.57431173325	-3.52917647362
12	27	0.463526599109	0.301814753139	-0.754204950735	0.583166140199	1.59784889221	-4.08309793472	3.17279100418
13	27	0.495030671358	0.27812611338	0.784274994311	-0.554579659161	1.61575245857	4.45957136154	-3.21836566925
14	27	0.49653069675	-0.323475775683	-0.887467363816	0.328275952071	-1.80481517315	-5.14095067978	1.83758354187
15	27	0.497365728021	-0.812416363618	0.388547895424	-0.43475301619	-4.69699764252	2.31482338905	-2.65586948395
16	27	0.49940353632	-0.88938167387	-0.0446850365236	-0.454976357292	-5.22500705719	-0.229541182518	-2.54138946533
17	27	0.497771673836	0.0660560204109	-0.167120472423	-0.983721174858	0.447855293751	-0.979150235653	-5.74504709244
18	27	0.49931883812	-0.132603296518	-0.986118545227	-0.0999328800322	-0.790953040123	-5.71820926666	-0.45863199234
19	27	0.499038144946	-0.508822489918	0.835426542693	0.207755061352	-2.85708236694	4.87468719482	1.10376644135
20	27	0.467548832297	-0.0156934497777	-0.902323084423	-0.430774612706	-0.12525986135	-4.95398187637	-2.31737732887
21	27	0.445334978402	0.233576894104	-0.802669324512	-0.548783919251	1.28054392338	-4.18717384338	-2.87868022919
22	27	0.459947049618	0.259143692584	0.643892343208	-0.719893878951	1.41682946682	3.50806856155	-3.86740779877
23	27	0.487771242857	0.13248442375	-0.227311456794	-0.964768044182	0.778185963631	-1.39553928375	-5.49954462051
24	27	0.498880773783	-0.309832269762	0.941129468429	0.135200918147	-1.67634057999	5.44564771652	0.855810165405
25	27	0.499152645469	0.194017370663	-0.61382167127	0.765232131944	1.17505967617	-3.61202859879	4.4892539978
26	27	0.495542988181	0.0986751571815	-0.841578004321	0.531045832296	0.549676954746	-4.90584278107	3.05160570145
27	27	0.49536767602	-0.629018204897	0.29051451913	0.721066856875	-3.62179112434	1.66983640194	4.12386417389
28	27	0.49554681778	0.984969450719	0.156458964061	-0.0731831518553	5.71385669708	0.843553423882	-0.467827320099
29	27	0.494104102254	0.978521299654	-0.0804009766751	-0.189820307328	5.64646434784	-0.44482755661	-1.16667342186
0	28	0.495663717389	-0.602831692798	-0.788570522807	0.121451557084	-3.5499587059	-4.52522659302	0.664118289948
1	28	0.486155733466	0.965787172746	-0.248285852902	0.0748950746601	5.49939393997	-1.37887966633	0.440392494202
2	28	0.445866644382	0.0858612676596	0.984710344206	0.15156972234	0.424953579903	5.1600227356	0.779139518738
3	28	0.415181383491	-0.50620746013	0.682844310668	0.526761477993	-2.48856401443	3.37754011154	2.58545947075
4	28	0.472546473145	-0.773874340779	0.38780631061	0.500724245603	-4.27255010605	2.14808535576	2.77573800087
5	28	0.494405254722	0.137169175471	-0.982483742815	-0.126136086845	0.920146226883	-5.65225219727	-0.730860710144
6	28	0.497507169843	-0.540680999903	-0.7443623869	0.39190393378	-3.22296190262	-4.30627250671	2.25317764282
7	28	0.494188696146	0.884400306835	-0.204792877228	0.419399540661	5.08629846573	-1.0271999836	2.42355155945
8	28	0.472539111972	-0.166436277546	-0.985639896439	0.0285124545301	-1.00878560543	-5.46209096909	0.0680332183838
9	28	0.489175319672	0.312872782862	-0.614484865923	0.724236819898	1.79825210571	-3.47466421127	4.15097141266
10	28	0.490695893764	-0.897149645262	-0.436135016013	-0.0700625564355	-5.1369304657	-2.46161842346	-0.503313302994
11	28	0.461166590452	0.843417464995	-0.150847086573	-0.515647298271	4.61262512207	-0.813117563725	-2.75490307808
12	28	0.475316524506	0.668098191441	-0.0401442361533	-0.742989398913	3.69483590126	-0.197049826384	-4.15608024597
13	28	0.490525007248	-0.931930978591	0.286760164891	0.221975807182	-5.33830499649	1.56229376793	1.33301448822
14	28	0.479079760611	-0.524104116956	-0.0729238033231	0.848526365824	-2.92695522308	-0.443846106529	4.84032392502
15	28	0.489401802421	-0.520950797695	0.853574608996	0.00454458560497	-2.94674348831	4.8960108757	0.0107591152191
16	28	0.492431998253	0.820869578614	-0.561250538435	0.10569280019	4.67175388336	-3.19698810577	0.652736186981
17	28	0.49128465727	0.29979796432	0.153313935825	-0.94160289808	1.56472754478	0.939518451691	-5.47240257263
18	28	0.49650876224	0.950328676192	0.232674082521	0.206732141984	5.48834466934	1.38394141197	1.2335088253
19	28	0.48632671684	0.687884261832	-0.309239982075	0.656647451689	3.93460392952	-1.82813251019	3.72800254822
20	28	0.452026486397	0.725207758551	-0.59002638295	-0.354883888561	3.85277175903	-3.13154888153	-1.93842029572
21	28	0.437773659825	0.979449169278	0.173138729347	0.103451946332	5.06853103638	0.886762082577	0.517359256744
22	28	0.457703918219	0.836925496964	0.491152690289	0.241505170449	4.49641513824	2.65192723274	1.30559825897
23	28	0.495844557881	-0.664254401596	-0.720267414816	-0.199952347108	-3.88679933548	-4.13859510422	-1.08955335617
24	28	0.499203927815	-0.613925721274	-0.394543425672	-0.683689033127	-3.60741138458	-2.30312943459	-3.99294447899
25	28	0.499715998769	-0.148374241549	-0.870635182818	-0.469019682832	-0.90898668766	-5.04723072052	-2.74844431877
26	28	0.498988345265	0.946986678879	0.295611951169	-0.125816550388	5.43765068054	1.84236574173	-0.646485090256
27	28	0.498524359427	0.173808740557	-0.131840381431	-0.975914256239	0.986492335796	-0.917715549469	-5.60893678665
28	28	0.49733003974	0.0237283218989	0.874391032144	0.484641403148	0.171708077192	5.03276920319	2.81941199303
29	28	0.498403042555	-0.790119583782	-0.583029935422	-0.189174886616	-4.62776947021	-3.32584571838	-1.16180300713
0	29	0.495804652572	0.876904807145	-0.480429333295	-0.0150204832117	5.10350704193	-2.75717759132	-0.204550504684
1	29	0.489891856909	0.861715955568	0.17313827388	0.476936840721	4.90368890762	1.06112623215	2.82144331932
2	29	0.46232907474	-0.682221005825	0.68049567289	0.267395097915	-3.70147323608	3.72053670883	1.40837001801
3	29	0.455975219607	-0.865807536484	-0.30187648598	0.399058763818	-4.62413549423	-1.63183498383	2.12501573563
4	29	0.485972091556	0.0130258084	0.961357114894	0.274996047168	0.173908233643	5.46315860748	1.49707484245
5	29	0.492999777198	-0.967418254191	-0.247299163119	0.0542682722961	-5.57812786102	-1.44088673592	0.34833741188
6	29	0.488449424505	-0.187288228967	0.957888768544	-0.217651617011	-0.897108256817	5.50111341476	-1.23552036285
7	29	0.483286414295	-0.34274980781	0.124177682242	-0.931183372102	-1.92101597786	0.649005770683	-5.25752782822
8	29	0.427595511079	-0.924953270398	0.0391870575132	-0.378055316195	-4.67879009247	0.219245731831	-1.89822340012
9	29	0.445638686419	-0.83023379131	0.480685146915	-0.282229766863	-4.3032989502	2.49439692497	-1.4960256815
10	29	0.486447516829	0.292694052158	-0.155546127298	0.943469975205	1.6887999773	-0.893304347992	5.32965373993
11	29	0.458580724895	0.649795534974	0.178799265807	-0.738780471639	3.47429537773	0.97100186348	-4.03317165375
12	29	0.463769569993	0.963216378467	-0.215358855308	0.160731987148	5.24664020538	-1.19869375229	0.942736148834
13	29	0.475778594613	0.10687535462	0.564193851946	-0.818695887373	0.612574756145	3.09935808182	-4.57558441162
14	29	0.450993724167	-0.139772974596	0.406347988369	0.902964466589	-0.732995212078	2.16757702827	4.79682540894
15	29	0.434284329414	0.708311794654	-0.172027976973	0.684617248317	3.62044787407	-0.884977221489	3.51202726364
16	29	0.446843108162	0.409430807925	0.0272136708406	0.911935211318	2.12477993965	0.166916489601	4.84510707855
17	29	0.482046350837	0.856083106534	-0.270493916551	0.440402947101	4.81050300598	-1.51969838142	2.46682357788
18	29	0.497999072075	-0.705295385406	0.701625907302	-0.101387896353	-4.10090017319	3.96357011795	-0.647048473358
19	29	0.489618886262	-0.28107482821	-0.217792897791	0.934646026375	-1.64539825916	-1.35203695297	5.32441473007
20	29	0.482123676687	0.545116908331	0.183073030986	0.818127020442	3.11787056923	1.08502948284	4.60500812531
21	29	0.481569051743	0.280835172895	-0.776403364408	-0.564206895917	1.49251937866	-4.41988658905	-3.16329693794
22	29	0.483004689217	0.849444126754	0.515060360829	0.11470614729	4.75250911713	3.02079606056	0.676930904388
23	29	0.496842548251	0.954979367099	0.0574172569963	0.291062994924	5.5798869133	0.259129166603	1.7019405365
24	29	0.499065026641	0.950131342448	0.30995549164	-0.0343223731819	5.53265237808	1.82876348495	-0.173651456833
25	29	0.499491713941	0.117044098103	0.848009066519	0.516895833028	0.627698481083	4.95245265961	2.99468183517
26	29	0.497942879796	-0.954878918879	-0.2938067222	0.0434034592073	-5.43873071671	-1.87749218941	0.193208217621
27	29	0.492127329111	-0.409025851592	0.911478855256	0.0436365575109	-2.29171657562	5.27942991257	0.254870414734
28	29	0.488846756518	-0.845613213597	-0.0643750666089	0.529900126241	-4.89776563644	-0.472703486681	2.96658420563
29	29	0.495824277401	0.0955825297407	-0.88890852903	0.448001793553	0.612434923649	-5.12747144699	2.64895105362
