0	0	0.451117560267	-0.346643583745	0.887365992261	-0.304006285506	-1.81633257866	4.72061729431	-1.57361149788
1	0	0.475747451186	-0.652375295201	0.522675963053	-0.548831770089	-3.70345973969	2.8654897213	-3.06531786919
2	0	0.4962233603	-0.0396451325679	0.998317333302	-0.0423174372229	-0.145111769438	5.7794046402	-0.239783287048
3	0	0.499133661389	-0.820616498333	-0.298487258953	-0.48733347813	-4.73902606964	-1.82489097118	-2.77972483635
4	0	0.496309533715	-0.850011469202	0.518853856232	0.0909460174986	-4.91828393936	3.14861059189	0.472218751907
5	0	0.498638346791	-0.176354366552	-0.975556277077	0.131107160952	-0.969878733158	-5.71463918686	0.778466939926
6	0	0.499312460423	-0.300184289517	-0.658010745617	0.69058761282	-1.79202997684	-3.78302383423	4.07031202316
7	0	0.497997261584	0.250031465623	-0.358809578669	0.899299701131	1.5714751482	-2.0631415844	5.18956327438
8	0	0.496140249074	0.13303587633	-0.251540555518	-0.95865990035	0.686041176319	-1.38479113579	-5.51144790649
9	0	0.489772975445	0.730810816597	-0.445008199894	0.517574393079	4.18210983276	-2.64028120041	2.94064378738
10	0	0.49444462359	0.167243381076	0.413870516	0.89484124149	0.943243384361	2.33209443092	5.17085838318
11	0	0.497312985361	0.268445520537	0.548827476321	-0.791659904087	1.50966489315	3.11080980301	-4.63265371323
12	0	0.499144852161	0.34111084587	0.159762306148	0.926347341101	1.9811103344	0.929003953934	5.31641435623
13	0	0.494593456388	0.17265497751	-0.883160945397	-0.436138743139	0.901783466339	-5.15818786621	-2.51643967628
14	0	0.497957065701	0.966114786027	0.235325154534	-0.106039105351	5.57669353485	1.51488161087	-0.564222812653
15	0	0.499827072024	0.397472006306	-0.85888563141	-0.323003833352	2.19957756996	-4.99629974365	-1.96475315094
16	0	0.499860956334	-0.175157568868	-0.0274746966205	0.984156982963	-1.07780718803	-0.136227548122	5.66251897812
17	0	0.499912753701	0.434180609547	-0.839681972916	-0.326222903325	2.52248764038	-4.8431892395	-1.98817825317
18	0	0.499522939324	-0.213272596342	-0.378953058117	-0.900505069055	-1.32344782352	-2.17925930023	-5.31904840469
19	0	0.499674648978	0.186524456216	0.0166813911184	-0.982308687951	1.0438336134	0.210186034441	-5.78226995468
20	0	0.499876081944	0.875215938239	-0.0584237086086	-0.480191349073	5.1641740799	-0.457391560078	-2.66255879402
21	0	0.498876959085	-0.813655820858	0.497136570187	-0.301362631668	-4.70011377335	2.91704416275	-1.58815360069
22	0	0.493202291429	0.728035123419	-0.369503875383	-0.577435490029	4.26662349701	-2.07506322861	-3.32022595406
23	0	0.495713368058	0.340830053407	-0.937266627592	0.0732539657355	2.08431196213	-5.40038299561	0.471838235855
24	0	0.499264612794	-0.938768957133	-0.088050773832	0.333106448978	-5.4577627182	-0.430050253868	1.90396332741
25	0	0.497900336981	-0.382022870018	-0.769110253339	0.512374809092	-2.06757307053	-4.54315757751	2.93908643723
26	0	0.491372808814	0.30052345938	0.920127063446	-0.251101249452	1.75855112076	5.2381029129	-1.37542176247
27	0	0.483592100441	0.292654546874	0.239852213873	-0.925648006369	1.61639213562	1.32954978943	-5.27711868286
28	0	0.461163625121	-0.612209711116	0.71598825301	0.33549976329	-3.28154802322	3.86599731445	1.87185025215
29	0	0.439741004258	0.300308893988	0.250725527877	0.920299558765	1.51814317703	1.33624339104	4.76459646225
0	1	0.469026327133	0.978979666177	0.178965895129	0.0978264871699	5.42139863968	0.97430574894	0.576031208038
1	1	0.487647816539	0.481931555075	0.808700839839	-0.337260919565	2.77042102814	4.54817819595	-1.91854572296
2	1	0.491016373038	-0.642276048743	-0.595619205835	0.482409824581	-3.69992017746	-3.42312860489	2.67286586761
3	1	0.493251390755	0.770592605045	-0.263519044883	0.5802971222	4.47713518143	-1.42573046684	3.28221416473
4	1	0.489667288959	-0.609536454241	0.353436520802	0.709611116538	-3.51056623459	2.01689386368	4.08489084244
5	1	0.497476108372	-0.739261865753	-0.235176499745	-0.631018151729	-4.33036756516	-1.35882854462	-3.6368701458
6	1	0.499683909118	0.740627223323	-0.0660912469118	-0.668657807218	4.32194328308	-0.338885545731	-3.77452898026
7	1	0.499765604734	-0.841009227739	0.459110650926	-0.286218254247	-4.912317276	2.68654131889	-1.69931197166
8	1	0.499770008028	-0.815554335378	0.113122813444	0.567515951428	-4.78503704071	0.598178446293	3.30150413513
9	1	0.498338662088	0.653355123117	-0.0273727143761	0.756556552813	3.84032726288	-0.146839380264	4.34067869186
10	1	0.498495340347	-0.994644482542	-0.103313675312	-0.00293902068135	-5.697224617	-0.609595775604	-0.0833559036255
11	1	0.486338041723	0.815864828961	-0.150191886893	-0.55839679259	4.71979045868	-0.896164417267	-3.0741724968
12	1	0.489312693477	-0.545426316227	0.206584356374	-0.812301075506	-3.18518686295	1.17613911629	-4.55595827103
13	1	0.483835306019	0.372491150642	-0.130354082444	-0.918835216937	2.22665596008	-0.754208385944	-5.21977615356
14	1	0.496226340532	-0.733600723132	0.151066482771	-0.662577464756	-4.28657913208	0.812605857849	-3.76485204697
15	1	0.499837040901	0.933847228319	0.0176672469145	0.357235528115	5.35229492188	0.159738391638	2.22520089149
16	1	0.499787867069	0.162269524099	0.653240518775	-0.739557588143	0.851341485977	3.76573467255	-4.36419773102
17	1	0.499889776111	0.602447392246	0.618577809147	0.504399279943	3.54796552658	3.56911373138	2.92716002464
18	1	0.499740593135	-0.597629136641	-0.306015026683	0.741076391799	-3.46778655052	-1.6823079586	4.32985115051
19	1	0.499667495489	-0.53101229861	-0.757699589231	-0.379364298801	-3.08643221855	-4.38601732254	-2.19732618332
20	1	0.499887704849	0.188807780188	0.945386356666	0.265699564866	1.13965725899	5.43682861328	1.64061784744
21	1	0.497698962688	-0.734966408135	-0.472580299028	-0.486304678039	-4.20226240158	-2.83035683632	-2.82495069504
22	1	0.490596413612	-0.465314430477	-0.554216071261	-0.690164492818	-2.80886006355	-3.16636061668	-4.00262784958
23	1	0.496582984924	-0.162705951111	-0.548310570621	-0.82029402754	-0.960188746452	-3.1549539566	-4.75288105011
24	1	0.499656170607	0.525125879309	0.823685192195	0.213975501025	3.09583282471	4.76136445999	1.2032930851
25	1	0.499465107918	-0.466735861261	0.797470006041	0.382360072809	-2.70447945595	4.68848705292	2.11556077003
26	1	0.499384254217	-0.629339669739	-0.757758869969	-0.172432813223	-3.61488866806	-4.42775678635	-0.910056114197
27	1	0.494326338172	0.945061067003	-0.0888567389414	-0.31458553619	5.45584869385	-0.431628853083	-1.67283821106
28	1	0.486301474273	-0.72802261057	-0.156593568068	-0.667429047119	-4.14401960373	-0.860369443893	-3.75853300095
29	1	0.476743355393	0.825707111162	0.472928045092	-0.307484683752	4.59851026535	2.62711954117	-1.68192648888
0	2	0.495808646083	0.603678256459	-0.796638895633	0.030643639522	3.47006988525	-4.58902835846	0.116187095642
1	2	0.488682225347	-0.78157332963	-0.201349338272	0.590424910034	-4.46452522278	-1.09637248516	3.37584447861
2	2	0.462122932076	-0.19385151447	-0.678377097251	0.708679126448	-1.02545166016	-3.71618890762	3.88303160667
3	2	0.475808292627	0.729998770132	-0.470510417558	-0.495703280778	4.0027680397	-2.62681627274	-2.84347367287
4	2	0.480018049479	0.512838201637	0.573028662975	0.63924575114	2.89985752106	3.17531681061	3.64288926125
5	2	0.494012445211	0.238417232997	0.692226118892	-0.681160937909	1.47964715958	3.91673183441	-3.94435191154
6	2	0.499866075814	-0.658704654964	-0.013356354529	0.752283048674	-3.80025672913	-0.112192645669	4.35668897629
7	2	0.499812021852	-0.702999767821	0.487562611239	-0.517758656678	-4.07035493851	2.84128570557	-3.19244098663
8	2	0.499822542071	0.153709592329	0.654637392556	0.740150826179	0.945771813393	3.75562524796	4.36440134048
9	2	0.499144129455	-0.00748574298256	0.313325415586	-0.949616315993	-0.163490623236	1.69733691216	-5.4981970787
10	2	0.489424645901	0.881132536071	0.361688874741	-0.304608948926	5.05849933624	2.1172747612	-1.63290524483
11	2	0.45704139024	0.771088359864	-0.0910736236292	-0.630181193279	4.15958690643	-0.513973414898	-3.44659423828
12	2	0.46335439384	0.930288739471	-0.366749551812	-0.00759127518864	5.03343439102	-2.00692176819	0.00370526313782
13	2	0.481617733836	0.436130568238	0.528179141394	-0.728571837257	2.49255013466	3.02645874023	-4.08415365219
14	2	0.496219903231	-0.832202298268	0.476756485535	0.283094663068	-4.7549200058	2.69935011864	1.78257131577
15	2	0.49940880388	0.122373427189	-0.749435845121	-0.650669392522	0.75087416172	-4.35536384583	-3.7635872364
16	2	0.499407446012	-0.157729553135	-0.282149777297	-0.94631542904	-0.832997739315	-1.73983192444	-5.56800508499
17	2	0.49969881773	-0.796938664834	0.582973004075	0.158212644921	-4.65635919571	3.27861714363	1.03115701675
18	2	0.498729586601	0.858123681148	-0.335071567695	-0.389038291657	4.93079280853	-1.95223045349	-2.37225008011
19	2	0.498576492071	0.948661767362	0.0808223749984	0.305791750782	5.45575428009	0.426526129246	1.87054228783
20	2	0.497778967023	-0.483558615356	0.814519782413	-0.32051300999	-2.96284270287	4.6036195755	-2.00119447708
21	2	0.498459465802	0.47145809044	0.373240463571	0.799011154686	2.72433233261	2.21306085587	4.55577135086
22	2	0.495573535562	0.262721550141	-0.954140631365	-0.143502761887	1.56290638447	-5.46749162674	-0.901125669479
23	2	0.498766962439	-0.100020094648	0.492398373056	0.864603853148	-0.591809093952	2.99247169495	4.89282512665
24	2	0.499925047159	0.537534805671	-0.674513632787	0.506051076352	3.0934715271	-4.02587556839	2.87865781784
25	2	0.499897867441	0.585108740939	-0.551470148906	0.594582573022	3.39695072174	-3.18932008743	3.45127224922
26	2	0.499200407416	-0.430836067439	-0.200265299338	-0.879928458953	-2.45755290985	-1.01524436474	-5.16214799881
27	2	0.494547694921	-0.93452415564	-0.355802102473	0.00833465065172	-5.43241357803	-2.03963279724	0.155479192734
28	2	0.484787866473	-0.507032387306	-0.834093913549	0.217268271045	-2.80227851868	-4.79164361954	1.35547065735
29	2	0.494734197855	-0.957323114815	0.207293775771	-0.201399464667	-5.46808576584	1.27153253555	-1.08946228027
0	3	0.496242955327	0.337784905095	0.908318441544	0.246696101796	1.88925981522	5.19315052032	1.4864859581
1	3	0.478835999966	-0.78361196177	-0.183362188395	-0.593574427716	-4.3481798172	-1.05040574074	-3.35113406181
2	3	0.434626802802	0.358651777586	-0.730669248472	0.580940058673	1.83045101166	-3.76593518257	2.96427059174
3	3	0.449986712076	0.309822216318	-0.0179563767354	0.950624932773	1.65860044956	-0.0862806215882	5.03242111206
4	3	0.459511354566	0.073087911001	0.955552662095	0.285617344062	0.400069713593	5.19141292572	1.52104282379
5	3	0.483742624521	-0.888519215405	0.437762678311	0.137467964757	-5.08088541031	2.40082573891	0.719049692154
6	3	0.498923592269	0.478701380699	-0.604121645347	0.637088711045	2.89339065552	-3.43371343613	3.64738702774
7	3	0.499895557761	-0.882483610038	0.212361770336	-0.419672677826	-5.14216518402	1.19888567924	-2.38328456879
8	3	0.499840915203	0.932202292282	-0.0558373660317	0.357604634783	5.44081115723	-0.408074319363	1.94694113731
9	3	0.498884080909	0.0442082091293	-0.116368159333	0.992221792614	0.142803862691	-0.683754384518	5.75700712204
10	3	0.491504982114	0.222871242521	-0.949329597998	-0.221589087327	1.21376609802	-5.4313120842	-1.37595748901
11	3	0.466345995665	0.506856447421	0.726200845716	0.464466224165	2.74369907379	3.97135162354	2.5239033699
12	3	0.45283315517	0.274640842616	0.0887930029019	0.957438358435	1.45626020432	0.487783312798	5.08189201355
13	3	0.494659593329	-0.10443816152	-0.247505114833	-0.963241344913	-0.675832808018	-1.46867799759	-5.5403842926
14	3	0.498496055603	0.739288460166	0.168293362219	-0.652019874619	4.32173395157	0.854788661003	-3.71911525726
15	3	0.498982317746	-0.647713752994	0.503613862381	0.571699196956	-3.69561815262	2.8480963707	3.40567064285
16	3	0.499419540167	-0.887206939458	0.0729025648356	-0.455575528994	-5.20823383331	0.413951337337	-2.62516403198
17	3	0.497922688723	0.17424112586	0.599378833694	-0.781271427725	1.0734552145	3.48257875443	-4.51863908768
18	3	0.497380018234	0.911104756624	-0.103116673339	0.399067756322	5.25690460205	-0.690885305405	2.38231754303
19	3	0.4943754673	-0.193870590287	0.855938422225	-0.479357498721	-1.31029272079	4.87606859207	-2.82681179047
20	3	0.495868042111	0.0280216688686	0.979740841302	0.198299445181	0.29990825057	5.66867923737	1.22361278534
21	3	0.497206747532	-0.120090804091	-0.985999539992	0.115685374654	-0.6666238904	-5.68395805359	0.518381595612
22	3	0.490334391594	-0.971876547295	-0.120294000123	0.202448339961	-5.62692832947	-0.558737099171	1.11788702011
23	3	0.493589326739	-0.398812057227	-0.758300458189	0.515683389418	-2.20498037338	-4.48075532913	2.90779089928
24	3	0.498805403709	-0.530627943632	0.476395245476	-0.701057455224	-3.00403046608	2.83844208717	-4.03608465195
25	3	0.499548889697	-0.385565312053	0.57901201686	-0.718390196532	-2.22064328194	3.30632734299	-4.17818164825
26	3	0.499619141221	0.602833762608	-0.205240486546	0.771017378107	3.45296382904	-1.21262121201	4.45465898514
27	3	0.497106701136	-0.727669418708	0.309685914726	-0.612039092949	-4.23634576797	1.80887103081	-3.49724197388
28	3	0.491976618767	0.438462222405	-0.624113389388	-0.64670963864	2.60063385963	-3.57039022446	-3.75862050056
29	3	0.495799425989	0.548510486887	-0.258009400202	-0.795341055889	3.19432783127	-1.6133441925	-4.56912088394
0	4	0.488363131881	-0.720058515542	-0.559233696525	-0.410820407072	-4.05078601837	-3.25759363174	-2.29710054398
1	4	0.4519020468	-0.0513441889507	-0.998391408492	-0.0240493182788	-0.231144547462	-5.33407211304	-0.0815570354462
2	4	0.432792305946	0.0121836262766	-0.973280674866	0.229295196599	0.0828349962831	-4.97094297409	1.20028352737
3	4	0.456806756556	0.705881347949	0.481784258668	0.519245077701	3.80561542511	2.59662008286	2.78606581688
4	4	0.450228620321	0.573764587998	-0.139455878399	0.80706025521	3.06737852097	-0.769780039787	4.28168678284
5	4	0.486980780959	-0.300617400265	0.672174312606	0.67661722719	-1.71891021729	3.80980181694	3.84183192253
6	4	0.49956882745	0.159823642231	-0.670309291381	-0.724666721516	0.849593758583	-3.92347025871	-4.17158460617
7	4	0.499624475837	0.71545360318	0.368574850414	-0.593530724848	4.24662494659	2.0776655674	-3.3978073597
8	4	0.499372676015	-0.838145045367	0.538655575346	-0.0858082401385	-4.97507429123	2.96223258972	-0.512013435364
9	4	0.49768409133	0.429985397004	0.89583499355	0.112215073387	2.47201728821	5.21171712875	0.537578582764
10	4	0.487178720534	0.0648312803545	-0.735647030588	0.674255405224	0.26028445363	-4.18143463135	3.83568477631
11	4	0.461777016521	0.589573293669	-0.776466359941	0.222493422987	3.20578575134	-4.22447490692	1.14637207985
12	4	0.426851838827	0.508716008716	-0.383895050234	0.770605354823	2.57815146446	-1.9460208416	3.90321040154
13	4	0.472667269409	0.342615500028	0.128916152544	0.930588654967	1.91665816307	0.696290433407	5.12313652039
14	4	0.479318246245	-0.406061731036	0.782381222516	0.472221868662	-2.38202548027	4.31355476379	2.69702386856
15	4	0.486372038722	0.310955622856	0.823416156173	-0.47464980182	1.77141141891	4.5990524292	-2.81878232956
16	4	0.479178190231	0.598023749031	-0.641478707315	0.480492105716	3.34128499031	-3.52361059189	2.71826839447
17	4	0.457888409495	-0.0946280929312	-0.980095327803	-0.174524131417	-0.536738872528	-5.24558782578	-0.943438053131
18	4	0.488058017567	-0.186728155461	0.175065686656	0.966687437238	-1.16198921204	1.00395035744	5.46111392975
19	4	0.491347245872	0.515999386879	0.695928782051	-0.499427435222	3.04517793655	3.93780398369	-2.91082763672
20	4	0.494181960821	-0.957414700814	0.286405925568	-0.0364518375924	-5.57926654816	1.43111753464	-0.250024557114
21	4	0.497037298977	0.220954870835	0.566875630057	0.793618904199	1.34349656105	3.27811670303	4.56769514084
22	4	0.490406528115	-0.482515699745	0.618258943195	0.620430881452	-2.77080106735	3.66805934906	3.51463007927
23	4	0.490947641432	0.00535044715834	0.145839941153	0.989293730032	0.0745231509209	0.860016345978	5.72380638123
24	4	0.49685074389	0.0304235796776	-0.867755286671	0.496059641831	0.168259710073	-5.05445337296	2.83818125725
25	4	0.498097940348	-0.0646371810738	-0.258733270268	0.9637837567	-0.405750215054	-1.4246045351	5.62894201279
26	4	0.497848436236	0.73902421088	0.0488192947503	0.671907651537	4.36476039886	0.246761023998	3.9804122448
27	4	0.498912736773	0.629119290962	0.646581074689	-0.431441573789	3.58878612518	3.81191492081	-2.47470068932
28	4	0.498019918799	0.483287212693	-0.838376884434	0.252106465	2.63915467262	-4.9370136261	1.54965901375
29	4	0.498489424586	0.164122838726	0.93053607661	-0.327362648963	0.954170107841	5.37321329117	-1.80113506317
0	5	0.484277769923	-0.70959605821	0.55086632118	-0.439340107847	-3.93813300133	3.23997688293	-2.50117063522
1	5	0.471844025422	0.0830174735267	-0.0495983771513	-0.995313066363	0.48093354702	-0.233358323574	-5.50176858902
2	5	0.459131404757	-0.108546002547	-0.664140316361	-0.739686018196	-0.545905768871	-3.56813764572	-4.00590658188
3	5	0.447918087244	-0.822910663582	0.362291613332	0.437678908188	-4.33137321472	1.89557099342	2.27854180336
4	5	0.428900498897	-0.322743976526	0.547669467396	0.771942018611	-1.61491322517	2.77096748352	3.91011333466
5	5	0.484997719526	0.961509051281	0.271510579937	-0.0422178787642	5.47167634964	1.42049384117	-0.313704252243
6	5	0.498275578022	-0.0584763967582	0.994965986073	-0.0813830300534	-0.498707413673	5.76090526581	-0.448643445969
7	5	0.498481817544	0.334343184919	0.711552024628	0.617987338823	1.96405756474	4.15308952332	3.69338130951
8	5	0.499391064048	-0.384676971408	0.834982467422	0.393481774376	-2.22873473167	4.89877986908	2.3029692173
9	5	0.498407691717	0.900982017327	-0.432758372323	-0.0308479438305	5.10024881363	-2.68130588531	-0.14666724205
10	5	0.494618445635	0.527004744534	0.820605210311	-0.221072585475	2.98753738403	4.78149175644	-1.29652523994
11	5	0.490248017013	-0.101190191922	0.739992268204	0.664960140202	-0.621930956841	4.25749206543	3.74832868576
12	5	0.464484602213	-0.613600641682	-0.653389565795	0.44336929059	-3.29310750961	-3.58781099319	2.4214849472
13	5	0.465914085507	-0.842099071895	-0.53916006936	-0.0132503856661	-4.58509922028	-2.95497965813	-0.109585762024
14	5	0.458672240376	-0.171746824818	0.906231032226	-0.386326732696	-0.926845431328	4.86032104492	-2.12776184082
15	5	0.472767442465	0.487167079206	0.639450649874	0.594786603172	2.70555686951	3.49233531952	3.31542110443
16	5	0.453897319734	-0.308543330401	-0.672884198897	-0.672330177919	-1.64346337318	-3.55901145935	-3.55311965942
17	5	0.382074832916	-0.209769701337	-0.820640766994	-0.531550001362	-1.02401101589	-3.71290183067	-2.41498756409
18	5	0.445756830275	-0.603642415763	-0.358326316534	-0.712192449251	-3.16267848015	-1.87657952309	-3.69735336304
19	5	0.485447466373	0.774169694211	0.498581892171	-0.389971000671	4.45821523666	2.77682185173	-2.24239468575
20	5	0.493074372411	0.0806785232611	0.996295211794	0.0297796380131	0.474633574486	5.77255535126	0.311994314194
21	5	0.499342683703	0.411094429643	-0.233120145334	-0.881281094632	2.30016303062	-1.33823728561	-5.1314239502
22	5	0.499571308494	-0.347436349123	-0.931128935094	0.11084624278	-2.01363492012	-5.35274600983	0.685370445251
23	5	0.498902618885	0.176705801694	0.983388388566	-0.041501046746	0.933244407177	5.69874954224	-0.231468200684
24	5	0.499326117337	0.684152322854	0.0096029900264	-0.729275929752	3.93347167969	0.102453738451	-4.29964590073
25	5	0.499484136701	0.0412269058954	-0.823100113237	-0.566397868834	0.200657352805	-4.7577829361	-3.32821965218
26	5	0.499317869544	0.855085290055	0.411554210635	0.315360553081	4.94825458527	2.48846006393	1.87166786194
27	5	0.499732673168	-0.181243941436	-0.942559775546	-0.280591701974	-1.18281054497	-5.45697927475	-1.54137468338
28	5	0.498769655824	0.980419572214	-0.0782783341471	0.180693012656	5.72061347961	-0.213874667883	0.992560148239
29	5	0.495117858052	-0.824398869997	-0.417758081633	0.381896174866	-4.68059301376	-2.51997184753	2.18667459488
0	6	0.477938860655	-0.635469995669	-0.496721737607	0.591139069927	-3.50737738609	-2.8730506897	3.31260919571
1	6	0.48986633122	0.0921949604723	-0.629872113542	0.771207630827	0.632190465927	-3.56024193764	4.4192237854
2	6	0.486588314176	-0.966062009207	-0.139174946502	0.217610957062	-5.49965715408	-0.681808412075	1.17250490189
3	6	0.453524452634	0.0326210362584	0.296207071919	0.954566518656	0.213723480701	1.56795334816	5.07880210876
4	6	0.427469024435	0.0393611513601	0.430151030458	0.901898437054	0.2179030478	2.18422698975	4.56610202789
5	6	0.478054929525	-0.510408166274	0.226656669477	0.829524115371	-2.93084931374	1.32157731056	4.55999755859
6	6	0.497935578227	0.781202984142	-0.60965710082	-0.134313502627	4.4871006012	-3.56066846848	-0.800838470459
7	6	0.499058842659	0.438356243855	-0.312710590066	0.842648141477	2.55168247223	-1.87874531746	4.92971658707
8	6	0.49981340766	-0.873827635402	-0.37820005791	-0.30559774182	-5.0642156601	-2.2374792099	-1.76863026619
9	6	0.499739699066	-0.477245837468	0.539234691446	-0.693874886533	-2.81758475304	3.21698856354	-3.94359922409
10	6	0.498981200159	0.208823128089	0.27843038728	-0.937480357455	1.24704670906	1.54579043388	-5.50449800491
11	6	0.499645650387	0.255154198159	-0.9238476264	0.285310179202	1.4760671854	-5.29625797272	1.64728474617
12	6	0.488847710192	-0.486865933233	0.412340789408	-0.770023789534	-2.71006155014	2.40037989616	-4.42887783051
13	6	0.477726832032	-0.671974937789	0.645835010129	0.362418022007	-3.74688911438	3.62484025955	2.00859093666
14	6	0.45186662674	0.0456498542414	0.762204594613	0.645724590487	0.313134253025	4.03625488281	3.444231987
15	6	0.440334688872	-0.466840807013	0.0927305324451	0.87946615015	-2.4243516922	0.462947845459	4.56485128403
16	6	0.454924203455	-0.410879789331	0.779671903693	-0.472535206426	-2.17452383041	4.1632361412	-2.53371500969
17	6	0.444384008646	-0.986595509538	-0.109351555511	0.121126123796	-5.13210773468	-0.611692845821	0.5910987854
18	6	0.463040038943	-0.703219261367	-0.499051455162	-0.506389489961	-3.82347631454	-2.69701385498	-2.74120616913
19	6	0.489846251905	-0.271470410515	0.696783975052	0.663924625485	-1.5784497261	3.94656229019	3.80577254295
20	6	0.49511615932	-0.129927264968	0.791331378182	-0.597422426531	-0.747491359711	4.49842453003	-3.53045010567
21	6	0.498309738934	0.520786822328	-0.379441021435	0.764725831225	2.88465809822	-2.15652513504	4.50695085526
22	6	0.499390274286	0.844670194466	0.242491512969	-0.477210780178	4.82789993286	1.56336903572	-2.79419517517
23	6	0.499567225575	0.727018680045	-0.606164855825	-0.322502723134	4.13465690613	-3.60367393494	-1.97489690781
24	6	0.499960858375	0.476538985515	0.0654851359386	0.876711065435	2.6700835228	0.437891274691	5.1180729866
25	6	0.499971538782	-0.963011266967	-0.0380882159328	0.266755670046	-5.56893587112	-0.222645878792	1.51280617714
26	6	0.499859392643	0.48388194012	0.874620968233	-0.0299404400898	2.86188077927	5.04580354691	-0.171012639999
27	6	0.499796502292	-0.489251997865	-0.211014612647	-0.846230060819	-2.83082604408	-1.17942976952	-4.94233512878
28	6	0.498652592301	-0.0714368977053	-0.957558254351	0.279247129208	-0.387156426907	-5.53207492828	1.70477175713
29	6	0.484741657972	-0.683290323959	0.634286186767	0.361656420461	-3.82643127441	3.72796154022	1.96101498604
0	7	0.461631268263	-0.833774809633	0.54464337387	-0.0904608319723	-4.49870204926	2.97322750092	-0.526208400726
1	7	0.483404919505	-0.69475203317	0.258976337426	-0.671007353953	-3.8980743885	1.48292350769	-3.7543387413
2	7	0.496726676822	0.763010039613	-0.590003020044	-0.264030520562	4.42500209808	-3.36458158493	-1.45375156403
3	7	0.495336804539	-0.270909759564	0.0881682342476	-0.958558430479	-1.63876700401	0.540872573853	-5.523458004
4	7	0.488362923265	-0.913359954414	-0.405483843838	-0.0368299614289	-5.18231344223	-2.34373021126	-0.206884622574
5	7	0.489623531699	0.177317769202	-0.70032506451	0.691450079719	1.13284146786	-3.95426225662	3.99014210701
6	7	0.497453473508	-0.078906227494	-0.0142979880319	-0.996779501595	-0.566826701164	0.00961693190038	-5.75849580765
7	7	0.499707639217	0.414245012519	0.651241302569	0.635834754816	2.38000297546	3.82925367355	3.70180177689
8	7	0.499916359782	0.819226658371	-0.302382165608	-0.487270672355	4.71918344498	-1.69690668583	-2.92072510719
9	7	0.499961808324	0.563653661618	-0.735732602736	0.375489130356	3.2771654129	-4.24512577057	2.16872167587
10	7	0.499924078584	-0.437465429142	0.863986841484	0.249300493477	-2.63232350349	5.02495956421	1.42520356178
11	7	0.49991863966	-0.522706353355	0.815801222931	0.247480166531	-2.98174476624	4.79880046844	1.44397830963
12	7	0.498617045581	-0.619577114847	0.359300309154	-0.697873546282	-3.59309649467	2.01489043236	-4.11550092697
13	7	0.497782766819	0.627806259863	-0.712129307812	0.314215131768	3.67419862747	-4.075278759	1.75040745735
14	7	0.488352060318	-0.917907336279	-0.378613827265	-0.118733701232	-5.19032526016	-2.14114928246	-0.742288589478
15	7	0.446699224412	-0.400821347947	-0.601921049801	0.690675970942	-2.08868646622	-3.18617296219	3.62282276154
16	7	0.45422231406	-0.65120652033	0.227411371707	0.724026336467	-3.47835588455	1.22742056847	3.85255098343
17	7	0.482454061508	0.691132181857	0.463596744419	0.554449606156	3.94750142097	2.59902238846	3.0923166275
18	7	0.485107570887	0.94580801405	-0.310530225586	0.0949640961466	5.39871358871	-1.73481810093	0.571433067322
19	7	0.464834220707	0.211559360628	-0.614028852683	0.760402002235	1.13065111637	-3.39130830765	4.16584777832
20	7	0.456560239196	-0.500123336009	-0.84926198965	0.169206151529	-2.66518211365	-4.5590763092	0.944266557693
21	7	0.478418335319	-0.229328497004	-0.920859887117	-0.315318107251	-1.27232682705	-5.14450502396	-1.871768713
22	7	0.494343861938	-0.791993734796	-0.519183080575	0.321239556855	-4.58820915222	-2.98815441132	1.81288957596
23	7	0.497828118503	-0.144843451859	-0.393428607017	0.907873507507	-0.793879330158	-2.14575266838	5.34767580032
24	7	0.499940626323	0.187421742559	-0.229666978242	-0.955052966867	1.02298176289	-1.28736329079	-5.52544689178
25	7	0.499991431832	0.904114869653	-0.0264930138001	-0.426467375882	5.25096464157	-0.103332392871	-2.47628307343
26	7	0.499945610762	-0.649440761846	-0.692922462301	0.313185501089	-3.75882196426	-4.07279872894	1.71905875206
27	7	0.499823767692	-0.0904121707202	0.511288324835	0.854640209838	-0.459060519934	2.9254784584	4.93913125992
28	7	0.498309837654	-0.323116880264	-0.0971717972758	-0.941357064829	-1.81553673744	-0.496423244476	-5.45994997025
29	7	0.471337087452	-0.0823796188143	0.671218477787	0.736667736148	-0.361693710089	3.65118694305	4.14108753204
0	8	0.423289366066	0.689274831081	0.517897282313	-0.506638541972	3.40187931061	2.60192537308	-2.54375600815
1	8	0.440692082047	0.838109170468	0.545500534763	-0.00147815794652	4.3663225174	2.79088830948	-0.0287845134735
2	8	0.480947427452	0.0744487341521	0.534971410025	0.841583612268	0.247725337744	2.99274325371	4.75616359711
3	8	0.497567757964	0.72754039713	0.263836348652	-0.633305101569	4.30301952362	1.42412161827	-3.63359928131
4	8	0.497870072722	0.0781320831208	0.996676710996	0.0230415135423	0.420959353447	5.76813793182	0.202716588974
5	8	0.495845258236	-0.332839511598	-0.932208478534	0.142145038846	-1.91377007961	-5.42322969437	0.843947410583
6	8	0.498400740325	0.210551139802	-0.688390843613	-0.694108250893	1.26305246353	-3.94578504562	-4.08931493759
7	8	0.499664790928	-0.699260588467	0.169588007404	0.694459888807	-4.12832546234	0.991205215454	4.07244443893
8	8	0.49978203699	-0.431675841098	-0.0555755316386	0.900315127328	-2.440741539	-0.260908097029	5.32068157196
9	8	0.499924808741	-0.85197862756	-0.266771774811	0.450516634926	-5.02388620377	-1.53451776505	2.53290176392
10	8	0.499966524541	0.468514122384	0.315852827213	0.825064548183	2.88535833359	1.83136034012	4.74584102631
11	8	0.499950349331	0.0334474579092	-0.994618257986	0.0980601266565	0.210189163685	-5.74572467804	0.469449520111
12	8	0.499461777508	0.0502059158846	0.481890069064	0.874792162372	0.270482540131	2.89593791962	5.03643369675
13	8	0.497280104086	0.318874856175	0.0538030569867	0.946268491052	1.79228961468	0.222166240215	5.55842971802
14	8	0.491694018245	0.602818995799	0.782286722414	0.156960957691	3.41695761681	4.5179605484	0.85614991188
15	8	0.469775784761	0.250233394762	-0.346183944593	-0.904179144115	1.33606719971	-1.93164515495	-4.95999002457
16	8	0.468619927764	-0.485939193133	-0.819552642123	0.303638876573	-2.59571933746	-4.52586936951	1.68363261223
17	8	0.495554775	-0.677798093675	0.672639349771	0.296894003561	-3.88221645355	3.84534168243	1.70532727242
18	8	0.490450792015	0.290264902863	-0.419327369027	-0.860180704126	1.6141115427	-2.42978382111	-4.91132354736
19	8	0.472548276186	0.722930013861	-0.643426372292	0.251743318677	3.96848726273	-3.58943152428	1.41754937172
20	8	0.426900602877	-0.642835751571	-0.364509557603	-0.673717284117	-3.20240950584	-1.82972073555	-3.3879442215
21	8	0.447941541672	-0.329643975581	0.776980439621	-0.536317299562	-1.75415360928	4.07435655594	-2.85590267181
22	8	0.489025056362	-0.213840060676	0.939604343864	0.267237919168	-1.16248726845	5.39103937149	1.47993421555
23	8	0.49793356657	-0.774206999719	-0.547352517975	0.31781872609	-4.44554233551	-3.34066438675	1.72682476044
24	8	0.499679975212	-0.750544936139	0.187522799271	0.633654084332	-4.34869241714	1.08986234665	3.74650263786
25	8	0.499940797687	0.501760813684	0.318717049035	0.804148946716	3.00040054321	1.92908549309	4.65567302704
26	8	0.499976493418	-0.783985075991	0.151143398874	0.602098890217	-4.59850072861	0.828859984875	3.4759414196
27	8	0.499579697847	0.759005865314	0.0178668925988	-0.650838590257	4.37404966354	0.0929210931063	-3.72367238998
28	8	0.493338793516	-0.23828099447	-0.935926963528	-0.259350894765	-1.401491642	-5.43169403076	-1.42846250534
29	8	0.468766078353	-0.837567779547	0.516605207935	-0.177761845735	-4.57686376572	2.8662109375	-0.96977686882
0	9	0.436774998903	0.804742809065	0.476174485464	-0.354467023363	4.14147424698	2.46818780899	-1.83468067646
1	9	0.450039513409	0.718598648101	-0.0897335006063	-0.689611399134	3.79069185257	-0.5230499506	-3.66664266586
2	9	0.484770610929	0.830320918036	0.274544345437	0.484966571487	4.70014810562	1.56212615967	2.77360272408
3	9	0.49939443171	-0.895412916482	-0.105846939913	-0.432472119688	-5.16761302948	-0.689613461494	-2.38981151581
4	9	0.499065116048	0.741726405517	0.397558240807	-0.540175327579	4.36383867264	2.19425058365	-3.07898640633
5	9	0.495526134968	-0.969471141687	-0.154161607307	-0.190682731962	-5.58644151688	-0.847989439964	-1.15635251999
6	9	0.498577564955	0.612704566775	-0.151993230985	0.775558619053	3.59351682663	-0.802805304527	4.40175104141
7	9	0.499062538147	-0.921566122751	0.321406762219	0.217746583436	-5.39282894135	1.92675590515	1.15488529205
8	9	0.499695301056	-0.663994914805	-0.425975289899	-0.614537066017	-3.87135744095	-2.56085968018	-3.59864521027
9	9	0.499913468957	0.263817685095	0.254459051744	-0.930403579108	1.60730004311	1.43684315681	-5.36813783646
10	9	0.499985411763	-0.483550904511	0.728070064121	0.485893511459	-2.79296040535	4.21581077576	2.93979430199
11	9	0.499981608242	-0.388945438855	0.330062195194	-0.860104873198	-2.22025156021	1.91337490082	-4.99396848679
12	9	0.499908939004	0.561656501199	-0.824151299389	-0.0729150901876	3.17518424988	-4.84900379181	-0.383857488632
13	9	0.499194085598	0.0792412173163	0.712660215324	-0.697019545618	0.345747709274	4.15624904633	-4.03909397125
14	9	0.49312402308	0.899622650643	-0.405834629178	0.161174874625	5.15079784393	-2.3999042511	0.969115018845
15	9	0.471913864836	0.347456733031	0.0379094180582	-0.936929396857	1.95231747627	0.242563426495	-5.19025182724
16	9	0.473367575556	-0.530354061918	-0.339030613176	-0.777034627502	-3.0404856205	-1.83043348789	-4.3130030632
17	9	0.498009607196	0.795856479982	-0.450166410106	-0.404923037729	4.57208824158	-2.61607718468	-2.28831934929
18	9	0.493709713221	-0.12724979403	0.956404125955	-0.262866197475	-0.791205346584	5.57315587997	-1.3390378952
19	9	0.485537983477	0.175891310799	0.687259163548	-0.704795778155	0.998828351498	3.8855919838	-4.00190258026
20	9	0.423470519483	-0.577554575291	-0.0614889152534	-0.814033061897	-2.90809726715	-0.360665082932	-4.07905197144
21	9	0.448991551995	-0.652811718806	-0.246006134173	-0.716462030912	-3.48289418221	-1.2859172821	-3.75516033173
22	9	0.498764306307	0.940532412628	0.0599337476035	0.334375128702	5.45910358429	0.266669213772	1.89662694931
23	9	0.499944746494	-0.0214071685404	0.998878165357	-0.0422391276946	-0.13347697258	5.84384632111	-0.308708667755
24	9	0.499959878623	-0.58999634141	0.599693378521	-0.540622020344	-3.39276790619	3.45260572433	-3.19958019257
25	9	0.499992832541	0.192272586031	-0.843222196149	0.502003566305	1.12002229691	-4.86988639832	2.87371373177
26	9	0.499983504415	0.142338958393	0.952276261449	-0.270017671283	0.862124085426	5.49646949768	-1.62167263031
27	9	0.499875351787	-0.935850639005	0.328377546862	0.127874032512	-5.39528608322	1.86304020882	0.795855998993
28	9	0.496350415051	0.310346091368	-0.768643433715	0.559350136658	1.88895356655	-4.40868520737	3.2785320282
29	9	0.480207493529	-0.394407179854	0.207191744727	-0.895273453977	-2.16979765892	1.12796938419	-5.02773427963
0	10	0.49066875875	0.663145831353	-0.315606258557	0.678697499567	3.76398611069	-1.94906294346	3.81211209297
1	10	0.49405156076	-0.193586780932	0.966941136255	0.165978906086	-1.24964272976	5.50192260742	0.991117954254
2	10	0.49443821609	0.974040516199	-0.203157221258	-0.0998609846436	5.5874414444	-1.37248706818	-0.6914935112
3	10	0.4980070889	0.511283617274	0.612876115676	0.602471517618	2.98866510391	3.5756893158	3.42309427261
4	10	0.491738043725	-0.463680499423	0.147299310126	0.873672311391	-2.78865408897	0.771282613277	4.9832482338
5	10	0.473101496696	-0.716606582693	0.264937644484	0.645200007886	-3.93581390381	1.52267456055	3.67279553413
6	10	0.484107062221	-0.945427586973	-0.210418339271	-0.248778617024	-5.28718185425	-1.20917963982	-1.49495840073
7	10	0.49813907966	0.541190325545	-0.104642186183	0.834363856124	3.17253255844	-0.520494103432	4.77728414536
8	10	0.499888164923	0.12363118525	-0.226898845306	-0.966039462979	0.635563492775	-1.23207473755	-5.60700798035
9	10	0.499983083457	0.544631471015	0.121370082765	0.829846891775	3.0435667038	0.67002093792	4.85398578644
10	10	0.499996870756	-0.985879928017	-0.118998380261	-0.117814061253	-5.72209119797	-0.724947214127	-0.846805095673
11	10	0.499996200204	-0.0713164199525	0.653105378558	0.75390140784	-0.40899682045	3.7062830925	4.45426559448
12	10	0.499967455864	0.963866648612	-0.0373307830113	0.263756509556	5.63585805893	-0.246321156621	1.48336362839
13	10	0.499755740166	-0.205084939347	0.640369722606	-0.740180238876	-1.21868729591	3.65934467316	-4.33537960052
14	10	0.499674841762	-0.275354969689	-0.596872726076	0.753606388995	-1.59709906578	-3.44016361237	4.36156511307
15	10	0.489615380764	-0.870403924838	0.489719095271	-0.0507170124639	-4.96673297882	2.81721806526	-0.248926877975
16	10	0.488165460527	-0.173332606156	-0.66912183241	-0.722656059987	-0.819792866707	-3.84131097794	-4.15653800964
17	10	0.499343849719	-0.469941061479	-0.0377012798368	0.881892290608	-2.63005113602	-0.140280500054	5.09607648849
18	10	0.49939160794	-0.616854132122	0.1597927802	-0.770686218302	-3.48194980621	0.868210792542	-4.57306146622
19	10	0.499160051346	-0.121069626592	-0.896074331112	0.427074863039	-0.644659340382	-5.11068916321	2.59268379211
20	10	0.479137778282	-0.144115989421	0.893900082061	-0.424468167104	-0.827387273312	5.00812196732	-2.30750060081
21	10	0.479878037237	-0.149805587673	0.173634458212	-0.973349557365	-0.771952986717	0.927939713001	-5.49053001404
22	10	0.499526947737	-0.733205427623	-0.574309621396	0.364112976529	-4.31838035583	-3.24841928482	2.05175065994
23	10	0.499947458506	0.52874794624	0.352480908849	0.772128757556	3.1646065712	2.1242146492	4.47045135498
24	10	0.499990016222	0.722740025955	-0.633033153014	0.277337127099	4.15712165833	-3.63989567757	1.63043522835
25	10	0.499997742474	-0.641353217241	-0.068148436953	-0.764213217156	-3.75277733803	-0.176765024662	-4.38345956802
26	10	0.499890744686	0.849013972142	-0.494105834403	-0.187175584721	4.93162298203	-2.96087622643	-0.91671538353
27	10	0.49978389591	0.629321557658	-0.430802350908	-0.646810413892	3.66258645058	-2.51588010788	-3.78693532944
28	10	0.499306820333	0.372332320375	-0.676572171298	0.635309956029	2.23351240158	-3.96727609634	3.68398952484
29	10	0.498210415244	-0.514395703685	0.616251980768	0.596347680661	-2.94752907753	3.60387706757	3.43296861649
0	11	0.49470834434	-0.16404779868	0.903376144207	-0.396232080763	-0.97189950943	5.27756071091	-2.16115784645
1	11	0.491533540189	0.455118430327	0.191120970107	-0.869678095137	2.59187602997	0.920567035675	-5.04700136185
2	11	0.489098593593	0.35625495381	0.897816613837	0.258858524691	1.93945765495	5.1391544342	1.50533723831
3	11	0.492715224624	-0.530963061436	-0.847329695422	0.0105173497896	-3.06330943108	-4.81972694397	-0.0488038063049
4	11	0.488199256361	0.768334847212	-0.207482920287	0.605485260224	4.44257450104	-1.10000669956	3.36749744415
5	11	0.457979254425	-0.694200993409	-0.456180958443	-0.556761990355	-3.71162605286	-2.44721651077	-2.95579099655
6	11	0.452622406185	-0.529238325759	0.659639400578	-0.533650312239	-2.7710044384	3.54484224319	-2.82458019257
7	11	0.496726959944	0.0579439854253	-0.976875996368	0.205805204679	0.306595295668	-5.72775268555	1.08935976028
8	11	0.499394427985	0.458311361744	-0.314079318262	0.831447459276	2.56389379501	-1.80925250053	4.88018035889
9	11	0.499946817756	0.896884039314	0.22389882209	-0.381403116781	5.15738153458	1.45999264717	-2.31883263588
10	11	0.499998494983	-0.0207081662974	-0.999062863763	-0.0380074479432	-0.165870606899	-5.77968883514	-0.12473487854
11	11	0.499990254641	0.402639287929	0.475189555706	-0.7823531747	2.32984423637	2.77819609642	-4.51315689087
12	11	0.49991697818	-0.634531519388	-0.0173499812267	0.772702225346	-3.75305080414	-0.108021430671	4.40164661407
13	11	0.499527204782	-0.207899420228	0.0551780812728	0.976592653267	-1.18061089516	0.265764206648	5.6486530304
14	11	0.495374530554	0.67981497166	0.162550934921	-0.715142501788	3.89651966095	0.933872103691	-4.12211227417
15	11	0.479130834341	0.0921351436796	0.980445399959	-0.17389057766	0.563899517059	5.52262878418	-0.954787254333
16	11	0.484487712383	-0.943185587512	-0.245526945399	-0.223869306947	-5.37317562103	-1.38198316097	-1.18613219261
17	11	0.49007913284	0.141636018883	-0.0127639329559	-0.989836511839	0.879753291607	-0.0685324370861	-5.62064790726
18	11	0.499634258449	-0.342402065334	0.707266136283	0.618494493202	-1.8803217411	4.02771854401	3.62861466408
19	11	0.499146722257	-0.0019811108205	-0.751563977377	-0.659657231529	0.000745250261389	-4.33179521561	-3.85916996002
20	11	0.495456084609	0.965873595987	-0.258946173645	-0.00592247666415	5.58116436005	-1.50021767616	0.0565984249115
21	11	0.496231302619	0.232010326512	0.827277986775	0.511646695474	1.16986453533	4.78130054474	3.03584671021
22	11	0.499847352505	0.748680204178	-0.662538623271	-0.0228150070589	4.37390470505	-3.82894492149	-0.194829940796
23	11	0.499994568527	-0.190294092667	-0.153758836737	0.969611457452	-1.1405557394	-0.95145380497	5.62931394577
24	11	0.499995008111	-0.831307902925	0.226568871515	-0.507536911953	-4.7163028717	1.43592977524	-2.95394515991
25	11	0.499944269657	0.116370329463	-0.931109111011	0.345678708938	0.801079630852	-5.29161262512	2.13417649269
26	11	0.499614782631	-0.302358078449	0.789988849014	-0.533382799526	-1.8081445694	4.55335044861	-3.10637760162
27	11	0.499532148242	-0.129487787887	0.853089725592	-0.505441225938	-0.679455518723	5.03006076813	-2.8964908123
28	11	0.499673530459	-0.917840341854	0.137920271186	0.372219163479	-5.32595252991	0.7674254179	2.17968845367
29	11	0.497466076165	-0.508163603011	-0.181333450144	-0.841954828025	-2.89544224739	-1.17168974876	-4.9032459259
0	12	0.488600024953	-0.295541614537	-0.139093235382	-0.945149843119	-1.78128111362	-0.875062942505	-5.36118221283
1	12	0.469744183123	0.785224326308	-0.00944903448913	0.619139300256	4.28117275238	-0.0464853048325	3.43572092056
2	12	0.449954498559	0.562621333428	0.0302611161885	0.826160698665	2.97139358521	0.138879865408	4.41300106049
3	12	0.46907042712	-0.528337930248	-0.615153871189	0.585187787144	-2.94433760643	-3.42645192146	3.23547458649
4	12	0.483506545424	-0.619835768134	-0.523629685466	0.584478890159	-3.56119155884	-2.91559457779	3.26406097412
5	12	0.442603004165	-0.151210214815	0.0920706727308	-0.984204481883	-0.731393456459	0.487143754959	-5.0979642868
6	12	0.442875079811	-0.0683333278005	0.804626373218	-0.589836380561	-0.323723524809	4.17472314835	-3.06055831909
7	12	0.498375728726	-0.249490668257	-0.850043038303	0.463876319169	-1.4503455162	-4.92047786713	2.65000081062
8	12	0.499690100551	-0.0787927297571	0.977150042533	-0.197406940393	-0.44087266922	5.58698368073	-1.19316983223
9	12	0.499957099557	0.260088558553	-0.813054028453	-0.52086187087	1.34265482426	-4.78787994385	-2.97088766098
10	12	0.49999204278	0.393947578224	0.918633321398	0.0303006011287	2.18680286407	5.29110527039	0.209796905518
11	12	0.499828502536	0.330214407092	-0.613684023831	-0.717182239213	1.85158729553	-3.73212480545	-4.17985916138
12	12	0.499381065369	0.778019033698	-0.386042848342	-0.495638277828	4.5873708725	-2.1793076992	-2.92615222931
13	12	0.496598253027	0.225403907146	-0.152369367488	-0.962276807626	1.34523355961	-0.862796545029	-5.57733345032
14	12	0.486903004348	-0.309290688352	-0.474043592182	-0.824391862411	-1.82626211643	-2.74951791763	-4.66792154312
15	12	0.436148494482	0.819103306338	0.573452619591	0.0148951881613	4.2096529007	2.93642759323	0.0513231754303
16	12	0.42339129746	0.70181221232	-0.388582163396	-0.597045660674	3.51566886902	-1.88779163361	-2.98074388504
17	12	0.4530082196	0.299534487916	-0.663847708575	-0.685262949799	1.60856175423	-3.56703948975	-3.6884264946
18	12	0.493695631623	0.14354021105	-0.898256540548	-0.415368986774	0.901611685753	-5.16075515747	-2.30156087875
19	12	0.499010056257	-0.697865157577	0.713867586861	-0.0581144583468	-3.96017885208	4.22263240814	-0.260231256485
20	12	0.498408645391	-0.265600593814	-0.656547689397	-0.705975535067	-1.54433846474	-3.83748722076	-4.07474994659
21	12	0.498745709658	0.672073763948	0.631344516436	-0.386937924451	3.99871301651	3.71215629578	-2.18910646439
22	12	0.499620324001	0.132456083832	-0.0574962415034	-0.989519867445	0.627574384212	-0.360123336315	-5.8005194664
23	12	0.49989464879	0.0445810328665	0.870386775284	-0.490346197008	0.209080204368	5.02235794067	-2.86007928848
24	12	0.499764144421	0.604396911161	-0.786491175465	0.127027574543	3.51231336594	-4.47703075409	0.840542078018
25	12	0.498299703002	-0.249499092049	-0.125988300565	-0.960144338726	-1.52920138836	-0.603430986404	-5.55174779892
26	12	0.497585185803	0.114112798168	0.127082237455	0.985306233725	0.667730033398	0.759330511093	5.66300439835
27	12	0.495275899768	-0.434995791803	-0.899498997836	-0.0409904135799	-2.55679512024	-5.12088155746	-0.271426200867
28	12	0.496323764324	0.929659425006	0.339026465079	0.144202668054	5.33360862732	2.05310153961	0.848006486893
29	12	0.494017891586	0.796572638104	-0.113920895669	-0.593712103426	4.63085508347	-0.702112615108	-3.41314125061
0	13	0.473907753825	0.562302462116	0.564394891135	-0.604379308017	3.09885072708	3.1480345726	-3.37835741043
1	13	0.443667754531	0.696003650506	-0.430002670187	-0.575044887044	3.62529039383	-2.27066397667	-3.01332902908
2	13	0.448523849249	0.993261835877	0.0846028154121	0.07920409721	5.22204256058	0.463913321495	0.364525556564
3	13	0.479243192822	0.0601437068566	0.443445821249	0.894281017434	0.327593147755	2.50895929337	5.00656318665
4	13	0.488228514791	0.811313749015	-0.328301142272	-0.483723434043	4.6015958786	-1.82841289043	-2.80179333687
5	13	0.445268779993	0.995429192903	-0.087268502191	-0.0387934329629	5.23364448547	-0.454421639442	-0.178134918213
6	13	0.452031612396	0.980535823963	0.0818252866939	-0.178477226507	5.21180677414	0.402006745338	-0.960560798645
7	13	0.494003638625	0.456559892951	0.882166979474	0.115475038315	2.6131670475	5.05659341812	0.583959341049
8	13	0.499686546624	-0.289330404379	-0.66677125845	0.686807109753	-1.66325962543	-3.95001196861	3.896443367
9	13	0.499842442572	0.750058655982	-0.130514300319	0.648365660718	4.42629909515	-0.559153437614	3.79582548141
10	13	0.499949105084	-0.585675181522	-0.567052421734	0.579168483911	-3.44500923157	-3.22009277344	3.37777376175
11	13	0.499965369701	0.257193524677	-0.744646839892	-0.615916045175	1.47786688805	-4.24414730072	-3.74433088303
12	13	0.499891653657	0.349551529454	-0.567091571949	0.745802170338	2.07426762581	-3.24693202972	4.36570835114
13	13	0.495524629951	-0.844421205821	0.497259495794	0.199213004098	-4.83315849304	2.90407776833	1.15361690521
14	13	0.478308469057	-0.754899745502	0.649762237551	0.0890809120607	-4.24762821198	3.62588071823	0.517063617706
15	13	0.433086946607	0.395766906022	0.874924957977	-0.279060699503	2.02833676338	4.45331382751	-1.4338850975
16	13	0.436939500272	0.861022805243	0.135968514656	-0.49005335615	4.40334033966	0.690924584866	-2.53261518478
17	13	0.483290240169	0.466476629201	-0.632112516527	0.618735259104	2.6195807457	-3.48241090775	3.5038869381
18	13	0.498179487884	-0.604967048331	0.555515666124	-0.570453517059	-3.51794457436	3.2105755806	-3.27685117722
19	13	0.498232252896	-0.386342638938	0.486142831929	0.783839596029	-2.11895179749	2.76844573021	4.66647481918
20	13	0.498982265592	-0.800415599101	-0.483966822518	0.353710310026	-4.57636737823	-2.8954834938	2.11118221283
21	13	0.49971203506	0.367361491893	0.812590451136	-0.452484577635	2.06066155434	4.68193054199	-2.69587850571
22	13	0.499213173985	0.475094977853	-0.490795881407	0.730345236729	2.72861385345	-2.93281269073	4.23971700668
23	13	0.49829003308	0.0126433865959	-0.154339838681	0.987936920543	0.175439655781	-0.975552082062	5.74561548233
24	13	0.497320607305	-0.977109578488	0.173816249925	0.122657176265	-5.59217643738	1.06733167171	0.676605224609
25	13	0.486229479313	0.534102027841	-0.113832357124	-0.837721444352	3.08825325966	-0.610238611698	-4.73238277435
26	13	0.480660766363	0.824648253087	-0.563117004613	-0.053427500379	4.6449098587	-3.19160485268	-0.309096574783
27	13	0.47473987937	0.738520991026	-0.674150077689	0.0104124236761	4.18959712982	-3.78902482986	0.0465960502625
28	13	0.490647852421	0.772758256393	-0.634506166478	-0.0157035625755	4.39414691925	-3.69172000885	-0.161546230316
29	13	0.489437781274	0.334238308942	0.612891092249	0.715995294592	1.78445327282	3.54405856133	4.10187578201
0	14	0.476168125868	0.817235026864	-0.35234161106	0.456050764699	4.56980609894	-1.99620079994	2.52672433853
1	14	0.460162959993	0.323392456033	0.813974812882	-0.482558103625	1.76175141335	4.3835234642	-2.61860060692
2	14	0.461567252874	-0.588434496506	0.800389128993	0.114551671795	-3.17608976364	4.37545204163	0.646412849426
3	14	0.483128771186	-0.739342456446	0.523641333613	0.423287710462	-4.15936183929	2.99747467041	2.39425206184
4	14	0.49112175405	-0.593399061044	-0.406422864093	-0.694764715493	-3.45755767822	-2.34512662888	-3.93884682655
5	14	0.484425775707	-0.191495351285	0.665373355407	-0.721531585137	-1.0254496336	3.80144357681	-4.047519207
6	14	0.481079004705	-0.624374303058	-0.0398225651482	-0.780109539094	-3.55303478241	-0.299041867256	-4.43194103241
7	14	0.493436574936	-0.933620877597	0.240858394811	-0.265215554906	-5.41452217102	1.33669757843	-1.53667974472
8	14	0.498527988791	-0.949318742008	0.241168320446	-0.201573230577	-5.50731658936	1.46735525131	-1.24568676949
9	14	0.499411776662	0.642046013678	-0.68804581581	-0.33818614943	3.75868654251	-3.97897267342	-2.02009439468
10	14	0.499665610492	-0.141990655675	-0.532366693407	-0.83452043561	-0.870857954025	-3.01142549515	-4.94323062897
11	14	0.499973190948	0.26779453631	0.0220029414944	0.963224769661	1.63601839542	0.229019194841	5.52876234055
12	14	0.499940723181	-0.898074187611	0.0419027910066	0.437843476201	-5.25642776489	0.334637582302	2.39852714539
13	14	0.499552503228	0.447900380377	-0.868954391723	-0.210484000256	2.64139890671	-5.01175308228	-1.17918562889
14	14	0.494607239962	0.979458397031	0.198662532122	0.0345607699121	5.63206577301	1.21078753471	0.138764858246
15	14	0.476986780763	0.864131760897	-0.342307187229	0.368920166678	4.80164241791	-1.99301040173	2.11322927475
16	14	0.477943450212	-0.295600586095	0.895096093656	0.333801253177	-1.65079128742	4.99751663208	1.89264273643
17	14	0.494888097048	-0.752012119707	-0.0734415747752	-0.655045118224	-4.32818174362	-0.4276034832	-3.79999113083
18	14	0.494673341513	0.608733702048	0.357983528935	-0.708019119094	3.65613746643	2.04456067085	-4.07362556458
19	14	0.494439776987	0.231057144457	0.203369842928	-0.9514480033	1.42403030396	1.0864995718	-5.52216148376
20	14	0.498408585787	-0.377274601178	0.763428494518	-0.52425261951	-2.15661454201	4.40432262421	-3.04906821251
21	14	0.499622115865	-0.0215238394415	-0.361737025186	0.93203167808	-0.167127713561	-2.2733900547	5.33486843109
22	14	0.499488279223	0.0985428210251	0.217780215474	0.971010345039	0.617873668671	1.37765741348	5.65591144562
23	14	0.498993873596	-0.907114587459	0.418488823176	0.0448355896129	-5.22512626648	2.44637751579	0.159496307373
24	14	0.493459284306	0.877096909267	-0.299470877191	-0.375523907986	5.00338172913	-1.65645694733	-2.12112164497
25	14	0.44918743521	0.115122177443	-0.514656110294	0.849632845644	0.573456823826	-2.69424152374	4.47958374023
26	14	0.452401459217	-0.829503257921	-0.0204677249115	0.558126703658	-4.37977790833	-0.11585316807	2.95190429688
27	14	0.485782682896	0.963633931395	-0.0679043561069	0.25845433772	5.4529542923	-0.349261969328	1.41565132141
28	14	0.496721401811	-0.94285314448	0.04443417792	0.330232572253	-5.47795581818	0.31645065546	1.758238554
29	14	0.490789268166	-0.0951935444083	-0.599715361395	0.794531103488	-0.596756339073	-3.49965405464	4.51098632812
0	15	0.48609765619	0.362998424633	0.447264718642	0.817426703241	1.97767531872	2.46147918701	4.76316261292
1	15	0.479928910732	0.220467203355	0.956753984955	0.189778883225	1.23378324509	5.37637519836	1.08672738075
2	15	0.484545245767	-0.657698829096	0.403600177928	-0.636033919364	-3.79332971573	2.20854949951	-3.57736945152
3	15	0.495157718658	0.302910704814	-0.909971275978	-0.283191422546	1.8126885891	-5.26919269562	-1.62603855133
4	15	0.49714371562	0.744895096539	-0.647394799726	-0.161280093129	4.40502405167	-3.66325163841	-0.911900043488
5	15	0.499099105597	-0.111676424027	-0.517392567226	0.848429907356	-0.617572665215	-2.9336566925	4.95193386078
6	15	0.497649814934	-0.398946275002	0.46567922855	-0.78992703825	-2.31075763702	2.64054059982	-4.57426071167
7	15	0.499475233257	0.766543667627	-0.111934734	0.632361780111	4.46848201752	-0.688973546028	3.55821800232
8	15	0.499621257186	-0.218666952862	0.514506422184	0.829136843505	-1.30633330345	3.03557777405	4.81460380554
9	15	0.497840244323	0.308724307225	-0.212166636143	0.927186400157	1.74663734436	-1.22326850891	5.4332447052
10	15	0.499398194253	0.133172206504	-0.47969923537	-0.867268013362	0.833852410316	-2.71313500404	-5.06793451309
11	15	0.499783053994	-0.939331943656	-0.273042353433	-0.207613518007	-5.45816040039	-1.51859629154	-1.11071968079
12	15	0.499861031771	0.959309873525	0.0368921376265	-0.27993487946	5.56842803955	0.172779202461	-1.56637120247
13	15	0.499581605196	-0.452056384108	0.171328306032	-0.875380852623	-2.72883701324	1.06296133995	-5.03360319138
14	15	0.498857155442	-0.75344037456	-0.290611616399	0.589807163738	-4.29046773911	-1.69059848785	3.45753312111
15	15	0.478246107697	0.932554359285	0.022970507521	-0.360298102634	5.17506313324	0.144234344363	-2.10029053688
16	15	0.45842333138	-0.0136719440174	0.807214207093	0.590100247258	-0.0571432895958	4.35331630707	3.18612527847
17	15	0.493035495281	-0.889831399442	-0.422755530794	0.171691123094	-5.06298398972	-2.46253228188	1.00376415253
18	15	0.497746199369	0.799043654994	0.599604971984	0.044756172612	4.61592674255	3.48757481575	0.349518537521
19	15	0.492518737912	-0.844163658161	-0.136858820834	-0.518321696826	-4.83293819427	-0.838790178299	-2.90435886383
20	15	0.493844762444	0.754992747618	-0.0819929108445	0.65058674565	4.28889560699	-0.567968189716	3.7599542141
21	15	0.497459515929	0.494545770674	0.799012524638	0.342057694226	2.85952758789	4.68983650208	1.88617539406
22	15	0.497276611626	0.084334643248	-0.711791628365	-0.697309361573	0.38172224164	-4.13607311249	-4.04512691498
23	15	0.495815530419	0.210596201155	-0.891300861691	-0.401537064303	1.29817461967	-5.13582754135	-2.33430361748
24	15	0.472535222769	-0.785435656645	-0.615508663268	0.0651146274829	-4.40301418304	-3.36682891846	0.413684129715
25	15	0.413880150765	0.0398850846455	-0.400116017532	0.915596173286	0.151824474335	-1.96304619312	4.48576021194
26	15	0.424819812179	-0.924669353915	-0.232988106694	0.301169600173	-4.64305496216	-1.16749966145	1.52660775185
27	15	0.478572763503	-0.699485603417	-0.379897651315	0.605307909363	-3.9273481369	-2.19150829315	3.33716106415
28	15	0.495702670887	0.218472876096	0.316355290406	0.923140797843	1.34533774853	1.7752828598	5.32418727875
29	15	0.497095108032	0.758673143795	0.465163847992	-0.456111450641	4.30992603302	2.63619756699	-2.73767471313
0	16	0.499013096094	0.221612304155	0.730046010499	-0.646467949091	1.23874616623	4.22838115692	-3.76276111603
1	16	0.499257594347	0.149647029719	-0.963312473976	-0.22278878782	0.777001023293	-5.56505393982	-1.15405249596
2	16	0.498440340161	0.773644542966	0.569070490047	-0.278626808646	4.46081972122	3.3598279953	-1.57719516754
3	16	0.498756825924	-0.204726837188	-0.950347737609	-0.234363179185	-1.17517757416	-5.5731678009	-1.24256229401
4	16	0.499328315258	-0.830545193351	0.501441319453	-0.242386643498	-4.77785539627	3.0219874382	-1.32981777191
5	16	0.499783486128	-0.592701273901	-0.797049877887	0.115830445382	-3.4533662796	-4.62889051437	0.58405828476
6	16	0.499375507236	0.491462979557	0.615723257723	0.61591315104	2.90221047401	3.54953026772	3.55362153053
7	16	0.496458306909	-0.943372567155	-0.326897681103	-0.0564455988365	-5.42231321335	-1.90382838249	-0.305330276489
8	16	0.496690979227	0.249613786369	-0.319333403253	-0.914176752724	1.44439840317	-1.84971022606	-5.2146282196
9	16	0.48990194127	0.36073729849	0.360415684012	0.860214587296	2.03331828117	2.12933945656	4.95696640015
10	16	0.494372772053	-0.10690998916	0.262550630277	0.958977278541	-0.659582138062	1.49456691742	5.53026485443
11	16	0.499418206513	0.776560423271	0.116533597674	-0.619171890207	4.46168470383	0.603678822517	-3.60218143463
12	16	0.499514266849	0.804321765289	0.479492672796	0.35093200854	4.63732624054	2.90761208534	2.16617202759
13	16	0.499184548855	0.725633752461	0.192059195487	-0.660733624631	4.35237026215	1.08260667324	-3.74893856049
14	16	0.497888214886	-0.687718680019	0.211142493341	-0.694594748511	-4.01092147827	1.25922739506	-3.97638344765
15	16	0.45880844444	0.746072609976	-0.216935318696	0.629535327162	3.99860787392	-1.14968013763	3.3881855011
16	16	0.411266885698	0.303134721971	0.778231784962	0.549967843797	1.50964903831	3.80099201202	2.64407348633
17	16	0.465848639607	0.672172092741	0.605860237355	-0.425579664143	3.64241456985	3.36862611771	-2.30097675323
18	16	0.487704232335	0.96229018501	-0.122302081003	-0.2429810709	5.46895980835	-0.835463762283	-1.40721035004
19	16	0.45379498601	-0.321888343479	0.89101934494	0.320113138242	-1.69269919395	4.72382307053	1.72973120213
20	16	0.4553039819	0.656329796508	0.480493250947	-0.581684995517	3.47214388847	2.5479156971	-3.14183139801
21	16	0.490488909185	-0.608017117952	0.598112672181	0.522088513237	-3.52203702927	3.32536911964	3.00080227852
22	16	0.492994036525	0.617590105445	0.0992570309669	-0.780211832428	3.54305648804	0.55080807209	-4.52797555923
23	16	0.498009577394	0.393627975093	0.502117890001	0.770022494324	2.26873731613	2.96099662781	4.39977455139
24	16	0.486921608448	-0.901299813908	-0.413424654175	0.129378130958	-5.09866142273	-2.44733119011	0.618691921234
25	16	0.474141750485	-0.0629388855325	0.485689214316	0.871862766601	-0.285573363304	2.74125528336	4.78526878357
26	16	0.485740408301	0.400885780416	-0.859467855522	0.317183852654	2.30727648735	-4.87110328674	1.71036458015
27	16	0.497647583485	-0.510797543748	0.845887138435	-0.15349533651	-2.89570903778	4.92136049271	-0.947386264801
28	16	0.497803114355	-0.557228796234	0.391174698367	-0.732446874528	-3.20723962784	2.28478884697	-4.30627059937
29	16	0.498481214046	-0.949678860651	-0.310264125426	-0.0429678264145	-5.51115608215	-1.83601105213	-0.105132579803
0	17	0.499672546983	0.9354642312	0.216056916228	0.279689258099	5.41387462616	1.27680301666	1.70801281929
1	17	0.499910324812	-0.309405595357	0.864801066712	-0.395458332288	-1.82914638519	4.97582960129	-2.33439564705
2	17	0.499702148139	0.677372287878	0.457170178699	0.576335155377	3.90004205704	2.55893945694	3.43834114075
3	17	0.499294605106	-0.434999636461	0.0209815273347	-0.900186142856	-2.58191728592	0.118043243885	-5.19809341431
4	17	0.498314663768	-0.193733474056	0.729243706096	-0.656255253807	-1.17333698273	4.33122682571	-3.76006937027
5	17	0.497856214643	0.993611837892	-0.00555629216326	-0.112714875766	5.78348731995	0.0139194000512	-0.633130550385
6	17	0.496416524053	0.810197072389	0.416636159569	0.412304516629	4.68270397186	2.43883633614	2.48827314377
7	17	0.477508641779	-0.322257357101	0.679015035635	-0.659612596283	-1.7871389389	3.7445435524	-3.76571559906
8	17	0.455271422863	0.0257508583018	0.945785215543	0.323770318833	0.12660574913	5.02446699142	1.76829397678
9	17	0.459213703871	0.985010845162	-0.164253843514	0.0526717173112	5.28583431244	-0.941183805466	0.258915185928
10	17	0.48473405838	-0.759449636938	0.260211119254	0.596260364581	-4.35201740265	1.4864102602	3.37319016457
11	17	0.494174137712	-0.872311392958	0.225934239889	0.433620286613	-5.06280708313	1.31068193913	2.51748847961
12	17	0.498009555042	-0.122630085806	-0.694759173799	0.708711191162	-0.693489015102	-4.11064767838	4.08645582199
13	17	0.497544072568	-0.725844437503	-0.32949702164	-0.603805900333	-4.2269744873	-1.83761322498	-3.49864530563
14	17	0.488580822945	0.520838304081	-0.62085099977	-0.585893759214	3.06862640381	-3.54377985001	-3.23961591721
15	17	0.440726988018	0.815898937002	-0.314619110825	-0.485101782827	4.27449607849	-1.57723796368	-2.55074214935
16	17	0.419011823833	0.530253015254	0.674332276563	-0.513914117923	2.64810180664	3.34686899185	-2.49828529358
17	17	0.467428930104	0.850195917822	0.201924056816	-0.486203225615	4.66607761383	0.999392688274	-2.68888092041
18	17	0.483844771981	-0.60379619532	0.71973459762	0.342654729292	-3.43605232239	4.01379394531	1.89151072502
19	17	0.408956110477	-0.295775367421	0.951925698407	0.0797144700763	-1.42096757889	4.62516593933	0.357461690903
20	17	0.411373913288	-0.0180603998233	0.739579351077	-0.672827024887	-0.101535536349	3.601552248	-3.24560379982
21	17	0.459881098941	-0.114480438884	-0.39662808265	-0.910813039633	-0.64819163084	-2.12897467613	-4.91649484634
22	17	0.475920937955	0.690590459972	0.0176275426159	-0.723031179367	3.88864850998	0.128878936172	-4.00331497192
23	17	0.498270925134	-0.459634923505	-0.358846101803	0.812382429841	-2.66733598709	-2.1679213047	4.63391160965
24	17	0.497281476855	-0.211491840716	0.897123064904	0.387867770933	-1.07552039623	5.27417469025	2.14807248116
25	17	0.49773158133	-0.552397539008	-0.56504047461	-0.612850896182	-3.14547967911	-3.24527168274	-3.55977272987
26	17	0.49698407203	-0.361447099696	-0.429324580389	0.827669256886	-2.09050178528	-2.47904872894	4.88385295868
27	17	0.498538721353	0.137903393534	-0.213312648716	0.967202340749	0.807046473026	-1.21858608723	5.59765005112
28	17	0.495030932128	0.289262089841	-0.609012805498	-0.738532901176	1.7193249464	-3.52368974686	-4.28120183945
29	17	0.49843262136	-0.131488979337	-0.991169882236	-0.0171146972205	-0.819379985332	-5.77136564255	-0.135808706284
0	18	0.498716711998	0.304673410918	-0.950029494951	-0.0679563933938	1.69754362106	-5.55910205841	-0.558214187622
1	18	0.498987659812	-0.853092481457	-0.339753156086	0.395981074057	-4.920835495	-1.9581964016	2.41863751411
2	18	0.499522328377	-0.386898786685	-0.812774217145	-0.435554130742	-2.28813886642	-4.63487434387	-2.57200670242
3	18	0.499145835638	0.833580621349	-0.182130999016	0.521509009423	4.78553390503	-1.00213289261	3.12902545929
4	18	0.498185351491	0.551980235832	-0.668383377963	-0.498579461384	3.25864219666	-3.90088248253	-2.88373422623
5	18	0.497540012002	0.207321344869	-0.956559579587	-0.204967389265	1.13625264168	-5.62173366547	-1.15055084229
6	18	0.498485907912	0.231917720497	-0.798783943183	-0.555120151888	1.35026812553	-4.6564040184	-3.20465636253
7	18	0.477452218533	-0.471095818172	0.816972681089	0.332602417992	-2.58955574036	4.52200555801	1.89367830753
8	18	0.418735951185	0.105612702824	0.762838918609	0.637904962559	0.574594974518	3.74388742447	3.18934082985
9	18	0.413639068604	0.854080740548	-0.187197518748	0.485286696293	4.18452453613	-0.8583766222	2.37692451477
10	18	0.467426121235	-0.105026370943	-0.982262229216	0.155339545716	-0.5192232728	-5.37312555313	0.853551149368
11	18	0.494634613395	-0.750589213166	0.618554631912	-0.232391911262	-4.24498653412	3.57320356369	-1.48318958282
12	18	0.498913571239	0.427278950877	-0.0849849556804	0.900116801001	2.570291996	-0.508333384991	5.19359827042
13	18	0.498681515455	-0.417287786221	0.345889227696	0.840375835942	-2.34969854355	2.08653998375	4.92023706436
14	18	0.496910840273	-0.787933584532	0.401266590887	0.467060798403	-4.61488246918	2.29669642448	2.63151264191
15	18	0.481147632003	0.632176411523	-0.698481933931	0.335374376908	3.55878424644	-3.90375804901	1.86281275749
16	18	0.480549126863	0.35600976042	-0.586406977991	-0.727587731239	2.00121068954	-3.22206163406	-4.12434864044
17	18	0.498030751944	-0.437352378162	0.695331983479	0.570294950062	-2.61228013039	3.97635197639	3.2218670845
18	18	0.497421056032	0.335114483335	-0.828321548863	0.448978501432	1.99221968651	-4.75937175751	2.58009386063
19	18	0.477856913581	-0.161779750736	0.260265331431	-0.951887214699	-0.848079562187	1.45329284668	-5.30875349045
20	18	0.479179799557	-0.465868073713	0.760251446299	0.45275233439	-2.60776567459	4.23934221268	2.4969201088
21	18	0.474083244801	0.211801735384	-0.896688859584	-0.388701831725	1.16432070732	-4.96593570709	-2.14582300186
22	18	0.453715961426	-0.61855496568	0.160687923655	-0.76913532335	-3.33332490921	0.858720421791	-4.08308792114
23	18	0.48151874356	0.134156645047	0.410487040947	-0.901943669973	0.815831065178	2.23553681374	-5.0621380806
24	18	0.495899279602	-0.182816562572	0.0933130570186	0.978708729827	-1.12840771675	0.459406197071	5.61880016327
25	18	0.493808954954	0.912556926256	-0.00887236521628	-0.408853442541	5.25239038467	-0.0589022487402	-2.30319046974
26	18	0.498925730586	-0.870531073403	0.439233292903	0.221922879951	-5.08046913147	2.49719309807	1.25038576126
27	18	0.483862899244	0.384079602926	0.181376537672	-0.905309565949	2.1757338047	1.01145637035	-5.10375499725
28	18	0.478915473446	0.313268804605	0.319276966374	-0.894385193753	1.70096540451	1.84722518921	-5.03425693512
29	18	0.497988350689	0.414208145258	0.276298633286	0.86723161707	2.37217378616	1.6362708807	5.00408601761
0	19	0.493790797889	0.724524596351	-0.438312187917	0.53192718976	4.1060385704	-2.54457378387	3.10304713249
1	19	0.488849431276	0.000297420156872	0.715025448475	-0.699098361874	-0.0340404622257	4.01933670044	-4.0304851532
2	19	0.486718118191	0.751363162422	0.644939906728	-0.139663577448	4.30537605286	3.70491313934	-0.737021684647
3	19	0.494073972106	0.429756982816	0.89738450792	0.100049890888	2.5258603096	5.19496154785	0.592163801193
4	19	0.49843236804	-0.886133371102	-0.145517490917	-0.439991259522	-5.15896272659	-0.841793894768	-2.53178834915
5	19	0.496170654893	-0.585972939253	0.76835655874	0.257417779311	-3.32634210587	4.47112941742	1.62022924423
6	19	0.496820300817	-0.640384013001	0.223801967845	-0.734725115319	-3.71618556976	1.40919959545	-4.19971847534
7	19	0.492854833603	0.532660068543	-0.81384187681	-0.232238349396	3.03440308571	-4.65996074677	-1.36285877228
8	19	0.46797297895	0.602671891617	-0.527702948887	0.598595179392	3.24940776825	-2.87592363358	3.38168644905
9	19	0.460992902517	0.936834425708	0.2393301398	0.255073211041	5.05648899078	1.32822728157	1.33454036713
10	19	0.481545954943	-0.0359801249718	-0.999339799698	-0.00503937957667	-0.290127873421	-5.66314697266	-0.0826442241669
11	19	0.497625075281	0.0342641800675	-0.309616531734	0.950243952489	0.31836271286	-1.72980189323	5.48466348648
12	19	0.499733113684	-0.0470869080436	-0.0369395839884	-0.998207538654	-0.283227026463	-0.200505018234	-5.78314208984
13	19	0.499891214073	-0.234451870799	-0.731856049156	-0.63985861219	-1.28428816795	-4.24976825714	-3.69660997391
14	19	0.498343721032	0.339210686676	0.893089047902	0.29551321893	2.04905843735	5.18457698822	1.67114472389
15	19	0.496579885483	-0.858418488052	0.353471530596	0.37171975523	-4.94083881378	2.10230875015	2.11490941048
16	19	0.495290473104	-0.254429820165	-0.871213650376	0.419824060779	-1.44951057434	-5.05722856522	2.40191316605
17	19	0.49923838675	0.993345291536	0.00136672917633	0.115166244337	5.79187488556	0.124319627881	0.635684251785
18	19	0.498995162547	-0.233918993023	-0.771280894695	-0.591952435743	-1.37343609333	-4.4466342926	-3.45629310608
19	19	0.493678033352	-0.986950423109	0.0590041473016	0.14982447372	-5.66832542419	0.502712547779	0.937019348145
20	19	0.488064534962	0.144488241564	-0.78746939234	0.599178691357	0.796938419342	-4.55227470398	3.32533121109
21	19	0.468367114663	0.94733276562	-0.0821744569065	0.309528657501	5.19664335251	-0.408659309149	1.69322609901
22	19	0.433809697628	0.760474016835	-0.0333413438197	-0.648511853794	3.86600780487	-0.186582788825	-3.34457731247
23	19	0.448439612985	0.322416333299	0.913194848649	-0.249244611624	1.68944597244	4.81939935684	-1.30637001991
24	19	0.479882523417	0.788568930188	-0.515449930839	-0.335366085256	4.39343500137	-2.91326403618	-1.87474918365
25	19	0.470432884991	0.567299426623	0.180521340813	-0.803482050867	3.08916950226	1.00494849682	-4.51457452774
26	19	0.489341445267	0.290046815154	0.552811655528	0.781199154205	1.6789495945	3.1510848999	4.44652318954
27	19	0.44801594317	0.510104810042	-0.857210489847	-0.0705922011863	2.65942430496	-4.52643918991	-0.333915472031
28	19	0.454071477056	0.514239922417	-0.857256767441	-0.0258483436342	2.73260331154	-4.54732179642	-0.123019695282
29	19	0.496674269438	-0.476483300986	0.87484018106	0.087282996535	-2.84524846077	4.98228693008	0.38383436203
0	20	0.468233250082	0.67635558398	0.228231666435	-0.700323804005	3.64628887177	1.26619493961	-3.91784596443
1	20	0.452306978405	0.419803832061	0.778505541922	0.466576750153	2.20655894279	4.15189409256	2.48657369614
2	20	0.470311537385	0.979487710808	-0.19344099483	-0.0564305404439	5.37314367294	-1.14984619617	-0.29513335228
3	20	0.493995219469	-0.64647515143	0.76019184142	-0.0646393287592	-3.72972393036	4.36456155777	-0.397644519806
4	20	0.498495519161	0.00835624652525	-0.997912082939	-0.0640441087696	0.180428922176	-5.72907924652	-0.290178537369
5	20	0.495062276721	0.136763496457	0.940095480573	-0.31227589315	0.759286403656	5.3849606514	-1.78341817856
6	20	0.489824622869	0.452237399976	-0.863860328454	0.221870834014	2.57941842079	-4.91142177582	1.23938107491
7	20	0.497201934457	0.425216210849	0.287441346378	0.858235775544	2.33984589577	1.72878646851	4.97812652588
8	20	0.496721751988	0.545809140505	0.0296476357106	-0.83738485766	3.12390422821	0.150216460228	-4.83377552032
9	20	0.499219208956	-0.891557498364	-0.353394573133	0.283262250911	-5.10726833344	-2.00084376335	1.63928079605
10	20	0.498637124896	0.866275432814	-0.373591105091	-0.331657294054	5.03692388535	-2.05568122864	-1.95015907288
11	20	0.49963696301	-0.968083833122	0.0520711805336	-0.245157672133	-5.63521432877	0.246578514576	-1.38229656219
12	20	0.498941719532	-0.135489389154	0.990749132815	-0.00766689336865	-0.660184860229	5.83891582489	-0.0363857746124
13	20	0.499734658748	-0.488979782074	0.173410286153	0.85488458015	-2.88620781898	1.02654767036	4.93175411224
14	20	0.499692991376	0.818930973402	0.200448473485	0.537747589749	4.82447385788	1.06302130222	3.12237453461
15	20	0.498563040048	-0.234808328097	-0.587958746029	-0.774060438225	-1.25401234627	-3.35556793213	-4.52942752838
16	20	0.497103661299	-0.75302271844	0.430833168998	0.497332450182	-4.29104566574	2.57021331787	2.89518690109
17	20	0.498818039894	0.78511814137	-0.609129191231	0.112031836912	4.54438304901	-3.61229109764	0.541564464569
18	20	0.499842122197	0.0445325216758	0.986974528801	0.154590213183	0.229326754808	5.65715742111	0.97700548172
19	20	0.499316737056	-0.116379673237	-0.986157336312	-0.118107915466	-0.62024128437	-5.67499923706	-0.660008907318
20	20	0.497806340456	0.801688896057	0.522600782617	0.290143647089	4.59680747986	3.08263850212	1.70695376396
21	20	0.494115233421	-0.602662293313	0.732771579785	-0.315980967906	-3.51597046852	4.13476085663	-1.785176754
22	20	0.478428557515	0.825816174114	0.188690064403	-0.53143551459	4.61352539062	1.05724275112	-2.92449903488
23	20	0.462295591831	-0.309044324395	0.694764686203	0.649456416062	-1.66504263878	3.75275588036	3.56559658051
24	20	0.473955772817	-0.51747711225	0.608195464471	-0.601926669366	-2.87812709808	3.38593053818	-3.28790712357
25	20	0.457335034385	0.154628422485	0.369067178831	-0.916449381292	0.843920409679	1.99579119682	-4.93445301056
26	20	0.466835387051	-0.551003715425	-0.428549528505	0.7160588015	-3.03523778915	-2.3590028286	3.89731907845
27	20	0.411062259227	0.396031931837	-0.0986418111054	0.91292305375	1.93417835236	-0.536392569542	4.4330291748
28	20	0.431817010045	-0.220434712304	-0.819602439961	0.528829252237	-1.1350839138	-4.15789556503	2.71072673798
29	20	0.492022395134	0.924623580715	0.294647753851	0.241358519917	5.29971075058	1.63256311417	1.40559244156
0	21	0.429104283452	-0.414179180315	0.678888472509	-0.606272256076	-2.0843334198	3.45378184319	-3.06627321243
1	21	0.394798710942	-0.347592990661	0.79973119887	-0.489498848208	-1.59774971008	3.77996730804	-2.28387498856
2	21	0.454979598522	-0.00143163918152	0.99848838747	-0.0549444309817	0.0146644189954	5.32302284241	-0.346541404724
3	21	0.484366133809	-0.81161065529	0.397798187333	0.427837289603	-4.62398862839	2.15525627136	2.5517604351
4	21	0.493536040187	-0.594510980923	0.798263090275	-0.0966060674408	-3.32944154739	4.63379526138	-0.530559062958
5	21	0.468923777342	0.463899609572	-0.882512704351	-0.0772559311573	2.52874755859	-4.80808258057	-0.423758029938
6	21	0.430619001389	-0.574978005575	-0.727488628536	0.374380272525	-2.95822048187	-3.6552233696	1.91063034534
7	21	0.457128033042	-0.771713874668	0.292964604739	-0.564472706174	-4.1481089592	1.50447869301	-3.04370594025
8	21	0.487332552671	-0.441433130412	0.757863640655	-0.480395143136	-2.59631633759	4.30906915665	-2.70461320877
9	21	0.498656854033	0.554165128606	0.824156744675	-0.116904535602	3.31403970718	4.74332332611	-0.663114309311
10	21	0.498988691717	0.415300367531	0.309241522043	0.855508787666	2.24850320816	1.70083045959	5.04987716675
11	21	0.499289190397	0.0521347750304	0.367797770991	-0.928443194216	0.336058497429	2.09047603607	-5.41421127319
12	21	0.49719594419	-0.378299765754	0.892837497432	0.244398220962	-2.18397569656	5.17309188843	1.51681065559
13	21	0.497954636812	0.5550712828	-0.821928543272	-0.127786308993	3.18977499008	-4.71660470963	-0.820443630219
14	21	0.49929459393	-0.0123079908748	0.999124754318	0.0399779773158	-0.150966256857	5.74342632294	0.149866104126
15	21	0.495835334063	-0.415365980395	-0.822086150385	0.389416825106	-2.28202676773	-4.73157024384	2.3316988945
16	21	0.492714166641	-0.668913143435	0.658047141255	-0.345729903864	-3.78156852722	3.78362703323	-2.0625629425
17	21	0.496863245964	0.176099336055	-0.692754389917	0.699342819432	1.05084216595	-3.920586586	4.0946688652
18	21	0.499681043439	-0.15008447562	0.178711432703	-0.972387203741	-0.93840265274	0.979799866676	-5.6845126152
19	21	0.499933257699	-0.311442567962	0.69953833842	-0.643155999693	-1.80413961411	4.16234445572	-3.65754461288
20	21	0.499671339989	0.696539243732	-0.0429152336698	-0.71623415491	4.02532100677	-0.28757789731	-4.19750833511
21	21	0.497893989086	-0.026211302798	-0.998684560094	0.0440694569456	-0.0449044108391	-5.78652334213	0.356029272079
22	21	0.497377559543	-0.74823238125	-0.660438215223	0.0630052975691	-4.40985107422	-3.81967973709	0.406488418579
23	21	0.492412626743	-0.806129612595	0.420197629111	0.416640132713	-4.62079811096	2.43952560425	2.38364624977
24	21	0.485969677567	0.18400612902	-0.885132483994	-0.427413418439	1.04590058327	-5.01830863953	-2.35390496254
25	21	0.444318212569	0.448700281518	-0.287295500756	-0.846244262971	2.3614923954	-1.49800598621	-4.44223117828
26	21	0.435668721795	0.301044210235	-0.890758115217	0.340473734169	1.54455852509	-4.58046722412	1.73599338531
27	21	0.429319709539	0.744623880685	-0.0788661571527	0.662808724723	3.77285718918	-0.403759181499	3.37621569633
28	21	0.459894269705	-0.631299807973	-0.663269357652	0.401913313605	-3.38243484497	-3.58262729645	2.25494861603
29	21	0.486510455608	-0.907087939314	-0.07800306858	-0.413650808827	-5.12387990952	-0.414400875568	-2.35788869858
0	22	0.470328003168	-0.328769015173	0.655622010288	0.679757835033	-1.88275158405	3.61301636696	3.75679206848
1	22	0.462722584605	0.242226602157	0.895336854075	-0.373762211762	1.33252203465	4.83446598053	-2.04341936111
2	22	0.486524151638	-0.072474130914	0.12463144757	0.989552678044	-0.408894777298	0.691119372845	5.59752416611
3	22	0.495700808242	0.120782748946	-0.0491163945635	-0.991463114464	0.737380564213	-0.30495095253	-5.68283128738
4	22	0.485777433962	-0.295902256788	-0.4360526906	-0.849882289172	-1.69327807426	-2.48449802399	-4.86055898666
5	22	0.451664961874	-0.0377633845654	-0.859892543043	0.509076360878	-0.194229871035	-4.52651691437	2.77541661263
6	22	0.434578672051	-0.724441391481	-0.461819400157	0.511769002527	-3.70261502266	-2.35009121895	2.58352279663
7	22	0.456798389554	-0.607099559094	0.761863556628	0.225818614001	-3.21767735481	4.08719682693	1.15663194656
8	22	0.482061926275	0.364806664141	-0.232730004934	0.901528059797	2.07844996452	-1.318557024	5.01553058624
9	22	0.497636596672	-0.213192916541	0.0324640821778	-0.976470615894	-1.29206073284	0.151675909758	-5.64078187943
10	22	0.49573231861	0.119728112341	-0.00926032315831	-0.992763529513	0.668460011482	-0.00749367196113	-5.7409324646
11	22	0.491227209568	0.529048754938	-0.810141378653	-0.252543781338	3.08764791489	-4.64042520523	-1.31223535538
12	22	0.483483299613	-0.977658542626	-0.12636016015	-0.167978819968	-5.52558040619	-0.706747412682	-0.946108102798
13	22	0.480656161904	-0.0225491288576	-0.970079161368	0.241739441272	-0.0709945037961	-5.51312017441	1.42822337151
14	22	0.486778631806	0.136723910042	-0.941794559767	0.307131209121	0.770358800888	-5.36808395386	1.72025513649
15	22	0.468053715304	-0.248068834296	0.280727118302	-0.927175354774	-1.34727740288	1.59184288979	-5.04525899887
16	22	0.452758468688	0.705679104679	0.448751022848	-0.548306046576	3.79154992104	2.37502932549	-2.85978341103
17	22	0.489141121507	-0.763351992053	-0.490063311769	-0.420870154189	-4.40417861938	-2.74788236618	-2.35061979294
18	22	0.499270245433	0.865273769998	-0.168316185561	-0.472198014218	5.03778171539	-0.90564763546	-2.64460778236
19	22	0.499950550497	-0.455630800509	-0.447340625041	0.769601805362	-2.6743555069	-2.59776687622	4.4894695282
20	22	0.499931376427	-0.338735908202	0.279393610958	0.898441536579	-1.93805837631	1.55846250057	5.26664876938
21	22	0.499576359987	-0.813830633657	0.393762226258	-0.427353494071	-4.63995552063	2.37536382675	-2.52756953239
22	22	0.498521022499	-0.465982135384	-0.660923465178	-0.588252346089	-2.72964596748	-3.90384149551	-3.4354300499
23	22	0.498412057757	0.784744251896	0.50914926006	-0.353473464486	4.62500858307	2.87630057335	-2.0806760788
24	22	0.495533615351	0.512782549416	0.847551514811	-0.136786281317	2.84867095947	4.98639345169	-0.737428426743
25	22	0.45778080821	-0.0751740444161	-0.994347810626	0.0749752929326	-0.380347907543	-5.30305290222	0.39058470726
26	22	0.42638745904	-0.562692331736	-0.797917636741	0.216112898234	-2.82663536072	-4.01583719254	1.11381936073
27	22	0.469715975225	0.103088770367	0.437053313071	0.893508313872	0.560948491096	2.42756199837	4.9036397934
28	22	0.493596531451	-0.300673121455	-0.548158638917	-0.78045998015	-1.71526622772	-3.11099267006	-4.48317956924
29	22	0.496723949909	0.740074873212	-0.393049012756	0.545712062915	4.2475643158	-2.1913254261	3.16064119339
0	23	0.494160965085	-0.210608121791	0.889294598865	0.405954844121	-1.14758241177	5.08729076385	2.4554977417
1	23	0.489320740104	-0.797223879833	-0.442247525553	-0.410915090458	-4.49464797974	-2.55188894272	-2.37254357338
2	23	0.474131271243	-0.340727661199	-0.910578454979	0.233990466093	-1.86259102821	-5.1143784523	1.21123695374
3	23	0.492954403162	0.253601672902	0.453565190075	0.854379780808	1.38324391842	2.68036222458	4.82926273346
4	23	0.495210826397	0.158249163155	-0.961924969327	-0.222839753516	0.976888179779	-5.5557641983	-1.26588535309
5	23	0.494562018663	-0.0143936191924	-0.562027380376	-0.826993378108	-0.154786854982	-3.24839782715	-4.76523923874
6	23	0.497377425432	0.623156182596	0.740968966673	-0.250282565355	3.50014209747	4.36744070053	-1.42559218407
7	23	0.477916944772	0.341788756218	-0.404586406148	0.848227732441	1.96470558643	-2.30526804924	4.69381141663
8	23	0.459716446698	-0.2376362005	-0.228402166903	0.944119423784	-1.38328301907	-1.26171839237	5.149081707
9	23	0.476935552433	-0.113873186385	-0.340953104659	0.933158013332	-0.595100164413	-1.85394883156	5.23329353333
10	23	0.465474747121	-0.509534261945	-0.479086372485	0.714738472172	-2.77168560028	-2.60048627853	3.94038963318
11	23	0.45806171	-0.911215472712	-0.104176600361	0.398539330841	-4.90832424164	-0.527374565601	2.11801075935
12	23	0.446295619011	-0.336296909191	0.679974248799	-0.651566888231	-1.72775065899	3.60928010941	-3.42238092422
13	23	0.486342206597	-0.866738032155	-0.482314134638	-0.127036448094	-4.93088150024	-2.65868759155	-0.751095533371
14	23	0.482404112816	0.516419321804	-0.427022710803	0.742268609417	2.93496489525	-2.38866186142	4.1813492775
15	23	0.440529450774	0.574682683757	-0.498782468203	-0.64881111458	2.99374246597	-2.53697872162	-3.37560129166
16	23	0.407542437315	0.711832343546	0.701020690125	-0.0431822498063	3.46104240417	3.33683538437	-0.255999803543
17	23	0.478000946343	-0.595697859548	0.415522240389	-0.687375681758	-3.26275157928	2.3907315731	-3.87225437164
18	23	0.496798500419	-0.936205367527	0.0959074128695	0.338114297199	-5.38434410095	0.568222105503	1.95052170753
19	23	0.499623924494	-0.0422126318724	-0.987510868768	0.151790572091	-0.196041360497	-5.72901058197	0.877731323242
20	23	0.499669522047	0.286784820262	0.854779624235	-0.432557812159	1.55999016762	4.93301486969	-2.53377008438
21	23	0.49842813611	0.626699720461	-0.261924535506	0.733923019175	3.58812427521	-1.44882714748	4.28065633774
22	23	0.498672902584	0.0500540133454	-0.948621426617	-0.31242916751	0.232649713755	-5.5166053772	-1.79675030708
23	23	0.498329862952	0.480580587959	0.784222936028	0.39247507575	2.60840535164	4.62916278839	2.31699848175
24	23	0.497844725847	0.988559906783	-0.133830531151	0.0695607621683	5.72193336487	-0.874136030674	0.291991472244
25	23	0.473839685321	-0.739578491188	0.170305319042	0.651167991903	-4.14311695099	0.945395827293	3.53806567192
26	23	0.454382292926	-0.842589803451	-0.0431186436911	0.536826979283	-4.5229973793	-0.19109493494	2.84130835533
27	23	0.476803444326	0.196026273478	-0.254814947298	0.946912373316	1.09914517403	-1.55500864983	5.25334262848
28	23	0.497038543224	-0.0509693093111	0.976194184133	-0.210824676863	-0.315070927143	5.65596294403	-1.11429619789
29	23	0.49930762127	-0.303104052386	0.0618319038482	-0.95094939355	-1.75072789192	0.313288331032	-5.5122179985
0	24	0.49602310732	0.482744392491	0.080684859962	-0.872036584606	2.76257562637	0.491023182869	-5.03798675537
1	24	0.48112417385	0.24957084892	0.265633475384	0.931210635745	1.39211750031	1.46170926094	5.21165513992
2	24	0.436369080096	-0.517870335824	-0.432198818647	0.73825097117	-2.69802355766	-2.21976065636	3.792116642
3	24	0.472117647529	0.659084054094	-0.747272739407	0.0848036707795	3.62236309052	-4.12004375458	0.383978843689
4	24	0.497463524342	-0.761521374076	0.501771037935	0.410257263575	-4.39233350754	2.91031718254	2.38235592842
5	24	0.49820047617	0.197768393637	0.936601723538	0.289248809754	1.0657377243	5.43938350677	1.66835474968
6	24	0.497480526567	0.790082867035	-0.61219590848	-0.0313884191715	4.53980970383	-3.60748386383	-0.190150499344
7	24	0.489877447486	-0.916626590811	-0.0303306611633	0.398592202648	-5.27349376678	-0.166452467442	2.16686749458
8	24	0.489214025438	0.439558321093	0.146078492489	0.886255920369	2.5597755909	0.860584437847	4.99468898773
9	24	0.488437786698	0.136308259115	-0.701596505956	-0.699415757134	0.771863818169	-3.88544893265	-4.08334922791
10	24	0.473301887512	-0.0544032433399	-0.943870547938	-0.325804659035	-0.308486700058	-5.29100513458	-1.74777173996
11	24	0.452126868069	-0.791296420978	0.158018728987	-0.590660693999	-4.19129276276	0.842988431454	-3.14822101593
12	24	0.424086548388	-0.527795560367	0.50701614195	-0.681444405847	-2.63126397133	2.5632147789	-3.4332613945
13	24	0.47961166501	0.89399357969	0.327492027283	-0.305817676956	5.04396057129	1.78282976151	-1.69594979286
14	24	0.497017219663	-0.123339279592	0.97636112575	0.177500349953	-0.781883001328	5.59708929062	1.02389717102
15	24	0.464029893279	0.274116474646	-0.899184837217	-0.341067129531	1.47113621235	-4.89379167557	-1.78528642654
16	24	0.430091992021	0.953922919704	0.188549578259	-0.233409768009	4.83573627472	0.981137931347	-1.17239904404
17	24	0.479987204075	0.798099831215	-0.538099591068	-0.271082071534	4.42698383331	-3.09704399109	-1.51560616493
18	24	0.497625365853	0.858486734249	0.400315500022	0.320543331799	4.96288013458	2.39350795746	1.86998438835
19	24	0.499485690147	0.494748921121	0.387810223878	-0.777706072566	2.8528213501	2.32795000076	-4.52001047134
20	24	0.498350650072	0.450913264956	-0.768877108131	-0.453326835824	2.60380840302	-4.52487182617	-2.56128454208
21	24	0.491209238768	0.0817507630008	-0.89538778348	-0.437718551061	0.382086396217	-5.19173955917	-2.54150152206
22	24	0.489700034261	0.212584638459	0.685440574395	-0.696404329728	1.19589960575	4.01636075974	-3.86776471138
23	24	0.493454605341	0.336750960456	-0.933613816153	-0.122327564021	1.91015934944	-5.38282871246	-0.747905492783
24	24	0.498422242701	-0.488506394741	-0.497236820724	0.717019557902	-2.97420692444	-2.76594209671	4.11038064957
25	24	0.496913209558	0.73661236501	0.416530675947	0.532826819624	4.31420183182	2.43839097023	2.96079611778
26	24	0.496298536658	0.65823269601	-0.69883968245	-0.279915730419	3.75069713593	-4.05407619476	-1.60357689857
27	24	0.491477698088	0.608297423936	0.784843633512	0.118299260216	3.40487480164	4.59029531479	0.715652227402
28	24	0.496963039041	0.850231040037	-0.410520745508	-0.329514637103	4.93433666229	-2.39300060272	-1.87968468666
29	24	0.497922196984	-0.169930960672	-0.908702623496	0.381291241252	-1.07165646553	-5.23029518127	2.30652213097
0	25	0.494887672365	0.0806148556746	-0.537052146392	-0.839688178493	0.497575461864	-3.12023663521	-4.82738399506
1	25	0.486832246184	-0.00415197236876	0.988628391929	-0.150321867331	-0.0810978710651	5.60420322418	-0.855968952179
2	25	0.440141454339	-0.785942566629	-0.138337533197	0.602625098108	-4.03360700607	-0.753323674202	3.13242030144
3	25	0.446613952518	-0.312119870154	-0.906363964692	-0.284755246067	-1.64446485043	-4.77525806427	-1.45876407623
4	25	0.483192969114	-0.554490637736	0.00660134034485	-0.832163778934	-3.10758519173	0.0886460989714	-4.69486141205
5	25	0.49322937429	0.921911574473	-0.283289611638	0.264246182167	5.26804685593	-1.6174197197	1.59969449043
6	25	0.489026814699	0.52431778271	-0.768957112175	-0.365781112646	2.94058609009	-4.44772863388	-2.10141801834
7	25	0.47424043715	-0.44327089191	0.887231932003	-0.127790513025	-2.39448928833	4.96938705444	-0.712443828583
8	25	0.485706873238	-0.791532782297	-0.0431739190283	-0.609599759896	-4.41540718079	-0.274558484554	-3.53949260712
9	25	0.496184840798	-0.224426704576	-0.515819654673	0.826778530277	-1.29594385624	-2.89496803284	4.8037405014
10	25	0.497498044744	0.340062298682	-0.0712917815994	-0.937696707306	1.92884707451	-0.324516296387	-5.37653827667
11	25	0.493334967643	-0.191333908977	0.278855402213	0.941079699033	-1.08830857277	1.50147736073	5.40683889389
12	25	0.457768185064	0.122699154244	0.321188484697	-0.939032946624	0.662104606628	1.73456430435	-5.04327297211
13	25	0.466726135463	0.362586426076	0.388359633124	-0.847176415503	1.99580812454	2.19168663025	-4.6214761734
14	25	0.491578355432	-0.236386046407	-0.877199543925	-0.417902616889	-1.30578351021	-5.04176282883	-2.30675792694
15	25	0.47796773538	0.0642680323032	0.603349483436	-0.794883023382	0.370258748531	3.45822620392	-4.37629127502
16	25	0.463207489811	-0.0611234286353	0.0793481789803	-0.994971252331	-0.351724117994	0.379332780838	-5.42232894897
17	25	0.490046173334	-0.0285872420052	0.995819290359	-0.0867566167179	-0.226841807365	5.66527080536	-0.411023378372
18	25	0.498597443104	0.266286762789	-0.737444134121	0.620699209774	1.55910265446	-4.35327911377	3.50409793854
19	25	0.499769568443	-0.87014769248	0.474541608492	-0.13286555265	-5.11359977722	2.71507787704	-0.839424610138
20	25	0.499266929924	-0.597944595512	0.375506267547	0.708136500775	-3.42284846306	2.19426679611	4.09203624725
21	25	0.48752194643	0.110376719318	-0.935728987719	-0.335004837837	0.703872442245	-5.34191036224	-1.9107927084
22	25	0.476507656276	-0.360221001452	0.780249067368	-0.511323990229	-2.04241800308	4.36488342285	-2.8149740696
23	25	0.477761507034	0.301104628467	-0.953211760324	-0.0268950310589	1.67301785946	-5.37495422363	-0.0897612571716
24	25	0.49572109431	0.641263856608	-0.274669552566	-0.716475612357	3.7055618763	-1.45867240429	-4.12438488007
25	25	0.497117072344	-0.967409298097	0.145037376162	0.207565434192	-5.60287046432	0.816909492016	1.18686056137
26	25	0.493656672537	-0.78445016917	0.22466099323	-0.57807038517	-4.56161022186	1.23961448669	-3.32773137093
27	25	0.493864282966	0.14482040543	0.713717107945	-0.685299160949	0.911242365837	4.21082830429	-3.90110993385
28	25	0.498116455972	-0.513610324274	-0.553916786365	-0.655271415966	-2.99246644974	-3.1589949131	-3.80281591415
29	25	0.49818168208	0.0971043602463	-0.43544195337	0.894964272173	0.539332330227	-2.37797522545	5.26579284668
0	26	0.498840898275	-0.978895325044	-0.0369993583442	0.200985049416	-5.6206407547	-0.223893731833	1.15672683716
1	26	0.49727883935	0.980345764722	-0.13091959886	0.147588076165	5.67836523056	-0.800696372986	0.870456695557
2	26	0.470693990588	-0.0977764105551	-0.952939151328	-0.286961229794	-0.561862409115	-5.25345563889	-1.55902814865
3	26	0.45890448615	-0.439572408379	-0.452417292387	0.775947608632	-2.399081707	-2.36759138107	4.21139621735
4	26	0.476712346077	0.335099729098	-0.931468565394	-0.141684449541	1.9403655529	-5.17904806137	-0.686104774475
5	26	0.480498686433	-0.408289585593	-0.287552364654	-0.866379392575	-2.35262322426	-1.57051098347	-4.88352489471
6	26	0.472125377506	-0.106908351794	0.619303715656	-0.777839001395	-0.612965345383	3.44262528419	-4.27114200592
7	26	0.449188455939	-0.324875335258	0.945716161116	0.00877263617402	-1.67773246765	5.03505420685	0.0650913715363
8	26	0.480014517903	-0.930558685604	0.250235868522	0.267287378586	-5.21844816208	1.35706865788	1.55937385559
9	26	0.487412668765	0.536269519679	0.201684459428	0.819596474546	3.14675831795	1.21078467369	4.63252544403
10	26	0.494826417416	-0.142676542051	0.0613481298894	0.987866292222	-0.935409903526	0.236432939768	5.67418193817
11	26	0.495802074671	0.138131599685	0.988856247734	-0.0555246115256	0.831182837486	5.71450901031	-0.468760490417
12	26	0.475280329585	-0.624713348331	-0.65367611299	-0.427130860187	-3.50103235245	-3.6881313324	-2.33288502693
13	26	0.472718089819	-0.406491339533	-0.902748633174	-0.140746922478	-2.22596645355	-5.020154953	-0.822335004807
14	26	0.463606633246	-0.746555220063	-0.202295880756	0.633823066814	-4.04664134979	-1.01040935516	3.50771570206
15	26	0.431577786803	-0.22973804561	-0.97324088417	0.00475518445619	-1.15088522434	-4.93382310867	0.0299546718597
16	26	0.431196138263	0.478604784421	-0.87730803837	-0.0356099163216	2.40423822403	-4.47945261002	-0.153525352478
17	26	0.488909238949	0.225039791049	-0.0225624719025	-0.974088305702	1.26164996624	-0.188131570816	-5.54065895081
18	26	0.499374542385	-0.173574737138	-0.40592792493	0.897270488977	-1.09033715725	-2.3603219986	5.2391705513
19	26	0.499425217509	-0.177126167456	0.965556515872	0.190596262972	-1.01137387753	5.62753582001	1.15061569214
20	26	0.498372212052	0.933964284952	0.182080594135	-0.307501823855	5.38674402237	1.02071297169	-1.75287365913
21	26	0.482850641012	-0.147426519101	-0.887350571442	-0.436891731241	-0.905323684216	-5.0642414093	-2.39151287079
22	26	0.455522119999	-0.342186125128	0.722469973371	-0.600787644137	-1.82718253136	3.87456846237	-3.2213435173
23	26	0.440802440047	-0.277954233926	-0.807044156414	-0.520980972244	-1.47190499306	-4.16806793213	-2.70404887199
24	26	0.463140144944	-0.300686999634	-0.328351007387	0.895417748428	-1.66163945198	-1.76807463169	4.85916185379
25	26	0.477976888418	0.115076526543	-0.205885094274	0.971786355633	0.711513996124	-1.17256867886	5.44325351715
26	26	0.485240414739	0.241294399295	0.929370941301	0.279368334521	1.42638456821	5.23607158661	1.57676315308
27	26	0.494257740676	-0.0276554622974	-0.496141808397	-0.867800945705	-0.169668540359	-2.92884588242	-4.90203905106
28	26	0.49853586033	-0.221802918806	0.117314515724	0.96800866195	-1.21821820736	0.693567931652	5.57910299301
29	26	0.499628275633	0.921169084716	0.133991413198	-0.36536805902	5.31072330475	0.750932872295	-2.15688753128
0	27	0.496628239751	0.207208296462	0.82519890797	0.525463113988	1.24297738075	4.7154083252	3.16870927811
1	27	0.495719000697	0.891671644962	0.448431180598	0.0618963152295	5.17320299149	2.57898592949	0.394912242889
2	27	0.486013131216	-0.225854723072	0.169890886893	-0.959232365288	-1.35678267479	1.00214529037	-5.44434118271
3	27	0.491453394294	0.737410696454	-0.672676564478	-0.0610876776281	4.24373149872	-3.77969312668	-0.305772781372
4	27	0.486159330234	-0.379494331752	-0.073516003685	-0.922268642734	-2.19078469276	-0.362643331289	-5.24627065659
5	27	0.489443987608	-0.581620055705	-0.634169207256	-0.50945807224	-3.3970348835	-3.63697314262	-2.85220432281
6	27	0.48236216791	0.24903752029	0.259970760182	0.932949900765	1.46408474445	1.52371668816	5.20485496521
7	27	0.469141952693	-0.334487569348	-0.318755532202	0.886855668439	-1.83090615273	-1.75847458839	4.84858036041
8	27	0.475835122168	0.0351432348323	-0.550562596541	-0.834053823405	0.213520735502	-3.04128980637	-4.67338132858
9	27	0.479015797377	0.649032029807	-0.734978651078	-0.196376696029	3.568826437	-4.17893218994	-1.11678147316
10	27	0.487413942814	0.840883806445	0.53424943545	-0.0865561365822	4.81326293945	3.02045416832	-0.565360307693
11	27	0.495467379689	0.496480143432	0.740103497577	0.453601455082	2.85583496094	4.22555589676	2.71179819107
12	27	0.494572810829	-0.350152826677	-0.617162060819	-0.704630391522	-1.94648194313	-3.49172902107	-4.10717391968
13	27	0.491238487884	-0.268775117077	-0.299368563987	0.91549898926	-1.46973097324	-1.64540791512	5.26947546005
14	27	0.476076669991	-0.238859685979	-0.674095897542	-0.698956916649	-1.31034970284	-3.6665391922	-3.95101094246
15	27	0.426699846983	-0.662709148394	-0.742834869785	-0.0949365096585	-3.33737325668	-3.74815988541	-0.472765445709
16	27	0.433540910482	-0.514529752485	-0.787732047838	-0.338729028306	-2.61460638046	-4.03722286224	-1.71551120281
17	27	0.488647609949	-0.119274853585	0.97284368967	-0.198364978691	-0.679337859154	5.54415655136	-1.13340544701
18	27	0.497605897486	0.653477261177	-0.436842136606	0.618171834372	3.73409843445	-2.56417584419	3.6020989418
19	27	0.499535921961	-0.164507407509	-0.245892131726	-0.95523524455	-0.929935276508	-1.48389363289	-5.52887964249
20	27	0.497698068619	-0.75742978712	-0.567717538401	-0.322485525527	-4.49678182602	-3.31978130341	-1.73155975342
21	27	0.491719227284	0.0443576964954	-0.0265828244648	-0.998661978952	0.264056742191	-0.0984980016947	-5.73462820053
22	27	0.468904778361	-0.182346023186	0.983143583176	0.0133649798882	-0.980660796165	5.40031671524	0.140482902527
23	27	0.431375399232	-0.611653713018	-0.671003362502	-0.419087369008	-3.1107544899	-3.38849329948	-2.15155720711
24	27	0.441157370806	-0.0442640080488	-0.998651187041	0.0271386111297	-0.217159107327	-5.19788980484	0.157149791718
25	27	0.467314407229	-0.197431247451	-0.946243957434	-0.256209436888	-1.05201745033	-5.1715965271	-1.45615196228
26	27	0.461119331419	-0.67683702364	0.462219021768	0.572926888307	-3.66527605057	2.45003223419	3.12195301056
27	27	0.471663445234	0.0398193769084	0.999056543753	0.0173331938147	0.301484704018	5.50364923477	0.137009143829
28	27	0.484503254294	-0.821448828073	0.478311308903	-0.310548087473	-4.73540353775	2.63466787338	-1.80764317513
29	27	0.49648732692	-0.217733961185	0.399491208533	-0.89050474252	-1.26774775982	2.27382326126	-5.18353891373
0	28	0.495694614947	-0.0926638207318	0.653029969878	-0.751641719683	-0.44053414464	3.73457145691	-4.37142086029
1	28	0.49674525857	-0.827507146612	-0.397961203955	-0.396054039813	-4.82566308975	-2.35455679893	-2.19802474976
2	28	0.495417274535	-0.424400211098	0.416280610262	-0.804111257439	-2.40933847427	2.44261837006	-4.69052600861
3	28	0.49889793992	-0.894641325949	0.172938275851	0.411957826301	-5.15800905228	0.905292212963	2.43866181374
4	28	0.495719030499	-0.0203181384625	0.999376105696	-0.028888970427	-0.0421503074467	5.80485630035	-0.148250818253
5	28	0.497094795108	0.86436803275	-0.10275910416	-0.492248382904	5.0262928009	-0.576788544655	-2.84013175964
6	28	0.486484393477	-0.738606101479	-0.423582935294	0.524441153787	-4.16328191757	-2.41105270386	2.99066734314
7	28	0.464648872614	-0.943769985837	-0.262262399231	-0.201287475475	-5.16746330261	-1.40920424461	-1.2048406601
8	28	0.477685332298	-0.179537817343	-0.98359915221	0.0172881437839	-0.995797812939	-5.46992540359	0.119836330414
9	28	0.470245014876	0.231706601834	0.522217654219	0.820731851635	1.30448174477	2.85403966904	4.50600671768
10	28	0.476835310459	-0.638852755239	0.766971036485	0.0601879250154	-3.60023832321	4.25251150131	0.366946935654
11	28	0.489983379841	-0.778013675007	-0.309333524959	-0.546815775046	-4.33923816681	-1.86418139935	-3.20176649094
12	28	0.497975165024	-0.210415828941	0.298064467865	0.93106538542	-1.07374072075	1.72560930252	5.41609764099
13	28	0.497704550624	0.147702429897	0.985219805795	0.0867520977949	0.83793514967	5.71464729309	0.36855840683
14	28	0.493795059621	0.692955177504	-0.182555134691	0.697486017614	3.9525680542	-1.07478773594	4.07902383804
15	28	0.4889337942	0.65071272625	0.288087184861	-0.70255157947	3.69214725494	1.6242095232	-3.99819588661
16	28	0.48059476912	-0.263136000662	-0.895545000834	-0.358829481282	-1.46003031731	-5.04251861572	-1.9459002018
17	28	0.49420119822	-0.801832184679	0.5445277727	0.246078549188	-4.66443586349	3.12243556976	1.43092751503
18	28	0.498108103871	0.683648028538	0.592450333823	-0.426178337118	3.99468517303	3.43916034698	-2.52518630028
19	28	0.499480113387	0.123491530029	0.984931679304	0.121076129416	0.680410683155	5.72129201889	0.770954370499
20	28	0.499442532659	-0.805238706559	-0.555101032235	-0.208454957895	-4.68769168854	-3.27939605713	-1.1950404644
21	28	0.498776122928	0.790738719603	-0.171714160544	0.587576824245	4.54771375656	-0.852028846741	3.45506167412
22	28	0.491312354803	-0.771024142768	-0.447218079799	-0.453340667015	-4.4280090332	-2.51876974106	-2.53857398033
23	28	0.464297498576	-0.273716588135	-0.0500375449844	-0.960507924731	-1.3943362236	-0.250887870789	-5.29965162277
24	28	0.477348640561	-0.69653638072	0.233700494931	-0.67839601193	-3.91585302353	1.32256436348	-3.75906968117
25	28	0.476823855191	-0.376390524268	0.195217577307	0.905660129823	-2.02469491959	1.09356784821	5.06281900406
26	28	0.42325489223	-0.815630240841	0.309934334849	-0.488557077839	-4.09653949738	1.54824972153	-2.42536520958
27	28	0.453269734979	-0.89970837849	-0.0863372547336	0.427867633878	-4.77642297745	-0.486409246922	2.2473218441
28	28	0.475885599852	-0.0941314541097	0.979177472406	-0.17986313374	-0.440715134144	5.46876096725	-1.01017165184
29	28	0.491260483861	-0.403193296695	-0.812565247541	0.42091909435	-2.20839953423	-4.62765550613	2.42767214775
0	29	0.462328031659	-0.599586707763	0.38702862987	0.700503118862	-3.2478427887	2.07939600945	3.81165409088
1	29	0.490491092205	-0.209797816961	-0.977469654913	0.0231937431783	-1.16036593914	-5.60727834702	0.124960899353
2	29	0.499208003283	0.864983365803	0.103690053285	0.490970620031	4.98359870911	0.54094183445	2.94117617607
3	29	0.499773785472	0.735128694268	0.36253489322	-0.57284749634	4.27437734604	2.025359869	-3.31321191788
4	29	0.498595140874	-0.687834738826	0.461040067731	0.560647329442	-4.04636955261	2.54474258423	3.29977917671
5	29	0.498684540391	0.942320956674	-0.235089850696	-0.238251918591	5.49494695663	-1.35180139542	-1.34444022179
6	29	0.495936609805	-0.426419785675	0.501801032738	-0.75257018937	-2.35828948021	2.90104961395	-4.35439920425
7	29	0.490325734019	-0.739861280775	0.302495028133	0.600917667543	-4.25688076019	1.69996666908	3.45201134682
8	29	0.488778457046	0.854481920066	0.438809665782	0.278040870192	4.87317657471	2.46713519096	1.59934854507
9	29	0.468718498945	0.177841722016	0.880406798491	0.439609134439	0.890653729439	4.89248561859	2.40962839127
10	29	0.48076203838	0.334833423569	0.537124653288	-0.774198737594	1.9233123064	2.90112781525	-4.38598489761
11	29	0.489081546664	-0.999397275549	0.0346176065457	-0.00258977653535	-5.74553012848	0.1810182482	0.115076065063
12	29	0.495332792401	-0.931771046255	-0.357228081137	0.0647365075419	-5.42761611938	-2.08964109421	0.291133165359
13	29	0.496476948261	-0.175571289184	-0.713088491818	-0.678733766105	-1.01628041267	-4.10323429108	-3.97992944717
14	29	0.497253753245	0.54529998109	-0.474263295889	0.691174548718	3.13230443001	-2.7907102108	4.04170322418
15	29	0.497428253293	-0.550009113974	0.806007127063	0.218729251974	-3.24054288864	4.58149671555	1.29096221924
16	29	0.498733013868	0.349973537778	0.847116175486	-0.399890870219	2.09845781326	4.82035112381	-2.40397977829
17	29	0.499339967966	-0.496036854803	0.0309632529217	0.867749223939	-2.85549449921	0.162234678864	5.02124977112
18	29	0.499367136508	0.522658268378	-0.289878374036	-0.801747380889	3.00431084633	-1.70026993752	-4.70988273621
19	29	0.499769210815	0.766279331435	-0.179495667309	0.61692567756	4.3199596405	-1.0734552145	3.67547130585
20	29	0.49977876991	-0.583737491968	-0.0162730497539	-0.811779359384	-3.46184301376	0.0227402076125	-4.65723991394
21	29	0.4990439713	0.702018330125	-0.710197330195	-0.0528206053824	4.08525848389	-4.15493392944	-0.274587869644
22	29	0.495946615934	0.934166385097	-0.355883491074	-0.0260788369485	5.4594707489	-1.96562051773	-0.107129812241
23	29	0.496428653598	-0.893048624702	-0.107641114333	0.43689534722	-5.10501861572	-0.504500687122	2.53226280212
24	29	0.492963008583	0.556277174832	-0.198157936792	-0.807024867552	3.3232254982	-1.11920523643	-4.49796485901
25	29	0.476644217968	-0.818710578894	0.0749152252066	-0.569298425291	-4.55892038345	0.477807164192	-3.19036388397
26	29	0.436426728964	-0.927586803347	0.0973219891898	-0.360709235642	-4.78449821472	0.466200351715	-1.86968684196
27	29	0.458853319287	-0.250932089158	-0.888804740457	-0.383483011321	-1.36108386517	-4.78514719009	-2.0230178833
28	29	0.452913835645	-0.163213454989	0.934264161916	-0.317036029292	-0.87041079998	4.97824716568	-1.71232509613
29	29	0.439038641751	-0.636692926583	0.48905477951	0.596194213221	-3.27199220657	2.56404232979	3.09472227097
