0	0	0.470042467117	-0.197194826281	0.849509523005	0.489334007414	-1.0538816452	4.7098274231	2.69880008698
1	0	0.498997353017	-0.805888920292	-0.234729178113	-0.543548766067	-4.68587970734	-1.37895464897	-3.05302238464
2	0	0.499944403768	0.552932018074	0.749031351999	-0.364990708253	3.30248594284	4.24710321426	-2.12216925621
3	0	0.499801144004	-0.607192624176	-0.41646966656	0.676661018518	-3.42405176163	-2.46692705154	3.9040184021
4	0	0.495626553893	-0.50531225951	0.821442527122	-0.264370374711	-2.74107980728	4.80930328369	-1.58511137962
5	0	0.462581992149	-0.368035096612	0.0811724775044	0.926261948132	-2.0354385376	0.441173046827	5.0424618721
6	0	0.415385130793	-0.174522167326	0.666600202522	0.724697304472	-0.82411968708	3.25756597519	3.58478879929
7	0	0.425787441432	0.188539745943	0.58782292662	0.786712762792	0.949964165688	2.94064545631	3.97064065933
8	0	0.46912433207	-0.492351070137	0.555540460821	0.670048669968	-2.77698731422	3.09033250809	3.68402862549
9	0	0.49797616899	0.971286519409	-0.0251681819087	0.236577809258	5.66322898865	-0.198174268007	1.29880452156
10	0	0.499607935548	0.489033951046	0.72918706139	0.478677369661	2.70280051231	4.33504390717	2.7382478714
11	0	0.499589473009	0.168593114974	-0.95050544361	0.260989967721	0.960547208786	-5.58573579788	1.48801851273
12	0	0.49942805618	-0.488114662757	0.0201802533131	-0.872546178364	-2.77955579758	0.0943555831909	-5.05077648163
13	0	0.493812467903	0.346355273005	0.182298295046	0.920220276067	2.03090333939	1.05874335766	5.27534484863
14	0	0.485329657793	0.296260850783	0.810737995181	0.504909310137	1.62325167656	4.6868185997	2.77602529526
15	0	0.492752090096	0.873671910734	-0.418572182471	0.247981290536	4.99846506119	-2.48139691353	1.39900493622
16	0	0.497778501362	0.476462037313	-0.225308209573	0.849835359172	2.72500324249	-1.1357074976	4.98380851746
17	0	0.499568127096	-0.298988123962	-0.437786903742	-0.847908443549	-1.79046070576	-2.50942850113	-4.901948452
18	0	0.498969808221	0.356097143093	0.882706053049	-0.306634715243	2.23496127129	5.08101558685	-1.67384505272
19	0	0.499480359256	-0.688752433934	0.447379934913	0.570500901478	-4.04408359528	2.49677944183	3.27748060226
20	0	0.499387625605	0.511460489128	0.104154710848	0.852971256415	3.19318056107	0.485870093107	4.91796159744
21	0	0.499519765377	-0.0628424145141	0.901692936446	0.427785786698	-0.383179664612	5.32823467255	2.37487649918
22	0	0.499910235405	-0.996358918456	0.0467109068321	0.071323185541	-5.7923617363	0.360495746136	0.274141788483
23	0	0.499970264733	0.314657705574	-0.681317811598	0.660905869184	1.94560885429	-3.98143100739	3.82698631287
24	0	0.4999772273	0.239120397611	-0.612082420774	0.753774864018	1.34322082996	-3.4629240036	4.59776735306
25	0	0.499951779842	-0.0583963165896	-0.934346925759	-0.351547567952	-0.459856152534	-5.37614917755	-2.17285251617
26	0	0.499780446291	0.792519027591	-0.33329172033	0.510715400263	4.67360925674	-1.74546611309	2.96132707596
27	0	0.499113403261	-0.737434859394	-0.307317092172	-0.601453267519	-4.19691085815	-1.76213693619	-3.53750038147
28	0	0.485377341509	0.814642023787	0.560491950603	0.149020624039	4.65927696228	3.0817360878	0.906456232071
29	0	0.453246176243	-0.0903269815709	0.993228437373	-0.0730637228303	-0.50664806366	5.27885532379	-0.413558721542
0	1	0.451300719753	0.344608372906	-0.239952699361	0.907561442213	1.79595446587	-1.22650194168	4.85248041153
1	1	0.486465930939	0.905656518811	-0.391244000943	0.16344540881	5.12297534943	-2.2533686161	0.859332084656
2	1	0.499094188213	-0.127222450424	0.980774072027	0.147975226805	-0.761827230453	5.69165372849	0.922456026077
3	1	0.498579472303	-0.494094310624	0.252248984255	-0.832010373824	-2.78531289101	1.43198764324	-4.93643569946
4	1	0.496540859342	-0.577851938361	-0.694976323262	-0.427896070836	-3.27717351913	-4.11355113983	-2.3907892704
5	1	0.469312688336	0.129744331682	-0.361984743234	0.923110748536	0.713297665119	-1.98705482483	5.08302497864
6	1	0.429004020989	0.230370999206	-0.312689705042	0.92149571409	1.2069811821	-1.54464232922	4.67646980286
7	1	0.441704817116	0.808852831411	-0.236934165678	0.538162891933	4.21520042419	-1.21427941322	2.8222515583
8	1	0.48666973412	-0.753124032509	0.518609339028	0.404782095862	-4.29556179047	2.94457316399	2.30357813835
9	1	0.49947977066	0.756999769447	-0.65118284694	-0.0539652564831	4.43825769424	-3.78490066528	-0.309205055237
10	1	0.499103665352	-0.416533644724	-0.842532772935	0.341523424297	-2.52560973167	-4.90369987488	1.97228956223
11	1	0.498063616455	-0.174074698344	-0.586316746102	0.791157805142	-0.969126343727	-3.43003535271	4.63374662399
12	1	0.494338184595	-0.859871050476	0.448929134068	0.243072847389	-4.91480588913	2.6766295433	1.3926718235
13	1	0.458038322628	-0.747394066987	-0.457000650914	-0.482236989141	-3.97851848602	-2.47614407539	-2.6166639328
14	1	0.432555019855	-0.983652519751	-0.175966265629	-0.0382569437814	-5.00254535675	-0.905590653419	-0.21847486496
15	1	0.486051037908	-0.603843856571	0.767546697809	0.215045724356	-3.3918056488	4.30510282516	1.19109225273
16	1	0.498100712895	0.361780940669	-0.931930533818	-0.0249004238203	2.20372819901	-5.39641904831	-0.230706930161
17	1	0.498956277966	-0.269408029828	-0.90023180003	-0.342055579809	-1.48880624771	-5.34487628937	-1.93785500526
18	1	0.499633997679	-0.982246551676	0.0141090467254	-0.187063215308	-5.72618341446	0.200103923678	-1.03404855728
19	1	0.499685302377	0.593126168553	-0.645160211675	-0.481632276171	3.45016813278	-3.71721982956	-2.72676730156
20	1	0.499299250543	-0.0957032917746	0.495394037558	0.863380349264	-0.775691449642	2.91969513893	4.94204473495
21	1	0.499277636409	0.909485813309	-0.414670814662	0.0297266018525	5.28723192215	-2.41438293457	0.0787348747253
22	1	0.499928914011	-0.205300349472	-0.645653886642	0.735515346659	-1.11632084846	-3.76483368874	4.32346010208
23	1	0.499971695244	-0.437820095048	-0.611123244401	-0.659425465481	-2.64466047287	-3.36077976227	-3.97066116333
24	1	0.499978661537	0.445750132227	-0.764027339166	-0.466442970391	2.57804274559	-4.40981483459	-2.75313973427
25	1	0.499946810305	-0.37608921612	0.518082929888	0.768210244189	-2.10786771774	3.10840368271	4.40283489227
26	1	0.499280028045	0.118947755663	-0.667996588388	0.73459648061	0.703856110573	-4.00417804718	4.16721439362
27	1	0.491860739887	-0.388315536332	0.591159381191	0.706924062593	-2.18759059906	3.45533561707	4.02630567551
28	1	0.454170286655	-0.916093723854	0.318813807912	-0.243166702077	-4.87459611893	1.66801643372	-1.35515427589
29	1	0.413905307651	-0.474038442485	0.838438661181	-0.268901778508	-2.2847366333	4.12179088593	-1.26908779144
0	2	0.468109382316	0.363120503276	0.201126495335	0.909775594845	1.98194622993	1.15861821175	4.97878265381
1	2	0.48270481918	0.108346183856	0.256260925826	0.960516237415	0.554087817669	1.5727148056	5.41920423508
2	2	0.497722253203	-0.612958614507	-0.752321345405	0.241442188008	-3.48010826111	-4.38357448578	1.29213547707
3	2	0.499110966921	-0.379769737262	0.924816376632	-0.0221272721404	-2.21879410744	5.39651966095	-0.0878322124481
4	2	0.498976051807	0.169378497714	0.872955381394	-0.457449261239	0.968107938766	5.15337562561	-2.6178021431
5	2	0.498780094087	0.579457325983	0.574311447156	-0.578269460572	3.3361325264	3.30971002579	-3.43216347694
6	2	0.487125918269	-0.665323401364	-0.744977631332	-0.0485087663483	-3.78890776634	-4.24280023575	-0.284265756607
7	2	0.48817537725	0.541468750062	-0.745198902412	0.38921740525	3.07938718796	-4.19204330444	2.24729204178
8	2	0.497753292322	-0.68594772544	0.632573218795	-0.35962041214	-4.01595592499	3.63965559006	-2.04701519012
9	2	0.499725105241	0.197910244237	0.0170480547743	-0.980071884636	1.22997546196	0.130029797554	-5.70919322968
10	2	0.499681651592	-0.379046044553	-0.720562291406	-0.580615260144	-2.24339365959	-4.19030952454	-3.39591932297
11	2	0.49961180985	0.350779602832	0.911963748359	-0.21278108919	1.98154997826	5.27444934845	-1.31880998611
12	2	0.497690930963	0.827160187117	-0.302251273491	0.47376174658	4.71196842194	-1.84829592705	2.78960227966
13	2	0.453572958708	-0.345186435365	0.671611645345	-0.65557922685	-1.84961807728	3.55550551414	-3.44991827011
14	2	0.39882838726	-0.471260442644	0.774781768052	-0.421457954124	-2.23669576645	3.63113832474	-2.00403261185
15	2	0.470355659723	0.868197031793	0.402788003116	-0.2898201831	4.76073932648	2.1608581543	-1.60803484917
16	2	0.497331231833	-0.670480258932	-0.564858980477	0.481030721012	-3.92578482628	-3.22653532028	2.81635856628
17	2	0.499394133687	-0.634396541675	0.707282124605	-0.311918297195	-3.5865650177	4.16196632385	-1.83031511307
18	2	0.499593690038	-0.371122907429	-0.848321825184	0.377647810134	-1.99684858322	-4.97713184357	2.27590990067
19	2	0.497796293348	0.180816241816	0.355767936987	-0.916915842216	0.971973776817	2.25159907341	-5.28769397736
20	2	0.498494654894	0.940203241881	-0.0628704643385	-0.334761360778	5.47649145126	-0.428798556328	-1.87362551689
21	2	0.497387360781	0.0398459202783	-0.622606667711	-0.781519826977	0.178941816092	-3.66678237915	-4.53054475784
22	2	0.499800264835	-0.554826170667	0.757585277007	0.343849485103	-3.13537073135	4.47768783569	1.85974144936
23	2	0.499976016581	0.468311954354	-0.572396092942	0.673087383773	2.76088309288	-3.29708361626	3.86000871658
24	2	0.499963715672	0.261755850326	0.949623363315	0.172334972264	1.53904604912	5.54101371765	0.951901435852
25	2	0.499793812633	-0.931703913559	0.296653138427	-0.209582281983	-5.48831605911	1.65586900711	-1.2348742485
26	2	0.499127492309	-0.22637822307	0.786715232072	-0.574310058893	-1.24227309227	4.53683233261	-3.39250445366
27	2	0.492980390787	0.803080165712	-0.380156408556	0.458850032662	4.56824636459	-2.24074411392	2.54651021957
28	2	0.465350814164	-0.686074441335	-0.111183727843	0.718985423781	-3.77189874649	-0.617823183537	3.88100028038
29	2	0.442991316319	-0.257874224647	0.751034106515	-0.607822881368	-1.35865998268	3.91559529305	-3.15866422653
0	3	0.497251845896	0.171740043198	-0.708869204257	-0.684112424107	0.957221269608	-4.04816818237	-4.0008854866
1	3	0.496319249272	0.613406124173	-0.788134443144	0.0507644201913	3.51892757416	-4.62170314789	0.358955860138
2	3	0.498419314623	0.99322288123	-0.0229212305516	-0.113942640791	5.78985834122	-0.0318415276706	-0.676362514496
3	3	0.499499633908	0.844387160552	-0.179547998077	0.504750274375	4.92051458359	-1.1039839983	2.96370053291
4	3	0.499378949404	0.886932761368	-0.418970478314	-0.194458260596	5.09911155701	-2.6186132431	-1.18333292007
5	3	0.499784849584	0.709073576564	0.268340584768	0.652079744805	4.05492401123	1.51830005646	3.85492062569
6	3	0.498478636146	-0.993950962774	0.0992958346789	-0.0469235635539	-5.75507211685	0.558708667755	-0.263437509537
7	3	0.499488502741	-0.0798793418693	0.540026257967	-0.837848990838	-0.508286297321	3.12308335304	-4.90799331665
8	3	0.499910444021	0.979489480184	0.201374673603	0.00697130120593	5.68026685715	1.02767419815	0.145537614822
9	3	0.499897159636	-0.644844716861	0.416890512433	0.640607205533	-3.75337314606	2.3778014183	3.72476863861
10	3	0.499359056354	0.153561542802	-0.485998310023	0.86036300201	1.01867520809	-2.93753743172	4.96211624146
11	3	0.498953431845	0.0264338473917	0.636776497598	0.770595188032	0.0957853794098	3.73343038559	4.45819664001
12	3	0.495219692588	0.88507145116	-0.0470032043374	-0.463075830857	5.04681777954	-0.29428511858	-2.82828903198
13	3	0.484750144184	-0.427237725565	-0.0459198411298	0.902972476903	-2.37300610542	-0.249389111996	5.05345678329
14	3	0.445178568363	-0.725765256064	0.654667619433	-0.211364853172	-3.77780246735	3.42496681213	-1.16553783417
15	3	0.481205582619	-0.221420053695	0.899174257486	0.37743716629	-1.21212792397	5.02326345444	2.09660339355
16	3	0.496549829841	-0.0441788336836	-0.889720007734	0.454363883349	-0.202607929707	-5.19359302521	2.58989429474
17	3	0.499887034297	0.680991997174	0.729038973466	0.0689352954079	3.98564600945	4.22632455826	0.355159044266
18	3	0.499300926924	-0.676385058079	-0.646457383135	0.352981734652	-3.99593067169	-3.67407631874	2.05976247787
19	3	0.493723332882	-0.0454969009355	-0.576187666881	-0.816050123791	-0.123355671763	-3.35640621185	-4.70675754547
20	3	0.491860717535	-0.761382816249	0.637590994595	-0.117362390618	-4.33508014679	3.68354034424	-0.509508371353
21	3	0.493512887508	-0.600956078806	-0.162427192478	-0.782604113515	-3.41522789001	-0.898210048676	-4.61978721619
22	3	0.499455749989	-0.433240143658	-0.775404465222	0.459402757107	-2.43435382843	-4.51780700684	2.73591184616
23	3	0.499848887324	-0.79725356782	-0.399664854233	-0.452387834595	-4.55366516113	-2.27682542801	-2.81460523605
24	3	0.499978944659	-0.31447225381	0.691228979722	0.650622547393	-1.84664726257	4.02953577042	3.77895522118
25	3	0.499826416373	0.0166440557062	-0.932193164927	-0.361578316098	0.191584050655	-5.39319086075	-2.05959057808
26	3	0.498406782746	-0.739585391852	0.582233732493	0.337664521243	-4.28478050232	3.38798975945	2.00242066383
27	3	0.485103115439	-0.52840379072	0.799522357537	-0.285575618271	-3.01025104523	4.51485347748	-1.66012096405
28	3	0.466746307909	-0.0217244705145	0.752510078236	0.658222325308	-0.0637575313449	4.09085083008	3.66043877602
29	3	0.480941295624	-0.295692259944	0.931236780772	-0.212988604265	-1.66450846195	5.23972988129	-1.14964866638
0	4	0.496079982258	-0.137760854196	0.0161505549795	0.990333835949	-0.817551612854	0.128477439284	5.66004371643
1	4	0.49822857976	-0.213773541411	0.423046843611	-0.88052952313	-1.18735039234	2.43058443069	-5.10068845749
2	4	0.494414232671	-0.624044179889	0.427957361821	-0.653774699732	-3.65972948074	2.40671157837	-3.80433607101
3	4	0.497343599796	-0.9034136135	0.144544221946	0.403671662177	-5.22644901276	0.80438375473	2.40043592453
4	4	0.499155327678	0.00282373100857	0.943272642732	-0.332007150552	0.0156615804881	5.47966146469	-1.91793680191
5	4	0.499757878482	-0.481191840268	0.0674442139307	-0.874016985457	-2.87143373489	0.333255559206	-5.05896139145
6	4	0.499965980649	0.994003375063	0.0332111561428	0.104184017348	5.77366495132	0.106856182218	0.654110431671
7	4	0.499882906675	0.00723758855834	0.940535400912	-0.339618575673	0.0405214130878	5.51528596878	-1.9058508873
8	4	0.499871667475	-0.410538106285	-0.00639096627319	-0.911821045402	-2.43327355385	-0.143934905529	-5.35918807983
9	4	0.499783106148	-0.531302480637	0.406011194986	-0.743554021988	-3.03024482727	2.31781244278	-4.40159320831
10	4	0.499234244227	-0.458113516099	0.462536459853	0.759073138554	-2.62313866615	2.78975820541	4.44767284393
11	4	0.498922348022	-0.536924940575	-0.839705316251	0.0812809328776	-3.12388586998	-4.87636947632	0.417617797852
12	4	0.495804086328	0.983312550071	-0.0769723062109	-0.164838384334	5.7193145752	-0.370349705219	-0.95311665535
13	4	0.491840600967	0.287687834231	-0.683370351155	-0.670999756481	1.624314785	-3.82278347015	-3.96662139893
14	4	0.493185866624	0.0250306283643	-0.521597577654	0.852824386746	0.186499685049	-2.94957065582	4.91026639938
15	4	0.495341822505	-0.205782294672	-0.938921099705	-0.275827510825	-1.21375668049	-5.43807983398	-1.63730716705
16	4	0.4974937886	-0.5424340081	-0.838270330246	-0.0553913376345	-3.26433467865	-4.80655813217	-0.40115571022
17	4	0.499659225345	0.769325176475	0.635781660139	0.0626135246712	4.45543479919	3.74439764023	0.422850131989
18	4	0.49721083045	0.998883624251	-0.0278824088573	-0.0381323547607	5.76423168182	-0.103806614876	-0.279213190079
19	4	0.473493129015	-0.950228458901	-0.306175770625	0.0576391653052	-5.26244068146	-1.63745379448	0.393703699112
20	4	0.466158580035	0.0772455856183	-0.530395939653	-0.844223469646	0.493198275566	-2.88711571693	-4.57275152206
21	4	0.486715301871	-0.955018793677	0.0189318204777	0.295940348545	-5.36527967453	0.12769138813	1.77532291412
22	4	0.498630926013	0.961585696472	0.239234645668	-0.13460955632	5.47465181351	1.40157938004	-0.903421878815
23	4	0.499838080257	-0.468815453125	0.209095851965	0.858190535722	-2.74456906319	1.23182320595	5.00682401657
24	4	0.499949246645	0.841306113084	0.0725637589628	0.535666430694	4.92656230927	0.3907969594	3.06881856918
25	4	0.499678224325	0.745172364636	-0.00856200207311	-0.666816945723	4.3472738266	0.0597283840179	-3.9439535141
26	4	0.495762959123	0.521225248515	-0.624525874854	0.581628465559	3.01068973541	-3.61636805534	3.33974695206
27	4	0.460448523983	0.0740320920509	-0.261788735009	-0.962281615521	0.368505477905	-1.41256356239	-5.19979810715
28	4	0.446808593348	-0.364160646439	0.144243343519	-0.920098299876	-1.88657402992	0.773639678955	-4.81878757477
29	4	0.472622290254	0.149952638214	-0.934455834276	-0.322965168525	0.844792246819	-5.11593866348	-1.82190775871
0	5	0.488416731358	0.869816481158	0.443397357083	-0.216374843357	4.92558670044	2.55893039703	-1.3148560524
1	5	0.497328785248	-0.182697146416	0.0195559507575	0.982974728811	-1.07402038574	-0.000362886872608	5.64346456528
2	5	0.482558354735	0.161246335829	0.932832696731	0.322215423423	0.971682667732	5.24422502518	1.82553935051
3	5	0.49189093709	-0.557542544114	-0.772835724296	-0.303102713208	-3.12267971039	-4.43415260315	-1.81123399734
4	5	0.498109713197	0.550633586396	-0.378807741953	0.743846320263	3.21596646309	-2.17167878151	4.25845241547
5	5	0.499805927277	-0.62544291284	-0.452759680369	-0.635476069266	-3.71494150162	-2.58100032806	-3.6339609623
6	5	0.499984502792	0.840768164413	0.00310189612949	0.541386434952	4.91174411774	0.0990125834942	3.10185337067
7	5	0.499952211976	-0.386418412891	-0.71898945579	0.57769799432	-2.29069757462	-4.18080997467	3.32966542244
8	5	0.499881640077	-0.92332368607	-0.236354904968	-0.302670992399	-5.38630628586	-1.31087183952	-1.86962676048
9	5	0.499780736864	0.739017834591	-0.328494021541	0.588170313743	4.31144571304	-1.95551025867	3.29969286919
10	5	0.499594286084	-0.435218806941	0.464393352313	0.771312779884	-2.494607687	2.74296712875	4.5038433075
11	5	0.499007597566	-0.178139830474	-0.7551054271	-0.630937393695	-0.89857506752	-4.31524467468	-3.78856992722
12	5	0.498300811276	-0.107689177456	0.381111814054	0.918235713881	-0.691483914852	2.25550889969	5.30018854141
13	5	0.49827952683	-0.15746359182	-0.892415799486	0.422846612945	-0.88242661953	-5.23310136795	2.33910012245
14	5	0.499312892556	-0.36272536419	0.913727313928	0.183119376242	-2.05033802986	5.28392410278	1.04350852966
15	5	0.499562785029	0.752985347145	-0.323643902421	-0.572946499606	4.40608072281	-1.8074901104	-3.35919117928
16	5	0.49972910434	0.647800800206	-0.194935979809	0.736446934292	3.69091653824	-1.02171421051	4.31379795074
17	5	0.49717155844	-0.622652947098	-0.387642497564	-0.67973274274	-3.6379108429	-2.17785167694	-3.87633705139
18	5	0.4764149189	-0.309625022072	-0.834368994862	0.456027111167	-1.78532457352	-4.64177370071	2.58922457695
19	5	0.433659210801	-0.266160388576	-0.960377196287	-0.0826697550754	-1.32440161705	-4.91817378998	-0.458203792572
20	5	0.403128094971	0.729405787401	-0.549948696779	-0.406845951457	3.47040128708	-2.65343093872	-1.93184256554
21	5	0.462892509997	-0.0483653426388	-0.332223296446	-0.94195991153	-0.2056504637	-1.75865030289	-5.10739946365
22	5	0.496788322926	-0.523795070302	-0.582503844277	0.621552890533	-3.01361942291	-3.38612413406	3.59155797958
23	5	0.499183043838	-0.97916180878	-0.0632966850409	0.192965494037	-5.75931787491	-0.336023420095	1.07845568657
24	5	0.499269872904	-0.742044176897	-0.495357131978	-0.451654460104	-4.33290863037	-2.95779800415	-2.65027141571
25	5	0.499678645283	-0.423096048452	0.0671765935421	-0.903591190232	-2.46990776062	0.425486594439	-5.24171113968
26	5	0.494478350505	-0.331434318566	0.073426010834	0.940616772873	-1.92923688889	0.414009422064	5.40968942642
27	5	0.467943534255	0.857402088453	-0.458209724816	-0.234319241209	4.68118953705	-2.49978160858	-1.253002882
28	5	0.423055827618	0.914866611676	0.192624741753	-0.354844743099	4.55926847458	0.908200860023	-1.79131436348
29	5	0.438650295138	0.820417213497	-0.447867111424	0.355430227052	4.24141073227	-2.30166578293	1.8440053463
0	6	0.494221504778	0.233177381102	-0.342102559666	-0.910271469185	1.36363339424	-2.04802799225	-5.27220726013
1	6	0.489111117553	-0.0666192398889	0.00851679669895	-0.997742121518	-0.39754062891	0.0372518524528	-5.68927526474
2	6	0.434418857098	0.09752554543	0.929605616557	-0.355418296736	0.497518837452	4.7760515213	-1.82503581047
3	6	0.465548843145	-0.769531425229	0.578864166444	0.269699207254	-4.17994070053	3.19049072266	1.47443199158
4	6	0.484415017068	-0.362829433251	0.706659207985	0.60744346744	-2.17069292068	3.99875164032	3.42259836197
5	6	0.498390898108	0.853511604995	0.148748808805	-0.499391361578	4.98731422424	0.874859511852	-2.78425526619
6	6	0.499931529164	-0.997889319525	0.0467879017298	0.0450310806985	-5.71766662598	0.225583791733	0.276904582977
7	6	0.499802052975	0.854960559631	-0.458728503087	0.242096265835	5.0627374649	-2.60270142555	1.28265452385
8	6	0.499482881278	-0.505038367237	0.0947205548325	0.857883595898	-2.91383743286	0.532199800014	5.03427600861
9	6	0.49723123014	0.119174414677	0.677295207517	0.72599494541	0.69389295578	4.02082872391	4.17793369293
10	6	0.499161355197	-0.717815004288	0.155669478585	-0.67860786398	-4.12025785446	0.861871540546	-3.99408102036
11	6	0.498758137226	-0.677353321423	-0.734624128504	0.0389854816159	-3.90730118752	-4.35737419128	0.31544137001
12	6	0.498442336917	0.228753705586	0.884974800176	0.405575326216	1.3978073597	5.23363399506	2.1859433651
13	6	0.498845219612	-0.123262237746	0.577483423614	0.807043565241	-0.616729140282	3.38724660873	4.71357250214
14	6	0.499632101506	-0.546857178403	-0.301391012045	-0.781095822731	-3.15424275398	-1.80822992325	-4.53321552277
15	6	0.499676823616	-0.456747724487	-0.826418327897	-0.329263213086	-2.70865440369	-4.90386867523	-1.70004034042
16	6	0.499201299623	-0.0544289853749	0.397239493084	-0.91609948733	-0.429486662149	2.41773414612	-5.26639175415
17	6	0.497883632779	0.865057267733	0.142056274482	-0.481140248185	5.02765512466	0.916215062141	-2.75653553009
18	6	0.491343550384	0.418122968283	-0.436456490412	0.796667380637	2.33952689171	-2.54105353355	4.5891251564
19	6	0.476700294763	0.3180633449	-0.123769872589	-0.939955704951	1.75318789482	-0.605731070042	-5.2337474823
20	6	0.45209081471	0.8307815109	-0.506506273731	0.230767146313	4.39831638336	-2.68762302399	1.22179317474
21	6	0.446874275804	0.723444184556	0.489310680692	-0.487035491101	3.81358861923	2.57299494743	-2.57434201241
22	6	0.46729940176	0.200196913056	0.909263638894	0.364912086657	1.06537604332	5.00867462158	1.9892013073
23	6	0.48560243845	0.896719983343	0.436382941815	-0.07391345998	5.10118818283	2.36691379547	-0.405623674393
24	6	0.495840206742	-0.846352142972	-0.138670078076	-0.51425544191	-4.89255094528	-0.817009687424	-2.92694425583
25	6	0.499063529074	0.741399760058	-0.0147187518249	0.670902194162	4.24208545685	-0.19841170311	3.87179040909
26	6	0.498923927546	-0.263403905296	0.926375154041	0.269160652121	-1.52685594559	5.48293876648	1.4468767643
27	6	0.497561022639	-0.663689056592	0.559237663649	-0.496759571339	-3.87874817848	3.20551872253	-2.94586396217
28	6	0.463153339922	0.573572547959	-0.0963003083623	0.813474512715	3.09867310524	-0.549209713936	4.41034507751
29	6	0.459227249026	0.135920628766	0.547313242188	0.825817048505	0.710092544556	2.97793388367	4.42881011963
0	7	0.4981707111	-0.39120859275	-0.412959404893	-0.822447789753	-2.26137781143	-2.30986857414	-4.79160928726
1	7	0.485008258373	0.434848400763	0.443505665927	0.78371524972	2.44193077087	2.46525001526	4.41841840744
2	7	0.417552199215	-0.427277971439	0.528694867207	-0.733427073752	-2.08327007294	2.60932540894	-3.612231493
3	7	0.463020924479	0.162623594534	-0.0214053035491	-0.986455969357	0.849925041199	-0.126699090004	-5.33624887466
4	7	0.490828089416	0.410119470566	0.707195588076	0.5759135526	2.34956979752	4.05193138123	3.26786637306
5	7	0.498320147395	0.231243284166	-0.574867714275	-0.784890855223	1.20686650276	-3.49876832962	-4.47013425827
6	7	0.4997767061	0.345273117898	0.639456077579	-0.686936968654	2.03623461723	3.74004268646	-3.94201636314
7	7	0.499456748366	0.9115155554	-0.364133824833	0.191169950244	5.28349590302	-2.21987342834	1.23909544945
8	7	0.498466961086	-0.618349772573	0.329674861585	-0.713412955025	-3.50241851807	1.87370371819	-4.11990594864
9	7	0.484854370356	0.65687606187	-0.214182878626	0.722938125876	3.70978069305	-1.26691937447	4.09754371643
10	7	0.491879627109	0.92239270698	-0.0657427151138	-0.380617379425	5.28149700165	-0.339009284973	-2.12158799171
11	7	0.495896622539	-0.912102742435	-0.397790042608	-0.0991547741929	-5.33266496658	-2.24792003632	-0.645696640015
12	7	0.49946917221	0.173234723794	-0.442152607293	0.880051590724	1.0751978159	-2.61999583244	5.04721593857
13	7	0.499394640326	-0.916788987177	0.327814348613	0.228113361805	-5.39562082291	1.8317373991	1.25446224213
14	7	0.499844580889	0.925934085003	0.293376798915	-0.237857360805	5.38912153244	1.70427536964	-1.23785829544
15	7	0.499597694725	0.0793654663518	0.444011954549	-0.892499023511	0.438073515892	2.68827342987	-5.13893699646
16	7	0.499469935894	0.517878687848	-0.757784562585	-0.396943599748	3.00508332253	-4.45769357681	-2.22424650192
17	7	0.49836884439	0.0937202328961	-0.894091789893	0.437968479679	0.505676627159	-5.21259355545	2.55593848228
18	7	0.496944352984	0.0639077820192	0.773063338988	0.631101314616	0.360528677702	4.56764364243	3.56242251396
19	7	0.499147772789	-0.604392253534	-0.711214599192	0.359003896587	-3.50600337982	-4.14305973053	2.02985906601
20	7	0.493411585689	-0.453966585914	0.856280433511	0.246369961765	-2.59505701065	4.88850593567	1.39634943008
21	7	0.439915716648	0.978024940163	0.20774083928	-0.0176340612229	5.10650157928	1.03270113468	-0.0872066020966
22	7	0.429145991802	0.888217203423	0.305228683084	-0.343373922374	4.48510217667	1.56859254837	-1.76281917095
23	7	0.449079677463	0.0464154907474	0.993986728465	-0.0991765388287	0.231698036194	5.26555395126	-0.552082538605
24	7	0.463341742754	0.378605643486	0.813331708463	-0.441757058494	2.15376901627	4.42871665955	-2.39265727997
25	7	0.484755992889	0.243756020369	0.858572055433	-0.451039940763	1.37989294529	4.846783638	-2.62551403046
26	7	0.497295098379	-0.306440696531	0.0709703536514	0.949240384946	-1.70436310768	0.205437034369	5.50517654419
27	7	0.497255474329	-0.805884027437	0.543600909877	-0.234625201339	-4.70863723755	3.18291091919	-1.38406300545
28	7	0.483711510897	0.948379692097	-0.204666306766	-0.242255366284	5.33944320679	-1.11950218678	-1.44457864761
29	7	0.484039127827	0.0490024091269	-0.179377591639	0.982559129782	0.305438697338	-0.984384298325	5.54561042786
0	8	0.486081108451	-0.248291978051	-0.580079357915	0.77579574126	-1.30666029453	-3.27108240128	4.49180316925
1	8	0.466496422887	-0.390055187945	0.783142224647	0.484298674717	-2.18404173851	4.2850985527	2.64548754692
2	8	0.436716906726	-0.320663785742	0.807085052106	-0.495770567078	-1.63843607903	4.11752510071	-2.59676980972
3	8	0.475157678127	-0.0503559140766	0.901853806486	0.429096718286	-0.257148087025	4.99806165695	2.41414546967
4	8	0.488844726235	-0.476483485561	-0.369145545583	0.797931735278	-2.7079076767	-2.24354171753	4.51628017426
5	8	0.499539896846	0.11889478931	0.978812187558	-0.166705520494	0.70560759306	5.68482017517	-0.992611408234
6	8	0.499623507261	-0.827745587003	-0.0924712065166	0.553431404206	-4.77676296234	-0.613485395908	3.20788097382
7	8	0.492748811841	0.924832872748	0.323383543629	-0.200267923529	5.25553035736	1.93897008896	-1.30105638504
8	8	0.471006372944	0.302239445331	-0.114447297777	0.94633669152	1.66653478146	-0.653821468353	5.20047283173
9	8	0.418755434453	-0.187403901922	-0.688501068512	0.700604065219	-0.910953640938	-3.41330623627	3.47070527077
10	8	0.437367931008	-0.640271656538	-0.758124869708	0.12368867274	-3.27222681046	-3.91192150116	0.659928321838
11	8	0.481271550059	-0.936313553943	-0.073480063388	0.343391335049	-5.25977516174	-0.4440523386	1.99509453773
12	8	0.498787578195	0.380696737662	0.458830899242	-0.802835101272	2.26578426361	2.54645705223	-4.65635681152
13	8	0.498917654157	-0.479632930228	0.717361933215	-0.505315850745	-2.8283624649	4.22409057617	-2.92220616341
14	8	0.499629735947	-0.294723680053	-0.953260092999	-0.066581885763	-1.73431956768	-5.52543020248	-0.347232818604
15	8	0.498106993735	-0.754837869096	-0.255913300835	0.603927291845	-4.32654571533	-1.56761789322	3.53296637535
16	8	0.498165383935	-0.238199598346	0.898735633613	0.368151072553	-1.27970278263	5.21988773346	2.12153220177
17	8	0.496646493673	-0.899015545461	-0.306986450341	0.312298524374	-5.2354092598	-1.80639410019	1.77643013
18	8	0.498750329018	0.327364653408	0.921193544338	-0.210320796806	1.83112192154	5.34676456451	-1.33085870743
19	8	0.499385505915	0.784938552499	-0.511546587199	0.34955909075	4.60836982727	-2.9173002243	2.05177783966
20	8	0.495546706021	0.532353262655	-0.452100702957	-0.715684957315	3.01830840111	-2.69098997116	-4.15252733231
21	8	0.469243168831	0.991284573168	0.00197920345713	0.131723110167	5.48355913162	0.00836362689734	0.749090194702
22	8	0.454278803896	-0.0213355281905	-0.0723479716541	-0.997151225359	-0.0659115538001	-0.37821406126	-5.31895399094
23	8	0.461554929614	-0.776134245075	-0.148752647636	-0.612770987762	-4.19028377533	-0.81632655859	-3.31962943077
24	8	0.469566434622	-0.719636937983	0.687530958517	-0.0970765603563	-4.0148024559	3.76100063324	-0.476637601852
25	8	0.484852872789	-0.639285371542	0.356560137922	-0.681306892507	-3.69400453568	1.9908118248	-3.85194396973
26	8	0.496698975563	0.228150243528	0.506353373736	-0.831597094322	1.4696726799	2.88244223595	-4.77019071579
27	8	0.498698577285	-0.89515502818	0.214609677341	-0.390691901522	-5.21126842499	1.25401723385	-2.25131845474
28	8	0.494112074375	0.333169228698	-0.923869454823	0.188317538999	1.92306208611	-5.30008363724	1.15238571167
29	8	0.485867574811	-0.904583997107	-0.416781955427	0.089557767996	-5.22816514969	-2.23446702957	0.408900260925
0	9	0.494567215443	-0.322832840189	-0.921230054387	0.21705792819	-1.95587301254	-5.28975057602	1.31914830208
1	9	0.493813812733	0.36551131231	0.857493112428	-0.3620870651	2.04153823853	4.88299179077	-2.17953515053
2	9	0.492576310411	0.220572056519	0.233032671174	0.947123931726	1.26402163506	1.16299200058	5.47311544418
3	9	0.497233532369	0.222654834214	0.489701881988	-0.842980955644	1.24318063259	2.79098987579	-4.89770841599
4	9	0.498571559787	-0.801669502087	-0.532906021259	0.270808386002	-4.59097909927	-3.1089155674	1.61070251465
5	9	0.499871060252	0.814765076248	0.574621361461	-0.0772538767894	4.72950553894	3.2521648407	-0.488705873489
6	9	0.498657345772	-0.4851812197	-0.810754457982	0.327530751096	-2.84802293777	-4.766685009	1.87170267105
7	9	0.49434967339	0.491314194742	-0.601650274355	0.629783541714	2.85030412674	-3.42396879196	3.65933966637
8	9	0.464837774634	-0.747607822737	-0.0808886115435	0.659196158897	-4.12962722778	-0.43019670248	3.56475353241
9	9	0.417330041528	0.684858360768	0.199740044733	0.700765966793	3.32990694046	0.943543016911	3.49640250206
10	9	0.436494261026	0.521400829764	-0.592185348944	0.614375851753	2.66232180595	-3.05588579178	3.16150760651
11	9	0.486243635416	0.137137734714	0.871390419332	0.471032885066	0.831523060799	4.94947290421	2.71014356613
12	9	0.496179662645	-0.303745333692	0.679053881352	0.668299781896	-1.81184864044	3.87473845482	3.95265579224
13	9	0.494998469949	0.563181450174	0.755897743469	-0.333834173803	3.26316046715	4.37549543381	-1.98449254036
14	9	0.484653875232	0.930566578932	0.0881616479876	-0.355349639086	5.33020401001	0.447776794434	-1.95991396904
15	9	0.476508110762	0.148193528037	0.979326767108	-0.137687187037	0.851469576359	5.45889186859	-0.755069255829
16	9	0.483822877984	0.0148440397247	0.0251347139862	-0.999573859521	0.0816362649202	0.0951387733221	-5.63467264175
17	9	0.482298091054	-0.459919381889	-0.885434073654	0.0669377574752	-2.61976766586	-5.02979755402	0.373873233795
18	9	0.496289819479	0.797380705292	-0.465044239313	0.384600918239	4.65026330948	-2.64056110382	2.14384150505
19	9	0.499652504921	-0.822538183821	-0.473966837847	0.314302995179	-4.82267189026	-2.66638088226	1.73776531219
20	9	0.498702786863	-0.126033206019	0.664103652541	-0.736940953986	-0.651878237724	3.89060974121	-4.28306293488
21	9	0.494626305997	0.214500507684	0.731823905805	0.646856477973	1.21978759766	4.13550806046	3.82682323456
22	9	0.487372800708	-0.842383141057	0.521813591873	-0.134540770768	-4.81989002228	2.93588089943	-0.884136199951
23	9	0.488451844081	0.0453169770904	0.190796151842	0.980583091854	0.328736126423	1.0327334404	5.5908665657
24	9	0.489619001746	0.870655792883	0.44364280585	0.212460704924	5.03012275696	2.52064228058	1.09585642815
25	9	0.492685258389	0.320600976472	-0.838125003664	0.441317903691	1.87427759171	-4.83697509766	2.55022859573
26	9	0.495398133993	-0.592042886701	-0.561202078037	0.578392122971	-3.49017286301	-3.21127796173	3.26653838158
27	9	0.49725074321	0.649274210384	-0.272306197263	0.710135434028	3.75364995003	-1.61352014542	4.05495357513
28	9	0.495871633291	0.712943476202	0.515634213147	-0.475218852712	3.98973989487	3.08097600937	-2.83634471893
29	9	0.494000658393	0.260013010179	-0.946658203269	-0.190345687422	1.62561297417	-5.45141983032	-1.08177089691
0	10	0.499019227922	0.440634001384	-0.475885983561	-0.761166346783	2.67824363708	-2.61380791664	-4.47764587402
1	10	0.499682582915	0.661726562117	-0.424874687533	0.617737368857	3.73146986961	-2.55441880226	3.59048271179
2	10	0.499169573188	-0.289808035175	0.867906015365	0.403423414345	-1.85236001015	5.02986431122	2.19096136093
3	10	0.49884468317	0.949160904915	-0.278042461366	-0.147600698705	5.4444694519	-1.78977012634	-0.753576278687
4	10	0.499219998717	0.0213560711154	0.549363352709	-0.835310615835	0.223444521427	3.26173424721	-4.81706142426
5	10	0.499419420958	-0.97161635787	0.0633059147437	0.227934232354	-5.62932348251	0.288729161024	1.4754357338
6	10	0.498916402459	-0.86351095965	-0.474987788881	-0.169515258836	-5.12172222137	-2.75411343575	-1.02462172508
7	10	0.499081688002	-0.244733860978	0.105839545664	-0.963796310361	-1.29678201675	0.60223197937	-5.62587070465
8	10	0.491295740008	-0.259246591037	0.882464226113	0.392489610902	-1.50231862068	5.01260995865	2.27850985527
9	10	0.472941324115	0.991046016932	0.102371892669	0.0857192388832	5.46901512146	0.558876633644	0.39626121521
10	10	0.481596015394	-0.0096752233323	-0.584922727681	0.811031314251	-0.17210868001	-3.254114151	4.56151199341
11	10	0.498339859769	0.129101262339	0.337453024396	-0.932447489347	0.788152337074	1.84948432446	-5.40306377411
12	10	0.498624965549	-0.839889686863	-0.332298822818	0.42914194185	-4.93785238266	-1.91663181782	2.46512699127
13	10	0.4976028651	0.574088956524	-0.700837871105	0.423377075929	3.24925851822	-4.05417394638	2.51970791817
14	10	0.481141500175	0.0766942354892	0.4948324941	-0.865597364267	0.368543118238	2.78425645828	-4.82589435577
15	10	0.437997609377	-0.852287770909	0.505313207998	-0.135144801533	-4.42612934113	2.54555726051	-0.654414415359
16	10	0.429393723607	-0.791186933264	-0.38554005861	0.474744246769	-4.03213977814	-1.93397903442	2.38354372978
17	10	0.458937853575	-0.809597426938	-0.456108670662	0.3694819168	-4.39270496368	-2.46803951263	2.00019884109
18	10	0.48801586777	-0.716649600858	0.193189900577	0.670142531037	-4.16696643829	1.2028478384	3.72064042091
19	10	0.498835846782	0.748010063211	0.0855451203325	0.65815118151	4.40378332138	0.490358501673	3.64734148979
20	10	0.499663978815	-0.944008364375	-0.163016526313	-0.286834133497	-5.48963165283	-0.938431501389	-1.62392783165
21	10	0.499548302963	0.220781494875	-0.163710240169	-0.961485563482	1.38731300831	-1.04108095169	-5.50617265701
22	10	0.494402363896	-0.709563817661	0.246059061203	0.660283368764	-4.03744029999	1.40424907207	3.86402177811
23	10	0.488517001271	-0.983192875675	0.156289100659	0.0943688838365	-5.704205513	0.807420492172	0.367486000061
24	10	0.493806157261	-0.228216696167	0.582764976948	0.779937254677	-1.30071663857	3.35608792305	4.4853758812
25	10	0.48429249227	0.260772554777	-0.908061217205	0.32775371925	1.42711722851	-5.18681907654	1.79230809212
26	10	0.485147938132	0.504537524502	0.833917478919	0.223659394443	2.8831987381	4.68777942657	1.25358462334
27	10	0.483286887407	-0.234237252813	0.956700151251	-0.172793894543	-1.40397787094	5.39269447327	-1.05447459221
28	10	0.492659412324	0.457224568973	0.6446262999	0.612701091075	2.64118146896	3.60023021698	3.630027771
29	10	0.498991966248	-0.925208452555	-0.317359456208	-0.208019938653	-5.36327934265	-1.74709153175	-1.15614700317
0	11	0.499687835574	-0.653320674732	-0.646331919888	-0.394242495556	-3.78297710419	-3.8014125824	-2.20535635948
1	11	0.499874383211	-0.332578224572	0.778862187451	-0.531756915799	-1.90285682678	4.54319143295	-3.06114053726
2	11	0.499879047275	0.955495752819	-0.267446240887	0.124500500321	5.44130468369	-1.6729581356	0.677143573761
3	11	0.499203309417	-0.433789749114	0.896564457848	0.0894350406031	-2.55763101578	5.17938232422	0.530589818954
4	11	0.49891417101	-0.468766886279	-0.0736988114476	-0.880242064162	-2.72806715965	-0.623659968376	-5.13693332672
5	11	0.499421238899	-0.408953788726	0.298272014267	-0.862432956346	-2.32067680359	1.82473134995	-5.00585699081
6	11	0.499349042773	0.124130987753	-0.931992169236	0.340561439924	0.812359809875	-5.35264968872	2.04444956779
7	11	0.498385667801	-0.921350882221	0.315188045785	0.227528124908	-5.30173301697	1.92628788948	1.30469226837
8	11	0.499499127269	0.587111240166	-0.732728284948	-0.344107035831	3.4262638092	-4.13232040405	-1.99172139168
9	11	0.498927801847	-0.916750834136	-0.372886152307	0.143261388826	-5.32551813126	-2.00121355057	0.829663515091
10	11	0.499341890216	0.911682467377	0.248742437098	-0.327050880848	5.26543712616	1.34786248207	-1.9339222908
11	11	0.499665722251	-0.0178744383276	0.951531391727	0.307031781764	-0.160474002361	5.54055261612	1.75976538658
12	11	0.499100282788	-0.330174721677	-0.761917515593	0.557195075892	-1.886921525	-4.40464544296	3.27693676949
13	11	0.49914893508	0.689402271836	-0.0735451986191	-0.720635560702	3.88869762421	-0.348003685474	-4.25875377655
14	11	0.482248514891	-0.333049398106	-0.204569007665	0.920450769745	-1.93157744408	-1.10755324364	5.12839603424
15	11	0.431200126186	-0.421381320119	-0.226481293698	0.878148055091	-2.20355796814	-1.1684691906	4.47990942001
16	11	0.450764164329	-0.427959295049	-0.747609477792	0.507868989501	-2.25807642937	-3.93387293816	2.71057248116
17	11	0.487335205078	0.949765546401	-0.307140613107	0.0600836970343	5.39662218094	-1.66550481319	0.269886016846
18	11	0.494002528489	-0.19789188555	-0.82005033685	0.536988125256	-1.14107060432	-4.75902557373	3.05802488327
19	11	0.497152432799	-0.922810615935	0.200506034568	-0.328964887518	-5.22446584702	1.22098815441	-1.99770379066
20	11	0.4976686351	0.28153919563	-0.475808661739	0.833271743633	1.74862110615	-2.69950914383	4.7779417038
21	11	0.497766703367	-0.540467150738	0.834957332107	-0.103641268492	-3.13242387772	4.80894041061	-0.5297768116
22	11	0.497955814004	0.968909662948	-0.246537846743	0.020812380183	5.55786371231	-1.54009616375	0.0488259792328
23	11	0.491796895862	-0.61990616569	0.675416829825	0.399410129727	-3.51409006119	3.87755250931	2.38106513023
24	11	0.477464485914	0.0364215624641	0.296085139134	-0.954466898416	0.204455703497	1.55528593063	-5.35425329208
25	11	0.454202160239	0.967877319044	0.20907662256	-0.139644051713	5.15699768066	1.14996528625	-0.714282274246
26	11	0.458248922601	0.179217650071	0.415550459467	-0.891739227319	0.968590497971	2.2377307415	-4.8019285202
27	11	0.46893954277	-0.636013902067	0.169016607018	-0.752940703462	-3.55185127258	0.859817028046	-4.1253528595
28	11	0.483876436949	0.394443058088	0.55413983078	-0.733037326382	2.16184568405	3.10824608803	-4.21552419662
29	11	0.494424253702	0.975575347789	0.180649157916	0.124974487521	5.58210039139	1.09285402298	0.763166666031
0	12	0.498132169247	-0.556009709406	0.704745927555	0.440665837843	-3.09797334671	4.17619037628	2.54838657379
1	12	0.49928021431	-0.943367746593	0.32292185744	-0.0760182127834	-5.57760286331	1.80370569229	-0.44554901123
2	12	0.499153703451	-0.937908119412	0.176323020974	0.298728224002	-5.5012755394	0.96582865715	1.67444777489
3	12	0.497413001955	-0.552866222953	0.435387285162	0.710476496048	-3.22251987457	2.5112285614	4.27264595032
4	12	0.498696826398	0.217487311811	0.630925784773	0.744736143416	1.31376183033	3.7442278862	4.27619504929
5	12	0.499436125159	0.81134841597	-0.288393377995	0.508471245432	4.6162776947	-1.81047141552	3.00539970398
6	12	0.499176852405	0.813513298118	0.260681010733	-0.519847597309	4.67005252838	1.59892892838	-3.09696149826
7	12	0.491762138903	-0.136904703502	-0.134380154891	0.981427061034	-0.771867156029	-0.81394547224	5.66544866562
8	12	0.488489106297	-0.64718927984	0.419173753087	0.636741235341	-3.73992013931	2.43859791756	3.52941775322
9	12	0.492373093963	0.514960127007	-0.83097736242	0.21045828741	3.04884552956	-4.71522188187	1.12974429131
10	12	0.498904928565	-0.754728808443	0.640147434893	0.143511976178	-4.3931760788	3.63356423378	0.756208658218
11	12	0.499303981662	0.0757840490068	-0.513898211119	0.854497165896	0.434325098991	-3.07583189011	4.89418125153
12	12	0.4989419505	0.0576502617295	-0.197564025275	-0.978593328835	0.378874599934	-1.09016335011	-5.65945577621
13	12	0.495107889175	0.477520652987	0.759047724502	0.44251618942	2.68323016167	4.40844917297	2.65748524666
14	12	0.486719146371	0.934842783155	-0.205833447803	0.289312223297	5.38222455978	-1.20118653774	1.48252463341
15	12	0.48277483508	-0.235580153182	0.256882441173	0.937290458099	-1.39910459518	1.41969311237	5.25518608093
16	12	0.49512656033	-0.332057563302	0.340709892979	-0.879576343179	-1.76845645905	1.88194692135	-5.14726161957
17	12	0.498747482896	-0.843730218136	0.53131741781	0.0762962681638	-4.88652133942	3.06028318405	0.504832983017
18	12	0.473699972034	0.8289129756	0.325618966393	0.454835758936	4.62457561493	1.86666679382	2.44160556793
19	12	0.468833707273	0.452530761388	-0.489615294939	0.745313875464	2.49800753593	-2.65843439102	4.08731365204
20	12	0.472390562296	0.131864831528	-0.926071584889	-0.353557754642	0.703196108341	-5.11155748367	-2.00561237335
21	12	0.47721498087	-0.519936764962	-0.336027333827	-0.785335209552	-2.91966581345	-1.91682934761	-4.37370967865
22	12	0.49805650115	0.960959092997	0.275331990144	-0.0273846086208	5.56312465668	1.57583320141	-0.105069160461
23	12	0.49556145072	-0.909196412288	0.126960179508	-0.396538770742	-5.22646427155	0.630053877831	-2.28441786766
24	12	0.473827168345	0.520868681758	0.599303597766	-0.607890626732	2.942497015	3.35771036148	-3.31141233444
25	12	0.429436013103	0.111125253437	0.993694043413	0.0149441002791	0.559605121613	5.05663347244	0.0920214653015
26	12	0.438047140837	-0.0693985015862	0.717195117042	0.69340825786	-0.36238771677	3.73302555084	3.56784343719
27	12	0.466947391629	0.876005669461	0.223953858354	0.427151889145	4.80964279175	1.2478055954	2.29463481903
28	12	0.456406034529	0.752483950025	-0.22667385248	0.618374376536	4.03624725342	-1.25082445145	3.36993789673
29	12	0.481071904302	0.607240613458	-0.579470348743	0.54357423807	3.3930337429	-3.32077002525	3.0469148159
0	13	0.491470709443	-0.124519312876	-0.945193466324	-0.301834809024	-0.744030117989	-5.43445205688	-1.61598134041
1	13	0.497748732567	0.948193581879	-0.04396577072	-0.314636206258	5.54401302338	-0.210169047117	-1.82169008255
2	13	0.49942933023	0.894376106061	0.418212779403	0.158711852272	5.18579244614	2.3630399704	0.897332906723
3	13	0.498485416174	-0.950467421508	0.309855708464	-0.0245177605762	-5.49601125717	1.79722332954	-0.32631778717
4	13	0.498061593622	-0.295827842051	-0.514664250541	0.80474008045	-1.62131118774	-3.13204717636	4.63220596313
5	13	0.496524848044	-0.141749382603	0.833443530058	-0.534115151196	-0.843845367432	4.84322071075	-3.01810002327
6	13	0.497700620443	0.0405315955638	0.30690614721	-0.950876336106	0.186809137464	1.71107530594	-5.55310344696
7	13	0.487152121961	0.37611909765	-0.681917204499	0.627314395333	2.12246179581	-3.92065143585	3.50510597229
8	13	0.47350654006	0.252904895286	0.752634809006	0.60793088276	1.42183458805	4.23589611053	3.29616427422
9	13	0.471815690398	0.638322517497	-0.713341403148	0.289289485137	3.51592445374	-4.02873563766	1.59514975548
10	13	0.489363864064	0.890066121315	0.455714297221	0.0103333922578	5.14732933044	2.55799913406	0.0497207641602
11	13	0.495245367289	0.759278941582	0.447109383451	0.47285165549	4.42363166809	2.65420222282	2.68358755112
12	13	0.496097117662	-0.918305902778	0.186362212077	-0.349261212894	-5.36241674423	1.01775503159	-1.97751092911
13	13	0.494478628039	-0.150501748116	0.799454287396	0.581568625511	-0.792680501938	4.6640625	3.38446140289
14	13	0.495602305979	0.135200089525	-0.561048986484	0.816666988777	0.602108061314	-3.28246927261	4.72797870636
15	13	0.497141376138	0.995446492758	0.0829499339193	-0.0469636936118	5.73499393463	0.465948969126	-0.500132322311
16	13	0.499116525054	-0.602757243909	0.570613705486	0.557748782183	-3.47891139984	3.30637359619	3.29476594925
17	13	0.494558349252	-0.419977842021	-0.827405331835	-0.372852556733	-2.36686444283	-4.77676582336	-2.15688586235
18	13	0.463603310287	0.619981775289	-0.427526715544	0.657908432691	3.36751842499	-2.27889680862	3.60362243652
19	13	0.452352166176	-0.428700533296	-0.893478246451	-0.133837498	-2.29026937485	-4.71945571899	-0.716992378235
20	13	0.44094119966	-0.930700904507	0.25337700237	0.263810388384	-4.8377790451	1.30865776539	1.3348596096
21	13	0.456006787717	-0.877971956757	0.0454437105637	-0.476550220144	-4.72556209564	0.249194294214	-2.55202865601
22	13	0.487931147218	-0.734110677061	0.563537886134	0.378822603227	-4.22486019135	3.21246004105	2.05412220955
23	13	0.498565420508	0.572041143962	-0.186468759963	0.798747977257	3.37956190109	-1.05416977406	4.53732013702
24	13	0.497740954161	0.0981371107447	-0.973069293364	-0.208579140391	0.443166196346	-5.61717844009	-1.2909655571
25	13	0.475109696388	-0.16053345862	0.816711320061	0.554266748369	-0.927343547344	4.52124118805	3.06928396225
26	13	0.455325230956	-0.344245813813	0.898265274974	0.273156210707	-1.85783815384	4.85220479965	1.4007833004
27	13	0.467866007239	-0.161357638682	-0.292587766617	0.942526451228	-0.910548329353	-1.62158465385	5.1400976181
28	13	0.450088739395	0.995045581205	0.0602658404895	-0.0790716118111	5.26546192169	0.30820453167	-0.426560878754
29	13	0.466893240809	0.0461372179941	-0.334239232638	-0.941358323106	0.252584606409	-1.77258253098	-5.18445730209
0	14	0.490788303316	0.131244498523	0.541022953649	-0.830703945598	0.791534364223	3.21251344681	-4.68930244446
1	14	0.49766920507	0.858900818635	-0.437971010297	-0.265463326822	4.99893426895	-2.60354685783	-1.42497181892
2	14	0.499665081501	-0.850587361101	-0.503300646933	0.152281318394	-4.98328971863	-2.7580499649	0.830483436584
3	14	0.498809404671	0.24559144056	-0.479089319852	0.842708886821	1.64064824581	-2.8280787468	4.86030673981
4	14	0.498269163072	-0.529329353708	-0.178654832705	0.829393082956	-3.13667011261	-0.925890862942	4.8106136322
5	14	0.490680690855	-0.185883987396	-0.459828316862	-0.868334648763	-0.988754630089	-2.61900758743	-4.96081447601
6	14	0.477379921824	-0.464499702752	0.27949060586	0.840312458184	-2.54858112335	1.50208330154	4.71996688843
7	14	0.45808558166	-0.629001616656	0.591979777092	0.503901686601	-3.42753481865	3.23338580132	2.63233351707
8	14	0.475231137127	-0.168624747052	-0.287559535339	0.942801786335	-0.958337187767	-1.60502004623	5.2342171669
9	14	0.481475524604	0.545172267356	-0.641002310168	0.540280702288	3.06709456444	-3.65489387512	2.98511791229
10	14	0.494461305439	-0.00415474246648	0.726389100332	-0.687271135022	-0.189595758915	4.16802978516	-3.93431472778
11	14	0.496894855052	0.498513183797	-0.328991312897	0.802028254875	2.85264205933	-1.99148201942	4.61066055298
12	14	0.49363752082	-0.602723596658	-0.13024222113	-0.787249153615	-3.4168074131	-0.725740075111	-4.64280176163
13	14	0.497606128454	-0.868587650894	0.38735595751	-0.309048305117	-5.04973554611	2.20629477501	-1.79070544243
14	14	0.499695345759	0.80503937433	-0.20023566917	-0.558406019461	4.64488649368	-1.16681349277	-3.30224943161
15	14	0.499623939395	0.312169813178	-0.11707745506	0.942784639913	1.74605178833	-0.685630738735	5.49621582031
16	14	0.499632187188	-0.58803429576	0.515118289883	0.623593468887	-3.46342134476	3.02291893959	3.57324719429
17	14	0.489943690598	0.681366572958	-0.0530824666116	-0.730014962171	3.9362950325	-0.295237451792	-4.14773654938
18	14	0.469357475638	0.0954259417257	-0.856210393014	-0.507737779312	0.46207433939	-4.74157619476	-2.84140515327
19	14	0.473934195936	0.444591499028	-0.55720664287	-0.701326711408	2.43283176422	-3.07657909393	-3.90881109238
20	14	0.461963851005	-0.401666657002	0.0803015148262	0.912258495915	-2.20366096497	0.46515494585	4.92302560806
21	14	0.465301319957	0.228549954769	-0.640842756446	0.732861159897	1.26907384396	-3.48498916626	4.00918149948
22	14	0.485510434955	-0.147988700939	-0.425216395041	0.892911172392	-0.772583663464	-2.46138644218	5.0547952652
23	14	0.496940270066	-0.808717602283	0.43033637902	-0.400981845786	-4.62299537659	2.41665363312	-2.36293244362
24	14	0.495087206364	0.799080477137	-0.131491653697	0.586668847022	4.60035324097	-0.729823827744	3.41614151001
25	14	0.495539262891	0.835135377868	-0.417092782263	-0.358584037038	4.76541948318	-2.4549074173	-2.13170647621
26	14	0.481947727501	-0.322718784559	-0.555273330784	0.766501216055	-1.90360558033	-3.06779098511	4.30075883865
27	14	0.456282436848	0.135851185444	-0.951548109429	-0.275863464154	0.759843945503	-5.08294868469	-1.50372290611
28	14	0.449562087655	0.783248340976	0.387920816295	-0.485838941053	4.14934062958	2.04883742332	-2.5474281311
29	14	0.468053877354	-0.43903085651	0.373106634251	-0.817339186941	-2.49976229668	2.03094649315	-4.47118234634
0	15	0.499286696315	-0.915661895308	-0.368486950117	-0.160563573311	-5.24429655075	-2.24687385559	-0.81630563736
1	15	0.499777942896	-0.217387106022	0.675836388732	-0.704264170465	-1.34480261803	4.00016117096	-3.97018241882
2	15	0.499530076981	0.867804911471	-0.306302424071	-0.391271594464	5.00115203857	-1.79839074612	-2.32331466675
3	15	0.498932959512	0.0688586463094	0.0673107100246	0.995353080642	0.307002872229	0.504139065742	5.78455591202
4	15	0.487856946886	0.760326409857	-0.170056909372	-0.626884676833	4.27230596542	-0.928781747818	-3.60551166534
5	15	0.468190476298	0.132788429638	-0.967046894143	0.217226926237	0.683809936047	-5.32247877121	1.25674390793
6	15	0.465779626742	0.00538028782494	0.0725743177763	0.997348495212	0.0388025678694	0.401073843241	5.45416259766
7	15	0.465965334326	0.0986085542577	0.0153798301271	0.995007444119	0.557277739048	0.0463676415384	5.44922733307
8	15	0.496370023116	0.199438929139	-0.216081628236	-0.955789120823	1.08360409737	-1.26703357697	-5.47025489807
9	15	0.498893603683	-0.131803540929	0.902292928355	0.410481787708	-0.802002191544	5.20005846024	2.35066866875
10	15	0.494376964867	0.761625333843	-0.206515032859	-0.614229917907	4.315782547	-1.36704444885	-3.52808952332
11	15	0.49334526062	-0.115707159801	0.570107349194	0.8133814994	-0.716130912304	3.31201648712	4.6264667511
12	15	0.487869799137	-0.668887625714	-0.741579373857	-0.0514720937627	-3.82560300827	-4.23129701614	-0.325622320175
13	15	0.498005606234	0.466062237325	-0.125659139941	0.875782947704	2.69199514389	-0.777200818062	5.07255172729
14	15	0.49945794791	0.72183654624	0.442125274992	-0.532425808659	4.19859600067	2.66631579399	-3.03733420372
15	15	0.49978921935	-0.498349467992	-0.262432537384	-0.826303195609	-2.91371965408	-1.48139929771	-4.804728508
16	15	0.499913901091	0.37285539092	-0.869763850473	-0.323248668786	2.19712781906	-5.01856613159	-1.79305505753
17	15	0.497028052807	0.474364282706	0.785441690215	-0.397567451591	2.60212802887	4.65797901154	-2.2818107605
18	15	0.493888318539	0.124286835636	-0.859628727528	0.495571622771	0.718726634979	-4.9437456131	2.81103372574
19	15	0.487489797175	0.413749901807	0.532245617337	0.738597063073	2.30477285385	3.16209506989	4.12596035004
20	15	0.463013842702	0.132072521171	-0.94153607178	0.309946244838	0.698104143143	-5.12575721741	1.65555715561
21	15	0.447864957154	-0.0213998696071	-0.69975931872	-0.714058079883	-0.105275988579	-3.65313863754	-3.78204774857
22	15	0.441752254963	0.77603893508	0.00423733879631	-0.630670766882	4.01892280579	0.0111959110945	-3.30090737343
23	15	0.450132593513	0.650136549929	0.621998187426	-0.436395143517	3.48746061325	3.27794337273	-2.30314946175
24	15	0.470979548991	-0.0806823149863	0.834178964138	0.545560097366	-0.498402833939	4.59620094299	3.04707121849
25	15	0.485967807472	-0.0123714057952	0.792900458179	-0.609225583621	-0.128441870213	4.51433038712	-3.4580206871
26	15	0.483855947852	0.951837050739	-0.265617210582	0.153146094574	5.38988304138	-1.45701849461	0.850358247757
27	15	0.449134647846	0.61519309604	-0.494931837164	-0.61366108818	3.26914024353	-2.65402197838	-3.29607391357
28	15	0.469015792012	0.274215829404	-0.85326191657	-0.443564855051	1.49715876579	-4.700258255	-2.42768239975
29	15	0.495172247291	0.808975827557	0.470302512905	0.352666495126	4.5846529007	2.75068259239	2.03245735168
0	16	0.499788939953	0.693813827459	0.702661229862	-0.157764282636	3.95815849304	4.11509895325	-0.831685066223
1	16	0.499886915088	0.600206600706	-0.789466400018	0.128432237817	3.37677001953	-4.63290548325	0.788614034653
2	16	0.499142594635	0.698119269415	0.245409627142	0.67260954541	3.97573685646	1.56122553349	3.9037194252
3	16	0.494341135025	-0.701045611985	-0.709119595785	-0.0753952836131	-4.06207895279	-4.01960659027	-0.450031757355
4	16	0.477396838367	0.296152726489	0.147437247274	-0.943692651614	1.6823015213	0.895064771175	-5.26513433456
5	16	0.477760627866	0.494824924402	-0.863055275798	0.101409492194	2.72522640228	-4.84500932693	0.656862735748
6	16	0.494659385644	-0.00607416252357	0.181228778524	-0.983422205558	-0.0302078090608	1.07851600647	-5.64004182816
7	16	0.474568873644	0.00347518336678	0.724802218903	0.688948232144	0.00276610953733	4.03433275223	3.83116292953
8	16	0.484009191394	0.758881383511	0.187911223054	0.623529003343	4.31857395172	1.04995930195	3.48980307579
9	16	0.497044146061	-0.499479704857	-0.744478568272	0.443025604023	-2.89555931091	-4.31463909149	2.43857288361
10	16	0.464766800404	0.459884631887	0.83888251461	0.291173920597	2.45920157433	4.56589126587	1.6053750515
11	16	0.445166084915	-0.0436865166681	0.572895266266	-0.818463500806	-0.203386217356	2.94600152969	-4.28362894058
12	16	0.459840476513	-0.0155925677523	-0.60763463966	-0.794063609868	-0.120374932885	-3.26299166679	-4.28433179855
13	16	0.497734323144	0.738811231894	0.506169828486	0.444915799178	4.23874139786	3.01005125046	2.49894881248
14	16	0.499570757151	-0.736100045628	-0.651210453086	-0.184612211455	-4.19419717789	-3.78732967377	-1.09818387032
15	16	0.49936632812	-0.850573943708	0.164567385986	0.49944122953	-4.89932107925	0.94521021843	3.06055021286
16	16	0.499182984233	-0.641055617959	0.712663344075	0.284883577439	-3.7921333313	4.13210868835	1.60275316238
17	16	0.498363256454	0.910031576273	0.355480637773	0.213251134474	5.34685325623	1.88265860081	1.17346954346
18	16	0.496517777443	-0.844695087419	0.519920476985	0.127172744336	-4.88037061691	2.95205688477	0.644111156464
19	16	0.489599067718	0.317252975428	-0.449119189578	0.835249964463	1.79869580269	-2.61918592453	4.73238372803
20	16	0.471294701099	0.773431342997	-0.628457090035	-0.0827384049573	4.30043315887	-3.44986653328	-0.558531761169
21	16	0.464418467134	-0.390249228245	0.43805114471	-0.809825125859	-2.15819835663	2.42338442802	-4.38070249557
22	16	0.440613761544	0.94511768197	-0.0977010183818	-0.31178049688	4.91876411438	-0.521562218666	-1.63383364677
23	16	0.435289695859	0.87900118987	0.276496968976	-0.388466645098	4.51017141342	1.4437224865	-2.01640152931
24	16	0.453070446849	-0.805087180695	0.46149207697	-0.37263882564	-4.28630256653	2.48755455017	-2.0245051384
25	16	0.482075542212	-0.859151486535	0.230988159813	-0.456621498848	-4.86399459839	1.26877892017	-2.62841868401
26	16	0.496910989285	-0.5623468641	-0.730452026037	0.387563984517	-3.2381477356	-4.17435932159	2.2610077858
27	16	0.488439869136	0.533992264486	-0.0501522001906	-0.844000603249	3.12090778351	-0.228914067149	-4.73586845398
28	16	0.489993542433	-0.934868755522	-0.280574434934	-0.217481945019	-5.41540431976	-1.45469808578	-1.11569428444
29	16	0.497493192554	0.317572221473	-0.947665601938	-0.0328297281666	1.80566811562	-5.51444625854	-0.246834278107
0	17	0.498156391084	-0.664031522784	-0.0276835149523	-0.747191916277	-3.91696882248	-0.156729772687	-4.33015632629
1	17	0.498854592443	-0.708612631459	0.259914869228	-0.655982011409	-4.14122962952	1.57487559319	-3.80911874771
2	17	0.496498599648	-0.648932525766	-0.428562156175	-0.628666092054	-3.86099147797	-2.47614336014	-3.58223152161
3	17	0.490736998618	0.49430040234	-0.469561312282	-0.731559489211	2.90071678162	-2.69591641426	-4.13988685608
4	17	0.473744541407	-0.448479719229	0.771763741305	-0.450828868916	-2.60031247139	4.28022098541	-2.42336893082
5	17	0.48714157939	0.851564671154	0.524216124204	-0.0059216523823	4.82431745529	2.94036126137	-0.0390021800995
6	17	0.49140585959	-0.638023985743	-0.638766116715	-0.430003769465	-3.6422085762	-3.7116355896	-2.35789823532
7	17	0.456314861774	-0.968344380794	0.174725535251	-0.178269872707	-5.19676494598	0.949375510216	-0.957787513733
8	17	0.460320308805	-0.469624362649	0.807677814217	0.356524201744	-2.57740950584	4.31726837158	1.92523860931
9	17	0.487489886582	0.647361591951	0.443865982233	-0.619601451808	3.68985199928	2.4761326313	-3.50094175339
10	17	0.430693641305	0.172683725895	0.886377215421	-0.429552980193	0.872006297112	4.53625202179	-2.16790413857
11	17	0.406014055014	0.94498970388	0.207779419083	-0.25263050601	4.49361038208	1.02935481071	-1.27412486076
12	17	0.45240624994	0.848235065428	-0.233627086127	-0.475305857745	4.49099445343	-1.19209718704	-2.51355648041
13	17	0.494862318039	-0.319716279653	-0.806790030306	0.496861497325	-1.91898107529	-4.64221429825	2.71844291687
14	17	0.498453721404	0.332884620939	0.7966651035	0.504492360704	1.98823821545	4.58253145218	2.9428460598
15	17	0.499388765544	0.352203796342	0.537768630744	-0.766000904458	2.10451340675	2.9589164257	-4.51099538803
16	17	0.498492762446	0.132870058553	0.908344756833	0.396554347187	0.812460064888	5.27517747879	2.36859869957
17	17	0.493563950062	-0.646510562796	0.210611927254	0.733257600228	-3.80840730667	1.04310059547	4.20397996902
18	17	0.484243348241	0.485761535181	0.801155034074	-0.349551630402	2.89506983757	4.42045974731	-2.02222681046
19	17	0.485639572144	-0.513909259039	0.6673038145	-0.539075961834	-2.92404508591	3.71438932419	-3.07072639465
20	17	0.485697925091	0.123393654062	-0.728303556511	0.674053362659	0.657970666885	-4.09752988815	3.83816099167
21	17	0.489068064839	0.0536469070263	-0.493066005226	-0.868336296522	0.346151292324	-2.76282644272	-4.97443580627
22	17	0.483736380935	0.668746033788	0.29340940124	0.683146884321	3.68617272377	1.64370381832	3.94920158386
23	17	0.450165445916	0.151132037811	-0.13485686177	-0.979271532304	0.802817344666	-0.717324852943	-5.17990446091
24	17	0.438695214689	-0.701144218359	0.366979650342	-0.611328652443	-3.62723493576	1.89293670654	-3.17582392693
25	17	0.489940434694	0.198242610383	0.659678394296	0.724930537036	1.13905572891	3.69179821014	4.20966959
26	17	0.497110053897	0.378917144519	0.923067468019	-0.0660927157534	2.34508156776	5.26987552643	-0.471370697021
27	17	0.496636778116	-0.921358690854	0.38524269333	0.0518288531991	-5.35342025757	2.17310810089	0.374915122986
28	17	0.494753923267	0.194148532897	-0.601206730422	-0.775149543295	1.28190886974	-3.3671169281	-4.47622776031
29	17	0.492335356772	-0.0798078771011	-0.710270566066	0.699390038343	-0.466097354889	-3.95049118996	4.16606092453
0	18	0.495985601097	0.216578504664	-0.440474886678	-0.87124946228	1.22478795052	-2.59341931343	-5.02561855316
1	18	0.499303072691	0.51002555341	0.575025000052	0.639703200073	2.83171129227	3.31921005249	3.72387647629
2	18	0.497128106654	0.348975409138	-0.613102825297	-0.708746138917	2.02919077873	-3.5606751442	-4.1008272171
3	18	0.492312952876	0.754608773603	0.640718787922	0.141580484551	4.25470924377	3.70541095734	0.984060525894
4	18	0.48017475009	0.275441261966	0.731896410324	-0.623265397532	1.5578674078	4.04283857346	-3.59693479538
5	18	0.483824670315	-0.416605954769	0.756333692334	0.504379643019	-2.45839118958	4.22727155685	2.86824131012
6	18	0.49589034915	0.58244058022	0.811926354116	-0.0392245586859	3.43796825409	4.62562847137	-0.25808262825
7	18	0.448461070657	-0.320906772961	-0.892115138766	0.318039969584	-1.7032315731	-4.67469215393	1.65591216087
8	18	0.428016103804	-0.596365829678	-0.616443147677	0.514145546392	-3.02384853363	-3.13075876236	2.57108879089
9	18	0.480237148702	-0.756198385378	-0.309358290774	0.576594701572	-4.25582885742	-1.70606017113	3.19716119766
10	18	0.480312675238	0.797360208125	-0.217070944852	-0.563113579484	4.44342565536	-1.14203059673	-3.16609573364
11	18	0.470582678914	0.234131858331	-0.966514260229	0.105035506801	1.26897835732	-5.29437065125	0.597908496857
12	18	0.479361364618	-0.371999960345	-0.0886772747575	0.923987213356	-2.08543920517	-0.504376709461	5.18313217163
13	18	0.49085432291	0.34150787689	0.881106086393	0.327145891834	1.99997770786	5.04476881027	1.80934596062
14	18	0.492150843143	-0.409358903554	0.910965011851	-0.0506757857789	-2.37787294388	5.24348449707	-0.401686191559
15	18	0.498771950603	-0.897818222522	-0.330995561506	0.290455465728	-5.15856838226	-1.90059566498	1.8215842247
16	18	0.499586723745	0.447255620697	-0.592919015856	-0.669633818136	2.63775205612	-3.38915252686	-3.79058647156
17	18	0.491318374872	-0.663070800691	0.69687023624	0.273329447946	-3.77734327316	4.06366920471	1.51556658745
18	18	0.476881176233	-0.466030180474	0.799414649223	0.379146527737	-2.66394615173	4.44339847565	2.15584039688
19	18	0.465597487986	-0.417785517786	0.730707435282	0.539927685113	-2.29501342773	4.03289699554	3.03480601311
20	18	0.483708191663	-0.00692757348209	0.464959639665	0.885304773628	-0.0360753275454	2.68858098984	4.98557519913
21	18	0.496423721313	-0.889893654726	-0.455551078847	-0.0237170369302	-5.10397529602	-2.64068865776	-0.0414705276489
22	18	0.494546219707	0.664177855356	0.622357428396	-0.414172678692	3.80659580231	3.56191825867	-2.37253260612
23	18	0.446049641818	-0.490997935212	-0.0543279372411	-0.869465067069	-2.60777974129	-0.320736736059	-4.55705785751
24	18	0.420422106981	-0.505968883043	0.551909787398	-0.662865805399	-2.53398180008	2.7371711731	-3.31138563156
25	18	0.476735610515	0.439453824211	-0.171550180051	-0.881731746117	2.49509429932	-0.972874403	-4.87192726135
26	18	0.494264215231	-0.934383077286	0.341479821458	0.101586398789	-5.44261646271	1.90390610695	0.539814710617
27	18	0.492364652455	-0.764127614097	0.350376886212	0.541613355617	-4.40616226196	2.0370054245	3.19450855255
28	18	0.473177939653	-0.804756826963	-0.419855950106	0.419627728609	-4.47837638855	-2.2952003479	2.36698484421
29	18	0.468839868903	0.335657560865	-0.904475406843	-0.263169603584	1.90485692024	-4.98593711853	-1.47654914856
0	19	0.498107030988	0.182568050139	0.916275905156	0.356521209326	1.02838754654	5.24268198013	2.09136962891
1	19	0.495555728674	0.185430687591	-0.97576213686	-0.116205474782	1.05888569355	-5.62836837769	-0.664225578308
2	19	0.489486172795	-0.774674491525	-0.603531034165	-0.188758371949	-4.53871059418	-3.4059844017	-0.962683200836
3	19	0.483197718859	-0.589697362941	-0.499145391407	-0.634910149845	-3.32799768448	-2.80162787437	-3.60123968124
4	19	0.481853135861	-0.00555084997147	-0.0890725157082	0.996009676163	-0.00390753662214	-0.483404636383	5.58604383469
5	19	0.482244174927	-0.295063385432	-0.502610993315	0.812600632523	-1.63195431232	-2.92016363144	4.54549026489
6	19	0.49052670598	-0.503506282432	0.858624259414	0.0961551074978	-2.8613576889	4.92451381683	0.527698993683
7	19	0.452855616808	-0.911126263856	0.124174074067	-0.392975483512	-4.84319877625	0.607296645641	-2.11457586288
8	19	0.443723004311	-0.551135709015	-0.377063506104	-0.744360492378	-2.88830089569	-1.98162579536	-3.86227869987
9	19	0.469359287992	0.185313899837	0.0803578077305	0.979388268903	1.06591212749	0.486027479172	5.38892793655
10	19	0.477071285248	-0.433966233472	-0.507322290911	0.744511518615	-2.43599891663	-2.86223649979	4.12411212921
11	19	0.496269330382	-0.311406733613	0.865601831964	-0.392121556103	-1.75698065758	4.96613645554	-2.26428961754
12	19	0.470044255257	-0.848223465139	-0.429921855296	0.309328549485	-4.67214107513	-2.39875507355	1.69919240475
13	19	0.438354820013	0.34426066871	-0.92895036484	-0.136146287659	1.74195671082	-4.78842782974	-0.690351486206
14	19	0.463490135968	0.316196965722	-0.618733951742	0.719157684955	1.72895956039	-3.30415344238	3.93178606033
15	19	0.496551513672	-0.24999327537	-0.751057805478	-0.611077356069	-1.29018461704	-4.34565019608	-3.60112285614
16	19	0.498097196221	-0.953078791888	0.1824851536	0.241536715984	-5.49306774139	1.21102142334	1.47877192497
17	19	0.499841377139	-0.0690870120287	-0.855772796747	0.512718153683	-0.347587198019	-4.97575283051	2.93632316589
18	19	0.499168366194	0.779857022917	-0.384697384966	-0.493792411654	4.45300388336	-2.20515751839	-2.87970495224
19	19	0.49518430233	-0.623092562763	0.773215697534	0.11786917882	-3.5977396965	4.40975046158	0.667350769043
20	19	0.497130677104	0.928066127276	-0.220352873192	-0.300229703191	5.31078147888	-1.41327512264	-1.7434360981
21	19	0.498740065843	0.51893931329	0.311081897736	-0.796197238141	3.04730916023	1.86227560043	-4.54533815384
22	19	0.495789811015	-0.409703012572	-0.737831429963	0.536421683424	-2.37843942642	-4.20427036285	3.0724670887
23	19	0.47095862031	-0.908566664164	0.240446749089	0.341602074968	-4.98769521713	1.36120629311	1.92726540565
24	19	0.44811822474	-0.960998087895	-0.218258263238	-0.169841118669	-5.07453250885	-1.13494026661	-0.90696978569
25	19	0.473083544523	-0.564852371669	-0.27100232636	-0.779422566601	-3.09600830078	-1.53045105934	-4.32875919342
26	19	0.493878825568	-0.230542156991	0.0975215860299	0.968163134037	-1.26939034462	0.48252850771	5.59087657928
27	19	0.496448904276	0.901435594813	0.182432748186	-0.392596689739	5.13108968735	1.02914369106	-2.2965965271
28	19	0.440873458982	-0.559714320823	-0.751586700615	-0.349052016931	-2.9356648922	-3.8976893425	-1.78475761414
29	19	0.436571389437	-0.363871372472	-0.912078395326	0.188972551114	-1.8630541563	-4.69765520096	0.931958675385
0	20	0.489448655397	-0.461997414879	-0.0672353126092	-0.884329011954	-2.69522738457	-0.399645119905	-5.01671457291
1	20	0.487685347907	0.0918163746509	-0.229905508395	-0.968872133233	0.499735295773	-1.25979197025	-5.62056159973
2	20	0.48379156366	0.370419917947	0.461817408836	-0.805924168445	2.1955871582	2.65930318832	-4.50753831863
3	20	0.450224459171	0.0830724644297	-0.825852802179	-0.557733013893	0.440723896027	-4.39267110825	-2.95451545715
4	20	0.423186086118	0.101304245749	-0.887022337748	-0.450476217052	0.478011488914	-4.42811107635	-2.25191450119
5	20	0.463271439075	0.544195564866	-0.547556060211	-0.635636333217	2.94902157784	-2.93915510178	-3.50197792053
6	20	0.49069391191	0.425847070286	-0.901895521874	-0.0723791430806	2.40353012085	-5.15849685669	-0.398861646652
7	20	0.469574801624	0.587748036158	0.565356707046	-0.578726221793	3.19716644287	3.14229941368	-3.17335510254
8	20	0.451441694051	-0.465544107279	0.262267482064	-0.845271821386	-2.48722338676	1.40771436691	-4.47758769989
9	20	0.446405403316	0.702827692026	0.54200005635	0.460726789148	3.6786031723	2.83904933929	2.38316345215
10	20	0.453929051757	-0.274246224317	-0.618856966153	0.736074088589	-1.50724387169	-3.30014181137	3.92175531387
11	20	0.490536540747	0.967678544939	-0.250141195639	-0.0320564487918	5.535572052	-1.36327528954	-0.167028427124
12	20	0.466947048903	-0.0224706022549	-0.897301449652	-0.440845982727	-0.160897731781	-4.88158416748	-2.4464969635
13	20	0.405437380075	0.0579212048147	-0.997971113618	0.0264346442658	0.326189249754	-4.77605962753	0.0868027210236
14	20	0.441035374999	0.86006420071	-0.139023863868	0.490878738522	4.4260635376	-0.756483972073	2.54084086418
15	20	0.489680215716	-0.660333384151	0.748996488074	0.0544433892075	-3.74942779541	4.33329200745	0.352433919907
16	20	0.491919204593	-0.957739389648	0.239749487084	-0.158919617918	-5.61165094376	1.21695375443	-0.965217590332
17	20	0.498753264546	0.176084433133	0.939094237756	-0.295120797339	1.04442191124	5.41321325302	-1.75034713745
18	20	0.49942940101	-0.423468704092	0.302346567991	0.853967686437	-2.46324086189	1.81441807747	4.94597625732
19	20	0.49827863276	0.0513183183846	-0.919361682851	0.39005195334	0.422324448824	-5.33927726746	2.08742594719
20	20	0.489087283611	-0.398588448196	0.80258130823	0.443836110119	-2.22131681442	4.62457323074	2.48909068108
21	20	0.489824339747	-0.986701886208	0.149048963395	0.0648366737626	-5.63616514206	0.765850186348	0.39861869812
22	20	0.46945554018	0.9757277873	0.16820477551	-0.140222817638	5.34065103531	0.919642806053	-0.811182975769
23	20	0.461273998022	0.862586695166	0.432487406744	-0.262485878347	4.67799758911	2.33014297485	-1.4131603241
24	20	0.477971021086	0.404566063616	0.237373997493	0.883164698957	2.23887324333	1.3198684454	4.9334359169
25	20	0.481981396675	-0.509641424913	0.846432458694	0.154329876828	-2.87919378281	4.78230953217	0.905448436737
26	20	0.489252716303	-0.461304836451	0.857853912903	0.226460839844	-2.60552620888	4.97013044357	1.23555088043
27	20	0.489578798413	-0.86488701581	-0.277405612556	0.418349824914	-4.96507263184	-1.59723007679	2.32876706123
28	20	0.422858163714	0.0556587205151	-0.989262191593	0.13513853305	0.315858721733	-4.94809293747	0.656356334686
29	20	0.40730753541	0.170220217265	-0.984903132502	0.031478520011	0.807851910591	-4.7587685585	0.188379764557
0	21	0.491884768009	0.856215968775	-0.299185340174	0.421167837138	4.87004613876	-1.65138530731	2.53768491745
1	21	0.495262488723	0.562889302461	-0.770585543683	-0.29892064673	3.18701148033	-4.51105880737	-1.69290614128
2	21	0.498949706554	-0.623335929245	0.74234206926	-0.245724584684	-3.59577465057	4.26636981964	-1.41169953346
3	21	0.481301955879	0.135364538316	-0.670299051606	0.729640749399	0.754966497421	-3.75014686584	4.08644771576
4	21	0.424205854535	-0.82901176232	-0.486384255273	-0.275988866001	-4.14481639862	-2.44272661209	-1.40648365021
5	21	0.456726595759	-0.968314768427	0.214294364136	-0.128235855925	-5.18670606613	1.15683090687	-0.72270321846
6	21	0.482080355287	-0.452968910133	0.100978032383	0.885789254523	-2.59918522835	0.5485470891	4.99192762375
7	21	0.479451477528	0.893459431592	0.252698755858	0.371313321721	4.99426269531	1.3883535862	2.16070532799
8	21	0.465590968728	0.480927761423	-0.281938701584	-0.830192180668	2.58778238297	-1.53230261803	-4.53009271622
9	21	0.428445249796	0.98878968937	0.108432832194	-0.102651210889	4.97893238068	0.58209425211	-0.486171722412
10	21	0.458907209337	-0.50588391213	0.197336301805	0.839726057377	-2.67098665237	1.11184108257	4.52298164368
11	21	0.489336252213	-0.81662426202	-0.561014118416	0.135602262582	-4.61084890366	-3.27122497559	0.666925907135
12	21	0.494154311717	-0.236408356484	0.822796124185	0.516834235524	-1.24293804169	4.73312187195	2.94203519821
13	21	0.457009810954	-0.27675429569	0.0317430921587	-0.960416282618	-1.50860333443	0.124678663909	-5.13505887985
14	21	0.467957280576	0.117729723827	-0.852593598753	-0.509140322006	0.696460187435	-4.6651506424	-2.74696803093
15	21	0.497229486704	-0.386149912234	0.856966039688	0.34131723089	-2.20917987823	4.95984888077	2.05367970467
16	21	0.49683637917	-0.24839235539	0.961892884931	0.11429486298	-1.36720573902	5.6159029007	0.724024534225
17	21	0.499064132571	0.880940174998	-0.384302207641	-0.27614529016	5.05095005035	-2.34645557404	-1.59967970848
18	21	0.498327076435	-0.784970807974	-0.577445567146	0.224449209426	-4.55842733383	-3.36031150818	1.32064032555
19	21	0.481243520975	-0.62645055996	0.770367614965	0.118715768701	-3.45663261414	4.40241241455	0.601766586304
20	21	0.458675026894	-0.909076259308	-0.0298907416435	0.415556131378	-4.9085316658	-0.235412538052	2.2380232811
21	21	0.434944175184	-0.24063983661	-0.798368240678	-0.551996939586	-1.18250191212	-4.09635639191	-2.84624910355
22	21	0.404142200947	0.455688950574	-0.624778793483	-0.634033941946	2.17164134979	-2.98311042786	-3.05341887474
23	21	0.449795652181	0.246581777271	-0.0808263330073	-0.965745582962	1.28355121613	-0.418691575527	-5.10406780243
24	21	0.477273359895	0.646730614645	-0.75508193388	-0.107660509048	3.59930062294	-4.25418281555	-0.547100305557
25	21	0.453648352996	0.191504241348	-0.168677765915	-0.966888792381	1.0166516304	-0.892969846725	-5.17190074921
26	21	0.46130207181	0.702087585917	-0.390461022073	-0.595494090602	3.77272176743	-2.11446285248	-3.23630952835
27	21	0.490366341546	0.290711910904	-0.3055569635	0.906709174386	1.68523812294	-1.64837372303	5.20658731461
28	21	0.472061667591	0.125400062737	-0.424991135457	-0.89646938545	0.689119756222	-2.26351475716	-4.97536993027
29	21	0.452257201076	-0.270851272927	-0.88662696576	-0.37487626164	-1.475892663	-4.7382440567	-1.98806500435
0	22	0.495958849788	0.368014570149	0.442988105773	-0.817512577458	2.08164262772	2.57820296288	-4.73718690872
1	22	0.493198260665	0.62811995586	0.716932598156	0.302444987976	3.5169210434	4.2258439064	1.72181463242
2	22	0.497398070991	0.442485657994	-0.529997261296	0.723401234094	2.45590734482	-3.19862008095	4.14407348633
3	22	0.497110769153	0.680125973657	0.290079598112	-0.673262568925	3.81499576569	1.77124679089	-3.89182090759
4	22	0.46367430687	-0.571014297091	-0.804791462315	-0.162028931685	-3.17908382416	-4.37238788605	-0.822785377502
5	22	0.480213329196	-0.194590658858	-0.775626171966	-0.600448596339	-1.0216050148	-4.32105922699	-3.40779304504
6	22	0.495033487678	-0.18636129688	0.84670716999	0.498353725092	-1.02025961876	4.83127307892	2.92772579193
7	22	0.496270492673	0.347426872235	0.211063865226	-0.913644686541	1.92789065838	1.20076084137	-5.28668785095
8	22	0.489749176428	-0.00388660064435	-0.140053541293	0.990136303701	-0.0921419709921	-0.833475232124	5.61961460114
9	22	0.446738295257	0.815563981584	-0.304959125398	-0.491787884946	4.25629043579	-1.63243913651	-2.6467795372
10	22	0.47699084878	0.954830999812	0.231817708736	0.185898659798	5.30403804779	1.29062283039	1.00917816162
11	22	0.494595885277	-0.289185778712	0.819275174793	0.495136115991	-1.63999176025	4.76104402542	2.82743024826
12	22	0.497424513102	-0.239943220078	-0.903484983293	-0.355164942108	-1.44120049477	-5.19632530212	-2.03933668137
13	22	0.477550663054	0.722038695603	-0.203534785776	-0.6612365031	4.14320802689	-1.05549108982	-3.63590526581
14	22	0.478921830654	-0.488571958862	-0.870222695067	-0.0633237870256	-2.82398605347	-4.87744235992	-0.328275918961
15	22	0.498284220695	0.460429973418	-0.755501655216	-0.466070261381	2.73318910599	-4.40082454681	-2.63493680954
16	22	0.499832987785	-0.722970146688	-0.250508714739	-0.643862990735	-4.24119567871	-1.43554162979	-3.70781564713
17	22	0.499893262982	0.723598843655	0.671023773154	0.161653361621	4.10939979553	3.90543413162	1.0788860321
18	22	0.499528177083	0.171803595462	-0.466583452285	-0.867630916139	0.969757437706	-2.65745902061	-5.05330562592
19	22	0.461367763579	0.244119758583	0.818140217759	0.520626668117	1.33947467804	4.40360832214	2.85009860992
20	22	0.439555749297	-0.107831071304	0.824961133315	0.554807704147	-0.567238092422	4.25687789917	2.86626791954
21	22	0.466807678342	-0.185200920534	-0.98251678408	0.0190102086785	-1.05224347115	-5.35534954071	0.124636650085
22	22	0.456071361899	0.569817151876	-0.799354128982	0.190634178223	3.07880020142	-4.27383708954	0.970257997513
23	22	0.490723922849	-0.145811494848	-0.576761837561	0.803793997678	-0.82527256012	-3.24740481377	4.57782030106
24	22	0.483705587685	0.27744152749	0.490135792122	-0.826312957726	1.47145748138	2.78853917122	-4.66188716888
25	22	0.425070427358	0.568689045152	-0.530515209817	-0.62860669904	2.86991691589	-2.68019413948	-3.14876508713
26	22	0.407248619944	0.344815584502	-0.607262669072	-0.715775288366	1.65154600143	-2.95679616928	-3.47860264778
27	22	0.451857566833	-0.42605622083	-0.898065592051	-0.109335671514	-2.26996779442	-4.78561735153	-0.651064872742
28	22	0.482546921819	-0.353449384233	-0.439893824802	0.825570684852	-1.94308209419	-2.35128211975	4.741959095
29	22	0.486510887742	-0.197957961886	-0.461295200614	-0.864881138201	-1.17315745354	-2.59879350662	-4.9299621582
0	23	0.480678372085	-0.496814632695	-0.569929764353	0.654488567085	-2.83984613419	-3.17481040955	3.67324256897
1	23	0.476583685726	0.289876380577	-0.443882463818	0.847903321316	1.64758479595	-2.58275270462	4.72110509872
2	23	0.492275990546	0.517316261257	0.490343376882	0.701389519872	2.93921089172	2.98286223412	3.97647237778
3	23	0.498010385782	-0.25687573358	-0.551677946662	0.793515154653	-1.55091309547	-3.21364212036	4.60652303696
4	23	0.49084739387	0.343307544156	-0.939043769078	-0.0183502011074	2.03563117981	-5.35709857941	-0.210619449615
5	23	0.49287311174	-0.168191650098	-0.363204214008	0.916402895982	-0.91407763958	-1.90312671661	5.34455108643
6	23	0.492769625038	-0.418416955895	-0.220946323767	-0.880971039838	-2.38651156425	-1.19474864006	-5.09587287903
7	23	0.491862699389	0.0724738446373	-0.978503562639	-0.193075942952	0.335079789162	-5.63968753815	-1.02339458466
8	23	0.490510419011	0.499589052539	0.628800937595	0.595835681596	2.75757336617	3.69794797897	3.38630533218
9	23	0.481756404042	0.998172377336	0.0135207858347	0.0588990108062	5.63958072662	0.0319115445018	0.316437482834
10	23	0.494810581207	-0.337503689235	-0.920188891164	-0.198352374152	-1.95600366592	-5.28067207336	-1.13064050674
11	23	0.498726688325	-0.28397625311	0.729199817454	0.622595465687	-1.59508430958	4.29660224915	3.56605935097
12	23	0.496927112341	0.828532924303	-0.517221681208	-0.214510899104	4.8567647934	-2.91849541664	-1.21534061432
13	23	0.494046682492	-0.173353053666	0.0268303327197	-0.984494211273	-0.996861040592	0.206137821078	-5.65964412689
14	23	0.495104975998	-0.840907101193	-0.144076234565	0.521648622923	-4.7642250061	-0.827388525009	3.06213140488
15	23	0.499890401959	0.782703348583	0.33878988908	-0.522108110619	4.49835109711	2.1173388958	-2.95173859596
16	23	0.499917015433	0.0867395343954	-0.995787010683	0.0297402509566	0.527789115906	-5.80309772491	0.364364862442
17	23	0.499912202358	-0.652303913245	-0.62135298217	-0.43407381436	-3.78747177124	-3.56377410889	-2.61559724808
18	23	0.498847261071	-0.02304062399	-0.799959618397	0.599611322925	-0.132153898478	-4.59693908691	3.58869981766
19	23	0.447925418615	0.070928991049	0.582504624259	-0.809726769315	0.387661039829	3.07361221313	-4.24325847626
20	23	0.400644242764	0.474970212464	0.874395796777	-0.0991730197739	2.26013207436	4.14520168304	-0.520082235336
21	23	0.469789981842	0.0710281592287	0.991066899959	0.112877811826	0.39697676897	5.44511699677	0.645418167114
22	23	0.492259889841	-0.337039684724	0.834864649662	0.435207154889	-1.92983317375	4.82148551941	2.51206207275
23	23	0.49768062681	-0.424325887399	0.612939437765	-0.66652290802	-2.49385070801	3.47686672211	-3.88473176956
24	23	0.48979447037	0.727189745054	0.290404568372	0.621980917196	4.16425085068	1.59116268158	3.56972026825
25	23	0.46162225306	0.872342823387	-0.212181358111	0.440450984509	4.7696390152	-1.20650565624	2.38543868065
26	23	0.433629121631	-0.130448380005	-0.675242661235	-0.725968710485	-0.634356915951	-3.47328329086	-3.73170924187
27	23	0.421995714307	-0.0305431517806	-0.999508761052	-0.00702513053405	-0.173774152994	-5.02678108215	-0.0467805862427
28	23	0.471615284681	-0.59854307982	-0.801089713157	0.00120543493048	-3.31096506119	-4.41236162186	-0.0512232780457
29	23	0.484660103917	0.972895747489	-0.0924563302634	0.211956815204	5.49345159531	-0.472361057997	1.20864677429
0	24	0.480195656419	-0.574831196738	-0.749436005814	0.328503833229	-3.24875092506	-4.24595499039	1.83941674232
1	24	0.485252905637	-0.418649660518	-0.265123284195	0.868586268557	-2.42720222473	-1.47776389122	4.90418243408
2	24	0.498311214149	0.722495386721	-0.225079141548	-0.653712319149	4.09838199615	-1.31641340256	-3.77150630951
3	24	0.49979776144	-0.835034044298	-0.101403616094	0.540773012924	-4.84068346024	-0.646130025387	3.18309473991
4	24	0.49977825582	-0.0638581466751	0.99772247273	-0.0217256648282	-0.323460400105	5.72762155533	-0.166703462601
5	24	0.497454583645	-0.481868591594	-0.858950145437	0.173226176108	-2.73338675499	-5.0094499588	0.98543214798
6	24	0.491767589003	-0.019687422829	-0.619049318454	-0.785105309308	-0.125451952219	-3.49596476555	-4.58834266663
7	24	0.485853806138	0.94906498139	-0.309643844471	-0.0582782178807	5.48768043518	-1.70273888111	-0.216349840164
8	24	0.493696570396	0.685183476081	-0.498345235199	-0.531202061989	3.86799860001	-2.88453102112	-3.13745355606
9	24	0.496992349625	-0.0861774664321	0.957564589136	0.275033637783	-0.525936961174	5.49599742889	1.70897006989
10	24	0.498079583049	-0.668244101202	-0.218884703301	-0.711012874616	-3.79059743881	-1.24096608162	-4.22717237473
11	24	0.498134613037	-0.805130181419	-0.495848255353	0.325422646157	-4.6543598175	-2.94757056236	1.95878362656
12	24	0.495057731867	-0.201207871798	-0.902766056418	0.380169488131	-1.17091608047	-5.31697750092	2.13228416443
13	24	0.49866681546	-0.63793281087	-0.0746989189271	0.766460566713	-3.64016747475	-0.336247742176	4.47694540024
14	24	0.499558448792	0.553767307349	0.584829574384	-0.592719274393	3.22106170654	3.40109682083	-3.35494232178
15	24	0.499849200249	-0.523982968866	-0.732064360464	-0.435343106614	-3.16945123672	-4.23949337006	-2.32995390892
16	24	0.499921729788	0.277133633833	0.255708778452	-0.926180311614	1.6173889637	1.57349002361	-5.32520484924
17	24	0.499843277037	-0.554749826686	0.638710152792	0.533199747292	-3.22024488449	3.7271232605	3.04475998878
18	24	0.498185075819	0.462454130276	-0.366728180949	0.807246318473	2.75578856468	-2.23819875717	4.59855747223
19	24	0.467298597097	0.082463425141	0.951563134714	-0.296188089172	0.422454625368	5.21822023392	-1.5978500843
20	24	0.440783780068	0.558033337886	0.184183959296	-0.809119931126	2.93256092072	0.946539998055	-4.19330644608
21	24	0.477731280029	0.56844127082	-0.349125323849	-0.744973845095	3.17877531052	-1.88151574135	-4.18707990646
22	24	0.49914009124	-0.344316325304	-0.595823252663	0.725562485053	-2.0894947052	-3.39208602905	4.17437648773
23	24	0.499691873789	0.75420786077	-0.258378697674	-0.603664601697	4.41297388077	-1.39927589893	-3.48236012459
24	24	0.497747391462	-0.871079404115	0.00217895869856	0.491137377794	-5.061647892	-0.0723050162196	2.73596382141
25	24	0.491128087044	0.863328738783	0.167750862067	0.475944468469	4.91967868805	1.01399815083	2.73202085495
26	24	0.47551099956	-0.477424502193	-0.82698849363	-0.296910552373	-2.68900489807	-4.57676792145	-1.70358633995
27	24	0.453075677156	0.308769992766	-0.694160446103	-0.650232548119	1.65380191803	-3.69056296349	-3.45117640495
28	24	0.456871688366	0.909845227675	0.337103425792	-0.241956487815	4.89750862122	1.77406597137	-1.28423452377
29	24	0.471441462636	0.845372594382	0.490982144751	-0.21043219859	4.65124988556	2.72573876381	-1.15032553673
0	25	0.492914646864	-0.0333076708152	-0.921560105614	-0.386804305568	-0.129825249314	-5.29461669922	-2.21746206284
1	25	0.497550740838	0.44177154634	0.895577001788	-0.0527231895152	2.62003588676	5.14702510834	-0.264721632004
2	25	0.498367041349	-0.465115826187	0.880486658705	0.0917088440284	-2.7394285202	5.08400154114	0.653433084488
3	25	0.498788200319	-0.553242233943	0.556749710532	-0.619639242143	-3.138671875	3.31225967407	-3.6464176178
4	25	0.499896585941	0.513916632858	-0.857187103259	0.0334658703381	2.87073087692	-4.94423770905	0.211773633957
5	25	0.49980802834	-0.252777720358	0.966111329909	0.0522716205139	-1.43113040924	5.55444097519	0.20702791214
6	25	0.498975003138	0.157614908692	-0.219668171795	0.962758243205	0.917314291	-1.26095962524	5.57556295395
7	25	0.49456512928	0.941970400133	0.152254435468	-0.29918280725	5.4181432724	0.974536478519	-1.75981283188
8	25	0.497170120478	-0.171681229479	-0.927576068793	0.331855679547	-1.12891697884	-5.29795837402	1.99529278278
9	25	0.497012302279	-0.455323263556	0.657660146286	-0.60013653251	-2.56753182411	3.73153018951	-3.5489461422
10	25	0.484977285378	-0.0517527938815	0.124607191928	0.990855537425	-0.219000801444	0.639417290688	5.58130121231
11	25	0.492137923837	-0.237458155248	0.626182222868	-0.742636821246	-1.28361082077	3.54266953468	-4.26663970947
12	25	0.490010033362	0.119718536959	-0.0803719249879	0.98954930427	0.714726090431	-0.377787411213	5.66551113129
13	25	0.498533308506	-0.129597725674	-0.953379042167	-0.272530422995	-0.799007415771	-5.54939746857	-1.62414693832
14	25	0.499544546008	0.482122382206	-0.662747563705	-0.572995353715	2.83675909042	-3.87815666199	-3.38965916634
15	25	0.499528735876	0.970562134462	-0.237434363942	0.0404235818242	5.71252775192	-1.32641303539	0.273460388184
16	25	0.498882509768	0.527625578924	-0.588135277268	0.612950360223	2.96143436432	-3.41682863235	3.71643257141
17	25	0.499129451811	0.659004700848	-0.428074665944	0.618437454102	3.93384313583	-2.53747415543	3.46546649933
18	25	0.499023899436	-0.492939491301	0.862896230428	0.111448433944	-2.89394283295	4.93644237518	0.60702252388
19	25	0.494787342846	-0.297514329725	-0.405466857932	-0.864338967493	-1.57725000381	-2.49925947189	-4.95147752762
20	25	0.49391412735	-0.496384319514	0.865296072467	-0.0697518050894	-2.76002502441	4.98362398148	-0.324867248535
21	25	0.496923938394	0.052306338414	-0.998610951571	-0.00634147972349	0.227230429649	-5.78316879272	-0.0578362941742
22	25	0.499635413289	0.995647003139	-0.0520348134934	-0.0773267309816	5.77145528793	-0.0746671557426	-0.486135005951
23	25	0.499920606613	0.220971086316	-0.975279438389	0.00134017438296	1.08096504211	-5.71682548523	0.0582399368286
24	25	0.499756336212	-0.119687819819	0.992798740426	0.0050484448017	-0.644525945187	5.791056633	0.00732517242432
25	25	0.498415151611	0.322947578961	-0.030899337031	-0.945912306831	1.82891917229	-0.251514017582	-5.51205825806
26	25	0.498171787709	-0.383623597437	0.0717047380692	0.920701561869	-2.13623666763	0.425674319267	5.33986663818
27	25	0.482546031475	0.502226973352	0.859732659743	0.0928860646634	2.86439847946	4.84248638153	0.441717624664
28	25	0.467986695468	0.120638310824	0.679519900569	-0.723670576086	0.670675992966	3.76533794403	-3.94773340225
29	25	0.479464523494	-0.368562820406	-0.354408663944	-0.859392777684	-2.16587948799	-1.9973795414	-4.78277873993
0	26	0.498412206769	-0.256232085344	0.564839957903	0.78441120619	-1.45017910004	3.1810669899	4.55000591278
1	26	0.496005944908	-0.279305633871	0.0397116065865	-0.95938071233	-1.66118693352	0.146686032414	-5.54355955124
2	26	0.496632948518	-0.0547406162656	-0.933722261227	-0.35378836021	-0.283581584692	-5.44524431229	-1.97263455391
3	26	0.497257135808	-0.622955270274	-0.503730108373	-0.598483674929	-3.6718173027	-2.98338079453	-3.41275167465
4	26	0.499686509371	0.00788238938419	0.97284248026	0.231333907026	0.0758446529508	5.61532497406	1.36107492447
5	26	0.499939277768	0.226623793969	-0.973902535113	-0.0124702890116	1.42261600494	-5.62455558777	-0.0686163902283
6	26	0.499871268868	-0.847526286964	-0.529174463185	0.040909417218	-4.96703529358	-3.03880167007	0.206555604935
7	26	0.498008763418	-0.334170117406	0.106285572982	-0.936500779289	-2.00070524216	0.595019340515	-5.40518331528
8	26	0.49580258131	0.942966281808	-0.326217579346	0.0663074829715	5.4679479599	-1.77112555504	0.381716966629
9	26	0.483040334657	0.147225289719	-0.377945410788	0.914047034091	0.78424012661	-2.15485191345	5.12200164795
10	26	0.417449383065	0.174989267751	0.161065208598	0.971306725371	0.900354802608	0.785684704781	4.81205654144
11	26	0.415047541261	0.562510409971	0.0539772335826	0.825026361354	2.73314189911	0.28599023819	4.05182504654
12	26	0.462614610791	0.15238824617	0.441432824673	0.884259511529	0.816722452641	2.40910387039	4.79942893982
13	26	0.498435351998	0.549204785891	0.0802109110762	-0.831829497493	3.21880888939	0.507690608501	-4.74134349823
14	26	0.499787941575	-0.796979877485	-0.513239085455	0.318447352077	-4.62997531891	-2.89814925194	1.85060238838
15	26	0.499538317323	0.3948938737	0.908620798451	-0.135893609621	2.19746398926	5.28288173676	-0.761217832565
16	26	0.496471852064	0.112250848319	-0.41335706167	-0.903623642132	0.632362544537	-2.40966391563	-5.22168588638
17	26	0.491861961782	-0.789570563973	-0.336779013268	0.512989493781	-4.54833555222	-1.80695939064	2.94617843628
18	26	0.493322476745	0.947009027829	-0.120402191277	-0.297787195067	5.38791370392	-0.706401824951	-1.68948149681
19	26	0.491296246648	-0.999419011413	0.00233399880955	0.0340028245231	-5.74950933456	0.127804964781	0.260018110275
20	26	0.498745962977	-0.398996794536	-0.887395572827	0.23093430944	-2.21548366547	-5.2056722641	1.23855209351
21	26	0.499234307557	-0.0794254452801	-0.174052076888	0.981528131626	-0.348250418901	-0.782282531261	5.79845762253
22	26	0.499932035804	-0.861836788776	-0.491210925345	-0.126290048435	-4.95281600952	-2.82979440689	-0.769674062729
23	26	0.499991923571	0.980161412569	0.19267755958	0.0464646461899	5.65022373199	1.15409016609	0.186098575592
24	26	0.499937698245	-0.24670150636	0.647589222978	0.720948378903	-1.51566457748	3.65353727341	4.23033332825
25	26	0.499107779935	0.182681373848	-0.288239554152	-0.939970996931	1.1425344944	-1.65057039261	-5.48674821854
26	26	0.498818933964	-0.770723001131	-0.294031303777	-0.565271304709	-4.41857481003	-1.7188808918	-3.30681943893
27	26	0.494209694676	-0.210529783606	0.193168038815	0.958312745921	-1.14620053768	1.06932687759	5.56337547302
28	26	0.494982197881	-0.831978948921	-0.482916965868	-0.273134092762	-4.76047372818	-2.83400607109	-1.52733278275
29	26	0.496970891953	0.979832346249	0.0707197295086	-0.18688845096	5.67005777359	0.423503041267	-1.08390808105
0	27	0.497084379196	-0.273158946304	0.510178052417	-0.815538193395	-1.63090157509	2.86050748825	-4.79784870148
1	27	0.495186835527	0.54041809158	0.711779350809	-0.448685237172	3.14127540588	4.16404104233	-2.61793208122
2	27	0.497079864144	0.951349187364	0.0268395195006	0.306943584222	5.47897672653	0.213902011514	1.86445212364
3	27	0.497857436538	0.621415958953	-0.31775173323	-0.716153644121	3.67055940628	-1.87043058872	-4.1571187973
4	27	0.499337688088	-0.540745138656	0.820890301569	-0.183667655863	-3.12735557556	4.82480096817	-1.07348060608
5	27	0.499752119184	-0.596075051413	-0.744687439382	-0.300225166682	-3.47616147995	-4.28271770477	-1.80071353912
6	27	0.499649822712	0.613528492855	0.660728366653	0.432459031534	3.64284706116	3.76079559326	2.42834043503
7	27	0.498907536268	0.110877123413	0.852157078696	0.511404513797	0.711631655693	4.9688501358	2.9926776886
8	27	0.497638583183	-0.927516409466	-0.0768231889368	-0.365802553043	-5.40959024429	-0.491222083569	-2.02514886856
9	27	0.493071377277	0.040381881854	0.492242865155	-0.869520710117	0.235138475895	2.78894877434	-4.99621295929
10	27	0.466390669346	0.727481564713	-0.674247989605	-0.127122859928	3.95224905014	-3.67333555222	-0.614508390427
11	27	0.454661205411	0.845835477576	0.0461587436393	0.531443049874	4.4989233017	0.216303572059	2.81863307953
12	27	0.484426945448	-0.814981389516	-0.47506651756	0.331839025186	-4.62641429901	-2.68380045891	1.88580274582
13	27	0.498356282711	-0.924586921991	0.263853749474	0.274809429554	-5.39999580383	1.52699625492	1.52128386497
14	27	0.49928412959	0.492489230851	-0.326739960652	0.8066569008	3.00981688499	-1.79812669754	4.63467884064
15	27	0.496240749955	0.288574244328	-0.862519676209	0.415673806805	1.59970545769	-5.02697277069	2.41441965103
16	27	0.482182670385	0.114047871004	0.309465238162	-0.94404679412	0.637561917305	1.84746193886	-5.27334213257
17	27	0.439899459481	-0.128177158744	-0.903285386498	-0.409446121626	-0.661404967308	-4.67557859421	-2.11275219917
18	27	0.404321536422	-0.359770846558	-0.898807661528	0.250419099801	-1.71222805977	-4.29443454742	1.19502019882
19	27	0.451959997416	-0.895211798752	-0.443348647723	0.0451421304108	-4.73723936081	-2.41269421577	0.235601425171
20	27	0.498729646206	0.483402106748	0.853600265116	0.194136525637	2.73658418655	4.94107246399	1.0519323349
21	27	0.499861344695	-0.431838513386	-0.848778558801	0.305107286828	-2.41369342804	-4.96491718292	1.64195895195
22	27	0.499958530068	-0.195221948934	0.980671311941	-0.0131213029375	-0.919715166092	5.7481918335	-0.155008077621
23	27	0.499980166554	-0.892873325323	-0.0542521510377	0.447027883957	-5.16680526733	-0.317419618368	2.63702344894
24	27	0.499980129302	0.442052200502	-0.534897790944	-0.720051529597	2.64979553223	-2.97347307205	-4.15054321289
25	27	0.499857380986	-0.238150761854	-0.884517214592	0.401140264395	-1.42703652382	-5.11495733261	2.40837359428
26	27	0.499264582992	0.769255750349	0.592378764541	0.239443082749	4.45169019699	3.4714756012	1.38664650917
27	27	0.496735624969	0.0808282101383	0.807745687756	0.583963786855	0.421293616295	4.72722244263	3.39714097977
28	27	0.498290397227	-0.412190997053	0.680260830349	-0.606088924698	-2.43514490128	3.89266562462	-3.51701307297
29	27	0.499189063907	0.962183660255	-0.0568302045857	0.266407454447	5.54803180695	-0.400896906853	1.61239910126
0	28	0.497578114271	-0.820267370492	0.520858240324	-0.236364410165	-4.7733001709	2.99263763428	-1.49314665794
1	28	0.498523648828	0.529011043628	0.352569985978	0.771907844698	3.08372974396	1.97968411446	4.51039505005
2	28	0.499571055174	-0.953067256216	-0.234015909028	0.192092059833	-5.557513237	-1.3047503233	1.04277539253
3	28	0.499743975699	0.430242505764	-0.514853720939	-0.74149648163	2.5322136879	-3.00133752823	-4.32872056961
4	28	0.499137125909	-0.712682230272	0.115924228801	0.691842187085	-4.14174175262	0.745658397675	4.03712797165
5	28	0.497822564095	0.384406419857	-0.383425815983	0.83977160467	2.39173555374	-2.14888000488	4.86475610733
6	28	0.496775537729	-0.997463685666	0.0363951507384	0.0611685276939	-5.78751468658	0.162982821465	0.224233627319
7	28	0.499273732305	-0.195198708904	-0.157221488984	0.96807999021	-1.06944000721	-0.991825342178	5.61162233353
8	28	0.499186368659	-0.192268253045	-0.300431239867	-0.934223736042	-0.991904616356	-1.72837471962	-5.40652036667
9	28	0.497786298394	0.336677267577	0.693115080452	0.637369518213	2.01293802261	3.86033034325	3.76146030426
10	28	0.496076926589	-0.569486373496	0.409876822685	-0.712521059778	-3.37677025795	2.31390142441	-4.09951257706
11	28	0.497089788318	-0.404246257282	0.869733920524	-0.283103993197	-2.36631369591	5.02237796783	-1.56658172607
12	28	0.498935416341	0.262471781967	-0.669744804077	-0.694658521205	1.49416232109	-3.87628626823	-3.98055768013
13	28	0.499592870474	0.203674508953	0.667970995834	0.715773318256	1.28434514999	3.87666606903	4.09745311737
14	28	0.498484373093	-0.769399443105	-0.114519408963	-0.628418492663	-4.36517810822	-0.565519988537	-3.67930293083
15	28	0.487741023302	0.0277037932678	-0.998540951101	0.0463515783256	0.214787423611	-5.74459981918	0.337077617645
16	28	0.475157678127	-0.460666721564	-0.806236549829	0.371172193682	-2.54977822304	-4.48493003845	2.15135335922
17	28	0.444239869714	-0.969617181085	-0.21321627606	0.119922232167	-5.06293773651	-1.13946557045	0.594307184219
18	28	0.414998963475	-0.40455150261	-0.816332192508	0.412237593156	-2.01260590553	-3.98509120941	2.03341245651
19	28	0.468776062131	-0.936262612383	0.275445690897	-0.218041262195	-5.12848758698	1.49250018597	-1.13965415955
20	28	0.498809635639	0.99228481251	-0.123962892459	-0.00201299665719	5.70705842972	-0.832499027252	-0.063129901886
21	28	0.499865189195	-0.410517446424	0.909855662782	-0.0603166567813	-2.34677863121	5.30896377563	-0.473281621933
22	28	0.499963700771	-0.647998084217	0.613756383799	0.451000647668	-3.7778198719	3.59124970436	2.69008684158
23	28	0.499981164932	-0.846563238795	-0.519993589486	-0.11374247058	-4.85840988159	-3.20284605026	-0.823630332947
24	28	0.499981373549	-0.993285026163	0.0361345197503	0.10990520135	-5.8001203537	0.368149757385	0.683984279633
25	28	0.499970912933	-0.894416396178	-0.180924976917	0.409005455923	-5.2285900116	-0.960698246956	2.38380265236
26	28	0.499499991536	0.846891722622	-0.293211406105	-0.443623130014	4.92585468292	-1.63491249084	-2.61973500252
27	28	0.499014526606	0.571718270754	-0.80228455303	0.171690753553	3.3067753315	-4.74425601959	0.950036048889
28	28	0.499622002244	0.905264068785	-0.39644786692	0.152728696	5.24164867401	-2.31681370735	0.906870365143
29	28	0.499209955335	-0.880667276043	-0.175298109628	0.440108761181	-5.15411472321	-0.937962651253	2.50147533417
0	29	0.494254186749	0.12141658824	0.157094589164	0.980091476422	0.693736791611	0.908315241337	5.67283153534
1	29	0.49933873117	0.981868229044	-0.187204110343	-0.0298228413108	5.69288253784	-1.06104886532	-0.293859243393
2	29	0.499863624573	-0.821604431499	-0.370233695153	0.433466456736	-4.75781679153	-2.13431763649	2.49517345428
3	29	0.4999011904	0.913900349651	0.200769039966	-0.352814318726	5.25029563904	1.2896040678	-2.01903820038
4	29	0.498888030648	-0.528324619312	-0.836529859291	0.145227033103	-3.07159042358	-4.87095022202	0.798702955246
5	29	0.493669748306	0.496346554873	-0.727677732802	0.473418646285	2.95531225204	-4.19266414642	2.69118237495
6	29	0.48214007169	-0.63987343213	0.574655082457	-0.510228896733	-3.59871673584	3.25531721115	-2.88184261322
7	29	0.483791552484	0.386036991904	0.761899575753	-0.520081221876	2.21023774147	4.22264909744	-2.99924039841
8	29	0.492486022413	-0.585967359732	0.146694839186	0.796945968987	-3.29407930374	0.792505323887	4.6605014801
9	29	0.499211087823	-0.986807954201	0.131322043558	0.0946814786636	-5.71659708023	0.701808273792	0.473959684372
10	29	0.499543704093	0.691586482455	-0.0901771364371	-0.716642324559	4.03275585175	-0.561797738075	-4.15478372574
11	29	0.499861210585	0.653492532795	-0.691522050494	0.307806373003	3.75852203369	-4.09446716309	1.827272892
12	29	0.499687209725	0.645780916169	0.562553168461	0.516237291337	3.6686091423	3.3441529274	2.97842931747
13	29	0.496574312449	-0.284534753139	-0.542297182749	0.790540157006	-1.79647541046	-3.30060911179	4.48338031769
14	29	0.4961986579	0.162461256647	-0.518795013791	0.839320006764	0.985566973686	-2.98196601868	4.84716510773
15	29	0.493473682553	0.183359093574	-0.145106816691	-0.972277457598	1.02675271034	-0.672693312168	-5.62410068512
16	29	0.495829224586	-0.653343235323	-0.461584302185	-0.600068786751	-3.78568935394	-2.59705901146	-3.48557329178
17	29	0.4966423437	0.567223472569	0.426789775096	0.704349359367	3.24067306519	2.4337003231	4.00385284424
18	29	0.490475423634	-0.569984940843	-0.286592305063	-0.770053256529	-3.31177210808	-1.68214559555	-4.32268428802
19	29	0.494162421674	0.533869198942	0.188693329177	-0.824244202858	3.16219043732	1.03949344158	-4.63741970062
20	29	0.499128688127	-0.567425743695	-0.111986469924	0.815773900015	-3.42233324051	-0.652339458466	4.66268587112
21	29	0.49960731715	-0.360205125134	-0.0105496819419	0.932813471192	-2.1151573658	-0.133954524994	5.48533344269
22	29	0.499922662973	0.601024984203	-0.797829899467	0.0472908012225	3.50825715065	-4.56272792816	0.10063457489
23	29	0.499992825091	0.125528798907	0.574352603389	0.808926206539	0.649774074554	3.48613119125	4.5771484375
24	29	0.500000461936	0.659113361244	-0.750572371427	0.0470179995271	3.8383102417	-4.40314149857	0.15895652771
25	29	0.50000269711	0.949907109636	-0.148082846477	-0.275223461285	5.54122114182	-0.687463521957	-1.57724523544
26	29	0.499822735786	-0.928776291645	-0.370218237412	-0.0176934102237	-5.4117937088	-2.02986717224	-0.12945318222
27	29	0.499269373715	-0.751176266775	-0.319763645979	0.577481971099	-4.33483219147	-1.84199213982	3.46746110916
28	29	0.499355331063	0.000280871100128	0.911479506699	-0.411345390127	-0.077071249485	5.24963235855	-2.41018676758
29	29	0.498051151633	0.154031515808	-0.965713293644	0.208978770733	0.93527340889	-5.57427215576	1.12948203087
