0	0	0.499335356057	0.454284381891	0.63308720632	-0.626758557631	2.59960198402	3.79547119141	-3.57834911346
1	0	0.499684676528	-0.858281470401	0.415583449007	-0.301070281625	-5.04514741898	2.32044363022	-1.73260569572
2	0	0.499942265451	0.577862721471	-0.603356870603	0.549577257381	3.42778587341	-3.36091017723	3.15648794174
3	0	0.499578788877	-0.513780495036	-0.579198625231	-0.632896954844	-2.90815544128	-3.3291888237	-3.85433363914
4	0	0.499522954226	-0.911116307428	-0.402477669254	-0.0887626052555	-5.28846740723	-2.3447933197	-0.389655351639
5	0	0.499506741762	0.646755484339	0.734679291711	-0.204825979329	3.83117508888	4.12698030472	-1.13847875595
6	0	0.499172598124	-0.73448548599	-0.350748496163	-0.580953150701	-4.28207683563	-2.15955233574	-3.30424404144
7	0	0.499878525734	0.439654814933	0.898111322241	-0.0099848169309	2.56121087074	5.23672962189	0.0398516654968
8	0	0.499795246869	-0.0476724679739	0.530387440617	-0.846413905033	-0.354263693094	2.99697327614	-5.00601053238
9	0	0.499809723347	0.481387559585	0.0445817627673	0.875373339728	2.86471843719	0.216293513775	5.06610298157
10	0	0.499565437436	-0.186435881354	-0.982309426592	-0.0176026297264	-1.121789217	-5.64793205261	-0.208640575409
11	0	0.492327108979	0.539756146323	0.839524550067	-0.0621436428087	3.08899211884	4.81508684158	-0.328040361404
12	0	0.476467847824	0.899715582486	0.215922512361	-0.379327482905	5.04008579254	1.1416298151	-2.1565322876
13	0	0.496428973973	-0.65891216447	-0.359195978463	0.660918307032	-3.81769680977	-1.96195113659	3.77991962433
14	0	0.49990311265	0.864250119574	-0.406177357333	-0.296802434637	4.95339822769	-2.43819022179	-1.74863624573
15	0	0.499996602535	0.101174671395	0.861195803563	0.498101870899	0.556938350201	4.94896030426	2.93258428574
16	0	0.499944455922	-0.104270087648	-0.783786126902	-0.61221487739	-0.625592648983	-4.55428934097	-3.55459070206
17	0	0.499561294913	-0.507661128081	-0.494574744143	-0.7054615521	-2.9489607811	-2.83656311035	-4.05828285217
18	0	0.483003512025	0.130004009284	0.522717160807	0.842535297402	0.762262165546	2.92691159248	4.75911903381
19	0	0.436631627381	0.297486074899	0.706110833568	0.64258036537	1.55555939674	3.67992782593	3.28357744217
20	0	0.42422530055	0.0204457213306	0.944310538303	0.328419822374	0.130887806416	4.72553110123	1.65693116188
21	0	0.430360116065	0.532872608054	0.00955847415949	0.846141488853	2.70802640915	0.0932468622923	4.31421041489
22	0	0.459992643446	-0.142762619811	-0.5143713165	0.84560095976	-0.803810119629	-2.80418109894	4.5588183403
23	0	0.458042964339	0.461489604369	0.73957230148	0.489959341112	2.45254397392	4.01710796356	2.61590766907
24	0	0.457480885088	0.789234789832	-0.0788878882722	-0.609003405247	4.25034856796	-0.441967725754	-3.26090431213
25	0	0.483162209392	0.920840427421	0.222302969018	0.320365880194	5.22584629059	1.262332201	1.80626058578
26	0	0.498894378543	-0.804532586944	-0.442817276776	0.395777937655	-4.65703630447	-2.63815903664	2.25501537323
27	0	0.499041639268	-0.645325840248	-0.253008904255	0.720791963243	-3.79671287537	-1.44436407089	4.22069263458
28	0	0.49757014215	-0.841768814418	-0.512077780073	0.170884786419	-4.96577548981	-2.9048678875	1.03028464317
29	0	0.499611824751	0.37320076246	-0.88803127471	-0.268554735643	2.16069078445	-5.14741897583	-1.46691679955
0	1	0.499950870872	0.325428769704	-0.879093245524	0.348268835131	1.85621201992	-5.11169719696	1.99904632568
1	1	0.499973982573	0.94659602053	0.318003738677	-0.0531939480063	5.47085905075	1.81342601776	-0.287460803986
2	1	0.499961271882	-0.721987401226	0.659953692425	0.207834829431	-4.19073343277	3.8217523098	1.07945013046
3	1	0.499769464135	-0.635018880923	-0.66507986766	0.392962836037	-3.69546556473	-3.86802339554	2.25740504265
4	1	0.499591544271	0.989257979853	0.0675796976861	0.129621116171	5.69260883331	0.410648584366	0.772219181061
5	1	0.499249592423	-0.748028716383	0.656371483778	-0.0981300909475	-4.48452854156	3.75290346146	-0.573870182037
6	1	0.49963195622	-0.649851530351	0.690483464422	-0.317687856017	-3.77809095383	4.11530780792	-1.73263883591
7	1	0.499937593937	0.127987014632	-0.909410485443	-0.395716935513	0.727973401546	-5.2947063446	-2.23023462296
8	1	0.499569296837	0.878917410675	0.468376418321	0.0901538461416	5.16617584229	2.62255477905	0.591714382172
9	1	0.498946234584	-0.0980485618218	0.951243236911	0.292442787148	-0.714151442051	5.62913703918	1.53548765182
10	1	0.498629882932	0.504197095484	0.145810871772	0.851190036701	2.88895511627	0.781973481178	4.9705324173
11	1	0.492282941937	-0.272760075671	0.841738697983	-0.465916200017	-1.62452173233	4.75075101852	-2.77616786957
12	1	0.445976525545	0.814597759725	-0.441966417902	-0.375627708374	4.26095914841	-2.35236024857	-1.97566473484
13	1	0.482904970646	0.814914002585	-0.469969088902	0.339181697424	4.58637523651	-2.60239696503	1.92551922798
14	1	0.497288199142	-0.170068131821	0.338693680091	-0.925399060733	-1.05912542343	2.11013817787	-5.28750562668
15	1	0.49949374795	-0.812045930977	-0.577951713243	-0.0809519804744	-4.60268497467	-3.50805139542	-0.524222612381
16	1	0.498759426177	-0.208051648872	0.635183765168	0.743811868599	-1.14790666103	3.67262935638	4.30899238586
17	1	0.495534449816	0.819153764459	0.329489531945	0.469493086756	4.77015209198	1.88287591934	2.66109132767
18	1	0.490961909294	-0.458045129313	-0.860485632792	0.223067557639	-2.65127539635	-4.87578392029	1.16998720169
19	1	0.457756835967	0.560413897225	0.286799429048	0.776969980948	2.99420118332	1.54029357433	4.16664505005
20	1	0.430537715554	0.75450806257	0.642350834639	-0.134547347633	3.80033755302	3.28204202652	-0.672033071518
21	1	0.425537161529	0.44289451617	0.749367459963	0.492232523809	2.24820971489	3.78678178787	2.4683175087
22	1	0.451030641794	0.036705049924	0.986721501629	-0.158219523237	0.187761574984	5.24513626099	-0.818509817123
23	1	0.408847332001	0.511788256844	0.844974198818	0.155213992564	2.51575422287	4.08326721191	0.727059364319
24	1	0.409457400441	0.916721448083	0.389016883778	0.0910365353003	4.44458866119	1.90702307224	0.438694477081
25	1	0.476118505001	0.865571121037	-0.439535660244	-0.239989661862	4.76511001587	-2.51690745354	-1.32834362984
26	1	0.499452084303	-0.6129925203	0.776104394954	0.147993709968	-3.54706978798	4.45672512054	0.916756391525
27	1	0.497844234109	0.655467982024	0.304950087092	-0.690917628176	3.79233694077	1.70711755753	-4.02832317352
28	1	0.499103605747	0.614853921347	-0.788641017965	-1.36625574608e-05	3.53703474998	-4.57863140106	-0.000230550765991
29	1	0.499959111214	-0.690039922819	0.70964029481	-0.142322018314	-3.93210697174	4.07295036316	-0.774576187134
0	2	0.499891996384	-0.806127783396	-0.229994596894	0.545215995946	-4.70623779297	-1.16644525528	3.22804641724
1	2	0.499940142035	-0.791817800639	-0.506583319056	-0.341171381339	-4.58040523529	-2.93046355247	-2.00035309792
2	2	0.499757006764	0.792057313397	-0.500023662945	0.350173598077	4.62056112289	-2.8964164257	2.06665015221
3	2	0.499378308654	0.85361051589	0.428492422473	0.296215008136	4.94151639938	2.60707330704	1.6613175869
4	2	0.497490670532	0.464303235849	0.0765244741677	-0.882364159536	2.63082695007	0.346416890621	-5.21332979202
5	2	0.497658610344	-0.767869365924	0.628532353012	0.123789006348	-4.43842124939	3.64778923988	0.847927093506
6	2	0.49947770685	0.697264433713	0.0224291322388	-0.716463009168	4.13380289078	0.0438610166311	-4.08679676056
7	2	0.499850913882	-0.733545432465	-0.632283007327	-0.249257491672	-4.26021671295	-3.69304704666	-1.41775369644
8	2	0.499630972743	-0.657248790952	0.738149509035	0.152181894796	-3.80454897881	4.34396743774	0.887801408768
9	2	0.499416995794	-0.276569542771	0.376621651549	0.884118442063	-1.61706972122	2.00151872635	5.23058605194
10	2	0.499645181	0.729131759363	0.0422262985349	-0.683069408772	4.09147930145	0.259849667549	-4.05329465866
11	2	0.491560466588	-0.65609771834	0.0353841169438	0.753845971176	-3.70260906219	0.127191305161	4.34439563751
12	2	0.436642490327	-0.0857104870332	-0.83713694793	-0.540236469357	-0.428477525711	-4.27274513245	-2.79383254051
13	2	0.471912689507	-0.564666330728	-0.0910202208178	-0.820284861706	-3.12510490417	-0.438521742821	-4.51012277603
14	2	0.495203286409	0.36655945675	-0.802227929446	-0.471237216149	2.14924693108	-4.62090539932	-2.6208024025
15	2	0.499102801085	-0.799077154436	0.498940943253	0.335460335068	-4.60140991211	2.91819000244	2.03449177742
16	2	0.497288983315	-0.422621173287	0.232879814105	-0.875875753787	-2.36125850677	1.24793803692	-5.11109256744
17	2	0.481450557709	0.353929641086	0.902329807257	0.246038062292	2.00535917282	5.07161712646	1.48542165756
18	2	0.469318732619	0.55877167397	0.58239210362	-0.590418202641	3.06578874588	3.22739624977	-3.21949934959
19	2	0.465062020347	0.350812173111	0.216596550359	-0.911052552584	1.87685275078	1.13494455814	-4.97782850266
20	2	0.487781316042	-0.456766141836	-0.52519506402	0.7180075462	-2.64570999146	-2.95066785812	4.05163383484
21	2	0.479777336121	0.665825306098	-0.141382692685	0.732589650465	3.78076958656	-0.830473423004	4.09699821472
22	2	0.472870400175	0.218916804435	0.248396787683	-0.943596560297	1.16076481342	1.41033470631	-5.21505641937
23	2	0.451274193823	0.686050678414	-0.279102122444	-0.671890223098	3.67801427841	-1.44401097298	-3.54976797104
24	2	0.458158798516	0.577017911169	0.497506211663	-0.647717453483	3.13843274117	2.61131358147	-3.50915384293
25	2	0.489502608776	-0.327388156813	0.864243528127	-0.381968740696	-2.01484107971	4.9295759201	-2.04526591301
26	2	0.49740139395	0.613879693709	-0.509315554148	-0.603116396689	3.49255418777	-3.01132822037	-3.41060233116
27	2	0.489374652505	0.376805058461	0.907211999772	-0.187040999215	2.07364177704	5.29838848114	-1.0551700592
28	2	0.498531900346	0.422666882669	0.619344646392	0.661638054589	2.29610729218	3.66441822052	3.88744735718
29	2	0.499889448285	0.976053550314	-0.183732360756	-0.116455513096	5.61248779297	-1.16910934448	-0.689676523209
0	3	0.499734539539	-0.0585598877664	-0.592376519092	-0.803530210492	-0.314277589321	-3.50271558762	-4.64130783081
1	3	0.499724239111	-0.00591504605073	0.996024937079	-0.0888782141268	-0.0318535193801	5.76997900009	-0.439199447632
2	3	0.498998478055	0.46648497399	-0.727834366482	-0.502641924246	2.63920545578	-4.26980304718	-2.98392796516
3	3	0.499646002427	-0.183548775039	-0.349531378496	0.918769646118	-1.16932535172	-2.05132818222	5.2726392746
4	3	0.49433920905	0.527619527113	0.217637310878	-0.821128269835	3.03650569916	1.34926140308	-4.67848014832
5	3	0.490389585495	-0.663778483778	-0.744916899413	-0.0670592084782	-3.73762798309	-4.27966880798	-0.341768264771
6	3	0.493639111519	0.869695558585	0.358389850564	-0.3393911466	5.01548290253	2.07544660568	-2.00578737259
7	3	0.495983578265	0.155222091886	0.777994136433	0.608794896387	0.951697826385	4.41971826553	3.56032657623
8	3	0.499567367136	-0.555131177335	-0.391186594188	-0.734031623623	-3.18516778946	-2.34475564957	-4.24468755722
9	3	0.499155715108	0.168056432759	0.743997432107	-0.64670306666	0.98439770937	4.3458404541	-3.75954771042
10	3	0.499356910586	0.566897263098	-0.750763090125	0.339090364944	3.22026920319	-4.31251621246	2.07484817505
11	3	0.485993340611	-0.670737639159	0.729996643307	-0.13120945155	-3.70070362091	4.17735338211	-0.804618835449
12	3	0.444311961532	-0.882154284458	-0.458457519327	0.10779852218	-4.59241294861	-2.44861888885	0.553158998489
13	3	0.473087374121	-0.306172924756	-0.409574782879	0.859364088949	-1.71021413803	-2.27387213707	4.72398853302
14	3	0.483289027587	0.115747723474	0.438301931978	0.891343862342	0.670277833939	2.50903725624	5.05682706833
15	3	0.492622300982	0.488059824872	0.83090803532	0.267188031516	2.80429029465	4.81680297852	1.46331119537
16	3	0.495495021343	0.0131117456784	-0.92597525543	0.377356473982	0.133435383439	-5.27857208252	2.26896810532
17	3	0.487160556018	-0.737033499469	0.0566816263874	-0.673475176892	-4.14905166626	0.350768268108	-3.81473302841
18	3	0.462112404406	-0.0366576234643	-0.676290539174	-0.735722315324	-0.176268875599	-3.66154432297	-3.95961880684
19	3	0.422850914299	0.885921780787	0.00883274227422	-0.463750559019	4.4372010231	0.0537843182683	-2.33621406555
20	3	0.468663103878	0.432265573159	-0.712952825313	-0.55212747001	2.32529449463	-3.88295459747	-3.07904148102
21	3	0.495057754219	0.188928486023	0.514690492833	0.836301215924	1.01520180702	3.01133608818	4.80124568939
22	3	0.491409733891	0.159005374124	-0.97292696912	0.167721208432	0.884932637215	-5.60557413101	0.964996337891
23	3	0.490853860974	-0.707738736006	-0.705923360229	-0.0278942832797	-4.13105630875	-3.98406410217	-0.227607727051
24	3	0.497981056571	-0.503599831862	0.550764587795	0.66561669013	-2.88203763962	3.11389923096	3.9235432148
25	3	0.497234888375	0.775222704645	0.172301865908	-0.607734995872	4.44248771667	0.834969997406	-3.54902553558
26	3	0.484637784772	-0.0517149218249	-0.125998549238	0.990681549465	-0.36947363615	-0.709240674973	5.56498479843
27	3	0.474938929081	0.703262456908	0.699052145689	-0.129414119439	3.89487552643	3.90078449249	-0.752087831497
28	3	0.492417819798	0.198560024812	-0.822560895035	-0.532886001417	1.06567716599	-4.74738693237	-2.96281814575
29	3	0.499144345522	-0.320129259684	0.681239138522	-0.658354382715	-1.94008779526	3.99526262283	-3.73342370987
0	4	0.4987167418	0.803223084162	-0.592721883901	-0.0592743233944	4.69020080566	-3.43446397781	-0.405371665955
1	4	0.499103110284	0.390168610342	0.465055653743	0.794664516903	2.10936999321	2.69344162941	4.68352985382
2	4	0.496277064085	0.712495117668	-0.0727899815641	-0.697891342462	4.05626106262	-0.456545889378	-4.13954687119
3	4	0.497934266925	-0.105284182919	0.988237236511	0.110916208013	-0.649507641792	5.7020816803	0.644010543823
4	4	0.481020346284	-0.48387571668	-0.810651414056	0.329709835608	-2.71023225784	-4.54227828979	1.81109666824
5	4	0.442786376923	-0.574672194757	-0.0976084842053	0.812541969614	-2.9989221096	-0.472457289696	4.26711845398
6	4	0.474306419492	0.540364708043	-0.00758738253935	0.841396704253	2.9753704071	-0.0934871062636	4.66961765289
7	4	0.482678547502	-0.552722944692	0.83176431529	-0.0516281921156	-3.12757825851	4.66357135773	-0.374281167984
8	4	0.496072947979	0.272476925025	-0.896288590228	0.349890108973	1.60939455032	-5.08698272705	2.11362218857
9	4	0.497927024961	0.246812152112	0.670955797736	-0.699215330964	1.40722322464	3.92859697342	-4.05097198486
10	4	0.492127589881	-0.565874481789	-0.468785676574	-0.678252209948	-3.33399915695	-2.60607910156	-3.93823766708
11	4	0.493387877941	-0.0859794877638	-0.973003454307	0.214177042633	-0.427860856056	-5.58624267578	1.25921702385
12	4	0.484957233071	-0.888188721447	0.459368600865	0.0100639770687	-5.02569389343	2.63749504089	0.0451681613922
13	4	0.497237980366	0.856270688106	0.321368085463	-0.404379849073	4.95193815231	1.83141422272	-2.33341240883
14	4	0.49529697001	-0.617141457292	0.3782527275	0.68997195293	-3.64794445038	2.16910123825	3.92502737045
15	4	0.496158197522	0.886191741695	-0.274887066202	-0.372962863817	5.14435911179	-1.55781304836	-2.15822887421
16	4	0.494644328952	-0.280369592732	-0.778768326053	-0.561170906059	-1.67456781864	-4.38846492767	-3.34844946861
17	4	0.484290579334	0.334922817717	-0.0912815823397	0.93781361629	1.89983546734	-0.454027444124	5.28337049484
18	4	0.474134253338	-0.268848089572	-0.133416020544	0.953897725228	-1.55071735382	-0.694417774677	5.27662611008
19	4	0.466674700379	0.308034460289	-0.618086738758	-0.723245155287	1.61046373844	-3.37733030319	-3.96666479111
20	4	0.472412019968	0.964882562557	-0.238210277856	-0.110713612517	5.36013317108	-1.31095027924	-0.479254722595
21	4	0.492818873376	-0.0490177626128	0.603486338895	-0.795865250979	-0.340450555086	3.42627310753	-4.58714914322
22	4	0.495819658041	0.898595836458	-0.438675027088	-0.00947329451055	5.22255945206	-2.51711845398	-0.040974855423
23	4	0.496670410037	0.688964749676	-0.581734069904	0.432334414102	3.96732831001	-3.33954811096	2.52136230469
24	4	0.496335253119	-0.446663238031	0.534808454357	-0.717266943989	-2.5948843956	2.97093343735	-4.2178030014
25	4	0.48614397645	-0.144814346704	0.767587116689	0.624370741852	-0.85685646534	4.26486253738	3.64467740059
26	4	0.441616609693	-0.660767682206	0.542864575613	0.518347492226	-3.4790391922	2.82173323631	2.70596194267
27	4	0.433020144701	0.580024290671	-0.0741480038956	0.811217539104	2.90033817291	-0.320119976997	4.16520690918
28	4	0.466064676642	0.0486216960725	0.873917074917	-0.483637133438	0.273972600698	4.77305793762	-2.61946415901
29	4	0.48987954855	0.378942238574	0.537757453273	0.753139894889	2.10354208946	2.98488068581	4.40701580048
0	5	0.498826295137	-0.743681084235	-0.665586114113	0.062718176396	-4.41630029678	-3.71946144104	0.423562526703
1	5	0.497175186872	0.368216484818	-0.656998393869	-0.657852362435	2.02919769287	-3.7479596138	-3.88773655891
2	5	0.489532023668	0.907487863508	-0.309449627708	0.284089256215	5.20510387421	-1.77440023422	1.81985545158
3	5	0.492820359766	0.807579035396	0.203330243416	-0.553599958184	4.57716703415	1.12922012806	-3.27366304398
4	5	0.475828021765	0.636560976805	-0.210576662528	0.74192155381	3.52752065659	-1.09613859653	4.15584754944
5	5	0.421575009823	-0.439387036574	0.542854566246	0.715714993553	-2.17860412598	2.72105121613	3.5402173996
6	5	0.443095937371	-0.787706533298	0.610628225582	-0.0815572652951	-4.10271310806	3.18378400803	-0.415794610977
7	5	0.427421972156	-0.89700579542	0.080637360149	-0.43460121851	-4.54724884033	0.377805501223	-2.217846632
8	5	0.465436972678	-0.509871565613	-0.524098358181	-0.68216705984	-2.78433156013	-2.80273628235	-3.73320698738
9	5	0.49477102235	0.561956625092	0.09671715025	0.821492875418	3.16983270645	0.579256415367	4.71732473373
10	5	0.481961131096	-0.276099868011	-0.929964198142	-0.242766251894	-1.6177842617	-5.24238824844	-1.38100004196
11	5	0.491514116526	0.862578304476	-0.211793207102	0.459458709868	4.97542858124	-1.09003043175	2.57831406593
12	5	0.49613917619	-0.643183103195	0.490599905765	0.587900695889	-3.69817328453	2.81835317612	3.37668657303
13	5	0.499303534627	0.579737587363	-0.205405844218	-0.788487646675	3.29383850098	-1.24613690376	-4.56453847885
14	5	0.498642601073	-0.613661453833	-0.136578572854	0.777666968257	-3.52709269524	-0.723195314407	4.58246231079
15	5	0.498504713178	0.306648447695	-0.9171144296	-0.254691681344	1.79911780357	-5.29079437256	-1.53029942513
16	5	0.494398843497	-0.335394200354	-0.175528683409	0.925581121064	-1.93967270851	-0.907702565193	5.35249519348
17	5	0.461311683059	0.776405869924	-0.601838859693	-0.187039867704	4.21259021759	-3.24074459076	-1.08824467659
18	5	0.433930397034	0.298678179848	-0.954196237598	0.0173460380415	1.55543982983	-4.87799787521	0.084897518158
19	5	0.46809232235	0.804579897837	0.217825334733	0.552452089819	4.37371349335	1.18899154663	3.0448949337
20	5	0.49326405488	-0.358082870967	0.0994594374749	-0.928377335902	-2.08932471275	0.597452759743	-5.34230422974
21	5	0.490060269833	-0.941645463269	0.336603147638	0.00146372992733	-5.41817998886	1.9141740799	0.108123540878
22	5	0.484036758542	-0.747297148346	0.664337274291	0.0142463350038	-4.29369449615	3.71373176575	0.0737869739532
23	5	0.486626639962	-0.147632954736	0.988922599942	0.0153818724511	-0.939240455627	5.63756275177	0.0748341083527
24	5	0.492436900735	0.459104864252	0.798204918035	-0.389989272218	2.76495909691	4.6318655014	-2.17092204094
25	5	0.494069941342	0.762875473994	0.347854437891	-0.544993854294	4.37594461441	1.8834528923	-3.23717451096
26	5	0.460599936545	-0.412444216196	-0.180964874374	0.892827801297	-2.22100400925	-0.969861745834	4.77662801743
27	5	0.41942566447	-0.155994639848	0.152136566427	0.975971381493	-0.749207258224	0.77846121788	4.82313632965
28	5	0.437841400504	-0.279367556505	0.947297747858	-0.15678247758	-1.44114851952	4.92294883728	-0.756298065186
29	5	0.486897595227	0.470002896812	0.730694413541	-0.495159520769	2.65983343124	4.08434343338	-2.85392904282
0	6	0.497624069452	0.616708916388	-0.633352643839	0.467476781231	3.66893053055	-3.75166463852	2.59623622894
1	6	0.495520561934	0.611936068967	0.404125452005	0.679865329708	3.4390604496	2.52120995522	3.91873025894
2	6	0.490899249911	0.933572195182	-0.3087254813	0.182020695469	5.37485361099	-1.83340191841	1.00077319145
3	6	0.49613224715	-0.748457170385	-0.25331414592	0.612897876956	-4.30652141571	-1.33778858185	3.549503088
4	6	0.490958735347	-0.140995646338	-0.950603881888	-0.276536593333	-0.813639998436	-5.38787651062	-1.65820407867
5	6	0.456510946155	0.767186588543	0.247300287741	0.591833850031	4.10042476654	1.34915280342	3.19031786919
6	6	0.478549718857	0.420407055419	0.894924235506	0.149561092726	2.34241199493	4.99706315994	0.812473297119
7	6	0.43847951293	-0.211270353841	-0.614053468452	-0.760462474728	-1.09865117073	-3.16628909111	-3.90289115906
8	6	0.416880473495	0.624448311098	-0.464251007343	-0.628120457355	3.06824588776	-2.29650783539	-3.12071561813
9	6	0.473563157022	-0.310120183168	-0.646013965349	-0.697489375236	-1.72335541248	-3.53514242172	-3.87233614922
10	6	0.456687279046	-0.0126769348955	-0.649656133214	-0.760122492694	-0.0080156493932	-3.53250575066	-4.12128448486
11	6	0.486307740211	-0.711308937244	-0.588236470048	-0.384730361554	-4.09635639191	-3.30126333237	-2.12615060806
12	6	0.497711479664	0.427499796176	-0.822374428626	-0.375425389939	2.54578971863	-4.68415737152	-2.24904370308
13	6	0.499806787819	-0.0656579648354	0.575870779056	0.814899918691	-0.362776368856	3.39002132416	4.64940214157
14	6	0.499216020107	-0.956446525346	-0.170069676274	-0.237247443327	-5.5712146759	-1.07213628292	-1.4205429554
15	6	0.499342560768	-0.456491265272	0.793725704666	-0.40201396802	-2.62734436989	4.64279603958	-2.30279421806
16	6	0.49767036736	-0.449173889723	0.616500449946	0.646660662177	-2.60340118408	3.62986135483	3.78079462051
17	6	0.476398549974	0.166342506897	-0.681148040363	-0.712998960384	0.928081870079	-3.76892566681	-3.94336414337
18	6	0.417532905936	0.82479558942	-0.332822046391	0.457101434157	4.03836345673	-1.63381576538	2.24771714211
19	6	0.432406767271	0.247345069923	-0.0247324209747	0.968611750774	1.24835562706	-0.098171196878	4.92348146439
20	6	0.494393900037	-0.110053979071	-0.558942750119	-0.821870503048	-0.63659542799	-3.17453050613	-4.78798103333
21	6	0.4947065413	0.673271210062	-0.702550395994	0.230496895404	3.86961460114	-4.04177474976	1.31307125092
22	6	0.477060690522	0.716881312891	0.695962287339	0.0414448769929	3.97688531876	3.93177509308	0.193843603134
23	6	0.490173175931	0.945637070376	0.325198964876	0.0040204943092	5.42099332809	1.78604900837	0.0634684562683
24	6	0.49754396081	-0.649830099931	-0.191335934222	-0.735602747072	-3.73414802551	-1.18836653233	-4.17438697815
25	6	0.497757785022	0.00143542389767	0.513493851774	0.858092071836	-0.0141530865803	2.84280991554	5.02292585373
26	6	0.496174503118	0.61726693814	0.166535072219	-0.768926262265	3.44948458672	0.981503367424	-4.49420452118
27	6	0.487836480141	0.965779388254	-0.111300809187	0.234269722964	5.45710754395	-0.603287041187	1.41179704666
28	6	0.486199632287	-0.746507386136	0.568951546407	-0.344994000361	-4.17880868912	3.25100421906	-2.02263522148
29	6	0.498607449234	-0.145920082926	-0.519676451134	0.84180978584	-0.856589198112	-2.96382761002	4.8931221962
0	7	0.498121302575	0.33143686424	0.408118232527	0.850640413631	1.84661698341	2.53719830513	4.89050197601
1	7	0.496785715222	-0.223265297132	-0.801988856285	0.55404555904	-1.31631135941	-4.65621948242	3.15433812141
2	7	0.481218818575	0.359153896293	0.367371862272	-0.857931462057	1.98452961445	2.11156582832	-4.81706523895
3	7	0.484784107655	-0.123176294984	-0.503226024342	-0.855331028771	-0.652902603149	-2.90567588806	-4.80581188202
4	7	0.495004594326	0.3073260676	0.946881746189	0.0946871000086	1.73506546021	5.42476081848	0.568879365921
5	7	0.465597033501	0.846406328295	-0.0887650649398	0.525087698074	4.66939020157	-0.527108252048	2.83530950546
6	7	0.488398432732	-0.665688388056	-0.622483066	0.411550486029	-3.81520414352	-3.50317573547	2.29948377609
7	7	0.464881433174	0.183600315536	0.204959840074	-0.961396062033	1.05646467209	1.13428664207	-5.2062048912
8	7	0.450948555022	0.516444675254	0.354476671448	-0.779507015235	2.70242738724	1.8577902317	-4.17887210846
9	7	0.488331720233	0.102111865034	0.817146099143	0.567314215999	0.604236841202	4.61179447174	3.21491885185
10	7	0.486196048558	-0.316671006789	0.437353666715	-0.841689517382	-1.83965015411	2.46231937408	-4.77708244324
11	7	0.493990644813	-0.129244374897	0.920711539274	-0.368220250672	-0.602429747581	5.32987833023	-2.0365664959
12	7	0.499236151576	0.0216870422095	-0.945290218532	0.32550894757	0.104144439101	-5.55558872223	1.86832380295
13	7	0.499604865909	-0.168597372368	-0.860928500026	0.479976086773	-1.00519990921	-5.00328397751	2.88421726227
14	7	0.499412488192	0.43261493349	-0.366555195385	-0.82369995026	2.5002746582	-2.02717614174	-4.8529791832
15	7	0.498857825994	0.912094783015	-0.254466610492	-0.321449608712	5.33479881287	-1.47531294823	-1.84521865845
16	7	0.496717797592	-0.076377257787	0.201624925629	0.976480365321	-0.553380668163	1.14664971828	5.67707633972
17	7	0.487492643297	0.0494654523122	0.597426400391	0.800396692361	0.322592049837	3.38059139252	4.58739948273
18	7	0.445986494422	0.701045543127	0.663834371587	-0.26049774195	3.6764831543	3.4793753624	-1.35360074043
19	7	0.444360762835	0.328470005038	0.757690249137	0.563926362349	1.7706745863	3.98882174492	2.9248251915
20	7	0.491708684713	-0.553822103334	-0.308706568869	0.773292526924	-3.16748380661	-1.76755666733	4.41938400269
21	7	0.487759565935	-0.0326115960068	0.360371688865	0.932238558348	-0.207720249891	2.14099836349	5.28165197372
22	7	0.453257482499	0.395117929202	-0.482432106474	0.781755130885	2.11586928368	-2.61792516708	4.15128421783
23	7	0.467697426677	-0.677254288781	-0.558773414818	0.478642767856	-3.72467565536	-3.06221485138	2.56265854836
24	7	0.485829815269	0.475637869868	0.526759291096	0.704480848563	2.75475406647	2.90204644203	3.98221588135
25	7	0.485102206469	-0.42799810841	0.903035620911	0.0366645136809	-2.45714616776	5.12509536743	0.0526120662689
26	7	0.497140958905	0.183812535214	-0.892514220526	0.411863227366	1.086160779	-5.08911943436	2.46908473969
27	7	0.497860513628	-0.371648081692	-0.786556245393	-0.493160193252	-2.13667273521	-4.50920009613	-3.01126766205
28	7	0.498812004924	-0.878827129988	-0.393155523717	0.270354600051	-5.09222650528	-2.23099064827	1.74798154831
29	7	0.49970530346	-0.169714537265	-0.573812873454	-0.801208937855	-0.892729878426	-3.21657180786	-4.67975234985
0	8	0.498968981206	0.786914880754	-0.235374752149	0.57040660629	4.61647176743	-1.45695650578	3.2143611908
1	8	0.494719043374	-0.619383126735	-0.566903915346	-0.543124749097	-3.60294413567	-3.17437505722	-3.14783549309
2	8	0.452908962965	-0.205221906835	0.935620269641	-0.287225834479	-1.05699682236	5.02461528778	-1.47090375423
3	8	0.43948097527	-0.786230204632	0.551108335996	-0.279502535445	-4.0669054985	2.88021945953	-1.43452239037
4	8	0.470935255289	-0.908577036537	-0.22272100055	0.353388065151	-4.99573469162	-1.26546323299	1.9260174036
5	8	0.454840475693	0.316801210123	-0.10549950287	0.942606412114	1.72885072231	-0.535134077072	5.0771856308
6	8	0.482058607042	0.350399873006	-0.72185742046	0.59677616702	2.07046461105	-4.11192083359	3.26986789703
7	8	0.495747029781	-0.881504482214	0.0588204846125	0.468497597035	-5.14052200317	0.37367400527	2.57577109337
8	8	0.494659408927	0.812965949108	0.271062551601	0.515375066054	4.6422290802	1.58698487282	2.98134994507
9	8	0.493661820889	-0.18374703158	-0.908518994463	0.37527358698	-1.20693314075	-5.2600069046	2.0949716568
10	8	0.499658435583	0.637875843387	-0.693102462202	0.335743034644	3.77356481552	-3.89380264282	1.98266792297
11	8	0.499843940139	-0.930913673615	-0.352276900638	-0.0964402278814	-5.3983912468	-2.06954312325	-0.558579206467
12	8	0.499614845961	0.113881917647	-0.0607304817846	0.991636383669	0.746201872826	-0.163638815284	5.78606462479
13	8	0.499911889434	-0.269587995646	-0.554058897396	-0.787617325114	-1.47651016712	-3.08128666878	-4.64643669128
14	8	0.499623864889	0.393150279803	-0.122627618174	0.91126029473	2.15384364128	-0.510671615601	5.33115625381
15	8	0.498511373997	0.328426671139	-0.917580916045	-0.224011571563	1.75194907188	-5.40064525604	-1.37909531593
16	8	0.498399361968	0.766566793108	-0.461792985759	-0.446231543043	4.44241666794	-2.62378239632	-2.63145494461
17	8	0.482264339924	-0.668550104742	0.598176961694	-0.441842822673	-3.78228902817	3.35809516907	-2.45992469788
18	8	0.472906989977	-0.176033857323	-0.287657644116	-0.941416571374	-0.962192952633	-1.62718653679	-5.18148899078
19	8	0.489110164344	-0.0926813284561	0.658082774021	0.747219669101	-0.538787662983	3.73729777336	4.24971103668
20	8	0.498084446415	0.409101980354	-0.146575055209	-0.900639396685	2.41536831856	-0.825278759003	-5.23347520828
21	8	0.497042387724	0.0994073806664	-0.198498046543	-0.975047023578	0.458679616451	-1.1443618536	-5.64982843399
22	8	0.460097834468	0.389121071548	-0.556850311613	0.733827310839	2.12077331543	-2.98025369644	3.97679853439
23	8	0.45331569016	0.788568207852	-0.505492201845	0.350196823857	4.17614221573	-2.68713355064	1.86915826797
24	8	0.455009527504	0.746908257477	0.48303849401	-0.456948430588	3.95390367508	2.59692597389	-2.46635961533
25	8	0.457422226667	-0.750112780526	0.535598967726	0.387897618274	-4.02658939362	2.89218568802	2.11411118507
26	8	0.47977989912	-0.725141878311	0.179487931685	-0.664795712004	-4.00501537323	1.00305259228	-3.81304740906
27	8	0.496629141271	-0.768389120463	0.063626548088	0.636812234439	-4.33542728424	0.36380597949	3.73472118378
28	8	0.499431535602	0.804986920878	-0.0603743308226	-0.590212671325	4.58078575134	-0.357827365398	-3.47791194916
29	8	0.499201849103	-0.038056990104	0.549106459887	0.834885477904	-0.266586065292	3.21051597595	4.83251142502
0	9	0.497851803899	-0.550081661109	0.833859927845	-0.045692306201	-3.21190810204	4.77345848083	-0.29886674881
1	9	0.492152035236	0.974320532316	-0.192138289879	-0.117398372514	5.5750541687	-1.06182527542	-0.592807531357
2	9	0.471845190972	-0.607159703892	0.0864291210276	-0.789865242309	-3.35804605484	0.462888598442	-4.31357955933
3	9	0.441777177155	-0.755126928327	0.479704415925	0.446841129997	-3.92573618889	2.50399923325	2.31329703331
4	9	0.463454648852	0.221951473226	0.964387935494	0.143852192913	1.23651647568	5.23417377472	0.782094478607
5	9	0.474079114385	-0.167860871211	-0.121683100003	0.978271920833	-0.93472135067	-0.795057892799	5.4303150177
6	9	0.492476984859	-0.00584205502718	0.872155257954	0.489194313556	-0.102946199477	5.11796569824	2.61913061142
7	9	0.498463496566	0.150925783542	-0.201779650091	0.96773259771	0.916115045547	-1.28828263283	5.56140041351
8	9	0.499289372936	0.182705265934	-2.74255165906e-05	-0.983167729865	1.00910377502	0.0613238289952	-5.71546649933
9	9	0.497263029218	0.339779974493	-0.939675125388	-0.0394997172112	2.01922369003	-5.47372722626	-0.19330906868
10	9	0.499397940934	-0.681996666777	0.464774469224	-0.564681537916	-3.96828556061	2.81557583809	-3.15275526047
11	9	0.499931570143	-0.0407518303858	0.434777909135	-0.899615172198	-0.147803962231	2.49899673462	-5.2646188736
12	9	0.499872416258	0.0486985687199	-0.635600415632	0.770480733732	0.405263453722	-3.73205137253	4.47918462753
13	9	0.499928563833	-0.894036473924	0.291860570063	0.339876729031	-5.12361240387	1.78066039085	2.05016517639
14	9	0.499357700348	0.534424166746	-0.735998162296	-0.415568905351	2.98599386215	-4.22736883163	-2.49440193176
15	9	0.49139148742	0.457110300102	0.637675532846	0.620016200071	2.51876020432	3.7722454071	3.48937416077
16	9	0.468203322962	-0.313166134352	-0.148913771821	0.937950777417	-1.79389381409	-0.8432315588	5.10137271881
17	9	0.40651230514	-0.759606536823	-0.455829495355	0.463915272847	-3.68109321594	-2.16767454147	2.2062830925
18	9	0.402765765786	-0.908671666078	-0.198977883233	0.367047143092	-4.32964801788	-0.947015523911	1.75567793846
19	9	0.474154412746	-0.423490483803	-0.731751105795	0.534037572925	-2.38466691971	-4.03713035583	2.9631228447
20	9	0.494267769158	0.224283185894	-0.631266232981	-0.742428444783	1.23183369637	-3.68960285187	-4.27950668335
21	9	0.498912125826	0.935565072792	0.135851273763	0.325979180298	5.35900402069	0.771394193172	1.96730065346
22	9	0.491057232022	-0.880484291231	0.187434419683	0.435448907695	-5.04429912567	1.03407335281	2.43081378937
23	9	0.483555957675	0.161470488871	0.933634066071	0.319772906756	0.930000543594	5.28048324585	1.75326228142
24	9	0.472766779363	0.644746537674	0.202160401439	-0.73717913308	3.60375237465	1.12238049507	-4.06015729904
25	9	0.470849394798	-0.994011519326	-0.0400865010454	-0.101657129019	-5.47355461121	-0.247612729669	-0.61198091507
26	9	0.476418092847	-0.598800935771	0.781184475717	-0.1766019655	-3.322742939	4.4355301857	-0.901290893555
27	9	0.494427032769	0.516434004523	0.613599623233	-0.597320200011	2.94658350945	3.51783013344	-3.46435832977
28	9	0.496717602015	0.928322979302	0.0135335778142	0.371528314359	5.39097261429	-0.017422426492	2.16456079483
29	9	0.495418585837	-0.812861470942	0.200462161682	0.546873980722	-4.80156755447	1.10178184509	3.06755018234
0	10	0.476147964597	0.695253138442	-0.657009171708	-0.291482455351	3.88114261627	-3.61402797699	-1.6592335701
1	10	0.472581356764	0.166530747722	-0.96913149573	0.181801138743	0.854745745659	-5.41497707367	1.0766556263
2	10	0.477675899863	0.0295839973324	-0.948830591591	0.314396716845	0.250247895718	-5.2922296524	1.79473996162
3	10	0.464988470078	-0.623744323726	-0.703344881669	-0.340953070158	-3.42726802826	-3.82442307472	-1.91472327709
4	10	0.472519025207	-0.816601097844	0.357414660212	-0.453229972162	-4.59546613693	1.94972383976	-2.5173060894
5	10	0.492787539959	-0.441917188479	0.871396338489	-0.213020233301	-2.4783706665	4.97328567505	-1.29216885567
6	10	0.499166682363	0.639958766371	-0.413282579587	0.647804204026	3.61539125443	-2.58584022522	3.68212771416
7	10	0.499875679612	-0.0242081574302	0.940669143446	-0.338460526032	-0.182835653424	5.40050315857	-2.03896570206
8	10	0.49974835664	-0.774011320713	0.0240178592532	-0.632716064159	-4.56618261337	0.0731633007526	-3.58424520493
9	10	0.498572647572	0.526300715235	-0.553151073965	0.645779719807	3.13138747215	-3.10683441162	3.83758735657
10	10	0.499477721751	-0.25855497179	-0.755231995651	-0.602307196792	-1.55894088745	-4.3926949501	-3.48252463341
11	10	0.49998703599	0.345195199631	0.876109527819	0.336559607524	1.98649799824	5.03255319595	1.96912789345
12	10	0.499942541122	-0.821547427886	-0.569738911273	-0.0213868351088	-4.72825098038	-3.33385419846	-0.16576051712
13	10	0.499508066103	-0.0961334215149	0.370489650787	-0.923848355482	-0.458608090878	2.16439795494	-5.39314174652
14	10	0.498661860824	0.100734142736	0.795442165794	0.597598856562	0.466141372919	4.54904556274	3.53717494011
15	10	0.490940347314	0.788812677761	-0.0654464893403	0.61113935926	4.59430932999	-0.555279791355	3.41812109947
16	10	0.477674901485	-0.0193690027611	0.999267819807	0.0329949394538	-0.154551401734	5.55529689789	0.0912902355194
17	10	0.445264473557	-0.830262155167	0.288214670504	-0.477071333664	-4.36330366135	1.48235249519	-2.43776154518
18	10	0.448738589883	-0.859527296567	0.244348574363	0.448894865936	-4.52683162689	1.25255870819	2.31345248222
19	10	0.494072988629	0.976703592048	-0.210292612479	-0.0427447121461	5.56444740295	-1.27569067478	-0.199256420135
20	10	0.495163232088	0.0883790026478	0.93583407265	-0.341179923733	0.413878023624	5.47759485245	-1.88846349716
21	10	0.497967220843	-0.590247066467	0.610445522071	-0.528171056677	-3.53175187111	3.51257419586	-3.06957626343
22	10	0.498944927007	0.388043257092	-0.260318306767	-0.884113572901	2.26441216469	-1.51754665375	-5.06392669678
23	10	0.498072955757	-0.191293785896	-0.485426435572	0.853093115156	-1.1038210392	-2.73950481415	4.99184036255
24	10	0.496874950826	-0.489218301334	-0.485422757284	-0.724589677232	-2.86236548424	-2.67629122734	-4.21258926392
25	10	0.494250394404	0.112156718065	-0.176911874526	0.97781545255	0.712936758995	-0.930919647217	5.58856487274
26	10	0.495913058519	-0.649146302678	-0.596748302568	-0.471699630169	-3.73876619339	-3.43726491928	-2.73448944092
27	10	0.497678637505	0.252688203482	-0.964978303904	-0.0704666219945	1.52968144417	-5.59241485596	-0.344426631927
28	10	0.489424999803	-0.200172987586	0.592780256052	0.780091240225	-1.28908848763	3.4477186203	4.37440156937
29	10	0.482585579157	0.482003825557	-0.497159134743	0.721460398698	2.78091216087	-2.8137524128	4.00962543488
0	11	0.40653995052	-0.349374489916	0.342401545059	-0.87218039862	-1.65654265881	1.66979002953	-4.19812345505
1	11	0.473464996554	0.160433907629	-0.00273034603682	-0.987042808845	0.938619375229	-0.0161225274205	-5.44449949265
2	11	0.496983811259	-0.635677910698	0.731609929945	-0.246293532715	-3.60470056534	4.26930475235	-1.32060670853
3	11	0.493331611156	-0.0726326411686	-0.939518275233	0.334708694151	-0.263711631298	-5.37033653259	1.93374180794
4	11	0.493679448962	-0.399448904492	0.616497386005	-0.678506850186	-2.2559607029	3.63884353638	-3.83992195129
5	11	0.499168530107	0.164704074652	-0.868556700237	0.467420395647	0.981741905212	-5.01503181458	2.6193318367
6	11	0.499289378524	0.693469485359	0.713603678557	0.0993471832802	3.92322731018	4.2789850235	0.518429517746
7	11	0.499711833894	0.621423493066	-0.347707327215	0.702091487533	3.5371131897	-2.1277680397	4.13603878021
8	11	0.499889135361	0.882476552187	0.470349352046	-0.00257329955306	5.1242184639	2.72703576088	-0.0765681266785
9	11	0.499244265258	0.384045629501	-0.329835893264	0.862390420851	2.18226146698	-1.89030885696	5.08794260025
10	11	0.499511599541	0.593870128398	-0.642729169545	-0.483960210361	3.50313091278	-3.62728834152	-2.98609685898
11	11	0.499950528145	0.376108850221	-0.839604596029	0.391926338885	2.09112715721	-4.91397857666	2.27515459061
12	11	0.499879911542	0.580851752002	0.6880292608	0.435002274107	3.24813508987	4.09676504135	2.46133232117
13	11	0.49892449379	0.322346100609	-0.652524517833	-0.685787682194	1.81485462189	-3.98529958725	-3.89348506927
14	11	0.498894611374	0.259123217828	0.207522273991	-0.943286628645	1.53730463982	1.23488795757	-5.44994449615
15	11	0.497616998851	-0.746229095818	0.269910922589	0.608514774202	-4.34073734283	1.56492042542	3.41949677467
16	11	0.494012538344	0.385228659143	-0.4320088303	0.815455241395	2.23023843765	-2.54386878014	4.64448451996
17	11	0.491727843881	0.913755269516	0.287300503618	0.287245066195	5.31347131729	1.64792656898	1.61400437355
18	11	0.491717815399	0.720162307333	0.274324656821	0.637269357303	4.12766122818	1.57731246948	3.66093730927
19	11	0.498113080859	-0.311168332743	0.628150392864	-0.713162921528	-2.02607297897	3.52741479874	-4.11346912384
20	11	0.498286440969	0.854180125039	0.418385876911	-0.308754873629	5.05362129211	2.23797655106	-1.78859472275
21	11	0.499189630151	-0.831833456737	0.545812923327	0.100704284825	-4.87160587311	3.11123037338	0.586709737778
22	11	0.498768199235	0.338034752236	0.482460897581	0.808061871756	2.02453231812	2.83197784424	4.61936855316
23	11	0.494026124477	-0.0519685270827	-0.943786412452	0.326445217248	-0.352618396282	-5.51014184952	1.83636546135
24	11	0.49142742157	0.721609147104	-0.560428797368	0.406447784956	4.16946744919	-3.08722114563	2.43502902985
25	11	0.475033462048	0.770592351119	0.11588597751	-0.626703972075	4.20822811127	0.642025411129	-3.59823131561
26	11	0.484965518117	0.50753185011	0.794473873187	-0.333500653595	2.88445806503	4.49580097198	-1.78008890152
27	11	0.495146021247	-0.484931406679	-0.65206766949	-0.58279437645	-2.88005781174	-3.69717597961	-3.33764672279
28	11	0.478319302201	0.676619294276	0.62243838425	0.39339139343	3.80446100235	3.46645021439	2.18205857277
29	11	0.429500743747	0.279620260819	0.659463237043	-0.697797068443	1.40161192417	3.2679309845	-3.56201934814
0	12	0.436207316816	-0.626498936986	0.38393236571	-0.678303044749	-3.19642496109	1.94346642494	-3.48838281631
1	12	0.489615656435	-0.749341992672	-0.187596733212	0.635054362797	-4.20766019821	-1.07420480251	3.66013479233
2	12	0.498425148427	0.334410922905	-0.689797968871	-0.642143361551	1.97626399994	-3.9425034523	-3.7015504837
3	12	0.490774124861	-0.754695089099	0.58041705827	0.305861669647	-4.24958229065	3.33211398125	1.79008030891
4	12	0.486440287903	0.0661023302787	-0.217436527588	-0.973833578391	0.470549166203	-1.32149994373	-5.49337863922
5	12	0.496990762651	-0.779592123883	0.262178194746	0.568769474022	-4.47519779205	1.56625199318	3.27867126465
6	12	0.497144902125	0.168190225107	0.0859396366345	-0.98200123576	0.929605007172	0.518583357334	-5.68209600449
7	12	0.499007150531	-0.154901717964	-0.98759155546	0.0258529950921	-0.835777938366	-5.7823009491	0.148920059204
8	12	0.499918296933	-0.940268013839	0.297989075805	-0.164616441625	-5.46033620834	1.78766846657	-0.890535354614
9	12	0.499794632196	-0.987842228699	-0.064807469648	-0.141307194	-5.76758909225	-0.300189703703	-1.01584649086
10	12	0.499881416559	-0.336552554423	-0.401387332459	0.851833661845	-1.86751127243	-2.22247314453	5.02974319458
11	12	0.499975927174	-0.633474001618	0.438148974279	-0.637758704851	-3.61446285248	2.51455068588	-3.70493388176
12	12	0.499678045511	0.782449129948	-0.547843046784	0.296042826521	4.43507194519	-3.28844761848	1.83322143555
13	12	0.498991746455	0.526061554374	0.0726161577438	-0.847340624923	2.96634364128	0.6200979352	-4.99273872375
14	12	0.499017715454	-0.246061848905	-0.966923567189	-0.0671742638809	-1.49371445179	-5.63054084778	-0.181975364685
15	12	0.499592423439	0.785262101649	-0.438068536067	-0.437560726554	4.58816099167	-2.51089406013	-2.49472856522
16	12	0.499707758427	-0.492713036369	-0.0965881785063	-0.864814770668	-2.9019138813	-0.508060693741	-4.95734882355
17	12	0.498729556799	0.337821864067	0.932286420538	0.129299722503	1.89287388325	5.44876194	0.831437110901
18	12	0.497906461358	0.123178841442	-0.991752059479	-0.0354235167583	0.570766150951	-5.74906635284	-0.221265554428
19	12	0.499058797956	0.832649319585	0.546216596149	0.0913375097425	4.83665418625	3.17932248116	0.58911895752
20	12	0.499258298427	-0.0938075852059	0.445130713852	0.890538480103	-0.739764809608	2.57952928543	5.19297742844
21	12	0.499812722206	0.309388799276	-0.950344193836	-0.0335333285637	1.88336825371	-5.45410633087	-0.22913980484
22	12	0.499111309648	-0.776295031291	-0.494979701039	0.390334625612	-4.61442184448	-2.76429653168	2.28907132149
23	12	0.496737644076	-0.280093989477	-0.528142040876	-0.801631674598	-1.58568012714	-3.00080156326	-4.72759056091
24	12	0.496510446072	-0.635076457749	-0.46285451231	-0.618420240004	-3.69372177124	-2.69762802124	-3.56849908829
25	12	0.45707552135	0.805297755007	0.441273287115	0.395946223445	4.28889560699	2.35342025757	2.13596200943
26	12	0.429822266102	0.341063234962	-0.385834414525	0.857209236025	1.69818687439	-1.93866491318	4.34067392349
27	12	0.472215235233	0.779184096807	-0.595204115689	0.196479525522	4.33856010437	-3.25280332565	1.12420606613
28	12	0.470521017909	0.723243696343	-0.501956612762	0.474297495887	4.01857948303	-2.82896900177	2.58226561546
29	12	0.430285525508	-0.280362314856	0.0558571533966	-0.958267682238	-1.3960006237	0.316457569599	-4.86395454407
0	13	0.493547782302	0.826255174208	0.414863449954	0.381038980929	4.75398492813	2.3349738121	2.19588899612
1	13	0.499168112874	-0.0493042635979	0.986761962501	-0.154498928646	-0.31738871336	5.71972990036	-0.95826792717
2	13	0.492420367897	0.715622893326	-0.161046119035	0.679667582051	4.06185531616	-1.01934623718	3.9037694931
3	13	0.443863406777	-0.0350173311865	0.950627031528	-0.308353747252	-0.183033704758	4.95728397369	-1.63511943817
4	13	0.41509668529	0.170598707966	0.97938145289	-0.10820374566	0.829320788383	4.79456043243	-0.519024372101
5	13	0.452252719551	0.439735091803	0.122754579164	0.889699029072	2.36733722687	0.684765279293	4.71838855743
6	13	0.475431412458	0.851661276084	-0.48062296111	0.208984784309	4.73427677155	-2.69130373001	1.14928889275
7	13	0.495397046208	-0.801991679144	-0.374783300013	0.465130975764	-4.6947593689	-1.98725056648	2.65174746513
8	13	0.499767556787	0.698987855559	-0.373944011713	-0.609575142115	4.08087301254	-2.02316117287	-3.48803973198
9	13	0.49993672967	-0.257706689797	-0.754596713076	0.603465875297	-1.46889901161	-4.36090183258	3.58257865906
10	13	0.499915957451	0.122168196363	-0.901569695396	-0.415026524623	0.770204782486	-5.21281147003	-2.4877781868
11	13	0.499869331717	0.249042959598	0.910595786025	0.329837715776	1.46705555916	5.28256607056	2.01719498634
12	13	0.499508112669	0.871340513784	0.271213957193	-0.40891160226	5.00888061523	1.58327412605	-2.56396198273
13	13	0.498952135444	0.926505806056	-0.202422105366	0.317194392453	5.30173683167	-1.23125481606	2.04087090492
14	13	0.496583387256	-0.80710610204	-0.140826728715	-0.573365130201	-4.64703559875	-0.728024125099	-3.333360672
15	13	0.493231862783	0.0237835432981	0.962605784468	0.269860050353	0.116033703089	5.503698349	1.52559494972
16	13	0.492480482906	0.307580439108	-0.550212725105	0.776311941561	1.75634336472	-3.17779302597	4.41638231277
17	13	0.49698330462	0.612292259636	0.708773975464	-0.350339321936	3.53534269333	4.09425163269	-2.0875210762
18	13	0.497171536088	-0.0337652997265	-0.75939135813	-0.64975739298	-0.240684866905	-4.51353359222	-3.70725846291
19	13	0.499140966684	0.244313923429	-0.210170783439	-0.94664615808	1.36603736877	-1.23248207569	-5.4984164238
20	13	0.499649852514	0.443738120844	0.55086955718	0.706851618858	2.55508160591	3.10350847244	4.23882675171
21	13	0.499872591347	-0.0386222899	0.612863359969	-0.789244461958	-0.240026623011	3.57677292824	-4.55726909637
22	13	0.499851614237	0.331906384388	-0.937988629543	0.100077384308	1.85558438301	-5.4434299469	0.576595306396
23	13	0.499151170254	0.727008668472	0.615546156066	0.304238928671	4.15454721451	3.58611440659	1.85345935822
24	13	0.495704174042	-0.792999929409	0.56474496846	-0.228504338157	-4.53300142288	3.2990732193	-1.34341335297
25	13	0.465349167585	0.476490885435	-0.8033034119	0.357295486296	2.59744024277	-4.33855056763	1.95455682278
26	13	0.42089227587	-0.499287988675	0.108461634954	0.859620601259	-2.47244930267	0.511594772339	4.27194643021
27	13	0.470756649971	-0.977168966055	0.210393549163	0.0295865890223	-5.35539722443	1.17849802971	0.161277770996
28	13	0.48487604782	0.524561846731	0.012103886772	0.851286300183	2.97590351105	0.141942963004	4.79737234116
29	13	0.480146905407	0.184748425125	-0.381890901677	-0.905553619964	0.932589948177	-2.1748547554	-5.09982681274
0	14	0.497519314289	-0.644253288511	-0.577280602551	0.501681977114	-3.79456424713	-3.22561955452	2.92979192734
1	14	0.498586088419	-0.325209445597	-0.558363770217	-0.763196381414	-1.84600687027	-3.32475686073	-4.38109302521
2	14	0.489605441689	-0.376440748151	0.901070450512	0.215323956739	-2.1325404644	5.15550518036	1.1561498642
3	14	0.444465696812	-0.763195898173	0.514526585037	0.39088926092	-4.03294229507	2.68423652649	2.07294559479
4	14	0.437045559287	0.21987188265	0.969312770085	-0.109950484174	1.08677947521	4.99189662933	-0.530847787857
5	14	0.469502985477	-0.0273912677397	-0.504838428013	0.86277916065	-0.158896550536	-2.74187350273	4.75836038589
6	14	0.471649169922	0.766539436266	0.355780038322	0.534638061665	4.23980522156	2.01178073883	2.98470330238
7	14	0.488182350993	0.902712095084	-0.347994852212	0.253002877896	5.184237957	-2.0016579628	1.30139017105
8	14	0.499043501914	-0.821291271464	0.071180563353	0.566051212187	-4.80455207825	0.356392771006	3.26760411263
9	14	0.499709323049	-0.27448246154	0.902010224694	0.333222047372	-1.53297078609	5.30071926117	1.86318445206
10	14	0.499800685793	-0.53372878456	-0.0709782603913	-0.842671745749	-3.04928445816	-0.546454071999	-4.95756435394
11	14	0.499874666333	-0.495853296971	0.771388592867	0.3988598083	-2.91138887405	4.48485469818	2.39057421684
12	14	0.499816784635	-0.35704046811	0.101917233358	0.928512240994	-2.05299901962	0.421336889267	5.41452360153
13	14	0.498384315521	0.374228235359	0.481392556581	-0.792599794555	2.07115697861	2.79598808289	-4.55937194824
14	14	0.471829600632	-0.0784457662853	-0.86391615041	0.497488840892	-0.387821942568	-4.72797966003	2.79139852524
15	14	0.435990646482	-0.394952233925	-0.680020545838	0.617725497415	-2.0462474823	-3.50704288483	3.1672410965
16	14	0.464154269546	-0.525194798035	-0.353343305147	0.774156917443	-2.91964006424	-1.92506217957	4.22001981735
17	14	0.490551427007	-0.47547214448	0.605574092407	0.638127149108	-2.74668455124	3.37233734131	3.72806954384
18	14	0.497242055833	-0.439765382912	0.738350662328	-0.511316641067	-2.41939616203	4.27803993225	-3.0464258194
19	14	0.498581662774	-0.800784662282	0.0670941049307	0.59518258185	-4.53764915466	0.302787899971	3.57634353638
20	14	0.499598577619	0.439190329844	0.80542136584	-0.398005373857	2.61953353882	4.56587553024	-2.40506076813
21	14	0.49939660728	-0.86417550471	0.464612998461	-0.193223856501	-5.18898868561	2.50442051888	-1.07348823547
22	14	0.499020427465	0.422153402106	0.902538954798	-0.0849113665064	2.39563345909	5.28763198853	-0.377188444138
23	14	0.49872250855	0.816983615648	0.12067091779	-0.563893874201	4.73011112213	0.585317492485	-3.37828874588
24	14	0.493493780494	-0.548313763993	-0.790617693712	0.272535646484	-3.15498161316	-4.52218723297	1.7022459507
25	14	0.483946040273	0.114415128469	-0.909802725682	-0.398958868454	0.698275387287	-5.08743810654	-2.3412463665
26	14	0.471545755863	0.086466557646	0.424605099158	0.901240281045	0.496383458376	2.39028644562	4.90463781357
27	14	0.48247590661	-0.16838317481	-0.968868907024	0.181494207737	-0.884475708008	-5.4995598793	1.0442302227
28	14	0.494007110596	-0.542333798831	-0.769592044511	0.337049159131	-3.19660162926	-4.38154697418	1.88288211823
29	14	0.495672740042	0.742908550925	0.0100168945651	-0.66931797136	4.3268404007	0.216458410025	-3.83444356918
0	15	0.494248330593	0.367310975241	-0.909654245493	0.193937621737	2.10546636581	-5.25632953644	1.23175764084
1	15	0.499831795692	0.756240491998	0.229020280434	-0.612902952687	4.31703281403	1.45180940628	-3.60508394241
2	15	0.498995609581	0.310889705011	-0.582541147575	0.75099494186	1.72238194942	-3.38407993317	4.30184268951
3	15	0.49114061147	-0.441255951363	0.720233708058	-0.535309808582	-2.46900892258	4.08624505997	-3.08978366852
4	15	0.486128717661	0.955285254634	0.221675668721	0.195678256778	5.38354682922	1.23652994633	1.22610378265
5	15	0.494411719963	0.142268754442	-0.277884410548	-0.95002097655	0.713687539101	-1.65832793713	-5.46666240692
6	15	0.485083721578	0.125589504037	0.822439590827	-0.554815641377	0.608048319817	4.66742610931	-3.14538621902
7	15	0.487418547273	0.670247572073	0.144340724142	0.72796562246	3.79969239235	0.777122020721	4.19641637802
8	15	0.498072311282	-0.782932893902	0.501197631338	0.368533604965	-4.59211826324	2.97770380974	2.03709220886
9	15	0.499581284821	0.80342755741	-0.109123962488	0.585317111321	4.65763187408	-0.752561807632	3.33859324455
10	15	0.49974809587	-0.367706198185	0.914104902143	-0.170892889536	-2.23387503624	5.28548812866	-0.872045755386
11	15	0.499879579991	0.42010268601	0.0404124837549	-0.906576287117	2.57702088356	0.0760309696198	-5.17734098434
12	15	0.499473065138	-0.76092970628	0.623973405205	-0.177885276787	-4.33817768097	3.70733356476	-1.04865479469
13	15	0.492705717683	-0.30291325843	-0.903278171031	0.303861981179	-1.60336840153	-5.15515804291	1.81963467598
14	15	0.454538069665	-0.680449662452	-0.205567384833	-0.703370675506	-3.63612747192	-1.02115786076	-3.7517914772
15	15	0.434121266007	-0.886968498008	0.0195153814242	0.461417417778	-4.5333070755	0.0645455345511	2.33689546585
16	15	0.490386858582	0.669901985554	-0.714092874902	-0.203230646718	3.78997278214	-4.14755392075	-1.12002015114
17	15	0.498795904219	0.673347021435	0.0994731860036	-0.732604172792	3.84877443314	0.655566453934	-4.24582004547
18	15	0.49915156886	-0.114321493307	-0.400165156956	0.909284577746	-0.670202493668	-2.31679463387	5.24108123779
19	15	0.494818940759	-0.876171036999	-0.236732906088	-0.419859315841	-5.04547929764	-1.26545214653	-2.56715083122
20	15	0.496977902949	-0.392733252139	-0.636992804953	0.663325530266	-2.20056676865	-3.67454838753	3.83980703354
21	15	0.499015912414	0.0632440423782	0.941347942649	0.331457752926	0.440863907337	5.41917181015	1.97880029678
22	15	0.496960375458	0.513138216651	-0.0730437712977	-0.855192246274	2.88939189911	-0.6862834692	-4.96172857285
23	15	0.496682181954	0.47758442736	0.865821116984	0.149221004311	2.70961546898	4.98970603943	0.985029935837
24	15	0.493474178016	-0.507092282751	-0.548891223225	-0.664511731906	-2.87420678139	-3.18886256218	-3.84840011597
25	15	0.495541587472	-0.645365577796	0.334058801585	0.686955593964	-3.6587023735	2.06842660904	3.93981933594
26	15	0.494292646646	-0.287724675069	-0.935071877823	-0.207014720877	-1.64360070229	-5.40755462646	-1.25504302979
27	15	0.492516193539	-0.360578043084	-0.390136035301	-0.847217415311	-2.12101984024	-2.24514245987	-4.87691116333
28	15	0.499390125275	0.582106165402	0.790892351105	0.188790098163	3.29462528229	4.57462835312	1.09554433823
29	15	0.496629983187	0.729326133976	-0.528085185668	-0.434982099606	4.21249103546	-3.13151216507	-2.52259778976
0	16	0.479224951938	-0.313301094293	0.120959170581	-0.941918947345	-1.71419143677	0.686979651451	-5.27921152115
1	16	0.488371381536	0.0239872784818	0.270878945005	0.962314505567	0.0844645351171	1.4845764637	5.46105003357
2	16	0.484470874071	0.0891530722482	0.315469810283	-0.944738338647	0.483461469412	1.80956864357	-5.28341341019
3	16	0.493851065636	-0.538373709947	-0.770768718731	0.340689493034	-2.99784040451	-4.42800664902	2.10270738602
4	16	0.496151782572	-0.0892233001672	-0.861363427107	-0.500092240642	-0.585395991802	-4.91724395752	-2.99148511887
5	16	0.490577891469	0.837366546716	0.514528136329	0.184602446808	4.72863674164	2.99004554749	1.1903283596
6	16	0.467890426517	0.828825323498	-0.547366883048	-0.115922726294	4.5391497612	-3.08578395844	-0.576897621155
7	16	0.474331349134	0.915475040299	-0.0956134160837	-0.390849747672	5.04566669464	-0.506736695766	-2.24318623543
8	16	0.484493985772	-0.853277436957	-0.486250659944	-0.188355810328	-4.85824394226	-2.74582028389	-1.05165672302
9	16	0.495575614274	0.190745167309	-0.64862935714	-0.736814928054	0.998500227928	-3.71627521515	-4.34241199493
10	16	0.498769953847	0.874647414486	-0.330082953127	-0.355017104359	5.09264326096	-1.84533166885	-2.03747224808
11	16	0.499739319086	-0.920745395177	-0.345543316044	0.181184254275	-5.34499931335	-1.87385463715	1.1787776947
12	16	0.498864933848	-0.264808931126	-0.96009225622	0.0899949417547	-1.43484318256	-5.59631109238	0.526620149612
13	16	0.489808395505	-0.508589038985	0.684425206326	-0.522397670716	-2.84026432037	3.9104912281	-2.96086144447
14	16	0.441464543343	-0.567530499921	0.765223361507	0.303878822334	-2.95578241348	3.99325060844	1.60277426243
15	16	0.446447312832	-0.920484429928	-0.350188340824	-0.173425892564	-4.83091068268	-1.84615397453	-0.862666368484
16	16	0.49492919445	0.599406876987	0.62104896689	-0.504984729022	3.42768287659	3.59121131897	-2.90332651138
17	16	0.498030275106	-0.582877712314	-0.797375618973	0.156351190449	-3.36346817017	-4.53226566315	0.96417927742
18	16	0.495081678033	0.932606997113	0.034091743466	0.359279754457	5.40560340881	0.380229324102	2.04187846184
19	16	0.486292175949	0.202753525088	-0.664432055986	-0.719319853085	1.19094848633	-3.85282659531	-4.08366775513
20	16	0.48530908674	-0.0980918220063	-0.595549555535	-0.797307168761	-0.566416025162	-3.32909417152	-4.61624383926
21	16	0.493110943586	-0.38239023847	-0.267110413345	-0.884550582276	-2.22213935852	-1.58776783943	-5.04762554169
22	16	0.489738613367	-0.0944183604096	0.992611851721	0.0762029201595	-0.517865121365	5.64254570007	0.566645383835
23	16	0.471754968166	-0.954322122822	-0.129301306078	0.269351922471	-5.24094390869	-0.789476513863	1.49392962456
24	16	0.475160910748	-0.0904723655864	-0.135207819155	-0.986678061327	-0.462753921747	-0.709835529327	-5.50630092621
25	16	0.496422213502	0.109809143339	-0.132582703744	0.985070443525	0.697876751423	-0.744625091553	5.73840904236
26	16	0.49814209342	0.414069954259	-0.885003500557	0.21287291275	2.3484082222	-5.17207050323	1.26365756989
27	16	0.498870760202	0.292545140493	0.627091870026	-0.721923214284	1.65786659718	3.69429397583	-4.08883094788
28	16	0.498627960682	-0.581098053512	-0.771963702542	0.257676336054	-3.28235578537	-4.45969438553	1.49599814415
29	16	0.487107530236	-0.869498886873	0.431941741824	-0.239578833364	-4.94767427444	2.50050449371	-1.27534174919
0	17	0.435776114464	-0.58295644075	0.67586262043	-0.450967300914	-2.98381280899	3.47410488129	-2.30166864395
1	17	0.399467587471	-0.114548525495	0.780734064976	-0.614274332113	-0.513938903809	3.68943119049	-2.88740444183
2	17	0.406487718225	0.39255328421	0.378900374536	-0.838055144506	1.90340673923	1.83948433399	-4.04421138763
3	17	0.484525576234	-0.732296969855	0.382066931596	-0.563707377743	-4.02730035782	2.20803928375	-3.2181122303
4	17	0.495792299509	-0.214758746794	-0.69212387909	0.689088685634	-1.21515107155	-3.97244167328	3.99363994598
5	17	0.491095036268	0.0628561473178	0.747480880057	-0.66130283433	0.263877987862	4.31821203232	-3.79135942459
6	17	0.47320811078	0.500613924742	-0.34538823406	-0.793783765346	2.72649931908	-1.95242190361	-4.39106369019
7	17	0.430410757661	-0.646672394135	-0.742898810248	-0.172962922026	-3.26272773743	-3.7590444088	-0.904890537262
8	17	0.442238762975	0.146142239638	-0.980049553179	0.134704562308	0.74599981308	-5.10809135437	0.686660766602
9	17	0.487304009497	0.633617636658	-0.125606456413	0.763381758115	3.63347554207	-0.621851444244	4.3217215538
10	17	0.497625891119	-0.228153497106	-0.524004177988	0.820588571215	-1.38784432411	-3.02036190033	4.74080753326
11	17	0.499582923949	0.44552041884	0.0531201684563	-0.8936944691	2.57885217667	0.322014153004	-5.14399337769
12	17	0.498093023896	0.963814845833	-0.0532634466216	0.261197144328	5.59779214859	-0.185890525579	1.64240217209
13	17	0.495747953653	0.99699141536	-0.0721695813486	0.0282784233319	5.75463438034	-0.484337747097	0.225582838058
14	17	0.474614679813	-0.946147333604	0.323721187894	-0.00313298951782	-5.2414150238	1.79868459702	0.0326855182648
15	17	0.475089430809	-0.611110167009	-0.69821457609	-0.372881709815	-3.30617809296	-3.89763212204	-2.12983942032
16	17	0.483298286796	0.430124968244	0.76591139231	0.477883093259	2.41610574722	4.27639389038	2.79711532593
17	17	0.481354624033	-0.329651133902	0.762446308026	-0.556781606463	-1.8541867733	4.24851226807	-3.14381170273
18	17	0.494425460696	0.658887057609	-0.737723367651	0.147078476117	3.70684814453	-4.28443956375	0.945463895798
19	17	0.494426928461	-0.0157335773206	0.0986052197407	-0.995002243809	-0.123640686274	0.695440351963	-5.69759225845
20	17	0.487377740443	0.594276332647	-0.559238821991	0.578003097253	3.37139892578	-3.13493490219	3.39932537079
21	17	0.485260367393	0.810809130044	-0.496353501672	0.310196318506	4.62403011322	-2.73969054222	1.80163431168
22	17	0.461650228128	0.23217184037	-0.0857434563199	-0.968888175301	1.19400084019	-0.483792454004	-5.26108598709
23	17	0.417071558535	-0.699964696377	0.342783210301	-0.626537384808	-3.44800043106	1.70107519627	-3.09546756744
24	17	0.440880124457	-0.225561223682	-0.0530474542926	-0.972783687139	-1.16222059727	-0.275092601776	-5.05196285248
25	17	0.492819160223	-0.565186158399	0.0385652483263	0.824061483129	-3.26859903336	0.198678642511	4.74592208862
26	17	0.499209463596	0.675595366677	0.667142570582	-0.31383385898	3.8298201561	3.8634519577	-1.86773514748
27	17	0.497776478529	0.36065715956	-0.367794400378	0.857119415431	1.88258850574	-2.20011973381	4.99092817307
28	17	0.490706294775	0.75066706859	0.617064410345	-0.236073009087	4.25773239136	3.55512475967	-1.44522190094
29	17	0.471546903253	0.371801264179	0.654646733902	-0.658180426439	2.10824894905	3.65186309814	-3.61883211136
0	18	0.489981383085	-0.295070626689	-0.454258660851	0.840584555121	-1.62361884117	-2.60608148575	4.79202365875
1	18	0.461224123836	0.109339091321	0.967137181576	-0.229544407733	0.59627532959	5.20272350311	-1.21448945999
2	18	0.465783151798	-0.0900278531129	-0.0809723457538	-0.992642163565	-0.487004876137	-0.410461187363	-5.37498903275
3	18	0.495610199869	0.264403677516	-0.655911049379	0.707015834772	1.54551744461	-3.74465703964	4.08299303055
4	18	0.495677333325	0.551796449023	-0.0744941869042	0.830645107711	3.1615023613	-0.357423812151	4.8963971138
5	18	0.498311460018	0.536302555389	0.566402521062	-0.625753748066	3.18287706375	3.21136593819	-3.6664147377
6	18	0.49006934464	-0.576145249902	0.441487689432	0.687855559762	-3.34344530106	2.44995450974	3.88152337074
7	18	0.43851403892	-0.776268552442	-0.626361370994	-0.0712640682069	-3.98228144646	-3.26431941986	-0.419905185699
8	18	0.451246295124	0.493909563746	-0.400247987332	-0.771916375961	2.62716054916	-2.16479897499	-4.05655097961
9	18	0.493253231049	-0.863817095165	0.106154483706	-0.492494925547	-4.95304250717	0.536234438419	-2.83906912804
10	18	0.49713216722	-0.913046997929	0.389144390959	0.122113973641	-5.33380174637	2.35003256798	0.613259792328
11	18	0.498197048903	-0.800185183628	0.547081283414	0.245775794657	-4.66099452972	3.17411708832	1.54404711723
12	18	0.497796796262	-0.312678517896	-0.692475898885	-0.650160960001	-1.8547257185	-4.01496839523	-3.77031588554
13	18	0.496229365468	0.167016247546	0.263977164296	-0.949958751624	0.967880666256	1.64455497265	-5.49814748764
14	18	0.494303131476	-0.0741350648268	0.422937657819	-0.903121104704	-0.379144191742	2.3507938385	-5.24610853195
15	18	0.495674833655	0.0245810209665	0.2597549482	0.96536166295	0.114410549402	1.48824262619	5.517162323
16	18	0.451172590256	0.905350534607	0.324380935895	-0.274075569715	4.80762147903	1.6795167923	-1.54686844349
17	18	0.439000159502	0.202452358438	0.962658654628	-0.179725783439	1.09900987148	4.98667049408	-0.860563755035
18	18	0.475439090282	-0.177184124936	0.493857336216	-0.851299428718	-1.01668906212	2.71347618103	-4.7274184227
19	18	0.493662454188	-0.822625668064	-0.240332731769	0.515293303161	-4.70174646378	-1.40751028061	3.02181482315
20	18	0.494334489107	0.357123492827	-0.802449603067	0.478055901971	2.11999893188	-4.65216588974	2.74642038345
21	18	0.492682784796	-0.817182879196	-0.505009202296	0.277809012713	-4.77485179901	-2.81649780273	1.52429389954
22	18	0.469714574516	0.730163981356	0.332430696664	-0.596950912761	4.03870153427	1.84619855881	-3.22337818146
23	18	0.450890593231	-0.0806904834421	0.79540651962	-0.600680875697	-0.420675963163	4.18492031097	-3.19366693497
24	18	0.456851109862	0.650818307016	-0.32458313554	-0.686353640171	3.49736070633	-1.70155692101	-3.69957613945
25	18	0.493210166693	-0.889973831467	-0.399677199175	0.219555723595	-5.12343597412	-2.33415961266	1.31281781197
26	18	0.491509750485	-0.787817885894	-0.496367581323	-0.364639826235	-4.53791809082	-2.85914516449	-2.08490180969
27	18	0.482934445143	0.777277894073	-0.475163875393	-0.412381336758	4.36931276321	-2.65130925179	-2.39599990845
28	18	0.486684039235	0.568368163241	0.291368495994	0.769455671599	3.16042423248	1.68910574913	4.410551548
29	18	0.497023388743	-0.217438820001	-0.702048778238	-0.678120839181	-1.31713223457	-3.97919869423	-3.96931195259
0	19	0.499543055892	-0.358601465065	0.932565335928	-0.0415557875451	-2.04204702377	5.43119621277	-0.278451442719
1	19	0.49729116261	-0.602705539205	-0.647074218273	-0.466948593592	-3.44998383522	-3.75261926651	-2.70373249054
2	19	0.496144868433	-0.525223255347	-0.396299648086	0.753051871367	-2.87226510048	-2.27721405029	4.45607805252
3	19	0.499702818692	-0.752247945632	-0.107095765101	-0.650118085728	-4.2945971489	-0.498912930489	-3.83682346344
4	19	0.499449774623	0.868657684172	-0.351785202186	-0.348828036792	5.11777114868	-1.98669028282	-1.92977166176
5	19	0.499656550586	-0.839280102196	0.0413503863757	-0.542124575724	-4.90546607971	0.278023421764	-3.03735423088
6	19	0.491763330996	0.81862992989	0.242897081626	0.520428713299	4.71051025391	1.32332265377	2.9468588829
7	19	0.477989047766	-0.954626973559	0.106681987509	0.278040095839	-5.32012557983	0.568627178669	1.49420166016
8	19	0.480725772679	0.0561584203397	0.571220288863	-0.818873380576	0.320037692785	3.16588830948	-4.61381292343
9	19	0.492128461599	0.691088316215	0.720187089873	0.0610532126143	3.99740457535	4.11550426483	0.304142951965
10	19	0.498089727014	0.322893226353	-0.378801041776	0.867323316374	1.85530400276	-2.28823947906	5.00506877899
11	19	0.499530166388	-0.0586213112144	0.962325005607	0.265507298309	-0.283735454082	5.59993839264	1.42046737671
12	19	0.498999476433	0.16994042703	-0.932548754117	0.318548383225	1.00906908512	-5.43057823181	1.82956409454
13	19	0.499264776707	-0.334374836351	-0.830325885307	0.445816546355	-1.96032714844	-4.84956407547	2.53963375092
14	19	0.499176168814	-0.108399698953	0.197587942626	0.974273324173	-0.576632857323	1.26288950443	5.63686227798
15	19	0.49403937906	0.249820400136	-0.707031411222	-0.661586238688	1.33986747265	-4.03190612793	-3.8002204895
16	19	0.450660929084	0.383219490322	0.883617852595	-0.269002440162	2.03390359879	4.68854045868	-1.37255382538
17	19	0.430979907513	0.549557550367	-0.0107324454936	0.835386924394	2.79565596581	0.00669812224805	4.2557759285
18	19	0.48122407496	0.658633228004	0.73331084691	-0.168693428363	3.76963186264	4.04897022247	-0.94216132164
19	19	0.49662090838	-0.716594526264	0.588177968131	0.374885266093	-4.17217874527	3.33897328377	2.19066429138
20	19	0.499125480652	0.627023741472	0.551755141967	-0.549915894427	3.60719060898	3.13409376144	-3.18957710266
21	19	0.486562404782	-0.283174286755	-0.59494982555	0.752228042816	-1.58374071121	-3.33037805557	4.34173965454
22	19	0.474888265133	0.139412573947	-0.968748873106	-0.205157878427	0.791786134243	-5.40066099167	-1.16811490059
23	19	0.479861497879	0.453394846058	-0.777081015078	0.436552642384	2.5315053463	-4.40320062637	2.4882786274
24	19	0.477583676577	0.858000619653	-0.464116998992	-0.220068961739	4.81246137619	-2.60655164719	-1.24277067184
25	19	0.494399830699	-0.0428926336688	0.770040294941	-0.636551778054	-0.231846436858	4.43537807465	-3.6096765995
26	19	0.457906231284	-0.773522726524	-0.149363197794	0.61591657446	-4.10510396957	-0.845592141151	3.35758876801
27	19	0.418125934899	0.404785918093	-0.0888857730706	0.910081139162	1.9743001461	-0.452417314053	4.50248241425
28	19	0.460026936606	0.0175606255794	-0.340467508323	0.940092282814	0.0465954057872	-1.84595298767	5.10954284668
29	19	0.491309985518	0.463624552425	-0.773954283819	0.431331706402	2.70971679688	-4.38716173172	2.51950263977
0	20	0.499707996845	0.10714103262	0.952066752084	-0.286512999191	0.556384682655	5.57294225693	-1.57038474083
1	20	0.499812930822	0.951980710752	-0.30194035073	0.0506433703205	5.47037029266	-1.77325344086	0.406267166138
2	20	0.499727636576	-0.492954582077	0.847255956218	-0.19787148522	-2.84902024269	4.85102272034	-1.26856708527
3	20	0.499931273982	-0.312886910981	-0.077898011258	0.946590556037	-1.68250226974	-0.512642920017	5.4984331131
4	20	0.49922066927	-0.0694835033561	-0.637955365768	-0.766932196514	-0.51409047842	-3.63897418976	-4.54229211807
5	20	0.49961002171	-0.15022645875	-0.987879863153	0.0390562039646	-0.90324485302	-5.738489151	0.312945604324
6	20	0.495742678642	0.918836184988	0.211956071908	-0.332888402831	5.26089811325	1.30413889885	-2.01049375534
7	20	0.494289271533	0.635924783429	-0.0760580081456	0.767994042436	3.67301058769	-0.44881016016	4.39994430542
8	20	0.496938094497	-0.627108400872	-0.304238524725	0.717059253918	-3.65711331367	-1.83586978912	4.07949829102
9	20	0.497733745724	-0.0645587939484	0.179150588433	0.981701191192	-0.425808608532	1.05723130703	5.68500995636
10	20	0.498467847705	0.528462397919	-0.844298359272	-0.0888131438206	3.13412189484	-4.85781621933	-0.683603048325
11	20	0.499719202518	-0.37142942329	-0.890310686238	-0.263414246929	-2.12164306641	-5.13131523132	-1.51912593842
12	20	0.498089462519	0.388117286022	0.904662462628	0.175928397372	2.28916215897	5.24821186066	0.956210136414
13	20	0.498042345047	0.0721688601235	0.963319579383	0.25847058557	0.506776213646	5.60959720612	1.35896682739
14	20	0.497867248952	-0.409766702524	-0.534401494112	0.739260639148	-2.46178197861	-3.18399739265	4.19310379028
15	20	0.487889900804	0.751112212676	0.660080514412	0.0111426416518	4.19083166122	3.83796405792	0.0703675746918
16	20	0.451848760247	0.836660224144	0.0358435784298	0.546548174657	4.46938562393	0.197975590825	2.89525198936
17	20	0.448006495833	0.569749558586	0.0463874890215	0.820508160443	2.99549102783	0.233223840594	4.33812904358
18	20	0.491704598069	-0.926234423463	-0.0476890419315	0.37391917318	-5.29373216629	-0.211067989469	2.07939267159
19	20	0.497497439384	0.54133239859	-0.662035363989	-0.518332336503	3.16899347305	-3.75824904442	-2.94036436081
20	20	0.493516936898	-0.999247074926	-0.0252942390149	0.0294191217623	-5.72329330444	-0.145758241415	0.276939153671
21	20	0.471338376403	-0.762108054	-0.499433407819	-0.412016486542	-4.21447992325	-2.76329398155	-2.35946559906
22	20	0.4795563519	-0.854191370999	-0.188554747471	-0.484566000579	-4.79905653	-1.03660571575	-2.7221198082
23	20	0.493515312672	0.927442963227	-0.135189002729	0.348673892773	5.3444814682	-0.746317565441	1.99774575233
24	20	0.488253051415	-0.0854758825575	-0.338458390823	0.937091132806	-0.606891870499	-1.79270076752	5.39971256256
25	20	0.482708573341	0.388525674395	-0.919844030715	-0.0541734205517	2.14757299423	-5.19649791718	-0.32035779953
26	20	0.427097722888	0.134824352919	-0.818944897281	0.557809688942	0.663080811501	-4.11128425598	2.85975432396
27	20	0.409866463393	0.527042892918	0.00545532986433	0.849821174366	2.5474820137	0.00406939955428	4.1151432991
28	20	0.480934053659	0.820992464335	0.314465681924	-0.476531959471	4.58861207962	1.80033588409	-2.63394379616
29	20	0.494256027043	-0.0422615882431	-0.719676036132	-0.693022626743	-0.395474612713	-4.18452978134	-3.95963478088
0	21	0.499851554632	0.31777639136	-0.782172817751	-0.535932690052	1.84931540489	-4.61199140549	-3.00395202637
1	21	0.499714165926	-0.669655884651	-0.143121418281	-0.728750475665	-3.98022317886	-0.658248364925	-4.193151474
2	21	0.499075874686	0.866452896344	-0.39212249908	0.309029649276	4.90819311142	-2.3506872654	1.89480423927
3	21	0.497570186853	0.25973436194	0.884712550178	-0.387068165555	1.4158680439	5.09545755386	-2.3620800972
4	21	0.49455691874	0.978664070918	0.0637172006613	-0.195337540257	5.71701669693	0.303725004196	-1.03032946587
5	21	0.498843088746	0.552679882099	0.674670233647	0.489249449416	3.17564344406	4.00414466858	2.79025483131
6	21	0.498616024852	-0.943942322184	-0.327269254496	0.0432172124358	-5.37989711761	-1.94950175285	0.328348398209
7	21	0.493023915216	-0.137480721079	0.308735924651	-0.941159487102	-0.757278978825	1.70820021629	-5.42432546616
8	21	0.481224834919	0.192894680677	0.747515145607	-0.635619972353	1.18000149727	4.2539024353	-3.56356930733
9	21	0.49245446641	0.111782747901	0.193742364291	-0.974663282139	0.652483820915	0.949152350426	-5.5987739563
10	21	0.49841902405	-0.647465424136	0.383630532663	0.65849535986	-3.69085907936	2.21729469299	3.88160443306
11	21	0.497915476561	-0.356323391063	0.873153939193	0.332619661856	-2.03328371048	5.1378493309	1.9526143074
12	21	0.496182665229	-0.549535770576	0.586930838151	0.594577688856	-3.25368976593	3.46860170364	3.44392347336
13	21	0.497122228146	-0.828247660036	-0.328365887718	0.454072304186	-4.81450128555	-1.91492271423	2.58557868004
14	21	0.495989009738	0.399170528178	-0.883991189827	0.243356663649	2.37620925903	-5.12879943848	1.35329055786
15	21	0.491221599281	0.524481282845	-0.599578695956	-0.604503739691	3.01742506027	-3.44697332382	-3.53276348114
16	21	0.486230686307	-0.36586931158	-0.735515488584	0.570225054603	-2.09492754936	-4.119120121	3.25712609291
17	21	0.490009963512	0.771401227921	-0.240868396478	-0.589001325245	4.35638666153	-1.34850180149	-3.41993951797
18	21	0.483516961336	0.526554589534	-0.718239749733	0.454831755866	3.00568580627	-4.04602241516	2.55350542068
19	21	0.443240389228	0.47328806734	0.800592422626	0.367491738883	2.41322112083	4.18572711945	1.92538189888
20	21	0.435432262719	0.663365290148	0.557501756891	0.499137539052	3.39305114746	2.83432197571	2.5495467186
21	21	0.460959646851	0.222961592062	-0.612213453819	0.758605836669	1.18850398064	-3.27831029892	4.09064626694
22	21	0.48925177753	-0.5920373068	0.804063590653	-0.0545304460175	-3.37278223038	4.58516407013	-0.274172782898
23	21	0.496886730194	0.0961962828744	0.495078122982	-0.863506761587	0.585387587547	2.86289525032	-4.97426986694
24	21	0.489680439234	-0.299127714107	-0.932793449033	-0.20104475147	-1.71313691139	-5.32256603241	-1.07133102417
25	21	0.473491579294	0.605049836435	0.633622989026	-0.482116794157	3.30253887177	3.56108951569	-2.63937187195
26	21	0.471959099174	0.786509675474	-0.612386184018	-0.0799105250221	4.33879899979	-3.36804413795	-0.458842515945
27	21	0.468672333285	-0.269355585569	0.264752327813	0.925934000586	-1.50424385071	1.45127272606	5.10026979446
28	21	0.495626911521	-0.680621993078	-0.370895319456	0.631815134786	-3.90175580978	-2.10682153702	3.63088059425
29	21	0.499347671866	0.900425793143	-0.183422513098	-0.394448441157	5.27790260315	-0.990260660648	-2.30029320717
0	22	0.499531760812	-0.60053672082	0.734977101693	0.314903647062	-3.41592884064	4.31934118271	1.79988288879
1	22	0.499115422368	-0.680777434668	-0.69549937201	-0.229831912449	-3.95274972916	-4.09961652756	-1.20742082596
2	22	0.497870884836	0.501224599021	0.398564850069	-0.768062472476	2.93405127525	2.31632328033	-4.41200017929
3	22	0.485698722303	-0.497744693798	0.439145451227	0.74793147578	-2.82827877998	2.3452193737	4.28616714478
4	22	0.48599027656	0.0412726464617	0.0445689390948	-0.998153384166	0.164398640394	0.207240968943	-5.63878917694
5	22	0.499095216393	0.628444101895	0.219833819342	0.74614415676	3.64196443558	1.19168114662	4.39341640472
6	22	0.497589036822	0.619937281244	0.658671776193	-0.426414421157	3.62164378166	3.77837181091	-2.53334307671
7	22	0.490574844182	-0.264519431986	0.568808015201	0.778772695942	-1.52492189407	3.18354797363	4.50916242599
8	22	0.473936617374	-0.391083184129	0.833948123864	-0.389338502842	-2.22228240967	4.65452337265	-2.23559904099
9	22	0.491036191583	0.150157385979	0.948214829502	0.279895331418	0.924254655838	5.39353990555	1.65844607353
10	22	0.498558662832	-0.722111867116	-0.299641825006	-0.62351361499	-4.16666269302	-1.89585995674	-3.54826974869
11	22	0.499522119761	0.398714586681	0.68806208335	-0.606297985997	2.35527396202	3.91159677505	-3.53316116333
12	22	0.499320909381	0.0315827147345	-0.520523998188	0.853262737637	0.201581954956	-3.02721047401	4.91728687286
13	22	0.499711051583	0.705601214608	-0.37104402025	-0.603699644675	4.02378845215	-2.10980725288	-3.60878181458
14	22	0.499398991466	0.216759519807	0.917547864904	0.333348505596	1.16391026974	5.25988149643	1.99165391922
15	22	0.49517747201	0.245097320285	-0.275339570215	-0.929578089599	1.38062942028	-1.68431639671	-5.38696193695
16	22	0.491003528237	-0.885867770573	0.390353198763	-0.250724297336	-5.13541173935	2.23778343201	-1.43513464928
17	22	0.494139149785	-0.443535163818	0.893215651829	0.073772337526	-2.53404951096	5.14316415787	0.467368602753
18	22	0.475259345025	-0.653586865535	-0.0996084268222	0.75026819905	-3.6017537117	-0.616049289703	4.20374536514
19	22	0.442129403353	-0.288895213283	0.612500101537	0.735787456648	-1.49805474281	3.20866203308	3.79499006271
20	22	0.446777656674	-0.291825659379	0.931854529132	0.215603620247	-1.53199648857	4.87997102737	1.18628025055
21	22	0.470056355	0.195428383988	-0.936967679948	0.289653782066	1.13631892204	-5.19354724884	1.58437085152
22	22	0.491569042206	0.402541819777	-0.660815584103	0.633468899897	2.36706256866	-3.81147098541	3.56449794769
23	22	0.495731428266	-0.675450394859	-0.425227352865	0.602452041627	-3.9025118351	-2.42041110992	3.51673793793
24	22	0.46845073998	0.163052444703	0.119878342322	-0.979307450864	0.949807524681	0.680723130703	-5.35144472122
25	22	0.433640137315	-0.0883640637887	0.709009727609	-0.69964062088	-0.489516317844	3.6332192421	-3.57382512093
26	22	0.467443853617	-0.847506784965	-0.434604276524	-0.30471523143	-4.63319826126	-2.32520890236	-1.6283159256
27	22	0.484508439898	0.299922224802	0.953874288556	0.0130575917187	1.76056861877	5.3784327507	0.0767936706543
28	22	0.49359755218	-0.201114840577	0.212424918187	-0.956257535935	-1.1460955143	1.10706722736	-5.5472612381
29	22	0.49957229197	0.474177372382	0.802841378367	0.361388351644	2.71039891243	4.65459823608	2.20454382896
0	23	0.497135788202	-0.362877023984	-0.873106468506	0.325584643553	-2.1259739399	-5.07188367844	1.88380146027
1	23	0.497009567916	0.753276049545	-0.291060585949	-0.589795666726	4.44111680984	-1.53263103962	-3.39563679695
2	23	0.491333752871	-0.687809211618	0.328735806447	-0.647187189284	-4.03529310226	1.80830621719	-3.63346576691
3	23	0.438299208879	-0.00500218538613	0.951387515472	0.307955798039	-0.00456969253719	4.93050575256	1.57481741905
4	23	0.428777053952	-0.72779497074	0.440828293621	-0.525342646384	-3.66150212288	2.29227614403	-2.65553331375
5	23	0.484645858407	-0.942865674581	-0.158680595289	0.292958680321	-5.33511734009	-0.929924249649	1.62390637398
6	23	0.497746188194	0.394897537508	0.387075677113	-0.833203669614	2.29948544502	2.2437582016	-4.85689687729
7	23	0.497626613826	-0.0869570717474	-0.500407171235	0.861412288425	-0.452962964773	-2.93383812904	4.90140914917
8	23	0.492835715413	-0.696594590298	0.417763090276	-0.583292359945	-3.88787603378	2.45364546776	-3.42223405838
9	23	0.496269717813	-0.172745595921	-0.504214260853	0.846124658808	-0.956045687199	-3.00794696808	4.79620170593
10	23	0.49624042958	0.502164127538	0.552389137789	-0.665355115308	2.92203974724	3.13732147217	-3.80349779129
11	23	0.493981264532	-0.417560489878	-0.287548600548	0.861950717626	-2.36264038086	-1.72174787521	4.91004228592
12	23	0.494036465883	-0.907334323227	0.111720725254	-0.405293603998	-5.13068437576	0.714042067528	-2.47461986542
13	23	0.499292984605	0.877014839812	-0.281641105185	0.389259885705	5.02865123749	-1.53930735588	2.38355183601
14	23	0.4999268502	-0.631233144128	-0.525511118456	-0.570423335895	-3.65432929993	-3.06055855751	-3.2221300602
15	23	0.498429596424	0.88044761857	0.136326763379	-0.454122235242	5.1653342247	0.856038630009	-2.50460243225
16	23	0.495838016272	-0.443859853997	0.832842888937	-0.330697977553	-2.58254671097	4.87493276596	-1.81247711182
17	23	0.498554080725	0.589690103053	-0.6623963171	-0.462057032685	3.46056890488	-3.84817838669	-2.4931974411
18	23	0.498959716409	-0.406685436523	0.33569553112	-0.849656086959	-2.34122896194	1.99944972992	-4.90889883041
19	23	0.498566642404	0.487482862194	-0.767874687076	-0.415606693901	2.73452496529	-4.54138946533	-2.36743164062
20	23	0.493074446917	0.778466936992	0.623817997433	-0.0695725095747	4.42910003662	3.57354712486	-0.371223926544
21	23	0.490160368383	-0.600541852664	-0.440852624341	0.667082039041	-3.463545084	-2.56724214554	3.78650856018
22	23	0.497307345271	-0.211308073579	0.975306837605	0.0642298261061	-1.20182943344	5.62592506409	0.229529857635
23	23	0.497001767159	-0.779841351409	-0.354160115167	0.516157029843	-4.48473358154	-2.13047742844	2.96465158463
24	23	0.47369235754	-0.0453440772073	0.946693744429	-0.318927686038	-0.206881329417	5.2366361618	-1.72842109203
25	23	0.434878528118	-0.952199467766	0.29799325998	-0.0672026085298	-4.86633205414	1.47017455101	-0.322059869766
26	23	0.410644605756	-0.443535923511	-0.688517772944	0.57377622894	-2.1773352623	-3.35261821747	2.78418207169
27	23	0.459810674191	-0.747182588502	0.192157810315	0.636233884176	-4.01436519623	0.953201770782	3.46782946587
28	23	0.491341106594	-0.326349767105	0.442050925075	-0.835515894014	-1.8948379755	2.63316965103	-4.7311630249
29	23	0.497227594256	0.366838657324	-0.794942675581	-0.483213764325	2.06314706802	-4.62795543671	-2.80415153503
0	24	0.493716204539	-0.312757720717	0.155076457552	0.937087989703	-1.86292409897	0.956668317318	5.36408472061
1	24	0.494267776608	0.634169771361	-0.708291218357	0.310084264501	3.66945004463	-4.17064380646	1.68412876129
2	24	0.489932022989	0.667227240166	0.416965079525	0.617209796128	3.77859950066	2.39169454575	3.51425385475
3	24	0.419646002352	0.0194475975022	0.873284521534	-0.486822283179	0.0844634622335	4.31227111816	-2.41930484772
4	24	0.411209613085	-0.273572154227	0.706638616269	-0.652548957879	-1.37637066841	3.41091346741	-3.15704870224
5	24	0.483126644045	-0.315363429251	-0.540189815713	0.780218476128	-1.78985404968	-3.03268647194	4.40601539612
6	24	0.491928886622	0.527722795646	0.211074019213	-0.822773607604	3.08289313316	1.14647722244	-4.7787733078
7	24	0.498944893479	0.0199117494886	0.718958796978	-0.694767421862	0.122828610241	4.14509963989	-3.99046158791
8	24	0.497774198651	-0.494313861948	-0.799076994261	0.342242257952	-2.73132514954	-4.64533376694	2.06348490715
9	24	0.480874590576	-0.375336533869	0.685705148461	0.623643276014	-2.09248042107	3.9459965229	3.49090528488
10	24	0.457042008638	-0.545036413365	0.783468730376	0.298516426064	-2.96372270584	4.19860649109	1.63902449608
11	24	0.447584614158	0.419531784615	0.597725453926	0.683167156286	2.23761630058	3.17099404335	3.57354950905
12	24	0.472485721111	-0.918538099325	-0.0799238452599	0.387169134936	-5.05298662186	-0.454445362091	2.24212932587
13	24	0.493571987376	-0.137036826724	0.0641884779762	-0.988484065333	-0.76847922802	0.373326182365	-5.67306423187
14	24	0.498829320073	-0.0581139423135	0.984896466338	0.163100338147	-0.300876200199	5.69432163239	1.03611636162
15	24	0.499010443687	-0.330378539753	-0.92853040451	0.169355567877	-1.95078456402	-5.34797000885	1.02007484436
16	24	0.497517630458	-0.830606622167	0.00295783882504	-0.556851766992	-4.8722858429	0.0158110037446	-3.24305677414
17	24	0.498729139566	-0.929948565766	-0.169809978322	-0.326129171176	-5.47134637833	-0.945704817772	-1.85755896568
18	24	0.49981207028	-0.290035657631	0.500117393595	0.815942344732	-1.71038532257	2.83788180351	4.76679039001
19	24	0.49987821281	0.969243745546	0.240762236304	0.0509912471912	5.59987783432	1.50517010689	0.242290973663
20	24	0.499737650156	-0.684001468863	-0.609447315045	-0.400893952034	-3.91851496696	-3.54769325256	-2.33050060272
21	24	0.497514531016	-0.535595845254	-0.419984000801	0.732632602072	-3.14751911163	-2.43688678741	4.24319505692
22	24	0.498710826039	0.971920795531	0.0144696198515	0.23486293304	5.68452692032	0.11439614743	1.30960893631
23	24	0.498918950558	0.918884779424	-0.057161596956	-0.390363054061	5.38717794418	-0.305884987116	-2.29452896118
24	24	0.492489024997	0.212001095258	-0.814105821096	-0.540635965939	1.22170317173	-4.72885799408	-3.04192996025
25	24	0.48569868505	0.0457521639728	0.3202597009	-0.946224319848	0.306496530771	1.86678934097	-5.30564308167
26	24	0.473534531891	-0.643697572224	-0.435471467303	0.62929963982	-3.55380749702	-2.39798784256	3.45113229752
27	24	0.480833545327	-0.443560478214	0.881088294656	0.164126534071	-2.47030234337	4.98475599289	0.889205694199
28	24	0.498318687081	0.694770240001	-0.715688076526	0.0713084197498	4.00784063339	-4.16059494019	0.380451440811
29	24	0.496195092797	0.929568624808	0.193948879425	0.313505987092	5.36238479614	1.23170959949	1.86074614525
0	25	0.480445109308	-0.331650844333	0.643229312292	-0.690118663174	-1.79730653763	3.58068609238	-3.91512155533
1	25	0.498112212867	-0.461561228018	-0.113723012013	0.879788786772	-2.66735959053	-0.56404787302	5.09895658493
2	25	0.494250759482	-0.635132216286	-0.555923263409	-0.536242848938	-3.58434104919	-3.18045902252	-3.16405701637
3	25	0.461333833635	-0.300111460456	-0.239964204513	-0.923228190566	-1.60057616234	-1.29116988182	-5.0199341774
4	25	0.450488753617	-0.828528424439	0.102204376795	-0.550540566408	-4.38411235809	0.553936183453	-2.92289161682
5	25	0.47738006711	0.202026187568	-0.651804098339	0.730983472402	1.14408409595	-3.64068984985	4.07065868378
6	25	0.484494864941	0.621586056667	0.725853817337	-0.294562404279	3.49286174774	4.12405586243	-1.6721405983
7	25	0.496813941747	-0.128904557502	-0.42598236934	0.895501332253	-0.760030210018	-2.4922504425	5.08646917343
8	25	0.497679671273	-0.200028243432	-0.340036836362	-0.918892622533	-1.05175244808	-1.8770210743	-5.36236333847
9	25	0.482198983431	-0.0532415875533	0.98836976686	-0.142444857089	-0.309128761292	5.59483289719	-0.751139163971
10	25	0.43322691787	-0.262754189809	-0.0979243873377	0.959880747855	-1.35309481621	-0.514062464237	4.90528583527
11	25	0.415249943733	-0.480440934746	0.296768566543	0.825290813067	-2.34964728355	1.4476313591	4.04944467545
12	25	0.453595489264	-0.928178903671	-0.362935532269	-0.0822296916994	-4.99911737442	-1.88460898399	-0.425579071045
13	25	0.485543206334	-0.336034695139	-0.935284416945	-0.111012355539	-1.86308574677	-5.3299241066	-0.60467004776
14	25	0.49847817421	0.740015926044	0.662796113539	-0.114357951537	4.26113414764	3.89932322502	-0.615916728973
15	25	0.498642593622	0.934480338489	-0.355751720558	0.0136824813946	5.43352937698	-2.17746162415	0.139563322067
16	25	0.499160006642	0.853569546796	0.275809294525	-0.441982196289	5.00698375702	1.64794671535	-2.46761655807
17	25	0.499589823186	0.180930895242	-0.588436210073	-0.788039870706	1.01014578342	-3.42005777359	-4.6290602684
18	25	0.499987870455	0.994289812334	-0.0948798570125	0.0488424182584	5.78248596191	-0.444826006889	0.26150560379
19	25	0.499971956015	0.00674537492809	-0.761011820643	0.648702943387	-0.132443338633	-4.47766399384	3.7410132885
20	25	0.49995405972	-0.501587688732	0.845459544691	0.183324708657	-2.90630578995	4.9591255188	1.10763692856
21	25	0.499827921391	0.583354185898	0.812176712647	0.00817809448561	3.38995790482	4.69777870178	-0.12344956398
22	25	0.499764487147	-0.051097561255	-0.856952368853	0.512856389987	-0.385791957378	-4.93234443665	2.93178987503
23	25	0.49966879189	0.503610910948	0.693475660803	-0.515235439627	2.87996912003	4.02124500275	-3.04123282433
24	25	0.498220071197	-0.858118179516	-0.282993718143	0.428424725565	-4.98625564575	-1.67305576801	2.46699762344
25	25	0.499467406422	-0.375355812896	-0.432252958475	0.819917918828	-2.22349309921	-2.46218729019	4.80067205429
26	25	0.498928129673	0.99005091779	-0.0231215849131	-0.138796874947	5.67526578903	-0.0969871431589	-0.863890886307
27	25	0.496245607734	-0.360008460029	0.860098110638	-0.361421013203	-2.14541053772	4.95188570023	-2.16923928261
28	25	0.497597754002	-0.620299469885	-0.542947538465	0.566071142291	-3.51507210732	-3.14782142639	3.32954740524
29	25	0.482612539083	0.132044496827	0.143988275613	-0.980730150114	0.69627737999	0.820953607559	-5.5280046463
0	26	0.426172807813	0.774517094666	0.489521023668	0.400615073926	3.88120269775	2.47254228592	2.01276159286
1	26	0.477467522025	0.947282955876	-0.282451547762	-0.151248552634	5.24433612823	-1.61988806725	-0.942843198776
2	26	0.492677733302	-0.17028912488	0.415316075569	0.893596201492	-0.97819685936	2.45557355881	5.10152864456
3	26	0.48219396919	0.0686110894982	0.659522801414	0.748546720527	0.370553046465	3.75500869751	4.1952457428
4	26	0.437378160655	0.13966383586	0.766206601211	-0.627233176111	0.747789025307	3.92932677269	-3.24343967438
5	26	0.428670868278	0.936621394024	0.101489482336	-0.335321113608	4.69217920303	0.502294182777	-1.74880623817
6	26	0.455500502139	-0.0810337531428	0.375069648257	-0.923448043914	-0.473491311073	1.92933404446	-4.97981929779
7	26	0.49053581059	0.255867208871	0.956144372713	0.142547921604	1.4444205761	5.47473096848	0.727598190308
8	26	0.499056532979	-0.618777959301	-0.494066440511	0.610747238588	-3.50295257568	-2.83356523514	3.54816555977
9	26	0.492262363434	0.707887147568	0.26367027473	-0.655266184486	4.01942157745	1.40218901634	-3.80732154846
10	26	0.472321182489	-0.263976153586	0.896182417383	0.356614168412	-1.47317647934	4.92296504974	2.04346227646
11	26	0.464656472206	-0.0995960236094	0.992025398327	0.0772414471325	-0.619047105312	5.40941524506	0.451731204987
12	26	0.48999017477	0.0338115254751	-0.511850571677	-0.858408861219	0.236355632544	-2.91581511497	-4.86561155319
13	26	0.493208162487	-0.723694584708	-0.374383763119	0.579743862388	-4.14102649689	-2.07775855064	3.48206806183
14	26	0.497629128397	-0.289302381973	-0.571475816777	-0.767931977862	-1.7228410244	-3.361068964	-4.40549707413
15	26	0.498551785946	0.0273709703776	0.887586847731	-0.459826508279	0.1327919662	5.21091794968	-2.56368041039
16	26	0.499643370509	-0.921884725971	0.377714800978	0.0863717612629	-5.39283704758	2.10927343369	0.435984134674
17	26	0.499953586608	-0.313156549434	-0.486168885446	0.815826446232	-1.73208069801	-2.7428381443	4.87798023224
18	26	0.499983519316	-0.79811054722	-0.480282747411	-0.363796697284	-4.63718652725	-2.69244527817	-2.12974214554
19	26	0.499916836619	0.763963412952	-0.559884922761	0.320762804789	4.43958187103	-3.20605874062	1.86927938461
20	26	0.49973975867	-0.382960141384	0.709696178423	-0.591331433667	-2.21704339981	4.04561662674	-3.45087003708
21	26	0.498601343483	0.326580000474	-0.359580658234	0.874097965628	1.85147702694	-2.21549844742	5.00400400162
22	26	0.498500928283	-0.64502062107	0.532088600856	-0.54847982573	-3.72390508652	3.04657125473	-3.18175458908
23	26	0.498282298446	0.270900995093	0.841194430495	0.467979252704	1.68946170807	4.82443857193	2.83564448357
24	26	0.498590663075	-0.18629765399	0.842243015038	0.505885251552	-0.997311472893	4.96237468719	2.88688015938
25	26	0.499692007899	0.226587863143	-0.851339776948	0.473158033286	1.36389708519	-5.01413822174	2.66281652451
26	26	0.499044463038	-0.836423748209	-0.438848198555	0.328340634184	-4.89217948914	-2.53353142738	1.82990026474
27	26	0.497458145022	0.530583677976	0.824568084496	0.19638847903	3.26175427437	4.65747261047	1.1303653717
28	26	0.493670076132	-0.749465848156	0.61650584032	-0.241291299675	-4.30289554596	3.49040150642	-1.48023700714
29	26	0.449062332511	0.98736391777	0.0930213166613	0.128294694097	5.16787624359	0.470788031816	0.733234643936
0	27	0.442527007312	0.0258668106905	0.640728337871	0.767331809033	0.178558021784	3.27605819702	4.02134132385
1	27	0.48192730546	0.347043517537	0.931522749639	-0.108748167067	1.85697436333	5.25197553635	-0.607038497925
2	27	0.496775969863	-0.207724684958	-0.941499316188	0.265385555138	-1.22152638435	-5.48739242554	1.36565804482
3	27	0.49453677237	0.41384052025	-0.704764902659	0.576231251998	2.46531510353	-4.0275182724	3.36694741249
4	27	0.452622704208	-0.474117174485	0.585560612012	-0.65751933395	-2.51734519005	3.10956072807	-3.46888542175
5	27	0.436296388507	0.0159367767499	-0.460355467245	-0.887591608187	0.0955066680908	-2.30095148087	-4.57398509979
6	27	0.471933484077	-0.152583543259	0.972900632294	0.173731465222	-0.871678054333	5.35855817795	0.953848361969
7	27	0.492567121983	0.903015495317	-0.199556768411	0.380447251796	5.14957904816	-1.22418010235	2.24688148499
8	27	0.499528918415	0.358692245667	0.5198036314	-0.775334803605	1.94895672798	2.9452624321	-4.55024385452
9	27	0.499635677785	0.289498687126	0.162042396474	0.94336248171	1.54089295864	0.916082143784	5.46298789978
10	27	0.496998213232	-0.206573188966	-0.191636699671	-0.959480532861	-1.20816814899	-1.16130292416	-5.47102880478
11	27	0.491696596146	0.81039277158	0.516779391572	-0.276048213574	4.71489095688	2.95457720757	-1.53217220306
12	27	0.49877512455	0.143376993183	0.885100613281	0.442763980237	0.870527625084	5.14005565643	2.56130361557
13	27	0.498412191868	-0.856962506979	0.243311190921	0.454329094385	-4.96249771118	1.39599609375	2.66475820541
14	27	0.497561313212	0.5498839259	-0.615759735049	-0.564329351292	3.30586099625	-3.57282018661	-3.27967596054
15	27	0.498767957091	0.675996613668	-0.413191484188	-0.610165039727	3.92811107635	-2.41774058342	-3.56367373466
16	27	0.499932628125	0.598376653578	0.0968233815438	0.795343078954	3.52292966843	0.60295432806	4.58721065521
17	27	0.499979481101	0.147501908268	-0.958417178709	0.244294286903	0.755793333054	-5.60525512695	1.34129929543
18	27	0.499937772751	0.411087273299	0.906763043986	-0.0937445240657	2.3862452507	5.24222564697	-0.481211662292
19	27	0.49950504303	-0.0963350935908	0.941360705604	-0.323356725133	-0.730501532555	5.43541049957	-1.882771492
20	27	0.492329061031	0.401309393375	-0.779121824093	0.481580682763	2.24835157394	-4.51288127899	2.67674160004
21	27	0.48303642869	0.583750100586	0.314586049738	0.748512817109	3.28255081177	1.89377653599	4.22986888885
22	27	0.488416720182	0.586245262697	-0.0607338105039	-0.807853882968	3.38043022156	-0.37055939436	-4.55501413345
23	27	0.497717738152	-0.894392108776	-0.233435370866	-0.381537263432	-5.17010784149	-1.40379691124	-2.19696474075
24	27	0.49786233902	-0.847111368729	-0.162087431366	-0.506092870492	-4.96691036224	-1.01865744591	-2.91528892517
25	27	0.499796837568	0.865365917859	0.408686436726	-0.290029696142	4.95939302444	2.37938499451	-1.61124396324
26	27	0.497292071581	-0.918295989377	0.111079619472	0.379991834166	-5.35526657104	0.640543758869	2.27417945862
27	27	0.492238655686	-0.686710115133	0.57158279229	0.449135090292	-4.06187057495	3.25489902496	2.48995065689
28	27	0.479742277414	0.577912929077	0.0169579956541	0.815922222267	3.31450724602	0.0189461745322	4.49768257141
29	27	0.439798332751	0.159695015349	-0.843332360604	0.51311600212	0.84926879406	-4.33296251297	2.67652153969
0	28	0.481496855617	0.0179402697584	-0.989837219883	0.141068865648	0.0321666039526	-5.57426929474	0.838505268097
1	28	0.495992526412	0.76134982745	-0.642038733803	-0.0901815088473	4.35871458054	-3.70895648003	-0.572061777115
2	28	0.49940402247	-0.148267896257	0.320995268437	0.935402944501	-0.826158881187	2.04113650322	5.34128665924
3	28	0.498275637627	0.0446441718142	-0.997340661747	-0.0576064436489	0.26406827569	-5.76682949066	-0.442802906036
4	28	0.482047200203	0.603579020228	0.714870319878	-0.353062023019	3.40573120117	4.06415128708	-1.88608217239
5	28	0.466708727181	0.282540910009	-0.804743948061	-0.522070696583	1.56627452374	-4.38611459732	-2.83569550514
6	28	0.485715508461	-0.805486619698	0.103276621676	-0.583545409461	-4.59368848801	0.708282589912	-3.28973603249
7	28	0.499473318458	0.0394303065605	-0.949425698752	-0.311506169239	0.148059725761	-5.4872341156	-1.88592267036
8	28	0.499958597124	0.408595261576	0.0273573236146	0.912305589735	2.30673694611	0.226692289114	5.27709388733
9	28	0.499981865287	0.259491925458	-0.764978491761	-0.589467427229	1.42866301537	-4.29154348373	-3.55773854256
10	28	0.499800971709	0.14318313098	0.0735190144184	0.986961775107	0.823929667473	0.471008837223	5.67520093918
11	28	0.498837053776	0.167891120594	-0.756244953817	-0.632381325983	0.990041851997	-4.30446720123	-3.76436090469
12	28	0.499671369791	-0.636451044558	-0.583926898769	0.503943890503	-3.63993215561	-3.37803125381	2.92610454559
13	28	0.499603688717	0.0874127821508	0.176999319134	-0.980321501622	0.600473880768	1.11800849438	-5.69766664505
14	28	0.499030604959	0.373144469143	-0.797032967145	-0.47487014481	2.1879196167	-4.67823791504	-2.72119522095
15	28	0.499571740627	-0.930173570026	-0.341596421166	0.134495407623	-5.3960943222	-1.96838378906	0.86902141571
16	28	0.49992787838	-0.829450783166	0.447116388938	0.334810891472	-4.84466457367	2.56874418259	1.91185569763
17	28	0.499927125871	0.490871756452	0.567194811913	-0.661313060552	2.82753610611	3.29612779617	-3.83817863464
18	28	0.499614790082	0.0394632281063	-0.966428604136	-0.25388660212	0.0685952007771	-5.60790634155	-1.34621834755
19	28	0.496849864721	0.937959408435	-0.23285416949	-0.25692622264	5.4237203598	-1.29837346077	-1.52958273888
20	28	0.472869088873	0.274954726335	0.0309835143504	0.960957814009	1.42238330841	0.249533742666	5.37613296509
21	28	0.436507070437	-0.246208934371	-0.418882585085	0.874024336359	-1.25953364372	-2.1847422123	4.51037979126
22	28	0.426309404895	0.493038090106	0.00424626074493	0.869997362625	2.44792318344	0.0037262677215	4.39714050293
23	28	0.474504083395	0.636954043733	0.282786627499	0.717161954847	3.53976535797	1.59027099609	3.9218416214
24	28	0.496975731105	-0.469359926982	-0.266901952458	-0.841703395929	-2.66556286812	-1.56122040749	-4.97923851013
25	28	0.499114394188	-0.701870591455	-0.612895494602	-0.362955624765	-4.08010053635	-3.64143419266	-2.01659345627
26	28	0.4994834885	-0.744476592995	-0.229503019604	-0.626963289575	-4.34460926056	-1.34863638878	-3.66276288033
27	28	0.494386911392	0.805447401605	0.203231260293	0.5567329145	4.70018625259	1.117010355	3.12487888336
28	28	0.477369293571	-0.590365859766	0.65375754688	0.473359505577	-3.32889962196	3.63503313065	2.64208698273
29	28	0.46389387548	-0.937316557394	-0.12127859515	0.326694312154	-5.0902504921	-0.692889094353	1.73902511597
0	29	0.498037718236	0.728843248398	-0.0570661395886	-0.682298303514	4.25662469864	-0.440648794174	-3.95585465431
1	29	0.499447792768	-0.751660185018	0.659386631075	0.0147049997873	-4.3405418396	3.86618328094	0.201967716217
2	29	0.499914646149	-0.811563668998	-0.388991178434	-0.435947559074	-4.63315677643	-2.316010952	-2.67788124084
3	29	0.499689042568	-0.908694621544	0.236392948777	0.344082052054	-5.20102977753	1.50335562229	2.17912340164
4	29	0.497107427567	-0.310475842008	0.392655499022	-0.865694178459	-1.65872454643	2.25358533859	-5.08821201324
5	29	0.494335368276	-0.714476010852	-0.228619703634	0.661254157664	-4.04270410538	-1.2765610218	3.8435587883
6	29	0.49480265379	-0.381208482642	-0.769055261799	-0.513063443505	-2.10665798187	-4.49537754059	-2.98970675468
7	29	0.499636158347	0.577091651876	0.656078480685	0.48633964728	3.32395744324	3.76535558701	2.85661315918
8	29	0.499862328172	-0.83667416985	0.166891844772	-0.521654527111	-4.83692932129	0.860562264919	-3.09995675087
9	29	0.499956231564	-0.535394632623	0.0458339871214	0.84335747639	-3.08128499985	0.246353030205	4.9570016861
10	29	0.499788627028	-0.551819665542	0.827593941852	-0.102875284356	-3.08388519287	4.86595153809	-0.760145425797
11	29	0.499007031322	-0.667419639595	-0.561563479375	0.489078197547	-3.79836273193	-3.29281640053	2.81842255592
12	29	0.49626763165	0.394506804429	0.916649977234	-0.0641654151104	2.28215169907	5.27815294266	-0.343707323074
13	29	0.499895006418	-0.00263058183959	0.112609156139	-0.993635877972	-0.0212477818131	0.537478983402	-5.81517219543
14	29	0.4999627918	0.301535724252	0.827513826797	0.473600119784	1.61723089218	4.76444244385	2.88137078285
15	29	0.499977186322	0.220937087551	0.85834773717	-0.463061513667	1.27407050133	4.97725915909	-2.80819201469
16	29	0.499971807003	0.926611691502	-0.36461702032	-0.0918977783464	5.35706520081	-2.19202661514	-0.5164103508
17	29	0.499612040818	0.426163999826	0.71513349259	0.554047229962	2.39802122116	4.13041210175	3.35120916367
18	29	0.496829882264	0.28650008954	0.951775801086	-0.109729317691	1.65220546722	5.4936580658	-0.742072582245
19	29	0.49370534718	-0.667239561468	-0.531154105756	0.522174954926	-3.85330796242	-3.01419734955	2.91612172127
20	29	0.473715856671	0.951805525406	-0.292248624481	-0.0930429110414	5.275867939	-1.60378146172	-0.584910869598
21	29	0.42752841115	0.936606967614	-0.350346069034	-0.00500201243605	4.74289178848	-1.80590593815	0.0131707191467
22	29	0.405426189303	0.611668774735	-0.49503417064	0.617091954179	2.97497010231	-2.38583016396	2.96262741089
23	29	0.461883209646	0.581535282828	-0.559335146492	0.590729133127	3.15347576141	-3.06118917465	3.17652702332
24	29	0.493473321199	-0.797529280303	0.092311429336	-0.596175852474	-4.61459779739	0.518236219883	-3.404317379
25	29	0.497562482953	0.100418036147	0.920107417845	0.378574375311	0.591401219368	5.29361438751	2.2748939991
26	29	0.499718412757	0.543657942979	0.424239101073	-0.724194190916	3.1697306633	2.4166135788	-4.20872974396
27	29	0.498385630548	0.657661340442	-0.0474405293111	0.751818433843	3.79989051819	-0.322644263506	4.39076280594
28	29	0.492381602526	-0.471952582983	0.36693913452	-0.80163360145	-2.66418218613	2.03140115738	-4.64751911163
29	29	0.49481266737	0.365812147888	0.914687398454	-0.17183839957	2.08577251434	5.2943983078	-0.88906788826
