0	0	0.499791380018	-0.451476281547	0.224244238352	-0.863645580528	-2.54425263405	1.23876333237	-5.05156898499
1	0	0.49973680079	-0.976481061135	0.204858199396	-0.0672149937501	-5.67977666855	1.24686121941	-0.340168237686
2	0	0.499906376004	0.802371969932	-0.591421204409	-0.0801260309946	4.66923475266	-3.39482617378	-0.472910404205
3	0	0.499715223908	0.728710354711	0.681093442167	0.0713648511082	4.14233589172	4.116502285	0.501662492752
4	0	0.499490905553	0.523827341815	-0.12736618273	-0.84224863993	3.12049531937	-0.814538955688	-4.83549404144
5	0	0.497356712818	-0.980665159799	-0.0328253798443	-0.19292055047	-5.67056274414	-0.329095751047	-1.01114344597
6	0	0.49885006249	0.55707549536	0.830105378555	-0.0243300835024	3.21654176712	4.76458692551	-0.132664680481
7	0	0.499541729689	0.768028339942	-0.484167750172	-0.419182607869	4.48824834824	-2.88038563728	-2.35667657852
8	0	0.499839738011	-0.64596376281	0.393072981418	-0.654388606576	-3.83729887009	2.35020065308	-3.63911223412
9	0	0.499412253499	0.0610023847461	-0.70993122768	0.701624088113	0.43666768074	-4.11668586731	4.07761144638
10	0	0.495226491243	0.0354689715529	-0.280621285406	-0.959162992527	0.17859351635	-1.66060817242	-5.48741769791
11	0	0.490818604827	-0.108810536121	0.973314618935	-0.202036926812	-0.631231248379	5.52407646179	-1.1227107048
12	0	0.483381018043	-0.55636755723	-0.453296278345	0.696403349576	-3.0196018219	-2.60905361176	3.90889573097
13	0	0.497500687838	0.0829802267568	0.96126967626	-0.26282102555	0.519524097443	5.55861997604	-1.51178121567
14	0	0.49875837937	0.229166589482	0.310348703839	-0.922586774396	1.3085706234	1.85017096996	-5.34637069702
15	0	0.499697417021	-0.00281515144209	-0.952320218806	-0.305087324836	-0.0939611494541	-5.56296825409	-1.66068816185
16	0	0.499823242426	-0.391098319491	0.619574087045	0.680565981484	-2.12136363983	3.70047855377	3.89176607132
17	0	0.497625976801	0.304595589801	-0.937082165903	0.170582944693	1.67097330093	-5.43720817566	0.912454843521
18	0	0.485974654555	0.927725679145	-0.252855441091	0.274570920102	5.29134321213	-1.3659979105	1.52568793297
19	0	0.419372424483	0.601322944082	0.516845295692	0.609328858041	2.96441078186	2.60304641724	3.05727934837
20	0	0.419264281169	0.321150567357	0.367280007904	0.872907617609	1.63579058647	1.81609272957	4.31674909592
21	0	0.432304564863	0.587088978153	0.0244857002675	0.80915201428	3.0284819603	0.0882297605276	4.13321447372
22	0	0.480761483312	-0.659634911065	0.242691173275	0.711324664636	-3.71022844315	1.35206699371	3.9552989006
23	0	0.450778976083	0.933586412668	0.111018290817	-0.34072180615	4.90522050858	0.605481743813	-1.83835792542
24	0	0.427444204688	0.541165376849	0.672745215857	-0.504533358106	2.74136066437	3.36077713966	-2.52329945564
25	0	0.488070998341	0.0687999262917	0.329154161412	0.941766482822	0.355815172195	1.76001048088	5.38311910629
26	0	0.494735658169	-0.0691280427366	0.996916674657	0.0371275840564	-0.327514886856	5.74941778183	0.0975158214569
27	0	0.490705966949	-0.971485843448	-0.148955411054	-0.184465556399	-5.50313568115	-0.963522970676	-1.04902744293
28	0	0.487591227517	0.351010595509	0.27627797677	0.894685442707	2.06157517433	1.56794524193	5.1197052002
29	0	0.498214893043	0.539365863359	0.604215141178	0.586522402483	3.07683205605	3.44696903229	3.49393796921
0	1	0.499910734594	-0.301731735933	-0.772172452714	0.559202702784	-1.81647098064	-4.40649986267	3.2711725235
1	1	0.499975852668	0.784350869719	-0.215460470803	0.581696225441	4.57286739349	-1.12515830994	3.32036304474
2	1	0.499982483685	-0.697099860549	-0.148162309586	-0.701498192756	-4.01455593109	-0.733095526695	-4.06281900406
3	1	0.49996471405	0.224127516395	-0.849485117453	0.477642011993	1.31320178509	-4.88514709473	2.83257961273
4	1	0.49981945008	-0.0819291606782	0.698043477708	-0.711352877171	-0.566531300545	4.03997564316	-4.19475364685
5	1	0.499870583415	0.342553333077	0.841330179734	0.418115704879	2.03424978256	4.84479570389	2.40304255486
6	1	0.49960449338	-0.37851427314	-0.885256660581	0.270273176484	-2.11015701294	-5.13164234161	1.52088999748
7	1	0.499409243464	-0.903701032768	0.0235154603128	-0.427517796706	-5.32386493683	0.22944149375	-2.34778761864
8	1	0.499711789191	0.700361805319	0.0401584987246	-0.712657446906	4.08533239365	0.273832887411	-4.09029340744
9	1	0.49942202121	-0.281034431887	-0.641043168123	0.714201165427	-1.60048663616	-3.78557825089	4.14725208282
10	1	0.49461401999	-0.442487460173	0.89665892236	-0.0144091825906	-2.57830047607	5.13976287842	-0.115125179291
11	1	0.474592486396	0.374544142993	-0.142895982368	0.91613177173	2.08323335648	-0.868479073048	5.02007055283
12	1	0.4052990973	0.0836989539108	-0.993514218862	-0.0769674089047	0.419844657183	-4.74148607254	-0.399123191833
13	1	0.463438913226	0.633791802383	-0.772919277418	-0.0300622991102	3.41051578522	-4.17277526855	-0.178139209747
14	1	0.498276349157	-0.483084367454	0.0336770744861	0.874925910335	-2.86465835571	0.153181508183	4.98142194748
15	1	0.499932780862	0.997454245955	-0.064016174683	-0.0314158654999	5.78025245667	-0.242304980755	-0.235633611679
16	1	0.499881617725	-0.510184386535	-0.518121190352	-0.686485486987	-2.9555606842	-3.115036726	-3.89714598656
17	1	0.498972326517	-0.518555580871	0.710365767121	-0.47589976513	-2.96527671814	4.25880622864	-2.59320545197
18	1	0.497494205832	-0.591578170985	-0.415133606976	-0.691157981921	-3.41029286385	-2.50278759003	-3.94730496407
19	1	0.466933265328	0.781620844728	0.379124157477	0.495311748602	4.25801563263	2.09915876389	2.71494626999
20	1	0.471077553928	0.728733067927	0.21142939802	-0.651341481377	3.98036527634	1.13562393188	-3.67353701591
21	1	0.475249547511	0.126077162631	0.47604256259	0.870337881323	0.694301366806	2.59266209602	4.89404058456
22	1	0.473891548812	-0.00286550120405	0.870137174149	-0.492801265286	-0.0321990996599	4.7914056778	-2.74815034866
23	1	0.417553767562	0.887833410958	0.224053654202	0.401935062448	4.37058925629	1.10609698296	1.96438145638
24	1	0.396879732609	0.921864267146	0.387086567959	-0.0181731083005	4.32162618637	1.82481026649	-0.0784435272217
25	1	0.480153609067	0.61604067362	-0.0659478798089	-0.78494889362	3.45818471909	-0.31820872426	-4.37212371826
26	1	0.495776623487	-0.143581236987	-0.989345046651	-0.0240999388315	-0.905957102776	-5.64438152313	-0.0555205345154
27	1	0.492866486311	0.341611036013	0.625740556214	-0.701249353928	1.97390437126	3.61502408981	-3.96996355057
28	1	0.49731753394	-0.156879197318	-0.219617826289	0.962889883541	-0.929107666016	-1.29471576214	5.52483797073
29	1	0.499562263489	0.419523491086	0.140818643287	-0.896755345749	2.31905245781	0.808653652668	-5.18510055542
0	2	0.499923661351	0.83825415448	0.431791019706	-0.332996227904	4.82128047943	2.53388643265	-1.89100074768
1	2	0.499982953072	-0.491225130961	-0.527132291642	-0.693418645423	-2.94173836708	-2.98220086098	-3.98879289627
2	2	0.499983878806	-0.237446391945	0.249124981083	0.938912112369	-1.17783391476	1.4851937294	5.47234392166
3	2	0.499985530972	-0.340070770555	-0.940380410934	0.0060459694306	-2.04632902145	-5.46533918381	-0.0972380638123
4	2	0.499093741179	-0.00497426958871	0.996112202874	0.087953032512	0.0555452331901	5.76254749298	0.593315601349
5	2	0.498479858041	0.0634819402139	-0.997971484723	0.0047915495652	0.359650313854	-5.72750282288	0.0463211536407
6	2	0.497495904565	-0.0462570210881	0.980335009696	-0.191842531167	-0.256591945887	5.63891649246	-1.06732654572
7	2	0.498546716757	-0.085134851437	0.126622969289	-0.988290787531	-0.41083869338	0.69483345747	-5.74432134628
8	2	0.499011404812	0.493951126138	-0.411388952475	0.766010061793	2.76035237312	-2.39510130882	4.4716463089
9	2	0.499813213944	-0.873187982371	0.29919698627	0.384738756627	-5.13977479935	1.74802446365	2.18275094032
10	2	0.499524444342	0.693904069449	0.714382018863	-0.0903076604036	4.12476015091	4.0038690567	-0.573768615723
11	2	0.486843749881	-0.861314098209	-0.378325194554	-0.339128399567	-4.81449604034	-2.15916490555	-1.93263483047
12	2	0.412218157202	0.316533899969	-0.44057981848	-0.840056970519	1.54432535172	-2.18189811707	-4.0658121109
13	2	0.461293578148	-0.499600288752	-0.135885634652	-0.855531791212	-2.69062542915	-0.723360836506	-4.58822774887
14	2	0.496204897761	0.453841319319	0.887755700467	-0.0769277139083	2.68885970116	5.03640174866	-0.5124335289
15	2	0.499505884945	-0.482011378512	-0.163742311751	0.860728462599	-2.82161355019	-1.00066232681	4.9075460434
16	2	0.499879844487	0.450561704636	0.709892553365	-0.541337891703	2.60767936707	4.13448572159	-3.10754776001
17	2	0.499183114618	0.528141296274	-0.296895519431	-0.795562581895	3.12249279022	-1.93089652061	-4.49484348297
18	2	0.498889759183	-0.596730628941	0.642317227265	-0.480979350953	-3.44040822983	3.74400806427	-2.73246002197
19	2	0.488673239946	0.443772996247	-0.612726730787	0.653935379974	2.44999074936	-3.62501478195	3.65074682236
20	2	0.490536183119	0.718533787337	0.547064511405	0.429452694504	4.09857559204	3.18907546997	2.43117904663
21	2	0.49141843617	-0.583622794572	0.75813293347	0.290893260223	-3.43678307533	4.26417684555	1.65661287308
22	2	0.48501946032	0.532200221276	-0.533289929952	-0.657544504262	2.98517227173	-3.10950565338	-3.68148684502
23	2	0.486024336889	0.219799712393	0.0137646447437	-0.97544790788	1.22347450256	0.0724832266569	-5.51332521439
24	2	0.47889380157	-0.069937319636	0.746864732189	0.661288018291	-0.402539223433	4.14654636383	3.73739552498
25	2	0.492726713419	-0.914418123361	0.370215631538	0.163645598274	-5.28233575821	2.05908870697	0.866373062134
26	2	0.478728070855	0.876858745293	0.447338768829	0.17608738372	4.90158987045	2.48439097404	0.996044874191
27	2	0.456077311188	0.606229791915	0.105196142408	-0.788301472164	3.30544519424	0.522800147533	-4.23302412033
28	2	0.49041365087	-0.553577767911	-0.195887930785	-0.809431636055	-3.11853504181	-1.08340954781	-4.61371040344
29	2	0.499073008075	0.0502584710737	0.00332355778414	0.998730714482	0.261021077633	-0.03972293064	5.73255586624
0	3	0.49959474057	-0.759409560247	-0.315105752319	-0.569214796593	-4.49136209488	-1.79249274731	-3.19884419441
1	3	0.499890848994	0.666171499956	-0.643914072226	-0.376284732928	4.04750871658	-3.66048932076	-2.05875325203
2	3	0.49996457994	-0.752983078183	0.594232267582	-0.282673833481	-4.3805270195	3.36749410629	-1.69213795662
3	3	0.499841704965	0.765633346314	-0.607847703659	0.210539184401	4.5087928772	-3.39372897148	1.28961539268
4	3	0.495114780962	-0.771114017593	0.350207616278	-0.531730944532	-4.45509433746	1.99932765961	-3.02580666542
5	3	0.478296861053	-0.498540067295	-0.51835965554	-0.694810095501	-2.78911042213	-2.86433410645	-3.93143248558
6	3	0.468243427575	0.368640036425	-0.294193733257	0.881790548178	2.05469965935	-1.65306043625	4.77157258987
7	3	0.488316699862	-0.678136506062	-0.128317407519	0.723647374122	-3.81842136383	-0.718926072121	4.11030960083
8	3	0.496243461967	0.725423325193	0.454012395409	-0.517333300766	4.21822547913	2.56796646118	-2.97922253609
9	3	0.49980828166	-0.778163667728	0.505326019595	-0.37297040117	-4.50391483307	2.90313243866	-2.28260374069
10	3	0.499397370964	-0.431980229775	-0.133630559164	0.891928222864	-2.57768988609	-0.904439628124	5.13202667236
11	3	0.498294532299	0.191531095483	0.469091429225	0.862130541444	1.18991291523	2.69830465317	4.96416664124
12	3	0.486966583878	0.118573281811	0.476458394974	-0.871164608268	0.626052498817	2.63877487183	-4.92130231857
13	3	0.490241669118	-0.251360235082	-0.495107452247	0.831677006385	-1.42194521427	-2.71867895126	4.80111694336
14	3	0.493131652474	-0.787486195008	-0.606800421288	0.107975651872	-4.54481267929	-3.48741459846	0.699184417725
15	3	0.498207615688	-0.0359840313555	-0.311721791475	-0.949491797862	-0.153268769383	-1.73175036907	-5.49451780319
16	3	0.499656559899	-0.162588520745	-0.222191706678	0.961351038074	-0.965421795845	-1.39180231094	5.51979732513
17	3	0.497527509928	-0.454582921173	0.827806949709	0.328770469768	-2.6482834816	4.81758975983	1.76698684692
18	3	0.497875286266	0.412296815182	-0.0166439132354	0.910897533394	2.40163183212	-0.238846361637	5.27066421509
19	3	0.494566731155	0.413015718074	0.586616634282	0.696634007932	2.32654929161	3.58779335022	3.9022564888
20	3	0.495778203011	0.0982573002682	-0.989200173534	0.108758997898	0.504767537117	-5.68275499344	0.600850582123
21	3	0.491796828806	0.610484412989	0.410396721166	-0.677409265329	3.51849269867	2.3562142849	-3.88975524902
22	3	0.490248680115	0.989347936603	-0.049607114292	0.136856839622	5.69655323029	-0.25440132618	0.847565174103
23	3	0.499302595854	-0.360639450089	0.372906477844	0.854915168787	-2.18286466599	2.11458587646	4.87648582458
24	3	0.49862639606	0.867952131786	0.315813969534	-0.383302274419	4.98058700562	1.71957707405	-2.32371926308
25	3	0.49374661129	0.0457421935241	-0.0687340364215	0.99658581365	0.202902182937	-0.532777547836	5.71932125092
26	3	0.455543681979	0.387854940023	0.921640325937	-0.0121513417484	2.07987880707	4.93329620361	-0.105797290802
27	3	0.393085435033	0.952523152924	0.274810479434	0.131068087408	4.44814157486	1.31272625923	0.57892203331
28	3	0.456505253911	0.915678700666	0.29705126591	0.270726915114	4.87058401108	1.55531966686	1.47453308105
29	3	0.495414562523	-0.516403353796	0.39411912068	-0.760261596362	-2.95597696304	2.22478914261	-4.4433889389
0	4	0.498697474599	0.767708589706	-0.384044999359	0.512964871857	4.49680376053	-2.17755055428	2.97973752022
1	4	0.499570757151	-0.043879473435	-0.971849301269	-0.231481159998	-0.473449110985	-5.64494895935	-1.36751651764
2	4	0.499991342425	0.412241630437	0.794006492238	0.446777940837	2.44774532318	4.52008581161	2.59459972382
3	4	0.498590961099	-0.216616749084	-0.870183853112	-0.442557618622	-1.40250134468	-4.94933223724	-2.59823584557
4	4	0.484364449978	0.776790557982	-0.491065507067	0.394272870991	4.42062139511	-2.7146654129	2.30857896805
5	4	0.45935921371	0.472031113084	-0.765154424842	0.437864516061	2.54102635384	-4.06948804855	2.389295578
6	4	0.407231345773	0.50972991338	0.676417623016	0.531633910392	2.39552783966	3.26103115082	2.50893473625
7	4	0.435132525861	0.100934987293	0.861549940379	-0.497537765976	0.526678442955	4.4305896759	-2.47615146637
8	4	0.475994937122	-0.245520723901	0.571640813759	-0.782908905417	-1.46925723553	3.16615176201	-4.33617067337
9	4	0.498935215175	0.570490184024	-0.131771706413	0.810664645412	3.25084352493	-0.897456407547	4.69361782074
10	4	0.499770149589	0.991650133127	0.0919709589114	-0.090395554013	5.73007106781	0.616903245449	-0.604975700378
11	4	0.499850802124	-0.356388780852	-0.382414553928	-0.852494073778	-2.12263822556	-2.12232542038	-4.93062162399
12	4	0.499661382288	-0.260885831609	-0.272067287647	0.926238616048	-1.4294885397	-1.50044488907	5.37116527557
13	4	0.494004830718	0.581046555961	-0.720039417433	-0.379378619784	3.36459112167	-4.06241321564	-2.30150127411
14	4	0.492165777832	-0.337137538244	-0.484703296069	-0.807094167422	-2.05435681343	-2.758228302	-4.64572286606
15	4	0.496696695685	0.739489645255	0.669472809613	-0.0704359407459	4.26706218719	3.89168930054	-0.330513238907
16	4	0.496633931994	0.731665342697	0.680317052482	-0.0428314650452	4.18424987793	3.96595573425	-0.33038687706
17	4	0.480447903275	0.0714787706257	-0.872405186272	0.483528671659	0.365685552359	-4.87586975098	2.69919991493
18	4	0.473716188222	0.421694254225	-0.282180166623	-0.86171242855	2.26311826706	-1.46817743778	-4.82189273834
19	4	0.493563264608	0.152196887403	-0.790205359311	0.593642651417	0.862869501114	-4.54542064667	3.38935923576
20	4	0.491411358118	-0.957100581217	-0.147497283727	-0.249405350238	-5.53079748154	-0.812762379646	-1.420784235
21	4	0.488233003765	-0.491293726458	0.375658384736	-0.785818841923	-2.81916761398	2.2547724247	-4.43297481537
22	4	0.494020029902	0.416097413041	-0.789219858381	-0.45165801	2.36607527733	-4.59744596481	-2.58357954025
23	4	0.498588845134	0.361013954806	-0.841294137423	-0.402359414917	2.15033769608	-4.85402059555	-2.34735441208
24	4	0.49770206213	-0.984032854568	-0.15218003995	-0.0923069692437	-5.66976118088	-0.910708129406	-0.391434431076
25	4	0.498165175319	0.509986471148	0.830190976515	-0.225159369692	3.00390744209	4.71211433411	-1.36028003693
26	4	0.477352812886	-0.919265068038	0.387469541146	-0.0694196612618	-5.13738775253	2.11308383942	-0.405374526978
27	4	0.421464115381	0.4460542778	0.89483684356	-0.0173955357461	2.2422451973	4.4500207901	-0.0736112594604
28	4	0.444757327437	-0.0193638049036	0.908249905011	0.417979847728	-0.0959905385971	4.76841688156	2.2303082943
29	4	0.489318490028	-0.191420285414	0.951544286464	0.240669369116	-1.1320015192	5.42543554306	1.34044790268
0	5	0.498447090387	0.769689295497	-0.347906536439	0.535293779434	4.46239089966	-2.06605768204	3.28168725967
1	5	0.499566078186	0.930336870286	0.0387312372288	-0.364654904051	5.40578460693	0.356591761112	-2.07036375999
2	5	0.499693438411	-0.909558862802	0.0892623137774	-0.4058754913	-5.23791313171	0.343791544437	-2.33770895004
3	5	0.498957410455	0.588474867258	0.743856198802	0.316820589781	3.3595290184	4.33327531815	1.89708256721
4	5	0.493738353252	0.765593187991	-0.554034517563	-0.326975264891	4.36819553375	-3.22905349731	-1.88914704323
5	5	0.483592018485	-0.0922154459753	0.99326997991	-0.0700789450022	-0.54462826252	5.55684614182	-0.408537864685
6	5	0.431556776166	-0.77415092616	0.626181642086	0.0926654986472	-3.90991926193	3.18279695511	0.495837688446
7	5	0.455106973648	-0.997298783956	0.0720240082208	-0.0144110291281	-5.28028488159	0.407156735659	-0.0908350944519
8	5	0.485160514712	0.266281186065	-0.746968790074	-0.609206005062	1.56755948067	-4.26449108124	-3.36276507378
9	5	0.499074772	0.00842638675949	0.999964328327	0.000581446082779	0.0729435160756	5.75460338593	-0.000752925872803
10	5	0.499848872423	-0.689837122111	-0.570199907002	0.446090586106	-4.06895923615	-3.21759152412	2.51659631729
11	5	0.49990029633	0.561600747632	-0.822778505231	0.0874078462711	3.36959123611	-4.70768737793	0.655823469162
12	5	0.499783650041	-0.768193012026	0.255372435241	-0.587081268304	-4.33381938934	1.49035894871	-3.51360273361
13	5	0.499169453979	0.264646885906	0.334554254233	0.904453136848	1.48483037949	2.00130867958	5.19087076187
14	5	0.498586148024	0.665644973896	-0.441461182942	-0.601688285312	3.86762046814	-2.51494312286	-3.47353601456
15	5	0.49545584619	-0.442476947463	-0.521391753403	0.729633326026	-2.56940102577	-3.00864124298	4.21294736862
16	5	0.485382571816	-0.560786055746	-0.827715238448	0.0201614414428	-3.15231466293	-4.7053399086	0.0638082027435
17	5	0.434423282743	-0.0839217700464	-0.990126169207	-0.112282258456	-0.409414172173	-5.09766960144	-0.609209060669
18	5	0.414668723941	0.781800470674	-0.600117807649	-0.169253186072	3.82420873642	-2.93710374832	-0.792465686798
19	5	0.462131246924	0.638774172185	0.768400912021	-0.0390844643523	3.48669338226	4.14573478699	-0.215359687805
20	5	0.490932717919	-0.338106034448	0.801696847751	-0.492916294898	-1.85499691963	4.64600944519	-2.77907276154
21	5	0.494744554162	-0.192817481947	-0.978699839619	0.0704843428441	-1.04011785984	-5.60471391678	0.476192712784
22	5	0.465270154178	-0.147248004386	0.681106152912	0.717225511028	-0.775868177414	3.71202325821	3.86140537262
23	5	0.443063572049	0.0498025656545	0.99415642587	0.0957742416107	0.249985724688	5.16678380966	0.541520118713
24	5	0.481594029814	0.0299713560737	0.533306018257	-0.845391275508	0.217107325792	2.99539256096	-4.72601747513
25	5	0.499258331954	-0.242496624139	-0.759016159324	0.604226660423	-1.44354593754	-4.44156455994	3.43820309639
26	5	0.496203422546	0.117551234051	-0.696153754356	0.708203118935	0.762647628784	-4.08440542221	4.02661800385
27	5	0.481494992971	0.352718354404	0.801961272048	0.482128489723	1.92951607704	4.56696605682	2.67107009888
28	5	0.48766701296	0.238056902571	0.425369477298	-0.873149310783	1.36130595207	2.3962931633	-5.00022602081
29	5	0.49769705534	0.435980648419	-0.889924026454	0.13400037815	2.51109337807	-5.18466186523	0.715776443481
0	6	0.499733224511	0.826225655989	0.375761849677	-0.419707276221	4.71655702591	2.26078343391	-2.4152765274
1	6	0.499931484461	-0.850574873926	-0.507393677949	-0.138108795607	-4.87734699249	-2.89245176315	-0.771763563156
2	6	0.49857916683	0.54130302456	0.535391899177	0.648341383762	3.17061066628	3.08591461182	3.71241307259
3	6	0.496860325336	0.792606570841	0.582545565256	0.180043017805	4.63888978958	3.40928435326	0.969229459763
4	6	0.498513668776	-0.951849755434	-0.19904384839	-0.23316000836	-5.43837404251	-1.10178232193	-1.36666440964
5	6	0.498537108302	0.550072873196	-0.441888783732	0.708628348985	3.17625236511	-2.60684800148	4.0938668251
6	6	0.493697136641	0.448080883888	-0.20495524471	-0.870182089657	2.52959537506	-1.13408184052	-5.01755666733
7	6	0.495166167617	0.858669756252	-0.189935219906	-0.476036618273	5.01219940186	-1.10902667046	-2.6191573143
8	6	0.495366454124	-0.713019900071	-0.501312869788	-0.490191828458	-4.29690694809	-2.81227040291	-2.72760438919
9	6	0.499249793589	-0.4075128577	-0.641401861304	-0.650028401784	-2.3520617485	-3.74686717987	-3.75369644165
10	6	0.499858573079	0.960750887527	-0.20874968367	-0.182705505348	5.677277565	-1.10057234764	-0.9592628479
11	6	0.49990490824	0.281568057232	-0.21148358386	-0.935945576892	1.63502705097	-1.17559862137	-5.4902639389
12	6	0.499796226621	-0.678047354638	-0.0488813701034	0.733391025664	-3.85226225853	-0.150611549616	4.34283351898
13	6	0.499608010054	-0.517485784991	-0.852553690656	0.073216575179	-2.94296455383	-5.0073184967	0.236990451813
14	6	0.499459519982	-0.690552093841	0.722682821909	-0.0294507149197	-3.93755340576	4.24180221558	-0.163578748703
15	6	0.496542476118	-0.602326111248	0.582037905987	0.546292166979	-3.50706005096	3.43897342682	3.17492198944
16	6	0.492688000202	-0.400965623656	0.916012586157	0.0121453961217	-2.3357257843	5.27523946762	0.0286042690277
17	6	0.470374051481	0.618598675843	-0.156399680417	-0.769983648015	3.39989447594	-0.896040737629	-4.19368076324
18	6	0.427182994783	0.708135593559	-0.530369157071	0.466103570426	3.58067750931	-2.65678334236	2.34560489655
19	6	0.448593404144	0.498656643606	0.44886642395	0.74152578191	2.61891937256	2.38544392586	3.90246081352
20	6	0.485295534134	-0.68934625022	-0.715502934641	-0.113390025259	-3.89609146118	-4.0580663681	-0.613381385803
21	6	0.461965709925	0.624327875967	-0.345192239955	-0.700754608094	3.42434310913	-1.79779553413	-3.79547309875
22	6	0.426539182663	0.689472999712	0.654611921732	-0.310016474714	3.4660859108	3.27757716179	-1.53908240795
23	6	0.418231457472	0.500228633553	0.761192768657	0.412743120012	2.47368955612	3.75456976891	2.03388237953
24	6	0.469508618116	0.968671047196	-0.0357076376055	0.245766895535	5.32445383072	-0.302427232265	1.31309556961
25	6	0.496679238975	0.00105943847454	0.715679931596	0.698427600472	0.0157848950475	4.19464111328	3.99405550957
26	6	0.499201744795	-0.545088275998	0.830986153961	-0.111089078194	-3.085729599	4.80814266205	-0.809859991074
27	6	0.498946294188	0.0819485564223	-0.776382858716	0.624911266335	0.49617856741	-4.476978302	3.54615163803
28	6	0.49912340939	-0.609172246434	0.455164752289	-0.649410673186	-3.50550079346	2.63334321976	-3.7664270401
29	6	0.499519594014	-0.435689824761	-0.517869308402	0.736196818802	-2.55138516426	-3.02377557755	4.26115131378
0	7	0.499479100108	-0.573295434554	-0.752631012382	-0.323850125708	-3.37198090553	-4.28008985519	-1.87456607819
1	7	0.499604970217	0.772828623176	0.526793624252	0.353870593081	4.41520833969	3.04909992218	2.06517553329
2	7	0.487582698464	-0.380942640256	-0.920455689169	-0.0874301384601	-2.21779823303	-5.1838593483	-0.577543020248
3	7	0.487948954105	0.437470866965	-0.727468393027	0.528591503624	2.42862129211	-4.21030807495	3.00033116341
4	7	0.496611148119	0.612724211436	0.45271070737	0.647782414205	3.59818744659	2.63418722153	3.70786809921
5	7	0.498896490782	0.486040442203	0.333681570209	0.807726004439	2.86110234261	2.06342840195	4.68897533417
6	7	0.499180547893	-0.733206058119	-0.07148324744	0.67623887915	-4.2954044342	-0.505250453949	3.90062355995
7	7	0.499183103442	-0.491430788561	0.77393231195	-0.399405253563	-2.86299514771	4.45183467865	-2.32395911217
8	7	0.499609857798	0.783060070544	-0.32768541136	-0.528620087683	4.5346198082	-1.88200473785	-3.06777715683
9	7	0.499913398176	-0.0866060126447	0.502672847742	0.860127552585	-0.526228487492	2.87731432915	4.9733376503
10	7	0.499926507473	0.849712473672	-0.28588416136	-0.443011239552	4.99863052368	-1.69628083706	-2.53360414505
11	7	0.499921090901	-0.662000475676	0.0873871825193	-0.744391597572	-3.97415351868	0.629055738449	-4.17901706696
12	7	0.499923303723	0.281213814193	-0.957462286614	-0.0646897242205	1.7159781456	-5.51092910767	-0.460012435913
13	7	0.499863635749	0.471153398531	0.0230394272558	0.881750338727	2.7774143219	0.383317798376	5.11053562164
14	7	0.49972486496	0.458725441753	-0.888148749643	0.0276182475344	2.61877608299	-5.21243953705	0.133156776428
15	7	0.498796969652	0.490382895678	-0.827258232469	0.274168620447	2.8895816803	-4.81769943237	1.54751992226
16	7	0.496662050486	0.630892617505	0.685648807251	0.363125623294	3.63051724434	3.99846363068	2.08949613571
17	7	0.487127646804	-0.99000056306	-0.0307243092612	-0.137676802554	-5.61162042618	-0.219514578581	-0.746226549149
18	7	0.480711191893	0.627693129993	0.020352976985	-0.778194764109	3.50056600571	0.15956646204	-4.36572599411
19	7	0.469615841284	0.28458252375	0.0640060656318	0.956512420588	1.5799472332	0.345411300659	5.29547691345
20	7	0.479922510684	-0.566821164201	-0.55799348159	0.60609986167	-3.18793582916	-3.14781832695	3.42750859261
21	7	0.449527651072	0.921842485634	0.154062047372	0.355628060254	4.87484931946	0.812808513641	1.88254189491
22	7	0.445137038827	0.720719220808	-0.56807424528	0.397310277501	3.7944817543	-2.94186639786	2.07665610313
23	7	0.490249283612	-0.478786069816	0.490742853812	-0.727966586309	-2.73232746124	2.72227907181	-4.20898294449
24	7	0.497320264578	-0.398005857968	0.84796870309	0.350057731815	-2.31963205338	4.87044048309	2.00426483154
25	7	0.499114587903	-0.14205304962	-0.979214386277	-0.144776091955	-0.720979511738	-5.6580696106	-0.917604446411
26	7	0.499584183097	-0.127770893734	-0.844965138515	0.519334683425	-0.734373807907	-4.91379356384	3.00907707214
27	7	0.499846000224	0.290610079165	0.493433462393	-0.819798267916	1.55372929573	2.9353556633	-4.71089458466
28	7	0.499855309725	0.781514673115	0.277366823453	0.55884028215	4.59053516388	1.45477366447	3.23797464371
29	7	0.499400477856	-0.174535474889	0.458906337964	0.871172968463	-1.01703023911	2.84293174744	5.01620054245
0	8	0.496982604265	0.697940514507	-0.713666223661	-0.0596620433294	4.14389228821	-4.06301736832	-0.273180246353
1	8	0.491228669882	0.241715076091	0.539584644283	-0.806487590508	1.29544436932	3.05107712746	-4.66366767883
2	8	0.429267764091	-0.989276683336	0.113218105394	0.0922675696984	-4.99237918854	0.607463717461	0.527552127838
3	8	0.422777116299	-0.588952749531	0.76476050328	0.261296826316	-2.95379066467	3.79208135605	1.26236557961
4	8	0.467390403152	-0.851122996325	0.397400837202	-0.343019270184	-4.64862680435	2.1991174221	-1.88157343864
5	8	0.496860980988	-0.0365123906324	-0.910722854028	-0.411400933983	-0.192261189222	-5.19993448257	-2.37686157227
6	8	0.498632826842	0.0699386302805	0.163992437257	0.983979201262	0.421527802944	1.11681652069	5.74687194824
7	8	0.498692582827	0.0543398642634	-0.027409701486	0.998146225468	0.36624789238	-0.267685741186	5.8585062027
8	8	0.499168865383	0.299043133189	-0.585464525691	0.753528031098	1.7915327549	-3.44485545158	4.33194541931
9	8	0.499709069729	-0.72058402946	0.685508518742	-0.104099602401	-4.19416189194	3.98766732216	-0.580083847046
10	8	0.499941555783	-0.00306628684609	-0.304534559797	-0.952496351581	-0.152699649334	-1.79144454002	-5.53451395035
11	8	0.499990880489	0.91098791725	-0.322604964119	0.256957295576	5.25530910492	-1.789727211	1.57919883728
12	8	0.499984025955	-0.750949259767	0.604322662945	0.266212937901	-4.26494646072	3.56770205498	1.48976898193
13	8	0.499953255057	-0.763661174882	-0.530288288939	0.368260696508	-4.46110725403	-3.15326309204	2.08321809769
14	8	0.49990542978	0.422227928118	0.507331350291	-0.751224651971	2.48932623863	2.95787882805	-4.25330734253
15	8	0.499364152551	-0.842585773309	-0.467973268079	-0.266552499483	-4.9549703598	-2.57994675636	-1.45622324944
16	8	0.498690888286	0.798830330632	-0.598263264656	-0.0628583250302	4.61485481262	-3.44045448303	-0.361954689026
17	8	0.468069568276	-0.895137444389	0.235586149843	0.378454913636	-4.87975788116	1.33947372437	2.06749033928
18	8	0.482682675123	0.526215951288	-0.849226978118	0.0437071189467	2.90680289268	-4.80621337891	0.24395608902
19	8	0.490768488497	0.192931222878	0.585233760813	0.787577925315	1.12810719013	3.35740566254	4.48593950272
20	8	0.487637266517	-0.660513633182	-0.410425988809	-0.628706806143	-3.73585224152	-2.2897040844	-3.57297229767
21	8	0.455035090446	0.369442756613	-0.929119963442	-0.0157525591352	1.99841928482	-4.92758846283	-0.0804314613342
22	8	0.418682202697	0.648713142715	-0.690470269912	0.320034474449	3.21184968948	-3.42317008972	1.56219363213
23	8	0.449540041387	0.772850729127	0.077702131657	0.62981277315	4.08171892166	0.394190132618	3.32812833786
24	8	0.477632179856	0.817526421667	-0.532306028067	0.219774526186	4.50316524506	-3.04452252388	1.17444634438
25	8	0.496325328946	-0.64011252567	0.755822932109	-0.137795681278	-3.65600919724	4.37598848343	-0.832036018372
26	8	0.498216360807	0.384531139121	0.459824997253	0.800435365878	2.27454185486	2.69010424614	4.58141565323
27	8	0.49964825809	0.316580191563	-0.946725507418	-0.0590575644075	1.82522141933	-5.45397138596	-0.306258201599
28	8	0.498809933662	-0.939291403428	0.294008078902	0.176892365541	-5.44333267212	1.80149507523	0.929869174957
29	8	0.498600758612	0.0753975946902	-0.706667338814	0.703517217251	0.410912811756	-4.19250583649	4.07321643829
0	9	0.497785024345	-0.780386949832	-0.240575041763	-0.577165364357	-4.52947235107	-1.29114687443	-3.28081035614
1	9	0.487529184669	-0.0881171702756	0.496298330605	0.863668530943	-0.481782764196	2.74812746048	4.95552587509
2	9	0.419612765312	-0.946518270929	-0.0457783281164	0.319386141642	-4.71418952942	-0.202609300613	1.5062764883
3	9	0.416899606586	-0.601799532484	0.45112319827	-0.65903352167	-3.01443862915	2.23830747604	-3.18180823326
4	9	0.468104660511	-0.98263064505	-0.170978630286	0.0721340654272	-5.38476371765	-1.07021844387	0.395835399628
5	9	0.498113080859	-0.127346400683	0.941323290575	-0.312559365327	-0.680366277695	5.42968845367	-1.7205247879
6	9	0.499796360731	0.634696797183	-0.67930432673	0.368382419954	3.60922050476	-3.99026679993	2.0405421257
7	9	0.499575316906	-0.371136480821	0.8879679429	0.271607520121	-2.18705058098	5.21738004684	1.42155718803
8	9	0.49953019619	-0.898721260494	0.437135445306	-0.0348238193323	-5.21731758118	2.49930334091	-0.196351528168
9	9	0.499238340184	0.354029458959	-0.0107137203768	-0.935172902936	2.06236076355	-0.143500372767	-5.44849681854
10	9	0.49993442744	0.754924249727	0.29347839105	0.586480870243	4.24819803238	1.72218227386	3.46316170692
11	9	0.499954670668	-0.0197575396838	-0.922308484709	-0.38594908817	-0.334151953459	-5.35390949249	-2.31678533554
12	9	0.499963447452	0.336547977288	-0.786839997042	-0.517318352698	2.0779504776	-4.47358036041	-3.08110976219
13	9	0.499908201396	-0.372607639974	-0.685890633235	0.62507406431	-2.18468236923	-4.01091051102	3.67727375031
14	9	0.499814473093	-0.609571113783	0.0958733550685	0.786912547256	-3.60552597046	0.495697796345	4.55129671097
15	9	0.499135404825	0.986951938803	0.0722102956335	-0.143915057232	5.6796836853	0.37587428093	-0.756457090378
16	9	0.484036386013	-0.625493355533	0.64060290003	-0.445405418307	-3.5782995224	3.54857683182	-2.43596148491
17	9	0.367347419262	-0.84184912368	0.50639571238	0.186690748144	-3.71811294556	2.17293214798	0.8149330616
18	9	0.39889754355	-0.964360755317	0.0742657741092	0.253954579405	-4.52796030045	0.3588539958	1.22272229195
19	9	0.480763733387	-0.818157381675	0.422756097744	-0.389738092353	-4.63077545166	2.24913597107	-2.19611048698
20	9	0.494313687086	0.752490841058	0.655591954195	-0.0629024937389	4.33701229095	3.71117162704	-0.30381321907
21	9	0.47806853056	-0.828049736131	0.49451164369	-0.264181507205	-4.67508125305	2.72080516815	-1.44762396812
22	9	0.474865041673	-0.0569755673461	0.0721905355809	-0.995762176073	-0.244662493467	0.328846305609	-5.54750919342
23	9	0.460816390812	0.254984814221	0.72246707906	0.642669482854	1.4023373127	3.88946557045	3.46574735641
24	9	0.471255198121	0.832443959419	0.114739163928	-0.542099602183	4.54918384552	0.625266551971	-3.01459813118
25	9	0.48260165751	-0.889173946987	-0.0954724582809	-0.447498270062	-5.0824432373	-0.575351595879	-2.46598005295
26	9	0.491731487215	-0.7877054742	0.0909131225576	-0.609306893168	-4.48602581024	0.479721963406	-3.56156158447
27	9	0.490606546402	-0.460720856201	0.753558021546	-0.468920676474	-2.58054089546	4.40096187592	-2.60833740234
28	9	0.492305681109	-0.994805972062	0.0999344203698	0.0193439803444	-5.72850799561	0.504771709442	0.105076789856
29	9	0.498450770974	0.91200307977	-0.194540576667	0.361115419942	5.314848423	-1.07541441917	1.98766040802
0	10	0.486259102821	0.78144551793	-0.348926317293	-0.517294236975	4.45176172256	-2.00869488716	-2.87463521957
1	10	0.49488863349	0.685016197967	0.723590913799	0.0846699355748	3.92868614197	4.17709493637	0.499546289444
2	10	0.472483426332	-0.298048535611	-0.95279275123	-0.0579054714431	-1.68436074257	-5.28184127808	-0.26704788208
3	10	0.480187609792	-0.412630799152	-0.851573097832	-0.323355968924	-2.29507064819	-4.74800395966	-1.85393333435
4	10	0.496800616384	-0.0510164439092	0.927078596417	0.371379318913	-0.206713601947	5.29100227356	2.1407418251
5	10	0.499172791839	-0.286917614481	-0.90742620612	-0.307011340097	-1.50734686852	-5.28906822205	-1.69893145561
6	10	0.49987834692	-0.453076361063	0.60125820324	-0.658187195319	-2.55192518234	3.49796009064	-3.77717256546
7	10	0.499875608832	0.510264408051	-0.106030362433	0.853456382083	2.95039558411	-0.746619939804	4.93597602844
8	10	0.499065935612	0.924818619083	-0.372601985874	-0.0766699544795	5.43186569214	-2.13130950928	-0.521808385849
9	10	0.498304948211	0.874053854826	-0.345666060724	-0.3413866332	5.14140510559	-2.08921337128	-1.87558603287
10	10	0.499850749969	-0.871785604244	0.0269476500598	-0.489145872302	-5.01173734665	0.117075264454	-2.83275794983
11	10	0.499930098653	0.894014831111	0.160727035253	0.418215616509	5.21158790588	0.958327412605	2.31230711937
12	10	0.499990854412	-0.587613602512	0.0776032021033	0.805411694207	-3.46971654892	0.421625375748	4.56492996216
13	10	0.499944195151	0.714810722061	0.62585809058	-0.312005259703	4.13093137741	3.58860588074	-1.87009429932
14	10	0.499724790454	-0.134995683095	0.904285320748	0.405023732917	-0.799311518669	5.31647491455	2.36744093895
15	10	0.499791450799	-0.565664166646	0.138207525386	-0.812971543475	-3.32118630409	0.73431044817	-4.64151096344
16	10	0.498079940677	0.871330946381	-0.443187472073	0.210635340045	4.96507883072	-2.55075597763	1.26238632202
17	10	0.434199646115	-0.980150333875	-0.188937571941	0.0600659380545	-4.98680877686	-0.919894576073	0.26992559433
18	10	0.441371768713	-0.96900506525	-0.140093256598	0.203477426209	-5.00102138519	-0.688730120659	1.06818199158
19	10	0.4969407022	0.951976304148	0.219537409117	-0.2134114391	5.44742584229	1.26062440872	-1.27424263954
20	10	0.496842026711	0.252050110715	-0.885456982216	0.390431395168	1.3727170229	-5.15859031677	2.24702501297
21	10	0.485174134374	-0.690982991146	0.614689552257	-0.38039355974	-3.93642902374	3.56362724304	-2.10461401939
22	10	0.488657507114	0.108409460749	-0.0699712469307	-0.991640768335	0.666415333748	-0.417492896318	-5.63381242752
23	10	0.472536023706	-0.0972988678925	-0.40943306762	0.907136976121	-0.584085464478	-2.28136634827	4.99824619293
24	10	0.481868185103	0.441060346419	0.310229244223	0.84215413485	2.39450287819	1.81577003002	4.72305965424
25	10	0.493904434144	0.376164770683	-0.62114292029	-0.687518390933	2.22525143623	-3.50116348267	-3.96701717377
26	10	0.492662135512	0.238737161724	-0.604076835123	0.760326077995	1.28133678436	-3.37915611267	4.44391536713
27	10	0.476426295936	0.577943500915	-0.526103965578	-0.623855694174	3.18361616135	-2.91612529755	-3.49180984497
28	10	0.448278330266	0.779341646739	0.352717128578	-0.517896924944	4.08487844467	1.86233282089	-2.69234108925
29	10	0.469004008919	-0.0682191889061	0.610751749571	0.788877964365	-0.450981199741	3.34311532974	4.30930137634
0	11	0.454278090969	-0.200131432601	-0.318713833618	-0.926482003034	-1.05602908134	-1.74177742004	-4.93567037582
1	11	0.488011978567	-0.758195865871	0.0588944245835	-0.649361590894	-4.36249828339	0.397677659988	-3.6439499855
2	11	0.4940873757	0.0355013364213	-0.675891656927	-0.736145449764	0.270213514566	-3.86810112	-4.24196815491
3	11	0.498594917357	0.34621392162	0.250700658934	0.904038218266	1.94202423096	1.55090641975	5.14713287354
4	11	0.499325446784	0.143937780397	-0.680057007144	-0.718891078265	0.802224874496	-3.9438893795	-4.09622764587
5	11	0.493436425924	-0.889649721826	0.358079691962	0.28337661629	-5.08271217346	2.22477865219	1.60036730766
6	11	0.498569712043	-0.499241933229	-0.383526712076	0.776958656062	-2.7025718689	-2.32072114944	4.56362009048
7	11	0.499675676227	-0.610393244594	0.759169078572	-0.226014152422	-3.44684743881	4.43191003799	-1.36550855637
8	11	0.499274224043	0.178157844678	-0.912751448125	0.367620152229	0.917982935905	-5.31040716171	2.11332082748
9	11	0.497620001435	0.269025052458	0.840047317096	-0.471111479577	1.45963013172	4.88222789764	-2.69270086288
10	11	0.498909719288	-0.756141339152	0.332928384799	0.563390597916	-4.43302536011	1.87508606911	3.30939102173
11	11	0.499645341188	-0.402678538808	0.172734463024	0.898895321863	-2.37073850632	0.965294599533	5.21344804764
12	11	0.499955832958	0.765583543472	0.0584717171319	-0.640673783029	4.40258216858	0.328561395407	-3.69673061371
13	11	0.499855652452	0.127265066852	-0.847507150239	-0.515301109113	0.5889518857	-4.95947360992	-3.04943609238
14	11	0.499312540516	0.42411294175	-0.0369242508905	0.904856238491	2.51186180115	-0.256765127182	5.26379346848
15	11	0.498337075114	0.514643995285	0.0434087124957	0.856304409539	3.06795835495	0.165701046586	4.96606779099
16	11	0.495180085301	-0.41763557297	0.893884313926	-0.16294588521	-2.513225317	5.07823944092	-1.0404715538
17	11	0.490141984075	0.384064006151	-0.0432455355825	0.922293154497	2.19522237778	-0.32643198967	5.26074647903
18	11	0.496159374714	0.349068386504	-0.551884194084	-0.757347408963	2.01608014107	-3.14616894722	-4.30411052704
19	11	0.497341476381	-0.580512614522	0.366258030285	0.727227721991	-3.41506147385	2.13783931732	4.16380500793
20	11	0.498354561627	0.0341683623277	-0.678168980426	0.734111270179	0.237216934562	-3.94818162918	4.23839044571
21	11	0.496935196221	-0.59477010348	0.545532785696	-0.590459569943	-3.40402793884	3.07519626617	-3.47249794006
22	11	0.49508997798	0.581923418881	0.247853649907	0.774553873392	3.24307394028	1.39061260223	4.52929067612
23	11	0.486003100872	0.930934311217	-0.288277211623	0.22418197398	5.35920333862	-1.54877281189	1.24110674858
24	11	0.493958540261	0.123130411724	-0.810037745193	-0.573304241281	0.685184299946	-4.66554403305	-3.26616764069
25	11	0.496839806437	-0.907514156523	-0.0775101053003	-0.412807751001	-5.31813669205	-0.381715089083	-2.20044851303
26	11	0.497620075941	0.965323725066	0.0513994790702	-0.255945696146	5.5203704834	0.357918679714	-1.56412816048
27	11	0.483599629253	0.218049895787	-0.33104951049	0.918074324089	1.18956983089	-1.83499193192	5.17884492874
28	11	0.414146065712	0.802080152429	0.596449092131	-0.0302639980046	3.93274283409	2.91029167175	-0.146706104279
29	11	0.444429606199	0.989043984955	0.143286608747	-0.0355097673618	5.1145529747	0.703351259232	-0.219097614288
0	12	0.470570296049	-0.445297385292	0.794121052243	-0.413620590682	-2.40476608276	4.40446949005	-2.26759147644
1	12	0.498809270561	0.229392644504	-0.778944168836	0.583630873484	1.36922883987	-4.46936035156	3.32664680481
2	12	0.499794512987	-0.291312385792	0.790598444992	0.538601144317	-1.64495909214	4.53995466232	3.10924100876
3	12	0.499253738672	-0.364734427458	-0.395637020108	-0.842876115302	-2.03522109985	-2.34343576431	-4.82348060608
4	12	0.488335713744	0.525210369855	0.84937108244	-0.0521807599797	3.00051403046	4.82573461533	-0.207095384598
5	12	0.476191788912	-0.493572703937	-0.0704639770354	0.86684532292	-2.6664481163	-0.454268455505	4.83723783493
6	12	0.493929417804	-0.326128428808	-0.110050372468	-0.938897845052	-1.82318162918	-0.579333007336	-5.41890478134
7	12	0.499280624092	-0.337184274744	-0.319006517768	-0.885743533133	-1.98205125332	-1.93147063255	-5.1057472229
8	12	0.498831816018	0.811350618244	0.0434215158077	0.582944891254	4.62626361847	0.409810513258	3.50231075287
9	12	0.493758201599	0.745451955228	-0.558265339698	-0.364199386242	4.21246290207	-3.30849838257	-2.19156646729
10	12	0.49946244061	0.999914839488	-0.0016108482928	-0.012950634741	5.79493188858	-0.0188017077744	-0.00196671485901
11	12	0.499468268827	-0.192652836211	-0.150801756289	-0.969610084003	-1.10262095928	-0.846189022064	-5.60317468643
12	12	0.499886348844	-0.746877921704	0.555352955729	0.365727309117	-4.23378133774	3.26881504059	2.18191933632
13	12	0.499979913235	0.1380671285	-0.939721234682	0.312828178264	0.850299715996	-5.43787097931	1.83870148659
14	12	0.499678254128	-0.86604208248	0.433347876305	-0.249360641393	-4.91632223129	2.54807949066	-1.58118152618
15	12	0.498531172052	0.0191878279549	0.292162926504	0.956176056819	0.0706490948796	1.61880147457	5.59331703186
16	12	0.495448514819	0.0998763726938	0.918560774764	-0.382453674637	0.630772948265	5.25747966766	-2.35517859459
17	12	0.492344476283	0.54193450767	0.580723802785	0.607508727736	3.17066144943	3.29451298714	3.61019492149
18	12	0.497072160244	-0.244957641854	0.959488206714	0.139205369414	-1.41591238976	5.60349988937	0.729908466339
19	12	0.496947430074	-0.37008704942	0.694963404481	0.616491234555	-2.23930072784	3.95609235764	3.7075715065
20	12	0.499353468418	0.395727524922	0.640939159308	-0.657720852706	2.24267101288	3.7049138546	-3.8686041832
21	12	0.499773159623	0.752764867946	0.0530022266716	0.65615228229	4.32628440857	0.208103001118	3.84676766396
22	12	0.499009095132	0.525376202334	0.0109900580623	-0.850799074191	2.93328762054	0.187757790089	-4.99343919754
23	12	0.497152447701	-0.192497040764	-0.97585647302	-0.103194153724	-1.26424825191	-5.60779190063	-0.529908657074
24	12	0.49842916429	-0.00263711984139	0.934330842927	-0.356397140215	-0.0247642658651	5.44987869263	-2.01646971703
25	12	0.499319091439	0.642216961106	0.487682209697	-0.591374193902	3.78935098648	2.74720239639	-3.37705779076
26	12	0.499895125628	-0.82804565058	-0.102388800842	0.551232196101	-4.76727199554	-0.563824892044	3.2108733654
27	12	0.498026058078	-0.845308913329	0.0847119851682	-0.527519403069	-4.85057449341	0.491278678179	-3.08258032799
28	12	0.476365715265	0.847717931888	-0.527463284247	0.056185333741	4.6991724968	-2.91869878769	0.309015274048
29	12	0.472441330552	-0.740335703217	-0.076062646714	-0.667920294883	-4.09638261795	-0.446744382381	-3.67717790604
0	13	0.491846695542	-0.871640221381	0.427558975805	0.239659438955	-4.98627138138	2.37275338173	1.48740053177
1	13	0.499571923167	-0.137902494916	0.459524415041	-0.877393990108	-0.760408401489	2.69921135902	-5.06942129135
2	13	0.499827980995	0.462785383905	-0.345853047154	-0.816220165285	2.6776163578	-2.15662384033	-4.66504096985
3	13	0.49655494839	-0.318779387141	0.427439963601	0.845975637859	-1.82994937897	2.34924507141	4.87937355042
4	13	0.465722873807	0.134734105793	0.931920722149	-0.336705343535	0.794221580029	5.06960105896	-1.89174389839
5	13	0.391576573253	0.938541666625	-0.122253811325	0.322790250202	4.30879116058	-0.521714448929	1.5044233799
6	13	0.453242791817	0.378108316215	-0.00848976603528	0.925722434146	1.98504245281	-0.077241756022	4.91662502289
7	13	0.493275165558	0.600004731323	0.492310927309	0.630574558036	3.401679039	2.84295225143	3.61625123024
8	13	0.497523628175	0.698857999686	-0.251404773062	-0.669621636715	3.93695139885	-1.49541199207	-3.95499134064
9	13	0.47426372394	-0.160588732992	-0.345016204941	0.924756766487	-0.931440591812	-1.85811817646	5.11166334152
10	13	0.48658503592	-0.87831076259	0.457452288637	-0.138951818772	-4.95292520523	2.57595968246	-0.858275175095
11	13	0.499288506806	0.32831804223	-0.787901562393	0.520978301972	1.94856154919	-4.50204658508	3.0621175766
12	13	0.499759703875	-0.515679508797	-0.799135217989	-0.308962048765	-3.01870727539	-4.66638469696	-1.77245974541
13	13	0.499967247248	0.677096410909	0.674608115113	-0.294014185641	3.76944589615	4.01657962799	-1.63523674011
14	13	0.499977111816	0.230477039825	-0.947609049224	0.221172837262	1.2751288414	-5.46837377548	1.36378479004
15	13	0.499932132661	0.792854580814	-0.301726730025	-0.529473884219	4.55937385559	-1.61670506001	-3.14041352272
16	13	0.499040454626	-0.72463287663	-0.544826788202	0.421984555364	-4.19162750244	-3.10294890404	2.4628238678
17	13	0.499139726162	0.708129929498	0.609722549612	-0.356076417982	4.05120182037	3.48293018341	-2.10667324066
18	13	0.499503694475	-0.690448931122	-0.203822921801	0.694072395403	-3.99804854393	-1.27531802654	3.93531799316
19	13	0.499210193753	0.560713288141	0.799117252199	-0.21682302862	3.34559011459	4.55023670197	-1.27574205399
20	13	0.499297965318	0.11981605717	-0.171494057594	-0.977872128989	0.639613986015	-1.08192753792	-5.66561317444
21	13	0.499732106924	-0.735780275082	0.0957335917321	0.670419619503	-4.33009910583	0.678111255169	3.81305956841
22	13	0.499573752284	0.0330828571275	-0.965326086385	0.258942216543	0.190193891525	-5.6111164093	1.50280690193
23	13	0.498315423727	0.920966031455	-0.332896734553	0.202487858968	5.41184568405	-1.85473752022	1.04947566986
24	13	0.498911261559	-0.42146070182	0.717686462274	0.554343773023	-2.42884635925	4.18483018875	3.22376608849
25	13	0.499847903848	-0.431534161876	-0.686234391249	0.585543019258	-2.56552314758	-3.93303489685	3.38991522789
26	13	0.499700471759	0.499638038332	-0.866233725943	0.00098116800569	2.96944928169	-5.0095705986	-0.154225826263
27	13	0.499028876424	0.799151756789	0.578079275253	0.164866070325	4.60283088684	3.39912343025	0.904967784882
28	13	0.488876540214	0.663358789502	0.0156682753687	0.748137434926	3.66831851006	0.123047158122	4.37998914719
29	13	0.491113210097	0.194831091723	-0.299413360581	-0.934019531489	1.18729972839	-1.66622722149	-5.32045698166
0	14	0.499700412154	0.96769232885	-0.172179718187	0.184189308403	5.62805604935	-0.93128246069	0.878766298294
1	14	0.499988913536	-0.185212748083	-0.350099214044	0.918219351938	-1.16365289688	-2.12076973915	5.24997377396
2	14	0.499932080507	0.210779431087	0.875187536255	-0.435452417395	1.13496005535	5.13179683685	-2.4817738533
3	14	0.499205693603	0.488620223706	0.528600005255	-0.694141420339	2.95273303986	3.01669764519	-4.04256677628
4	14	0.487040400505	-0.960924798209	0.276785840301	0.00362364414429	-5.46895027161	1.51567673683	0.039598941803
5	14	0.396741896868	0.994572878438	-0.0426298309622	-0.0949077814906	4.63607931137	-0.139141798019	-0.433198451996
6	14	0.454221367836	0.783836377942	0.453773765687	-0.423898457405	4.16108703613	2.38310670853	-2.21118211746
7	14	0.494004711509	-0.933139603076	-0.351120004572	-0.0772348597481	-5.31861686707	-2.04592394829	-0.44419836998
8	14	0.470450073481	-0.757184069084	0.633441473659	-0.159449631464	-4.15454292297	3.52762341499	-0.820297956467
9	14	0.423203295097	0.325042901948	0.0494666218108	0.944404661795	1.59278345108	0.234088301659	4.71098899841
10	14	0.473581582308	-0.511782810594	0.83700056839	0.193670863311	-2.84411907196	4.64902114868	1.14412474632
11	14	0.494358345866	0.420970837186	0.901918782643	0.0965715473302	2.38654541969	5.17837285995	0.540050506592
12	14	0.498753126711	-0.0437451877083	-0.308754967458	-0.95013511072	-0.227148890495	-1.82705211639	-5.55968523026
13	14	0.499632880092	0.134192432922	-0.929867638211	-0.342547173911	0.674527108669	-5.46272706985	-1.84202194214
14	14	0.499060370028	-0.258823820565	0.794775995889	-0.548945667865	-1.35408234596	4.64570856094	-3.138215065
15	14	0.497415445745	-0.818386068455	0.0636753369039	0.571130190437	-4.74726104736	0.376433283091	3.33668923378
16	14	0.496113598347	-0.297820398419	-0.910320882946	0.287435036763	-1.68868124485	-5.35909175873	1.61998057365
17	14	0.49822229147	-0.448426587193	-0.889041561263	-0.0922967943375	-2.75440406799	-5.11226129532	-0.452961444855
18	14	0.499636173248	0.821070546259	-0.526199972759	-0.221261715474	4.78906822205	-2.95067214966	-1.35018110275
19	14	0.499049171805	-0.978034822112	-0.138297733354	0.155953915262	-5.65289020538	-0.74262368679	0.906610488892
20	14	0.497452482581	0.4626914255	-0.240489821007	0.853276796099	2.75132918358	-1.35503709316	4.90830516815
21	14	0.498638466001	0.326506369251	-0.559130047878	0.762080822747	1.98354899883	-3.37399196625	4.30932235718
22	14	0.499735578895	-0.698935520636	0.712759908804	-0.0588425899798	-3.96404528618	4.17598104477	-0.420905351639
23	14	0.49628377147	-0.2361429013	0.188487186663	0.953262351417	-1.3357540369	1.02226686478	5.53909778595
24	14	0.492486514151	-0.593534644822	-0.384380470242	-0.707084351044	-3.37806177139	-2.24404072762	-4.08080101013
25	14	0.499437652528	0.739566095653	-0.0869831860855	-0.667439821631	4.25148391724	-0.417220532894	-3.84535694122
26	14	0.499333791435	-0.477676803634	-0.152016956233	0.865283604541	-2.85931015015	-0.737376213074	5.02028751373
27	14	0.499749571085	-0.769385406964	-0.484902667781	0.415831093511	-4.4641456604	-2.81705975533	2.37982559204
28	14	0.49891782552	0.162397561182	-0.540475625114	-0.825538085602	1.00806617737	-2.97341442108	-4.89617013931
29	14	0.499023884535	-0.502395268447	-0.786293352049	0.359641152771	-2.99253034592	-4.42538642883	2.1923058033
0	15	0.499983884394	-0.699583529662	0.21864752391	0.680276521213	-4.17304325104	1.11611580849	3.88778066635
1	15	0.499987885356	0.557883237875	0.621743090333	0.549728862733	3.25282049179	3.72317743301	3.04759669304
2	15	0.49994301796	0.327402904546	-0.924405690022	0.195656480468	1.86750221252	-5.33592033386	1.1973195076
3	15	0.499654779211	-0.0921287564089	-0.384756798871	-0.918408676987	-0.667719006538	-2.22168898582	-5.31029129028
4	15	0.493662215769	0.494995389948	0.48323626157	0.722123451658	2.88123393059	2.75531435013	4.09561157227
5	15	0.454487204552	0.749547471213	-0.63274517959	0.194453403427	3.99177885056	-3.37238407135	0.981164932251
6	15	0.480181515217	0.0643755655911	-0.713484523086	0.697707404197	0.209040507674	-3.9971716404	3.91972589493
7	15	0.497523188591	0.977022926591	-0.00930153657507	-0.212931168063	5.61859321594	0.00619746278971	-1.30389451981
8	15	0.458153545856	-0.939876856807	0.188812645199	0.284572098162	-5.00678396225	0.965694487095	1.57793724537
9	15	0.426693726331	0.505937345353	-0.407256005935	0.760374873472	2.48943018913	-2.00065469742	3.8557267189
10	15	0.494927115738	-0.476407736164	-0.631121918105	-0.61214442202	-2.75217723846	-3.63086771965	-3.52296590805
11	15	0.499643310905	-0.12555504257	-0.95002322094	0.285817793287	-0.644719481468	-5.4629573822	1.71371293068
12	15	0.499846294522	-0.367938604037	0.86780964597	-0.33395748535	-2.22965431213	5.01377725601	-1.90339970589
13	15	0.499927759171	0.870757265715	0.490391207457	0.0360312066647	5.05518293381	2.78694057465	0.309695243835
14	15	0.498338058591	-0.932549916795	-0.358984210478	0.0384836239602	-5.39513063431	-2.13305473328	0.15780377388
15	15	0.497644148767	-0.596536489946	0.28103983222	0.751771793079	-3.42822217941	1.67320942879	4.39831209183
16	15	0.496175318956	0.876882393448	0.363742282876	0.314275070137	5.04814147949	2.16428208351	1.84310078621
17	15	0.498685449362	0.618074598347	-0.183426248759	-0.764420435457	3.52858066559	-1.13050723076	-4.45436000824
18	15	0.498517170548	0.3513926516	0.760048958461	0.546670636804	1.85035014153	4.38101196289	3.22395634651
19	15	0.491252116859	-0.217043261478	-0.587519016905	-0.779559893416	-1.09038412571	-3.40504550934	-4.46298599243
20	15	0.489930197597	-0.803061212269	0.594832557669	-0.0355937871866	-4.58154582977	3.40350651741	-0.213609218597
21	15	0.497497245669	-0.189466738944	0.947121477279	0.258965754705	-1.10975003242	5.46610927582	1.48808836937
22	15	0.499703556299	0.0732113867763	-0.687865240991	-0.722136762035	0.488811433315	-4.02831888199	-4.0542011261
23	15	0.486030995846	-0.0914015601786	0.994430561709	-0.0524748771877	-0.484881341457	5.6324634552	-0.258925437927
24	15	0.462242342532	-0.673536137822	-0.270534454162	-0.687866397027	-3.63241386414	-1.50276911259	-3.74377012253
25	15	0.486936395988	-0.196763958518	0.0685375231795	0.978052428321	-1.16634297371	0.457679271698	5.52669906616
26	15	0.493373222649	0.613571939348	-0.587751503502	0.527330679342	3.60137891769	-3.47604489326	2.93469834328
27	15	0.499331578612	0.606121544857	0.740767064419	-0.289621872675	3.48518943787	4.26841640472	-1.67817950249
28	15	0.499789267778	-0.0934362528587	-0.983983322916	-0.151810694202	-0.673779726028	-5.75160837173	-0.700677156448
29	15	0.499967709184	0.693812784933	0.460532140206	-0.553655097783	3.94842100143	2.71871066093	-3.13392782211
0	16	0.49999691546	-0.254835254151	0.928605403535	0.269723928801	-1.38611221313	5.40971517563	1.56868362427
1	16	0.499994859099	-0.0917775853058	-0.95089664945	-0.295588289517	-0.46522039175	-5.47153234482	-1.65257334709
2	16	0.499991089106	-0.878259909088	0.320019204957	-0.35531287698	-5.04718732834	1.89841794968	-2.13167285919
3	16	0.499988548458	0.575288326321	0.3822283554	0.723149241808	3.3688480854	2.07633137703	4.17265701294
4	16	0.499191358685	-0.95981917242	0.265591544188	0.0905996021617	-5.60207271576	1.4695545435	0.41894364357
5	16	0.499217048287	-0.850827536983	0.473103663168	-0.228616329706	-4.924888134	2.75287389755	-1.2850818634
6	16	0.496455043554	0.92199701717	0.361724403808	-0.138119354255	5.35702705383	2.04938101768	-0.835633516312
7	16	0.487306203693	0.650137239417	-0.00818123963899	0.759772753684	3.64275932312	0.0134332552552	4.39145183563
8	16	0.443242505193	-0.248759975641	-0.955050373922	0.161236651509	-1.35036182404	-4.97106266022	0.801609039307
9	16	0.452899679542	0.0475923821512	-0.854860844344	0.516670012647	0.231022655964	-4.5196762085	2.73420453072
10	16	0.497587874532	0.689073855675	0.723858498621	-0.0347288842384	4.02966737747	4.11359977722	-0.159114837646
11	16	0.499505534768	-0.29213796549	0.690723586598	-0.661480412436	-1.85178387165	3.94146871567	-3.83520197868
12	16	0.499894291162	0.839071126279	0.431425357847	0.331408819513	4.87282085419	2.39210510254	2.02241897583
13	16	0.499972045422	-0.439724308983	0.367850649262	-0.819346344305	-2.64387249947	2.02579069138	-4.68980455399
14	16	0.498059660196	0.185026204083	-0.786017108547	0.58986643308	1.12985038757	-4.42033815384	3.54035520554
15	16	0.496661052108	0.0706394391358	-0.532221010207	-0.84365328538	0.440252691507	-3.04745650291	-4.88093757629
16	16	0.49533854425	0.828062866264	0.0816690366108	-0.554654899892	4.83618545532	0.400364756584	-3.16222047806
17	16	0.499132424593	-0.498555018001	0.843385061579	0.200361004018	-2.90175461769	4.8232626915	1.20810365677
18	16	0.495300337672	0.364790994461	-0.636731136421	-0.679338641821	2.10488080978	-3.68942785263	-3.81471657753
19	16	0.458394467831	-0.965325580162	-0.239631320679	-0.103553630716	-5.22532558441	-1.22428703308	-0.470483779907
20	16	0.449471592903	-0.00330791377365	-0.673154849382	-0.739494155798	0.0116290282458	-3.53613901138	-3.8844332695
21	16	0.469315439463	0.790857398492	-0.424330138982	-0.441008512846	4.28548288345	-2.37895441055	-2.42791652679
22	16	0.496315639466	-0.195020708925	0.577006042829	0.793114714041	-1.18397474289	3.28976511955	4.51565265656
23	16	0.455445381813	0.0715272552338	-0.0656348293607	-0.995276806187	0.394412487745	-0.403461009264	-5.30412578583
24	16	0.403722983785	-0.335741507783	-0.0479467841633	-0.940733089585	-1.59243893623	-0.262523829937	-4.50322675705
25	16	0.474150106311	-0.180715250252	-0.871634970343	0.455625368919	-1.03653848171	-4.91230535507	2.42459607124
26	16	0.492050316185	0.190550203045	-0.445553063245	0.874741726427	1.10950517654	-2.50985479355	5.0471329689
27	16	0.498456045985	-0.730502408913	0.668722559681	-0.138478766411	-4.24718475342	3.8986325264	-0.777085542679
28	16	0.499798897654	0.189761683611	-0.602598029473	-0.77515554459	1.15972507	-3.44762468338	-4.55293893814
29	16	0.499977037311	-0.321095485586	-0.935577734922	0.146942135053	-1.85054159164	-5.3811712265	0.907624721527
0	17	0.499967971817	0.139279571209	0.433018231	-0.890559606464	0.867643594742	2.3391046524	-5.28492832184
1	17	0.499954327941	-0.0984485017674	0.979052592426	-0.178224335498	-0.522489786148	5.74247169495	-1.0637242794
2	17	0.499968655407	-0.394705486685	0.565268337238	0.724347489605	-2.15716147423	3.19391345978	4.39619636536
3	17	0.499964483082	-0.314236936213	0.573364775086	-0.75664257256	-1.91877388954	3.24347686768	-4.37284564972
4	17	0.499752089381	0.865963907471	-0.473968411908	0.159563327464	5.05759525299	-2.68832182884	1.0403854847
5	17	0.499778985977	0.565363417577	-0.784851878674	-0.253715854074	3.22586393356	-4.58666419983	-1.43576431274
6	17	0.499236762524	0.0625715781776	0.747418027358	-0.661400854236	0.271864771843	4.46124887466	-3.72195768356
7	17	0.495719403028	-0.421589361883	-0.885026672358	-0.197459360786	-2.41548418999	-5.08968019485	-1.12634062767
8	17	0.485571272671	0.547442546701	-0.536002716706	0.642656786898	3.07150769234	-2.97170376778	3.69294118881
9	17	0.495776195079	-0.0643926727956	0.227523980189	-0.971641097386	-0.287660241127	1.40026783943	-5.54670810699
10	17	0.496612995863	-0.962648595527	0.239175475829	0.126896703235	-5.57670116425	1.27631497383	0.812917232513
11	17	0.499915286899	0.996651712543	0.0759578314034	-0.0302617205996	5.75621986389	0.501456975937	-0.173140525818
12	17	0.499884396791	-0.047423809893	-0.998319314848	-0.0333095760402	-0.422321796417	-5.77322626114	-0.21760892868
13	17	0.499622665346	0.777343616842	0.174321768513	0.604440917193	4.3945813179	1.09770560265	3.57342243195
14	17	0.496835643426	0.235206618448	-0.119171967836	-0.96461178135	1.34439599514	-0.73387825489	-5.56391239166
15	17	0.49207867682	-0.907940489599	0.409386392205	-0.0897042319213	-5.23448610306	2.37520360947	-0.420133113861
16	17	0.496264100075	-0.826630709526	0.308941847236	-0.470357954216	-4.74662733078	1.83954834938	-2.73520350456
17	17	0.497520469129	-0.347250485663	-0.472119625663	0.810259316065	-1.81202924252	-2.8272395134	4.68429374695
18	17	0.484690755606	-0.37231799937	0.883706634872	-0.283622796736	-2.1208615303	4.99135112762	-1.55024552345
19	17	0.452757356688	-0.364247617551	0.100902694553	-0.925819809326	-1.88518345356	0.479320675135	-4.93840456009
20	17	0.428749457002	0.885612871676	-0.44536493728	0.131681107845	4.4441781044	-2.25731110573	0.607731580734
21	17	0.443859815598	0.832656770784	0.34946516521	-0.429600745312	4.35809850693	1.86172127724	-2.24252891541
22	17	0.491690024734	0.956462892103	-0.27843910014	0.087466585295	5.44949293137	-1.64506053925	0.55672955513
23	17	0.459303565323	-0.826327294585	0.232367733365	-0.513018945765	-4.45929861069	1.23518204689	-2.73109102249
24	17	0.423665886745	-0.100355547937	-0.372992459339	-0.922391125974	-0.543842077255	-1.86240196228	-4.59713792801
25	17	0.489144451916	-0.316143863441	0.158105089575	0.935444193022	-1.74004161358	0.919844150543	5.32359647751
26	17	0.496487345546	0.0814759889173	0.0320414702045	-0.996160131413	0.480749130249	0.227905184031	-5.71333742142
27	17	0.495877966285	-0.9886773278	0.0671292719651	-0.134204330555	-5.73762989044	0.345954954624	-0.724046468735
28	17	0.499663181603	0.402453747094	0.564629616571	0.720572256988	2.31465888023	3.20405817032	4.2174987793
29	17	0.499961927533	0.0044667001035	0.992853327405	-0.119257363926	0.0169955678284	5.76419305801	-0.697665214539
0	18	0.499925240874	-0.359161247359	-0.325597981434	0.87463658332	-2.11282944679	-1.89459478855	5.07809352875
1	18	0.499950096011	-0.539849886709	0.649948307722	0.534910550569	-3.05147027969	3.84665203094	3.19243621826
2	18	0.499968238175	-0.773514634928	-0.25263810825	-0.581247878114	-4.41443300247	-1.54210281372	-3.39945554733
3	18	0.499836504459	0.807681024935	-0.50106997856	-0.310773613013	4.76959896088	-2.93467283249	-1.61312770844
4	18	0.499436341226	0.287217650583	-0.787029039823	-0.545977391169	1.51452565193	-4.61670780182	-3.27705049515
5	18	0.499933458865	-0.126789691127	0.839037467328	0.529094039509	-0.747518956661	4.83961963654	3.01097583771
6	18	0.499289562926	0.173396464077	-0.371587895112	-0.912061457607	1.05580353737	-2.34011411667	-5.25702428818
7	18	0.498659230769	-0.643768499534	0.544145765205	-0.538021844554	-3.74871730804	3.29686021805	-3.03820848465
8	18	0.498757891357	0.616148620839	0.562164824088	-0.551662566789	3.55493354797	3.25139164925	-3.24370622635
9	18	0.497430160642	-0.34588667507	-0.932011950024	0.108241087495	-1.9625453949	-5.41058397293	0.733543872833
10	18	0.497058406472	-0.921529349706	0.318767735836	-0.221744871913	-5.31349515915	1.92742681503	-1.40678048134
11	18	0.499874785542	-0.217415373204	-0.841626767614	0.494363165628	-1.19491243362	-4.852602005	2.95091319084
12	18	0.499936386943	-0.508614743234	0.607159834026	-0.610465378962	-2.86852741241	3.588555336	-3.50655984879
13	18	0.499893456697	0.109748986258	-0.794278662055	-0.597558839797	0.568543672562	-4.65830135345	-3.43501234055
14	18	0.49717515707	-0.118485723504	0.947774261188	-0.296116671525	-0.656560540199	5.47973060608	-1.66834688187
15	18	0.490304553881	0.113368042664	0.327202011262	0.938129271864	0.733964443207	1.88440597057	5.38159608841
16	18	0.496973752975	0.293363613265	-0.913168572005	0.282950436498	1.71912074089	-5.21954345703	1.69628429413
17	18	0.498768497258	-0.524329941335	0.190303791673	-0.829977457221	-3.00568580627	1.13976848125	-4.75941085815
18	18	0.488051444292	0.917940108104	0.265883593781	-0.294434835732	5.26008367538	1.45562851429	-1.64645814896
19	18	0.462887905538	0.29377416645	-0.80649259742	-0.513094951674	1.62654471397	-4.39515209198	-2.77901005745
20	18	0.450189471245	-0.0336265250416	-0.716992896565	0.69626894451	-0.193840175867	-3.79350137711	3.66351461411
21	18	0.476239222102	0.105281219532	0.205782521174	0.972917991813	0.631649971008	1.14801335335	5.40576601028
22	18	0.496667603962	-0.125033597939	0.0941794540966	-0.98767243042	-0.815615236759	0.560977458954	-5.70659589767
23	18	0.474938362837	0.325119821381	0.825827916264	-0.460766051771	1.84026193619	4.60071468353	-2.53093576431
24	18	0.449273006991	-0.233393273189	-0.138817064662	-0.962422673563	-1.25455534458	-0.722428023815	-5.10442495346
25	18	0.485198572278	-0.752080467407	-0.376641995016	-0.540847278014	-4.26394939423	-2.16687655449	-3.04539608955
26	18	0.473894074559	0.832288877996	-0.554175734444	-0.0135823016086	4.6813249588	-3.01708841324	0.0248398780823
27	18	0.481148958206	0.387017320403	-0.735955923546	-0.555505600606	2.21952652931	-4.15361833572	-3.12023067474
28	18	0.497609190643	0.336875494569	-0.500545283694	-0.797476846141	1.89413237572	-2.86715698242	-4.67277002335
29	18	0.499646008015	-0.130013604791	-0.973107943241	0.190150975205	-0.707393825054	-5.69997215271	1.14179062843
0	19	0.49996753037	0.983830148466	0.0431868467061	-0.173819260272	5.67104387283	0.428626358509	-1.01240134239
1	19	0.499995015562	-0.433797295931	-0.597482062477	-0.674414628445	-2.51281023026	-3.44014763832	-3.85259032249
2	19	0.499990135431	0.428693276906	0.85147325458	0.302018825688	2.5458214283	4.82273292542	1.89662742615
3	19	0.499918051064	-0.086012539468	0.804475356015	-0.587725484064	-0.627019166946	4.64183425903	-3.39935779572
4	19	0.498734012246	0.879313885738	-0.47619634932	0.00664283393993	5.12084197998	-2.81328725815	0.0655136108398
5	19	0.499672226608	-0.428589864504	-0.13575464521	0.893242074887	-2.48867988586	-0.74161618948	5.1845741272
6	19	0.499608220533	0.273920266605	-0.266852626528	-0.923989915128	1.61488723755	-1.48451960087	-5.39546871185
7	19	0.499188825488	-0.87871990373	-0.46212351293	-0.119554128269	-5.10659074783	-2.68941307068	-0.605345487595
8	19	0.498123914003	0.455095709033	0.742388208832	0.491678393878	2.65608096123	4.25589561462	2.88056325912
9	19	0.49782858789	-0.306507112887	-0.874029050734	0.376996827869	-1.75415897369	-5.13844203949	2.05404901505
10	19	0.497657671571	0.235068707029	0.723310654252	0.649279909147	1.42561066151	4.2060880661	3.67299890518
11	19	0.499727964401	-0.322463065296	-0.610011069601	-0.723812176247	-1.83479440212	-3.41431999207	-4.26409244537
12	19	0.499804828316	0.115865939446	0.515448654923	0.849051098706	0.697746872902	2.92770385742	4.92104434967
13	19	0.499162212014	0.699986808356	-0.697454208064	0.153545093643	4.20179271698	-3.98158740997	0.825676679611
14	19	0.496705040336	-0.662219709737	-0.568967092803	0.487587431486	-3.84450864792	-3.36618471146	2.76173257828
15	19	0.492832891643	-0.520028034495	-0.358884974017	0.775095103044	-2.99960756302	-2.0217294693	4.47475528717
16	19	0.496720835567	0.214902253596	0.0828326166217	-0.973116529005	1.14985084534	0.502857804298	-5.57285070419
17	19	0.495639570989	0.236866073131	0.0912856850007	0.967244223096	1.38783597946	0.495475798845	5.59906291962
18	19	0.49711195007	0.120248034352	0.53469656543	0.836444853623	0.682392895222	3.06568336487	4.87056922913
19	19	0.495890192688	-0.443360264399	-0.615286854472	-0.651808071955	-2.57269024849	-3.54541897774	-3.6906683445
20	19	0.495706796646	0.629180932488	0.761444424243	0.155992765803	3.60539722443	4.35240983963	0.839025497437
21	19	0.49288023822	-0.298602133372	-0.167285150011	0.939602279973	-1.7708530426	-0.902933001518	5.4015173912
22	19	0.498875558376	0.103807890239	-0.901575639894	-0.419982484722	0.621432363987	-5.22110748291	-2.43274736404
23	19	0.493225863203	0.333385133286	0.00450219912448	0.942779975979	1.79811263084	0.0138190053403	5.47188186646
24	19	0.491805359721	0.912809056865	-0.381704129475	-0.145194983545	5.21973752975	-2.16904020309	-0.872899055481
25	19	0.494522571564	-0.320408974746	0.828457912465	-0.459342547754	-1.84525716305	4.75945472717	-2.57992577553
26	19	0.453887403011	-0.0249518467346	-0.995410941769	0.0923821538583	-0.155746385455	-5.27720022202	0.528928995132
27	19	0.442254634574	-0.436075403387	-0.188324663236	0.879984127003	-2.23185658455	-1.00207805634	4.56314563751
28	19	0.487643532455	0.0305121697086	0.73752909909	0.674625700292	0.178047835827	4.16660833359	3.80286335945
29	19	0.499735668302	-0.729864243596	-0.649792250866	-0.212292761618	-4.26822853088	-3.78214716911	-1.26012659073
0	20	0.499848291278	0.171927576766	-0.897316891985	0.406525895492	0.900249660015	-5.2399687767	2.37194991112
1	20	0.499985098839	0.527555213994	0.156875483347	0.834910521501	3.04992675781	0.98116761446	4.77773427963
2	20	0.499990679324	-0.492000713694	-0.24051470617	-0.836712599308	-2.86674380302	-1.32682967186	-4.84862279892
3	20	0.49990593642	-0.298133383693	-0.699842937133	0.649104266564	-1.64471125603	-4.01344537735	3.78590917587
4	20	0.495140299201	0.969012872123	0.244050100033	-0.0381261371514	5.57360363007	1.57791817188	-0.210143089294
5	20	0.498089596629	-0.438632885111	-0.601370494344	-0.667798413169	-2.55057573318	-3.43585824966	-3.82430315018
6	20	0.499490618706	0.765250403927	0.152273679605	0.625463464792	4.38250255585	1.0027667284	3.6585278511
7	20	0.493107318878	0.705053957578	-0.690811536644	-0.160244618451	4.04715633392	-3.96347737312	-0.886005401611
8	20	0.48232177645	-0.186230668661	0.698912143614	-0.690535990053	-1.07142353058	3.88107204437	-3.96056699753
9	20	0.496161803603	-0.68556581777	0.53120877137	0.49781196322	-3.96217012405	3.09108686447	2.83610224724
10	20	0.493396591395	0.236917501403	-0.264012802249	0.934969164079	1.47374391556	-1.66932570934	5.38617420197
11	20	0.495628837496	0.154093221958	-0.592734039125	0.790519852888	0.900341928005	-3.38226985931	4.64035415649
12	20	0.499092824757	-0.593148737812	0.187192287488	-0.783028493949	-3.27456951141	1.11867439747	-4.59398889542
13	20	0.498352602124	-0.683833476431	-0.667763977861	0.294045993652	-3.92364358902	-3.94564175606	1.67365884781
14	20	0.498135358095	-0.264739629025	0.820271018772	0.507019116588	-1.47801959515	4.74728870392	2.91745901108
15	20	0.493477724493	0.435661464175	-0.470334157953	-0.767453495982	2.37806797028	-2.67458105087	-4.4241065979
16	20	0.483479626477	0.691552299303	0.506345104088	0.515140808805	3.86947727203	2.91571617126	2.92073583603
17	20	0.489425973967	0.0265825989783	-0.294385691044	0.955316926648	0.140974402428	-1.7277572155	5.45448684692
18	20	0.49409096688	-0.480990236081	0.605120794691	-0.634410920955	-2.80818581581	3.31454658508	-3.72668838501
19	20	0.488666921854	0.429169829014	0.903214899571	-0.00401286154949	2.50196766853	5.08718824387	0.0474233627319
20	20	0.498865440488	-0.743604244115	-0.615776818293	-0.260521857408	-4.3106803894	-3.54244184494	-1.45464611053
21	20	0.495743572712	-0.126390705032	-0.783733130643	-0.608101775704	-0.583178579807	-4.53061103821	-3.55034279823
22	20	0.498961791396	-0.172186651077	0.840725164144	-0.513354609959	-1.01901268959	4.88597536087	-2.91014432907
23	20	0.497814893723	0.614615149089	0.728895543783	0.301594934911	3.57174015045	4.25362491608	1.6960515976
24	20	0.495238907635	-0.296219852698	-0.460039115427	0.837029157882	-1.86071586609	-2.69886064529	4.75588750839
25	20	0.481480300426	0.427152290589	-0.655673936829	0.622601485067	2.44700551033	-3.68564319611	3.48967695236
26	20	0.423011980951	0.581832869465	-0.113059389835	0.805411749592	2.87213015556	-0.545622169971	4.04846143723
27	20	0.402112744749	0.388817844443	0.476245343934	0.788676775507	1.81601238251	2.25702929497	3.75161838531
28	20	0.474025964737	0.951597456778	-0.0938321556867	-0.292673549902	5.23855543137	-0.560005545616	-1.61402797699
29	20	0.498590946198	-0.911448016307	-0.0615142214451	-0.406790503983	-5.27995967865	-0.236714199185	-2.35668563843
0	21	0.499837480485	0.674913962105	0.49089096167	-0.550923958008	3.89438652992	2.87628602982	-3.19481015205
1	21	0.499975241721	-0.698315376833	0.196149578479	-0.688390134546	-4.12151193619	1.13719296455	-3.88545942307
2	21	0.499859824777	0.345933649827	-0.828489799062	-0.440380020853	2.19135951996	-4.81727170944	-2.40117430687
3	21	0.496540948749	-0.584015044583	0.411892664025	-0.699478992553	-3.38476896286	2.50512981415	-3.92363262177
4	21	0.476154536009	0.840028269245	-0.487232237685	-0.238657188095	4.64307117462	-2.79522371292	-1.27653360367
5	21	0.479139283299	0.282890669915	0.933611837289	-0.219867701467	1.62193894386	5.19580459595	-1.17993593216
6	21	0.495378911495	-0.730488955939	-0.305097092918	0.610984164398	-4.22510099411	-1.82837498188	3.43487906456
7	21	0.458294935524	-0.549956504558	0.491085104906	-0.675561442678	-2.92761945724	2.65346074104	-3.63733053207
8	21	0.421039372683	-0.518910959929	0.839199146037	-0.162715115942	-2.57693552971	4.18567228317	-0.809457063675
9	21	0.487795576453	0.886788413427	0.0255891125444	-0.461466691247	5.00229310989	0.0462970212102	-2.62267136574
10	21	0.497856654227	-0.484983598483	0.522918585132	0.700961527137	-2.87511229515	3.08380651474	3.93259954453
11	21	0.495794385672	0.620493239997	-0.486160278823	0.615334317597	3.68177556992	-2.90968203545	3.43676280975
12	21	0.497822176665	-0.334063899155	-0.218515705119	0.916870873078	-1.86126875877	-1.33953154087	5.33565664291
13	21	0.497376419604	-0.360542512678	0.768417561215	0.528718779851	-2.13088297844	4.49505472183	3.02050590515
14	21	0.496611952782	0.60320669758	0.243215048199	-0.759597340914	3.47298955917	1.29718875885	-4.40510511398
15	21	0.481817543507	0.895659861095	-0.0616063000185	0.440452127955	5.0573797226	-0.371045589447	2.57261681557
16	21	0.481143783778	0.291859154601	-0.139112868263	0.946290570469	1.56460297108	-0.781933188438	5.34112167358
17	21	0.487790316343	-0.331121792048	-0.824906689316	-0.458134601131	-1.89624762535	-4.58600139618	-2.73126935959
18	21	0.471487402916	0.976471884736	0.205277276308	0.0660598073792	5.34932899475	1.16107404232	0.420894145966
19	21	0.432010250166	0.301875985787	0.220608375115	0.927471203884	1.52478528023	1.1147121191	4.73267650604
20	21	0.452866271138	0.828102578364	0.431479437565	0.357870946942	4.36829948425	2.30868005753	1.86967134476
21	21	0.482486709952	-0.888523316345	-0.0830913912818	0.451245096379	-5.00807380676	-0.357366681099	2.56851625443
22	21	0.485816560686	-0.124267211301	-0.698792381428	0.704447917062	-0.683670163155	-3.97203183174	4.02150630951
23	21	0.494039669633	0.0804604859212	-0.812227689602	-0.577764909327	0.390271872282	-4.6827378273	-3.30316758156
24	21	0.498118624091	0.301224319213	0.939714469903	0.161866069853	1.68406999111	5.39037418365	0.976513147354
25	21	0.485546708107	-0.259145330541	-0.652950618057	-0.711687563498	-1.52321696281	-3.71050262451	-3.98849248886
26	21	0.482150569558	0.935716853195	0.0268566556335	-0.351728148853	5.25253391266	0.168047070503	-1.93624711037
27	21	0.455794557929	-0.520244413116	0.510874275628	0.684363372137	-2.82625079155	2.70694923401	3.67194581032
28	21	0.482107922435	-0.104994553222	0.889616549617	0.444475576878	-0.706375956535	5.02870130539	2.44655656815
29	21	0.498437553644	0.875843367501	0.112224414627	0.46936561055	5.03978443146	0.559109449387	2.77987384796
0	22	0.499777540565	-0.827765218141	-0.396305046198	0.39717383347	-4.74271392822	-2.27261400223	2.40015530586
1	22	0.499869659543	0.922194027953	-0.348458779164	0.167733878604	5.34515285492	-1.91275084019	0.879584312439
2	22	0.49932333827	-0.937963650206	0.155654244386	0.309832127284	-5.3411898613	1.02566349506	1.81442689896
3	22	0.491249702871	0.181715475095	-0.540128994219	-0.821729977374	1.11728930473	-3.13773488998	-4.62821054459
4	22	0.420717589557	0.325601422678	0.833200248228	-0.446946372514	1.60313391685	4.13419914246	-2.1905465126
5	22	0.424497753382	-0.269576176781	0.781820445864	-0.562214794665	-1.40815067291	3.8752746582	-2.82101917267
6	22	0.488006934524	0.868015735141	0.278269952023	0.411235355178	4.9313158989	1.55901265144	2.34195494652
7	22	0.45141120255	-0.324453806657	0.926527070686	-0.190466045878	-1.75740873814	4.88048315048	-0.992005109787
8	22	0.370281115174	-0.314507748148	0.905534939905	-0.284765427969	-1.4349489212	4.01288032532	-1.1953690052
9	22	0.450890868902	-0.327534922853	0.93340945973	0.146518445252	-1.72904920578	4.92541885376	0.787299394608
10	22	0.498362794518	-0.00188487896186	-0.885955713114	-0.46376602035	0.0670943707228	-5.06986522675	-2.63020896912
11	22	0.499181702733	0.122051698742	0.991520166552	-0.044622215937	0.7121322155	5.76172924042	-0.154234647751
12	22	0.499484993517	-0.662825026885	0.524410165973	-0.534468859297	-3.85506033897	2.94718384743	-3.15440177917
13	22	0.499362960458	0.687073717336	0.620475604723	0.37807371092	4.0418176651	3.49271726608	2.22776317596
14	22	0.499487370253	-0.917638201042	-0.392981547756	-0.0592084040718	-5.22319698334	-2.31778407097	-0.313564777374
15	22	0.492605865002	0.72617575248	0.572078159604	0.381307429529	4.15231609344	3.28747177124	2.18302416801
16	22	0.47578586638	-0.0370994747447	0.715117935456	-0.698018601015	-0.199619427323	3.93220901489	-3.89532971382
17	22	0.487550504506	-0.724179667241	-0.409487092915	0.554873075839	-4.08951759338	-2.2824177742	3.22796058655
18	22	0.480930395424	0.306824128792	-0.0280203460041	-0.951353674614	1.7061111927	-0.218900844455	-5.34542369843
19	22	0.457216322422	-0.332662536904	0.94105884844	-0.0611872561337	-1.71688950062	5.04954624176	-0.287457704544
20	22	0.453396856785	0.733192786007	0.611687449643	0.297097294663	3.87885570526	3.2846455574	1.61354267597
21	22	0.488483868539	-0.849141982623	-0.081519997098	-0.521835590412	-4.80979251862	-0.423510074615	-3.04028177261
22	22	0.490495629609	0.439401303703	-0.597429017355	0.670824167369	2.49407148361	-3.33069896698	3.91489696503
23	22	0.492375614122	0.176653437513	-0.23752362278	-0.955183799923	0.993253290653	-1.2062381506	-5.56030511856
24	22	0.486757054925	0.496443271812	-0.391893539286	-0.774573128722	2.81932663918	-2.34941482544	-4.36119556427
25	22	0.446126554161	-0.310731657238	0.270784868255	-0.911109978166	-1.67138266563	1.4791623354	-4.76929187775
26	22	0.456586748362	-0.981321088746	-0.00186790373863	0.192367959178	-5.22161388397	-0.0117013603449	0.992660284042
27	22	0.483542189002	0.626766755401	0.500381257216	0.597312340196	3.56649041176	2.83340215683	3.34855484962
28	22	0.493236258626	0.804920795074	-0.523868555649	0.27868306382	4.637155056	-3.02698707581	1.56154108047
29	22	0.498740449548	-0.309803328295	-0.177026354407	-0.934175340941	-1.77631783485	-1.00549244881	-5.41039228439
0	23	0.499274872243	-0.571232751015	0.439532311459	-0.693184312684	-3.17017149925	2.53901815414	-4.16758108139
1	23	0.499427653849	-0.751850331887	-0.316360702812	0.578478162214	-4.35073947906	-1.83171665668	3.36214590073
2	23	0.499540746212	0.604484785795	-0.688016037776	-0.401537140879	3.46852040291	-3.90554857254	-2.36789488792
3	23	0.490191325545	0.114410985266	0.70869088886	0.696180544469	0.561594367027	4.02048778534	3.95801687241
4	23	0.416363142431	-0.293652953356	0.837990419093	-0.459934778521	-1.47662425041	4.08799743652	-2.28745627403
5	23	0.420116990805	-0.999381165361	0.0314845702419	-0.0156846471872	-4.93933296204	0.231278344989	-0.119500160217
6	23	0.490287531167	0.321575573482	-0.5528973962	-0.768696051645	1.78250408173	-3.15074086189	-4.42876434326
7	23	0.495338022709	0.503542259926	-0.863688912056	-0.0220602733584	2.91541457176	-4.94857645035	-0.0309655666351
8	23	0.460690751672	-0.520694395999	0.689144653207	0.503941457842	-2.84041142464	3.71661758423	2.66132616997
9	23	0.457059517503	-0.176636979175	0.918808456379	-0.35297365068	-0.887139081955	4.98105144501	-1.97148776054
10	23	0.494880840182	-0.58645935024	0.682395510971	0.436350543855	-3.38558578491	3.88169288635	2.56761169434
11	23	0.49929060135	-0.106218851213	0.148980804416	-0.983118647754	-0.609446525574	0.828489422798	-5.69234275818
12	23	0.4997908324	0.560781338453	-0.810083538776	0.171140149141	3.26293897629	-4.61718654633	1.15210914612
13	23	0.498549327254	0.235290793274	-0.308479170034	-0.921671766008	1.20534932613	-1.87738323212	-5.35287666321
14	23	0.499433860183	0.516729509955	0.833989847101	-0.193524025576	3.02868080139	4.79555130005	-0.986575841904
15	23	0.473491817713	-0.415785005765	-0.779012569174	-0.469321047952	-2.30049705505	-4.29820251465	-2.55375385284
16	23	0.434744298458	-0.580770565102	0.451516240004	-0.677376288132	-2.99532461166	2.28621482849	-3.45492553711
17	23	0.483160909265	-0.263099468567	-0.577778238645	0.772626026347	-1.463758111	-3.30631828308	4.32934236526
18	23	0.496745735407	0.573520125343	0.722804478732	-0.385523477043	3.27100229263	4.16256713867	-2.20190358162
19	23	0.495383173227	-0.884478019338	-0.46620213237	0.0188203368828	-5.01569366455	-2.74528503418	0.166313171387
20	23	0.492557376623	0.999986293835	0.00327869896392	-0.00408194515113	5.7037320137	0.101505897939	-0.0450029373169
21	23	0.498637363315	-0.987016880631	-0.0822813480614	-0.13794004897	-5.71847581863	-0.41766884923	-0.662892103195
22	23	0.498409323394	0.700238350277	-0.275942231871	-0.658423980025	4.03203964233	-1.52262711525	-3.82816982269
23	23	0.499001920223	-0.345804509653	-0.793989790968	0.499999452942	-1.95776486397	-4.55396699905	2.96002292633
24	23	0.490975663066	-0.00705489610119	0.950667378001	0.310131850743	-0.0576667897403	5.44417285919	1.68438673019
25	23	0.409755080938	-0.949276758195	-0.117790060385	-0.291546116465	-4.59713172913	-0.554808974266	-1.42989099026
26	23	0.380328774452	-0.995796869191	-0.0140337274771	0.0905077333885	-4.49993896484	-0.111784875393	0.430289268494
27	23	0.459524452686	-0.86320409336	0.384479730433	-0.327191121658	-4.64034557343	2.06718277931	-1.804651618
28	23	0.495935171843	-0.43587116295	-0.660210328389	0.611668743355	-2.4883954525	-3.80441880226	3.58410477638
29	23	0.499414771795	-0.614480409204	0.788012249503	0.0380857103979	-3.50800967216	4.63275098801	0.358726263046
0	24	0.492174491286	0.276676361764	0.0545911990645	0.959411273556	1.56122708321	0.220582947135	5.47550392151
1	24	0.495738580823	-0.227752722035	0.941958189346	0.246664685616	-1.32135725021	5.50866127014	1.28915309906
2	24	0.496509321034	-0.145653664919	0.847911021912	0.509737097744	-0.870553016663	4.87578773499	3.00539302826
3	24	0.47714394331	0.735759371485	-0.523040402191	-0.430217253196	4.02905750275	-2.93043923378	-2.41710042953
4	24	0.436414860189	-0.525838714273	-0.0420908596043	-0.84954223327	-2.71081113815	-0.20047056675	-4.35909557343
5	24	0.454806521535	-0.827424287116	0.126763042151	0.547083339388	-4.43303537369	0.650047600269	2.91438531876
6	24	0.488391071558	-0.400512382084	0.912219052793	0.0862915495183	-2.26263666153	5.20902824402	0.591940879822
7	24	0.497178681195	-0.657543098981	0.528443163321	-0.537014800654	-3.81203198433	2.99492931366	-3.08387136459
8	24	0.496479317546	0.892176321128	0.0801782223065	0.444514189521	5.10279655457	0.330635607243	2.56547427177
9	24	0.493211820722	-0.81670808562	0.553414204685	-0.163464433247	-4.71167039871	3.08464288712	-1.03915333748
10	24	0.49822551012	0.802511698215	0.15080172134	0.577264077411	4.68623971939	0.816221356392	3.3066906929
11	24	0.493506155908	-0.036107638929	-0.587948525557	0.808092055218	-0.170149117708	-3.42700386047	4.6062130928
12	24	0.480867281556	-0.869224453137	0.485275497863	-0.0946390048671	-4.84357261658	2.73711705208	-0.587284326553
13	24	0.490335121751	0.198236047391	0.901875786628	0.383826178118	1.19210267067	5.10405731201	2.21019744873
14	24	0.494984418154	-0.907691363558	-0.417899259167	0.0381653993808	-5.15533924103	-2.4592461586	0.287152767181
15	24	0.440797754563	-0.248147683525	0.140604171824	-0.958463976384	-1.27734029293	0.763896465302	-4.95147371292
16	24	0.407616153359	-0.847841529214	-0.0938442660331	-0.521879291668	-4.06294250488	-0.374923706055	-2.52724528313
17	24	0.483145657927	-0.267998489528	0.483228914467	0.833466631506	-1.53477859497	2.81937885284	4.62623882294
18	24	0.498475082219	-0.0612076890655	-0.683484451404	0.727394407105	-0.363195478916	-3.9668545723	4.17358875275
19	24	0.499858573079	-0.115906065775	0.893392428765	-0.434068833415	-0.526817560196	5.12803268433	-2.56141066551
20	24	0.498930543661	-0.309358563006	-0.919902655096	0.240990424377	-1.87527132034	-5.2816028595	1.36266899109
21	24	0.499949589372	0.852931974082	-0.341813359022	-0.394551232646	4.99019098282	-1.87592220306	-2.28564095497
22	24	0.499795123935	-0.168735987306	0.8829982633	0.437997983554	-1.09175467491	5.05241298676	2.62118625641
23	24	0.499584019184	-0.866843962639	0.305388261054	-0.394106019299	-4.94582653046	1.75960206985	-2.46377420425
24	24	0.496536966413	0.357657008238	-0.0110170364634	0.933788032353	2.1358590126	-0.186114758253	5.31401252747
25	24	0.473825633526	-0.840879290423	0.232729652311	-0.488629642852	-4.62049770355	1.31013166904	-2.6988286972
26	24	0.458864629269	-0.315130746751	-0.736879001964	0.598081891481	-1.67828798294	-3.95290017128	3.24801874161
27	24	0.485895782709	-0.447865804099	0.881770393948	0.147977004551	-2.53052997589	5.00158977509	0.832676887512
28	24	0.497834682465	0.0708411466965	-0.688080508168	-0.72216808723	0.424206137657	-3.95194864273	-4.20015907288
29	24	0.491519171745	0.468073473758	-0.37289139328	-0.801161177281	2.73564767838	-2.12389373779	-4.58319139481
0	25	0.439913883805	0.517827693084	0.679131323566	-0.520226033207	2.68319416046	3.46558189392	-2.65522313118
1	25	0.475139290094	0.577151140553	-0.753126646335	0.315748025392	3.15889167786	-4.1383934021	1.75103211403
2	25	0.481178253889	-0.610110739436	0.637304848626	-0.470751968177	-3.40925216675	3.56864190102	-2.68007230759
3	25	0.408086761832	-0.542432869462	0.220119690039	-0.810748977295	-2.58685064316	1.0841678381	-3.91422867775
4	25	0.415151916444	-0.772569703566	0.253692735431	-0.582044714022	-3.74942708015	1.25823688507	-2.83507347107
5	25	0.480977743864	0.601727267163	-0.509382041318	0.615186339197	3.37715101242	-2.80944705009	3.48127698898
6	25	0.462659165263	0.761609055177	-0.0516801543898	-0.645972761589	4.09602308273	-0.290040850639	-3.54875230789
7	25	0.487356379628	0.797053995532	-0.481505227833	0.364496424915	4.47362756729	-2.68627357483	2.20027017593
8	25	0.499518733472	-0.215895320623	0.104628337662	-0.970794582541	-1.338357687	0.609399974346	-5.54149341583
9	25	0.499509872869	-0.152098057341	-0.198695071638	0.968187197529	-0.736145913601	-1.19278097153	5.57779216766
10	25	0.498465742916	0.207373876565	0.131102495865	-0.969437058759	1.1716953516	0.704487800598	-5.55650758743
11	25	0.481886513531	-0.598772532773	0.528448846664	0.60184156591	-3.3838801384	2.95955848694	3.3804268837
12	25	0.420076325536	-0.812981381688	-0.530425635301	-0.240228887614	-3.98503232002	-2.69542121887	-1.14820432663
13	25	0.427224099636	-0.390943289607	-0.832424110873	0.392725659905	-1.97606563568	-4.15146160126	1.92786467075
14	25	0.481357462704	0.661985651784	-0.154128229289	-0.733498115722	3.73314762115	-0.818488061428	-4.09292697906
15	25	0.45241279155	-0.258328026568	0.744328245102	0.615826350713	-1.3844845295	3.94680762291	3.26213312149
16	25	0.443862169981	-0.178937242459	0.981518942615	0.0678382528508	-0.95816218853	5.09582567215	0.366656780243
17	25	0.488875210285	0.596640695937	-0.315150610747	-0.738037920772	3.40008044243	-1.75811612606	-4.25241661072
18	25	0.498830694705	-0.0121649307403	-0.622120716993	-0.782826818618	-0.112883687019	-3.55375146866	-4.56848907471
19	25	0.499712534249	-0.412286648868	0.200335136064	0.888755057607	-2.37484741211	1.17005681992	5.20375442505
20	25	0.499653462321	0.0605043746904	0.543531061108	0.837205593779	0.387583911419	3.33391857147	4.74184465408
21	25	0.499783605337	-0.0318695315782	-0.991582538323	-0.125492639824	-0.317981600761	-5.72887706757	-0.764972686768
22	25	0.499033868313	0.982845442697	0.0669684418268	-0.17184313652	5.6706905365	0.358867198229	-1.09844756126
23	25	0.497868609615	-0.0574021699765	-0.147790668127	0.98735146189	-0.29638633132	-0.959380269051	5.67087173462
24	25	0.499827042222	-0.425583882253	0.48370081276	-0.764795320921	-2.47685098648	2.82380175591	-4.36043405533
25	25	0.496363669634	0.713994953464	-0.669678078612	-0.20430975859	4.14795589447	-3.84565019608	-1.11063718796
26	25	0.492306172848	-0.614056038961	-0.637106228421	-0.465865683135	-3.59508943558	-3.59794044495	-2.70415782928
27	25	0.49593167752	0.422381154127	0.373012163879	0.826109003847	2.55363798141	2.0691614151	4.77199172974
28	25	0.497216681018	0.0936300117486	0.306260525302	0.947331996473	0.512027800083	1.84453654289	5.47740221024
29	25	0.465369332582	-0.344130271759	-0.427316971675	-0.836046985389	-1.90215063095	-2.32228016853	-4.51998853683
0	26	0.37421233207	0.739246145259	0.498936904714	0.452302002908	3.26750993729	2.16910266876	2.00139045715
1	26	0.421657521278	0.121163387441	-0.522877440784	0.843752698048	0.683167397976	-2.55059146881	4.20722723007
2	26	0.475512936711	-0.337805044066	-0.69107586518	0.6389850552	-1.87713074684	-3.89229655266	3.52312350273
3	26	0.425566829741	0.431618258376	0.763105510689	-0.481015237381	2.10697460175	3.81225585938	-2.41823959351
4	26	0.42353811115	0.493264704891	0.700313963955	-0.515994460047	2.40819835663	3.50137066841	-2.57941436768
5	26	0.477999702096	-0.258305934674	-0.956724441591	-0.134001443926	-1.48832094669	-5.31940793991	-0.777505636215
6	26	0.4268833315	0.295279842958	0.0739785961898	-0.952542377875	1.50043678284	0.396926701069	-4.80788183212
7	26	0.484398499131	0.276618613119	-0.790547257389	-0.546367254427	1.49085664749	-4.43075370789	-3.16300630569
8	26	0.499135881662	0.60153731406	0.172714286805	0.779950405428	3.39388990402	0.954852283001	4.52064990997
9	26	0.499769926071	-0.770348560174	0.51445752587	-0.376691584607	-4.40139102936	2.91248440742	-2.40600681305
10	26	0.498071476817	-0.582585972526	-0.0398216780929	0.811792965337	-3.32611656189	-0.225468724966	4.7318148613
11	26	0.480293728411	0.608515109731	0.361714398456	0.706308753435	3.50904965401	1.98177838326	3.95961380005
12	26	0.4293448627	0.276909853302	-0.956933306491	0.0871755703843	1.32152724266	-4.82581329346	0.452960729599
13	26	0.397583268583	0.0241430642817	-0.874984371356	0.483548821041	0.104131609201	-4.12069606781	2.25836396217
14	26	0.472575560212	0.197119921841	-0.935334457787	-0.293757022876	1.05809760094	-5.15398597717	-1.60560822487
15	26	0.481626160443	-0.739808641163	0.383684408538	0.55269290669	-4.08372211456	2.19719457626	3.17842531204
16	26	0.483675207943	-0.534915612517	0.19101814175	-0.823029377974	-2.96378898621	1.04521596432	-4.64404010773
17	26	0.49029058218	0.706193119184	-0.70468055168	-0.0686774963249	4.00575351715	-4.12468957901	-0.327027082443
18	26	0.498493254185	0.484268395799	0.734269617886	0.475743890219	2.75915122032	4.29471635818	2.68691468239
19	26	0.499834910035	-0.382953101279	-0.89530354019	0.227548880778	-2.22095012665	-5.23071861267	1.24810171127
20	26	0.499913409352	0.315131392802	-0.934602753292	0.164954232471	1.79437637329	-5.48175048828	0.79954123497
21	26	0.499200433493	-0.0409338823681	0.853978310611	0.51869592468	-0.152537167072	4.99335861206	2.90817070007
22	26	0.491686463356	-0.620155029426	0.705826098675	0.342370059887	-3.6917989254	3.94054603577	1.99946022034
23	26	0.487963318825	-0.135496510209	0.990776315444	0.00172872122772	-0.746978998184	5.63338422775	-0.0313534736633
24	26	0.496351361275	0.364314818399	-0.844805732304	-0.391890275156	2.09707784653	-4.87937879562	-2.19702100754
25	26	0.497066598386	0.455283045506	0.366430648345	0.811446811829	2.54515075684	2.16070866585	4.68369293213
26	26	0.497520184144	-0.295751155229	-0.314344065508	-0.902063779708	-1.61183309555	-1.87678933144	-5.23442220688
27	26	0.497667729855	-0.535536819794	0.802180874041	-0.264019241663	-3.07140159607	4.61279726028	-1.57124590874
28	26	0.492429800332	0.272816795657	-0.341305205754	0.899489717858	1.5662624836	-2.11626434326	5.11265134811
29	26	0.459180541337	0.775110041253	0.41336343188	-0.477844218478	4.12187385559	2.25924682617	-2.53754687309
0	27	0.46109386161	0.0403381890267	0.585613002073	0.809586463764	0.273958265781	3.17275333405	4.33349752426
1	27	0.483915142715	0.796806466404	0.190289108007	-0.573488893067	4.49232244492	1.08779335022	-3.24722623825
2	27	0.495312169194	-0.4006564166	-0.124183045784	0.907773654044	-2.23389911652	-0.659994781017	5.24703264236
3	27	0.468658974394	-0.0198451483876	-0.30351256746	-0.952620749028	-0.0871570780873	-1.62544107437	-5.20165586472
4	27	0.452146591619	-0.303760943918	-0.0162604452733	-0.952609514371	-1.631275177	-0.115151271224	-5.06209135056
5	27	0.437750056386	-0.203907355715	0.708115537296	-0.676013443746	-1.02601027489	3.62522602081	-3.52504396439
6	27	0.418387085199	0.819940216045	0.0349869035771	-0.571378997418	3.99696350098	0.211049884558	-2.85837388039
7	27	0.494264468551	-0.263853588974	0.510209108382	0.818576782782	-1.47091460228	2.87033128738	4.7407617569
8	27	0.499256538227	-0.207614143962	0.154053089738	-0.966004147387	-1.14026331902	0.755373358727	-5.55959939957
9	27	0.499955832958	-0.017930920409	0.502488743955	0.864397792854	-0.0629996955395	2.90393972397	4.98845481873
10	27	0.499754056334	-0.158263905309	-0.883466219387	-0.440953484485	-0.858448684216	-5.06959629059	-2.55792117119
11	27	0.493673652411	0.169177241029	0.964943877962	0.200654861645	0.996895074844	5.54823112488	1.09752821922
12	27	0.494222208858	-0.341262620723	0.573901296634	0.744430739168	-2.02559018135	3.22828817368	4.31324338913
13	27	0.483699634671	-0.596660991755	-0.0369571854544	-0.801641957086	-3.38126134872	-0.345355480909	-4.51668357849
14	27	0.491907805204	0.177429622042	0.931304214602	-0.318105625676	1.09292840958	5.37830162048	-1.65436244011
15	27	0.498584486544	-0.46155828916	-0.450237355945	-0.764362655432	-2.59580397606	-2.60497641563	-4.41284751892
16	27	0.499577589333	0.391643040257	0.304823068272	0.868158180326	2.15265250206	1.76609480381	5.05494308472
17	27	0.497989788651	0.957756807507	-0.267112415819	-0.106549777054	5.53092670441	-1.5700532198	-0.741549730301
18	27	0.499344687909	-0.453237928274	0.381243563616	0.805747308761	-2.70035409927	2.1272649765	4.66103172302
19	27	0.499335438013	-0.266691919552	0.798335260834	-0.53994095173	-1.57033371925	4.54329681396	-3.21669983864
20	27	0.499712377787	0.744705371436	0.298595032117	0.596870937933	4.32646369934	1.8056448698	3.39240670204
21	27	0.499000236392	-0.694729834132	-0.671010868551	0.259026778257	-4.02001667023	-3.87325620651	1.37886881828
22	27	0.485328808427	0.674928712113	0.263830706164	-0.689104195351	3.83588981628	1.46306753159	-3.83744549751
23	27	0.447938788682	0.211623330386	-0.221477781116	-0.951926025754	1.09639489651	-1.22268748283	-4.98057126999
24	27	0.444569021463	-0.899590859371	-0.095478207934	-0.42616921234	-4.70190906525	-0.470993131399	-2.21649932861
25	27	0.454744502902	-0.725965279613	0.687714348793	-0.00483603766201	-3.92711544037	3.66739439964	-0.0834143161774
26	27	0.484542220831	-0.53357236244	0.508389102315	0.675900181009	-2.93093180656	2.89694547653	3.85575175285
27	27	0.468368709087	-0.0214775283745	-0.905237198382	0.424363441451	-0.0611595846713	-4.95575523376	2.26479005814
28	27	0.460151061416	-0.217260319644	0.686513184582	0.693900281671	-1.15786254406	3.72920703888	3.70115160942
29	27	0.490727558732	-0.297920113051	-0.917031838799	-0.265134329856	-1.68408632278	-5.21580696106	-1.5552675724
0	28	0.485653147101	-0.86308012076	-0.00420204697286	0.505049549995	-4.9549241066	-0.0434842705727	2.77127194405
1	28	0.497937552631	0.619630478296	-0.323460337596	-0.71514437729	3.72077274323	-1.86479866505	-4.05016374588
2	28	0.499736621976	-0.704447358427	-0.0138339863792	-0.709621406122	-4.00400066376	-0.00693504698575	-4.17768001556
3	28	0.499074855819	0.193570873872	-0.139900483358	0.971060333627	1.06519842148	-0.846380829811	5.6107711792
4	28	0.496761925519	0.504989487732	0.616552486376	0.604027026567	2.97084498405	3.57123756409	3.43964529037
5	28	0.43858346343	-0.308269207516	-0.139929473456	-0.940951559941	-1.59934210777	-0.7365052104	-4.85342884064
6	28	0.434861695394	0.12556610039	-0.139839540134	-0.982180257106	0.693890213966	-0.741569936275	-5.00062608719
7	28	0.492246225476	-0.306262761521	0.93266080971	-0.190648721306	-1.77086448669	5.33863925934	-1.16159534454
8	28	0.498886946589	-0.420691325636	0.198281581301	0.885270141285	-2.4128382206	1.12298512459	5.11047124863
9	28	0.499929964542	0.597102236496	-0.794810959529	0.108371849596	3.39032125473	-4.63608598709	0.485100030899
10	28	0.499838754535	0.0970315001744	0.937308186327	-0.334721155319	0.497327595949	5.42858409882	-1.87103462219
11	28	0.499202042818	-0.550531828196	-0.7726458146	-0.316122051311	-3.23457479477	-4.4462146759	-1.7492992878
12	28	0.498756602407	0.975256831511	0.121563312333	-0.184652304847	5.67556428909	0.63685631752	-0.972186088562
13	28	0.492375386879	-0.186587289904	0.394004162557	-0.899969945684	-1.0367629528	2.31330180168	-5.21197414398
14	28	0.496302202344	-0.492328301698	0.214855408355	-0.843474953302	-2.9110352993	1.22366905212	-4.85127544403
15	28	0.499805554748	0.391370711281	-0.278501262287	0.877078111263	2.16969513893	-1.5462012291	5.08937454224
16	28	0.499935396016	0.833113243548	-0.0874699921435	-0.546142219481	4.77082061768	-0.504125595093	-3.21419048309
17	28	0.499969705939	-0.858616407572	0.496015519257	0.12940815007	-4.96871185303	2.77447962761	0.803503274918
18	28	0.499839827418	0.428665680325	-0.612341453174	-0.664291862991	2.47173404694	-3.49309825897	-3.83924531937
19	28	0.493933841586	0.881795731803	0.208998929399	0.422795145294	5.04842567444	1.19966816902	2.50874733925
20	28	0.489725634456	-0.659288266529	-0.704020239635	0.263997128395	-3.833735466	-3.95324420929	1.35567712784
21	28	0.474022492766	0.716747289506	0.29889848845	0.630026203096	4.00651025772	1.71726632118	3.41667437553
22	28	0.457745102234	0.0245903300175	0.18412629194	0.982594944159	0.105119772255	0.981709718704	5.28202295303
23	28	0.442051127553	0.910942039811	-0.32509549388	0.253963619372	4.71914196014	-1.66914689541	1.30014514923
24	28	0.458192147315	0.234185443844	-0.700577806029	-0.674053347734	1.24490737915	-3.74855089188	-3.60339212418
25	28	0.471682831645	-0.170540188656	0.97463595851	-0.144916501591	-0.928166806698	5.3996925354	-0.731997013092
26	28	0.482933729887	-0.510404462007	-0.429916436355	-0.744754417856	-2.80246639252	-2.46310067177	-4.16246461868
27	28	0.413360454142	0.45599510469	-0.750851477385	0.477797575766	2.21887016296	-3.59744787216	2.38535666466
28	28	0.402268204838	0.243092542032	0.433632495032	0.867680168761	1.18752813339	2.05109739304	4.09852361679
29	28	0.475419897586	-0.283640800347	-0.295659031569	0.912213589808	-1.5154184103	-1.55879509449	5.13131046295
0	29	0.49934027344	0.430936620363	0.451754484963	0.781160364167	2.56494188309	2.54268360138	4.46210002899
1	29	0.4993660748	-0.931586947482	-0.205267111165	-0.300018620014	-5.41538906097	-1.19174933434	-1.81472730637
2	29	0.499821990728	-0.369239571187	-0.435595290738	0.820925624985	-2.09162282944	-2.4547867775	4.81337928772
3	29	0.499845944345	0.603994195915	0.42912548818	-0.671596848337	3.43030595779	2.42843532562	-3.95567750931
4	29	0.498758465052	-0.878017678678	-0.218712636428	0.425734352144	-5.00013256073	-1.30987250805	2.50069451332
5	29	0.479567311704	-0.35028998823	0.491581234518	-0.797273362164	-1.81185221672	2.81849145889	-4.52644252777
6	29	0.489773467183	-0.926755970104	-0.223533552785	0.301920722469	-5.22807407379	-1.28005135059	1.73916125298
7	29	0.499424293637	0.878633152816	-0.468924046186	-0.0900778645477	5.14482784271	-2.7427687645	-0.452519416809
8	29	0.499777503312	0.577980798334	-0.352631660179	-0.735927380247	3.34754657745	-2.10192775726	-4.25202560425
9	29	0.49962811172	-0.219183289793	0.914540544479	0.339962171395	-1.37763226032	5.28149032593	1.86741566658
10	29	0.498234704137	0.792677792859	0.0808648021175	0.604253920538	4.55762577057	0.411777317524	3.57686686516
11	29	0.49751727283	0.478859553594	-0.839052872	-0.258232077636	2.75887060165	-4.88421583176	-1.44521021843
12	29	0.498577125371	-0.196994456492	0.636257083626	-0.745902210512	-1.13196897507	3.69667339325	-4.28287982941
13	29	0.499171324074	-0.762243680966	-0.111423253497	0.637627971005	-4.33568000793	-0.715323328972	3.74057984352
14	29	0.499422267079	0.60807720646	-0.793094337367	-0.035263054599	3.53519511223	-4.59025716782	-0.0573668479919
15	29	0.499831922352	0.260947243036	0.262648313569	-0.928936165585	1.48500299454	1.67074906826	-5.34409046173
16	29	0.499961301684	-0.940501660937	-0.332941436389	0.0678721276319	-5.40605163574	-1.99330437183	0.42848110199
17	29	0.499764576554	0.619652049767	0.744965774063	0.247097820095	3.67224168777	4.26874351501	1.32534575462
18	29	0.496891401708	-0.682884705774	0.241336817563	0.68951070993	-3.99957346916	1.33606028557	3.89406871796
19	29	0.461848914623	0.833143188711	0.537752718395	-0.129206969481	4.52489376068	2.91226577759	-0.765577554703
20	29	0.441305361688	0.65581419806	-0.525142828762	0.542340065847	3.43086671829	-2.69683766365	2.83081674576
21	29	0.417873352766	0.897620707175	-0.409209141597	0.163783224061	4.46460342407	-2.04686832428	0.804203271866
22	29	0.458525180817	0.544366692773	-0.810455354227	0.216395523529	2.93817281723	-4.37307882309	1.10575819016
23	29	0.481978973374	8.60127403129e-05	-0.0250904802104	0.999685180647	-0.0487593859434	-0.119167611003	5.62634563446
24	29	0.476889163256	-0.701774741119	-0.00577517811289	-0.712375504945	-3.94742059708	-0.0585395358503	-3.95462656021
25	29	0.489661552012	0.0765603468786	0.388471263801	-0.918274790292	0.477525383234	2.12121343613	-5.26529884338
26	29	0.48694788944	-0.000705834958317	0.238489866815	0.971144729288	-0.00446400092915	1.23466587067	5.5261387825
27	29	0.448061034083	0.442531454433	0.42568847148	0.789275133959	2.35005331039	2.2217695713	4.12391901016
28	29	0.44533868134	0.223584858369	0.907192801527	-0.35638607151	1.17105901241	4.75765705109	-1.81370306015
29	29	0.495473977178	-0.106506477682	-0.38005670239	-0.918810792917	-0.647879064083	-2.18394207954	-5.24401521683
