0	0	0.499976193532	-0.126328739639	-0.148849862566	0.980757242112	-0.724137783051	-0.838415980339	5.61034393311
1	0	0.499978939071	0.00675950860454	0.17430734009	-0.984668096484	0.0572488680482	0.998938918114	-5.62928581238
2	0	0.499994156882	0.0650089587524	-0.268999685707	0.960943809165	0.382738292217	-1.49392318726	5.50833845139
3	0	0.499999627471	-0.249775151488	0.0861028655921	-0.964468076318	-1.39570868015	0.50445497036	-5.5225019455
4	0	0.500000074506	0.20525516134	0.0452559910917	0.977661605063	1.19985902309	0.241760239005	5.5849905014
5	0	0.499999608845	-0.412379885397	-0.0502254374795	-0.90962642637	-2.36778211594	-0.306185781956	-5.19645023346
6	0	0.499999888241	0.563922513608	0.0834319414542	0.821602403716	3.20657086372	0.484988898039	4.70836591721
7	0	0.500000022352	-0.492094680329	-0.0914505880363	-0.865724907543	-2.84586930275	-0.493780851364	-4.93545818329
8	0	0.500000052154	0.509566221732	-0.0985488681901	0.854769200573	2.90359115601	-0.505419790745	4.90169906616
9	0	0.499999310821	-0.351867193079	-0.23144592693	-0.906985259716	-2.05326366425	-1.274061203	-5.18493080139
10	0	0.499999366701	0.506120089308	0.149473103364	0.849411706165	2.88554239273	0.874897480011	4.85756587982
11	0	0.500000096858	-0.612450921634	-0.304625547097	-0.729456746247	-3.47782659531	-1.70466327667	-4.21011352539
12	0	0.500000257045	0.4714447115	0.22603463848	0.852436640581	2.71663665771	1.3048286438	4.85849237442
13	0	0.500000499189	-0.585529970278	-0.367986737196	-0.722316007821	-3.34772872925	-2.06930065155	-4.15082740784
14	0	0.500000230968	0.683981554598	0.32859121072	0.651304114226	3.90881061554	1.86481070518	3.73175048828
15	0	0.500000089407	-0.766680601966	-0.189577361567	-0.613401400838	-4.36674213409	-1.11165440083	-3.51940989494
16	0	0.49998652935	0.759934442834	0.221618659258	0.611052217461	4.35798406601	1.22094249725	3.49547505379
17	0	0.499964639544	-0.806108325199	-0.026823984333	-0.59115974314	-4.59900617599	-0.141291737556	-3.39513278008
18	0	0.49923556298	0.794028177624	-0.177591819905	0.581360816225	4.51971101761	-0.986254453659	3.34725189209
19	0	0.49925211817	-0.718609369671	0.157125264761	-0.677430605298	-4.09713125229	0.916895806789	-3.87875699997
20	0	0.498611547053	0.762589439468	-0.174835769088	0.622807996624	4.34471607208	-0.981803536415	3.56400775909
21	0	0.494415134192	-0.788261357026	0.320483474478	-0.5252945608	-4.49945545197	1.80955159664	-3.00789833069
22	0	0.35406036675	0.713196514304	0.133818721996	0.688072148563	2.97434210777	0.582928836346	2.83945798874
23	0	0.413188200444	0.620552185258	-0.0421964782655	0.783029017722	2.98712468147	-0.200135394931	3.80013680458
24	0	0.466414183378	-0.553405314731	-0.811181845732	-0.189014736947	-3.03819942474	-4.37913608551	-0.939036846161
25	0	0.498198121786	0.813833555991	0.227489493691	-0.534718125187	4.65060091019	1.30430984497	-3.06589412689
26	0	0.49967096746	-0.666652236944	0.0383087004589	0.744383797813	-3.82868671417	0.196546688676	4.24040985107
27	0	0.49997889623	0.584947721579	0.0699365937226	-0.808050144408	3.34088301659	0.372001707554	-4.62651205063
28	0	0.499986575916	-0.332659282749	0.021174303474	0.942809339407	-1.90725326538	0.0967876762152	5.39019489288
29	0	0.499977616593	0.182281635383	0.139534521628	-0.973295187842	1.05654025078	0.767398774624	-5.56734275818
0	1	0.499999400228	-0.0726144573315	0.128188578573	-0.989087877243	-0.393672347069	0.721765577793	-5.65963602066
1	1	0.499999016523	-0.0321657570875	-0.292561496591	0.955705569087	-0.133178025484	-1.61969840527	5.48760557175
2	1	0.499999258667	-0.300887058559	0.112933252404	-0.946949343151	-1.684071064	0.666695177555	-5.42474079132
3	1	0.499999618158	0.192800611925	-0.182254337423	0.964163513379	1.1450445652	-1.00812888145	5.5126209259
4	1	0.499999590218	-0.29239766687	0.0474175895838	-0.95512050371	-1.6674349308	0.24927058816	-5.46458339691
5	1	0.500000320375	0.468870821418	0.243111921747	0.849150602854	2.67502427101	1.36497533321	4.86713123322
6	1	0.499999374151	-0.510688723563	-0.246003262987	-0.823820018102	-2.94912075996	-1.37982571125	-4.70214557648
7	1	0.499998442829	0.73378275706	-0.0431816630596	0.67801047884	4.15716266632	-0.195522159338	3.92754793167
8	1	0.499999511987	-0.524804766119	-0.0363169538693	-0.850447550599	-3.02028560638	-0.195504724979	-4.85130786896
9	1	0.499997179955	0.461880369942	-0.0868832878486	0.882676508215	2.65845251083	-0.446959465742	5.04472303391
10	1	0.499999541789	-0.469204573996	-0.1635681516	-0.867809038627	-2.7048163414	-0.887225031853	-4.96033477783
11	1	0.499999660999	0.597259122906	-0.10055253724	0.795720256975	3.40706014633	-0.501064121723	4.5697555542
12	1	0.499999780208	-0.52616314727	-0.305137228006	-0.793752867421	-3.02615499496	-1.68812203407	-4.55240440369
13	1	0.499999552965	0.723734311341	0.141507024649	0.6754142496	4.11159181595	0.836939334869	3.88597679138
14	1	0.499997772276	-0.645602003361	-0.285665932147	-0.708232326619	-3.71549463272	-1.61977922916	-4.03263092041
15	1	0.499999985099	0.700722086326	0.259773580183	0.66445936277	4.02115106583	1.44893634319	3.80004715919
16	1	0.499999068677	-0.804008804551	0.123713969871	-0.581605274962	-4.58868503571	0.645327210426	-3.35573148727
17	1	0.499988459051	0.716181622695	-0.0550902053645	0.695736266546	4.10896444321	-0.304260551929	3.96327733994
18	1	0.499974615872	-0.697178708312	-0.0965169009756	-0.710370562807	-3.98999500275	-0.504174172878	-4.06664514542
19	1	0.499797027558	0.536668839081	-0.156875043981	0.829081888438	3.10929322243	-0.858057796955	4.72169208527
20	1	0.499092373997	-0.523191511829	0.00984154925647	-0.852158310326	-3.02092409134	0.0632144734263	-4.85248613358
21	1	0.45709053427	0.509206934274	0.108320288048	0.853800335725	2.72231531143	0.572959661484	4.52135467529
22	1	0.365615950897	0.496952873443	0.077079972652	0.864347452933	2.15118384361	0.360697954893	3.74518823624
23	1	0.448816847056	-0.48990604294	-0.257293203025	0.832941940815	-2.52371239662	-1.34775304794	4.35987663269
24	1	0.497331388295	0.577273814337	0.411366839905	-0.705359671591	3.32535266876	2.34793519974	-4.00947570801
25	1	0.499574229121	-0.838610475632	-0.320866157045	0.440201521377	-4.76098966599	-1.82437992096	2.58480620384
26	1	0.499965958297	0.729550206684	0.163077425916	-0.664200458509	4.15676355362	0.918413579464	-3.82154321671
27	1	0.499993484467	-0.498153358632	-0.0139330737073	0.866976989741	-2.85251879692	-0.102419927716	4.95658111572
28	1	0.499999063089	0.250953608823	0.0527873259025	-0.966558733054	1.44149386883	0.289583295584	-5.52614927292
29	1	0.499997721985	-0.109239707342	0.0403119003197	0.993197682756	-0.618763923645	0.195990949869	5.68173360825
0	2	0.500000281259	0.214663953565	0.062720477295	0.974672010867	1.20795726776	0.337235540152	5.57878255844
1	2	0.499999824911	-0.298848461397	-0.147230119776	-0.942874800253	-1.68724942207	-0.781344294548	-5.41158914566
2	2	0.49999996461	0.351747043493	-0.0710636062862	0.933393797524	2.01898479462	-0.381615936756	5.33569765091
3	2	0.499999411404	-0.592070409735	-0.0648376784183	-0.80327374249	-3.30968785286	-0.337325692177	-4.65997457504
4	2	0.499999559484	0.143523912408	0.0249694361988	0.989331801684	0.903261184692	0.16004537046	5.64999198914
5	2	0.499998319894	-0.518212509344	-0.337223539087	-0.785961881929	-2.95501637459	-1.8814675808	-4.52483081818
6	2	0.499988950789	0.682352969114	0.255568681097	0.684893476961	3.8767285347	1.46337747574	3.93920779228
7	2	0.499978229403	-0.596829450353	-0.259215161786	-0.759343207708	-3.44154167175	-1.46324896812	-4.32637023926
8	2	0.499953493476	0.663190958247	0.12991528914	0.737088712807	3.7974319458	0.730216145515	4.21296739578
9	2	0.499988727272	-0.667117740031	-0.0171837211301	-0.744754080663	-3.79982972145	-0.0885782986879	-4.27130508423
10	2	0.499984540045	0.575641442552	-0.109417269625	0.810348561253	3.31027364731	-0.600616455078	4.62671995163
11	2	0.499998461455	-0.501413071422	-0.00740186120586	-0.865176365984	-2.88451385498	-0.0201095454395	-4.93582725525
12	2	0.499998863786	0.454211855829	0.000247025262557	0.890893668741	2.63183093071	0.0131386192515	5.07796478271
13	2	0.499989628792	-0.64829991475	-0.0382049401965	-0.760425935302	-3.71464633942	-0.226338922977	-4.34299993515
14	2	0.499988242984	0.822242746065	0.219953197972	0.524916619327	4.67523002625	1.22841477394	3.06050300598
15	2	0.499948360026	-0.720385353008	-0.0761741010507	-0.68937830652	-4.12286186218	-0.463337033987	-3.93323659897
16	2	0.499967165291	0.721942102826	0.0568811541491	0.68961158232	4.13838005066	0.319266229868	3.93165302277
17	2	0.499990940094	-0.75965793503	0.0760881732952	-0.645856339777	-4.33620166779	0.399511158466	-3.70646762848
18	2	0.499976992607	0.684527041457	0.0181294054598	0.728762001048	3.92105531693	0.118232488632	4.1587023735
19	2	0.499743118882	-0.724572232902	-0.0670917006518	-0.685925493776	-4.12299013138	-0.384926140308	-3.94141435623
20	2	0.491644687951	0.635243932606	0.0266312221759	0.771852268308	3.59523439407	0.147264301777	4.36336803436
21	2	0.380690991879	0.263371095044	0.914103332789	-0.308303038063	1.24200844765	4.0811829567	-1.3559782505
22	2	0.360593378544	0.450051350901	0.876380321851	-0.171497268269	1.92045283318	3.72457265854	-0.747159123421
23	2	0.48027985543	0.394188905852	0.25764936717	-0.882174534942	2.20137500763	1.43013489246	-4.87787532806
24	2	0.499353464693	-0.523608412351	-0.234792079817	0.818966977216	-2.99054074287	-1.36016488075	4.67141675949
25	2	0.499923087656	0.563682365023	0.297488339635	-0.770560107417	3.24367403984	1.68591618538	-4.3984246254
26	2	0.49998902902	-0.57111615745	-0.0906010661604	0.81585401973	-3.26511883736	-0.54854029417	4.66237640381
27	2	0.499998912215	0.437043985855	0.136204417658	-0.889067438971	2.5006775856	0.763276100159	-5.08626508713
28	2	0.499999854714	-0.131180288086	-0.0380887243669	0.990626559857	-0.780218958855	-0.218878954649	5.66182947159
29	2	0.500000378117	-0.0392736695732	0.0640403903056	-0.997174211102	-0.200100064278	0.348748594522	-5.70457363129
0	3	0.500000232831	-0.190827101803	0.00803789069066	-0.981590754607	-1.06601762772	0.0458285920322	-5.61837387085
1	3	0.500000156462	0.246727392433	-0.0762864699205	0.966077620241	1.43150234222	-0.399770498276	5.52165412903
2	3	0.499999759719	-0.377471950712	-0.0511573524095	-0.924606863332	-2.13966798782	-0.263822376728	-5.29511642456
3	3	0.49999938719	0.234954889576	-0.0702529386341	0.969464142956	1.39879274368	-0.365897148848	5.53432226181
4	3	0.499998927116	-0.383994395387	-0.0184919487411	-0.923150232705	-2.18066167831	-0.109912395477	-5.28358030319
5	3	0.49998280406	0.498687834392	0.0354948474723	0.86605459391	2.87631630898	0.24539861083	4.93886613846
6	3	0.499922849238	-0.69023441883	-0.239258619069	-0.682884880681	-3.94334602356	-1.36772668362	-3.90864086151
7	3	0.499263398349	0.697665583037	0.395217443319	0.597549919875	3.98983860016	2.21469497681	3.43609857559
8	3	0.499627992511	-0.875224013554	-0.00904825705835	-0.483633182424	-4.98620319366	-0.084561817348	-2.80783462524
9	3	0.499098658562	0.679977749694	-0.0248649056101	0.732811023655	3.93411254883	-0.155140832067	4.13911676407
10	3	0.499967768788	-0.844898824841	0.211134394608	-0.491495923886	-4.80642127991	1.17772173882	-2.87449240685
11	3	0.499982461333	0.599047117697	-0.134989528492	0.78925305066	3.45281839371	-0.769999861717	4.49494123459
12	3	0.499988384545	-0.577027315439	0.145613742391	-0.803639294251	-3.30933523178	0.826635956764	-4.58902072906
13	3	0.499965243042	0.639449197689	-0.106769869575	0.761383555461	3.66084432602	-0.599406182766	4.35011959076
14	3	0.499258741736	-0.694431591542	0.016297444669	-0.719374143242	-3.97672820091	0.0850739181042	-4.09883546829
15	3	0.499375261366	0.662803632776	0.22181805834	0.715183957715	3.81863927841	1.22551262379	4.07657241821
16	3	0.499750293791	-0.752479789981	-0.203719029115	-0.626316791126	-4.27752304077	-1.18586206436	-3.6090593338
17	3	0.499590143561	0.74642669918	0.202191599641	0.634007681172	4.25473117828	1.14484322071	3.63654923439
18	3	0.499609947205	-0.654024488446	-0.204846356328	-0.728210092496	-3.76381826401	-1.15407001972	-4.14422988892
19	3	0.499330252409	0.662804860568	0.361127413117	0.655954806601	3.78158068657	2.05161213875	3.75960683823
20	3	0.494913071394	-0.677193708967	-0.238839350744	-0.695962962428	-3.85208177567	-1.36290895939	-3.97034645081
21	3	0.415475875139	0.924181888156	-0.0548879614282	-0.377988292536	4.51469707489	-0.208632811904	-1.83621764183
22	3	0.432932170108	0.431243397593	-0.00279147588207	-0.902231311635	2.21198964119	0.0222592689097	-4.54328107834
23	3	0.496111802757	-0.475282590892	-0.446222498072	0.758282230445	-2.69888520241	-2.51818704605	4.33441734314
24	3	0.499635715038	0.511510652786	0.241160050246	-0.824741585135	2.91809463501	1.42081022263	-4.70568799973
25	3	0.499983556569	-0.578785430402	-0.267291463419	0.770430203937	-3.29362392426	-1.53747010231	4.41273403168
26	3	0.499996840954	0.48802786786	0.228747786752	-0.842320158994	2.8096113205	1.29764294624	-4.80706071854
27	3	0.500000458211	-0.527046219724	-0.142625101004	0.837783004625	-2.98748970032	-0.811006546021	4.80828475952
28	3	0.49999964796	0.283752455225	-0.0909197930008	-0.954577464324	1.63681733608	-0.470541000366	-5.46149492264
29	3	0.500000117347	-0.177890813989	-0.0383177436096	0.983303924951	-0.985072612762	-0.213230401278	5.62995195389
0	4	0.499999567866	0.0643255739436	0.0155562692569	0.997807708441	0.388317227364	0.0803506523371	5.70587873459
1	4	0.499999940395	-0.452642262427	-0.096759432179	-0.886426869262	-2.52819108963	-0.51332783699	-5.1081571579
2	4	0.500000029802	0.342794331463	-0.06593471404	0.937093730531	1.97548019886	-0.339874923229	5.35444974899
3	4	0.49999909848	-0.419129109179	-0.159558344939	-0.893796355105	-2.38188457489	-0.887269496918	-5.1225733757
4	4	0.499995537102	0.329062088147	0.0949344476973	0.939524131028	1.94246041775	0.557648956776	5.35335540771
5	4	0.499964885414	-0.700274328167	-0.190722763169	-0.687924918083	-3.98059844971	-1.08229017258	-3.96353244781
6	4	0.499403983355	0.795775705434	0.238853866302	0.556497850125	4.52294445038	1.36475920677	3.209608078
7	4	0.494421690702	-0.605096000536	-0.374853528978	-0.702384269433	-3.47650051117	-2.12531495094	-3.97289776802
8	4	0.443696275353	0.948911616662	0.00804659094309	0.315439369987	4.85004520416	0.0731068402529	1.60468101501
9	4	0.497705429792	-0.951023763499	0.13170803642	-0.279654777185	-5.43438768387	0.735280930996	-1.64305353165
10	4	0.499126464128	0.877398793684	-0.0739518957362	0.474027925295	5.01806116104	-0.43700158596	2.68735361099
11	4	0.499972715974	-0.790679911785	0.150839785709	-0.593357089911	-4.52615833282	0.852342545986	-3.39169979095
12	4	0.499988332391	0.704866676021	-0.270811815026	0.655609586474	4.04700994492	-1.50507938862	3.75252699852
13	4	0.499336645007	-0.683100841271	0.139504739533	-0.716876327063	-3.91626882553	0.802862763405	-4.07757759094
14	4	0.497789859772	0.742849092189	-0.262400704387	0.61589049073	4.24752855301	-1.48410522938	3.53378772736
15	4	0.442182302475	-0.893106211782	0.127943929762	-0.431267486965	-4.54215764999	0.66996628046	-2.23599052429
16	4	0.48456261307	0.260516061986	0.629866828214	0.73170975131	1.53567957878	3.48542642593	4.11302471161
17	4	0.498333141208	-0.654419074744	-0.281903252078	-0.701616869152	-3.72666740417	-1.61342477798	-4.02397918701
18	4	0.477620184422	0.871849454794	-0.0880978143448	0.481785536607	4.78448486328	-0.418057769537	2.70702886581
19	4	0.493921302259	-0.422450559331	-0.723501567865	-0.545967953472	-2.44350576401	-4.05643367767	-3.1541030407
20	4	0.472367811948	0.344861458802	0.328216405993	0.879400116596	1.92569231987	1.81341183186	4.7745347023
21	4	0.344074651599	0.506149339157	0.444991090334	0.738779923924	2.06953668594	1.78760254383	3.03935217857
22	4	0.417359683663	0.591765474213	0.236659224526	0.770588109807	2.86831903458	1.17546248436	3.77921676636
23	4	0.496189117432	0.289480619435	0.485766384453	-0.824761778156	1.64236700535	2.79321980476	-4.69341182709
24	4	0.49981045723	-0.319961094389	-0.61528078756	0.720454336192	-1.86275935173	-3.49073696136	4.12951374054
25	4	0.499991990626	0.501189268737	0.428799394816	-0.751625169821	2.86920046806	2.45352172852	-4.29599094391
26	4	0.49999742955	-0.579201083676	-0.225002586001	0.783517671123	-3.29029893875	-1.32773923874	4.48716402054
27	4	0.500000327826	0.452826562338	0.204884001789	-0.867738814536	2.5929608345	1.1864233017	-4.95668792725
28	4	0.499999109656	-0.488801129864	-0.169225690702	0.855824819137	-2.7490029335	-0.963262200356	4.92444324493
29	4	0.499999728985	0.135647238427	0.065206681555	-0.988609081178	0.777283787727	0.388385742903	-5.65424108505
0	5	0.499998417683	-0.0844694563075	0.0556850921207	-0.994868876519	-0.47135913372	0.332606554031	-5.68814849854
1	5	0.499997709878	0.100243758498	-0.139880491169	0.985081030714	0.62572914362	-0.768691539764	5.63406085968
2	5	0.499996483326	-0.377858504415	-0.0208270397391	-0.925629075309	-2.16440057755	-0.112900838256	-5.29364490509
3	5	0.499996703118	0.462870782717	0.279762497221	0.841120433503	2.66509699821	1.55288779736	4.81734275818
4	5	0.499995104969	-0.664146921492	-0.223176143195	-0.713513332588	-3.77684593201	-1.25974059105	-4.10651063919
5	5	0.499942004681	0.658802968337	0.222477420082	0.718667131893	3.81056427956	1.26215362549	4.07639312744
6	5	0.498808339238	-0.820677489086	-0.134863328417	-0.555248000047	-4.69507026672	-0.81207472086	-3.15331339836
7	5	0.441301807761	0.869051539127	0.482136414047	0.110877863395	4.4313378334	2.41576576233	0.609048604965
8	5	0.240723729134	0.903692100404	0.316758455132	0.288105308473	2.61977601051	0.869308114052	0.797852754593
9	5	0.448389127851	0.98421627799	0.0201537703372	-0.17581849641	5.09296035767	0.122048318386	-0.838012695312
10	5	0.499359637499	-0.989942505338	0.0468951135089	-0.133471661617	-5.65739059448	0.252600908279	-0.78764128685
11	5	0.499947994947	0.926078136625	0.0407531570324	0.375124599377	5.29917430878	0.223180025816	2.14073801041
12	5	0.499963283539	-0.887378574295	-0.0398081424267	-0.459319690062	-5.0688290596	-0.214965581894	-2.64070415497
13	5	0.499129042029	0.839294224581	-0.0333613878184	0.542652948381	4.79251909256	-0.209213674068	3.10583519936
14	5	0.452925905585	-0.762830772267	0.519477158455	-0.38500999302	-3.99944734573	2.65943479538	-2.04601502419
15	5	0.259351350367	-0.711226892688	0.343629208802	-0.613249764758	-2.21070337296	1.03798782825	-1.90720391273
16	5	0.42914891243	-0.555107129727	0.541479554098	-0.631392086599	-2.77814126015	2.65734434128	-3.15417599678
17	5	0.472598886117	0.346782319719	0.14500822462	0.926668569405	1.90603303909	0.790247559547	5.06145095825
18	5	0.340424798429	-0.0359724700801	0.216177047798	0.975691275661	-0.0982531830668	0.900331139565	3.94460654259
19	5	0.426914133132	0.634400889588	0.337834286934	0.69527225305	3.12984848022	1.68051302433	3.46555042267
20	5	0.487732760608	-0.815429300583	-0.149091049645	-0.559327198218	-4.59201288223	-0.856300711632	-3.17299246788
21	5	0.394831039011	-0.0795538936401	0.444185920161	0.892395678126	-0.331315010786	2.07188439369	4.12110090256
22	5	0.441357627511	-0.150389024789	0.941420879022	0.301844115008	-0.742687642574	4.84786558151	1.5644557476
23	5	0.499066472054	-0.240657258976	-0.892732490781	0.380936718636	-1.36846268177	-5.10495090485	2.21060991287
24	5	0.49983087182	0.40971108013	0.748288439786	-0.521729088417	2.32564234734	4.2827129364	-2.99097633362
25	5	0.499998450279	-0.535407168762	-0.570262216733	0.623008962861	-3.04381895065	-3.27900600433	3.56149530411
26	5	0.500000998378	0.447224381836	0.620641947555	-0.644044971432	2.56909942627	3.51636958122	-3.70982980728
27	5	0.500000219792	-0.26303804762	-0.481476012447	0.836057315585	-1.53736674786	-2.73739719391	4.7811870575
28	5	0.499999891967	0.298712447524	0.362213636992	-0.882933833802	1.696367383	2.06094264984	-5.05857181549
29	5	0.49999932386	0.0348691164579	-0.300730525224	0.953071506192	0.158201813698	-1.69696676731	5.46111917496
0	6	0.499987952411	-0.0623935120862	-0.00578007825521	0.998034889343	-0.340218961239	-0.0832948535681	5.7110915184
1	6	0.49992775172	-0.2793688446	0.113584488777	-0.953441981757	-1.57680821419	0.64587444067	-5.46006584167
2	6	0.49992268905	0.582361600806	-0.103289676913	0.806341248201	3.30470395088	-0.562443554401	4.63290977478
3	6	0.499741017818	-0.592996275395	0.00573195099694	-0.805184799972	-3.40960884094	0.00635184068233	-4.5891494751
4	6	0.499974273145	0.735939106363	0.0302370442286	0.676372199962	4.23666763306	0.182566404343	3.84394788742
5	6	0.499979510903	-0.96711406035	-0.136913573619	-0.214348005896	-5.52140617371	-0.781129360199	-1.30402350426
6	6	0.499303296208	0.888702142763	0.341069888261	0.306398160521	5.10014629364	1.90428829193	1.73612356186
7	6	0.498305499554	-0.91487303393	-0.372015478773	-0.156881532824	-5.24016332626	-2.12421226501	-0.90443944931
8	6	0.446925669909	0.929003210635	0.267304587873	0.255932201825	4.7846736908	1.36760568619	1.29936099052
9	6	0.497796982527	-0.964606711037	-0.0174200753314	-0.263116768751	-5.52674865723	-0.116756796837	-1.47655630112
10	6	0.499357819557	0.995519896769	0.0653076105457	0.0683743456432	5.6833152771	0.380366206169	0.410489559174
11	6	0.499984279275	-0.969929934298	-0.170366101642	-0.173814021193	-5.54565954208	-0.962815523148	-1.01204752922
12	6	0.499975517392	0.879073531385	0.231015812458	0.41696693012	5.04295253754	1.28859126568	2.37083721161
13	6	0.499360002577	-0.827520018158	-0.0808708754953	-0.555581246124	-4.74469804764	-0.4493881464	-3.1467730999
14	6	0.497202664614	0.924941923048	-0.0821659715048	0.37112153281	5.27127456665	-0.468665122986	2.15569543839
15	6	0.450865477324	-0.671042986287	0.230687403841	-0.704616656249	-3.49073934555	1.20047175884	-3.66000771523
16	6	0.493859315291	0.282850174168	0.0487200296203	0.957925956265	1.65138339996	0.274625718594	5.43583440781
17	6	0.491786690429	-0.255633340132	-0.248100879325	-0.934396890561	-1.48826658726	-1.37495446205	-5.30867862701
18	6	0.396953949705	-0.271246676652	0.378585771297	0.884928276289	-1.21464526653	1.7660433054	4.13373661041
19	6	0.397868365049	0.409765563845	0.78379971019	0.46663711489	1.94680130482	3.67398333549	2.24520039558
20	6	0.408701874316	0.861963526511	0.201485278718	0.465212383137	4.1383228302	0.937889575958	2.24598121643
21	6	0.401690132916	0.592599433151	-0.683434894393	0.42631286276	2.84584093094	-3.21939086914	2.05448627472
22	6	0.484478026628	0.0112516336186	-0.974591080765	0.223708797402	0.0734657719731	-5.45314693451	1.2769472599
23	6	0.4992082268	0.0446198491623	0.81428589385	-0.578746535313	0.255966901779	4.7000951767	-3.24291324615
24	6	0.499983474612	-0.230570705711	-0.900996530192	0.367481159041	-1.32269704342	-5.13537359238	2.14600968361
25	6	0.5	0.490697518303	0.717757533745	-0.494004117679	2.77781057358	4.11803007126	-2.83821678162
26	6	0.499999761581	-0.518329644494	-0.598974655369	0.610379997923	-2.94285488129	-3.42550373077	3.50807189941
27	6	0.499997898936	0.297419534618	0.454650841483	-0.839544062433	1.71389830112	2.60923051834	-4.79168748856
28	6	0.499996934086	-0.258593040715	-0.31089805027	0.914588454788	-1.47498941422	-1.80448389053	5.22112178802
29	6	0.499995386228	0.119640214873	0.339344929176	-0.933022635325	0.689459085464	1.92052793503	-5.34266281128
0	7	0.499904036522	0.232318355638	0.255692155212	-0.938429381145	1.29557728767	1.46682453156	-5.37519884109
1	7	0.499401910231	0.125826725773	-0.143565972452	0.981609110917	0.719163656235	-0.82324308157	5.61617803574
2	7	0.492386817932	-0.640770339332	-0.112286030076	-0.759476938216	-3.61185050011	-0.591809749603	-4.3369474411
3	7	0.498207554221	0.795527376098	0.181969237979	0.577947567092	4.55590724945	1.026871562	3.30582427979
4	7	0.499520793557	-0.923438414741	0.122075854069	-0.363811737076	-5.27111244202	0.657832443714	-2.10673284531
5	7	0.499966427684	0.960132477997	-0.123003982048	0.251029171803	5.50190925598	-0.676970541477	1.40771794319
6	7	0.499934867024	-0.998375064728	0.0381243075494	0.042352890133	-5.71801900864	0.169521823525	0.182741880417
7	7	0.499215275049	0.923524958912	0.368186028712	0.107427643225	5.30249977112	2.0449244976	0.587705373764
8	7	0.499519467354	-0.997400265112	-0.0304997122068	-0.065287661241	-5.70156669617	-0.214481458068	-0.380057811737
9	7	0.499343782663	0.989836681835	0.0811034440841	0.116814274176	5.65313625336	0.467106342316	0.655477285385
10	7	0.499979689717	-0.970718551033	-0.236776353809	0.0405271878787	-5.55890607834	-1.32709789276	0.196053504944
11	7	0.499988257885	0.980450988496	0.174879827338	0.0901826210922	5.60520839691	0.994235038757	0.530250549316
12	7	0.499987363815	-0.965809325052	-0.138169928503	-0.219365946538	-5.51827144623	-0.78930914402	-1.27674865723
13	7	0.499964535236	0.883738995541	0.0135195678574	0.467784789241	5.05571317673	0.0971357524395	2.66967129707
14	7	0.499402143061	-0.843425441006	-0.00150496843523	-0.537244134947	-4.8135843277	-0.00342805520631	-3.07604765892
15	7	0.499273814261	0.583008684506	0.050395927453	0.810901426985	3.38102245331	0.261534750462	4.60209321976
16	7	0.496194787323	-0.684694909287	-0.0466330278727	-0.727336402161	-3.87896418571	-0.244388639927	-4.18094444275
17	7	0.407003432512	0.831829137653	-0.467710120569	0.298843652885	3.94493436813	-2.22126150131	1.46128344536
18	7	0.387305267155	0.538366739802	-0.525660511223	0.658667048224	2.48066663742	-2.41508483887	3.03974246979
19	7	0.430520310998	0.926545402025	-0.332296815605	0.176330497433	4.69274806976	-1.6721559763	0.930504560471
20	7	0.357783913612	0.85529969638	-0.176900296263	0.486999706935	3.65408635139	-0.765042722225	2.06345701218
21	7	0.42401856184	0.79438875703	-0.479023801977	0.373473827522	3.90984678268	-2.41014528275	1.85622811317
22	7	0.49826310575	-0.293051365137	0.901796245054	-0.317623093932	-1.68828928471	5.16709470749	-1.78178811073
23	7	0.499704748392	0.27920428615	-0.95492629467	0.100800487813	1.56300735474	-5.46563339233	0.650254249573
24	7	0.499981835485	0.0190042835596	0.865280824968	-0.500927071686	0.0960569530725	4.97290182114	-2.82872653008
25	7	0.499999955297	-0.168989353023	-0.878703254049	0.446456257532	-1.00887489319	-5.0032787323	2.58704614639
26	7	0.499988213181	0.508259640847	0.543712330901	-0.667869028113	2.86267638206	3.15958213806	-3.81748247147
27	7	0.499967057258	-0.314057959335	-0.518892360832	0.795058687173	-1.7950168848	-2.98453521729	4.53644561768
28	7	0.499958127737	0.259952748411	0.478914915548	-0.8384897568	1.48260521889	2.73252820969	-4.79766273499
29	7	0.499923851341	-0.253121479462	-0.391490939793	0.884683197928	-1.42949557304	-2.23302340508	5.06463623047
0	8	0.499416992068	-0.222628709741	-0.500226534765	0.836785439355	-1.27675616741	-2.83111047745	4.79401779175
1	8	0.492924919352	0.259052904132	0.30267139287	-0.91721405397	1.45804166794	1.75044703484	-5.20738124847
2	8	0.393652558327	-0.405672757218	-0.879911068874	0.247358292612	-1.8792911768	-4.07461500168	1.11883401871
3	8	0.438035622239	-0.733479947261	-0.64395266882	0.217559479882	-3.77463436127	-3.28359413147	1.06488919258
4	8	0.49820715189	0.940958937926	0.03496417449	0.336710236909	5.41944360733	0.166483044624	1.85809350014
5	8	0.499926492572	-0.992877570269	0.0988611025046	0.0664876895977	-5.68229150772	0.558820188046	0.346014976501
6	8	0.499985203147	0.99155925634	0.0293601289224	0.12628627794	5.68785238266	0.144777297974	0.640198945999
7	8	0.499979615211	-0.970049616516	-0.132034150613	0.203889000608	-5.55691051483	-0.754765570164	1.12820768356
8	8	0.499959647655	0.996929845397	0.0700737655155	-0.0349363813676	5.6987361908	0.41021579504	-0.219440460205
9	8	0.4999922961	-0.995760216614	-0.0908439957985	0.0144554292776	-5.69252586365	-0.525901854038	0.0790460109711
10	8	0.499989211559	0.971610424263	0.220533603121	0.0856627886453	5.56502532959	1.23136734962	0.468370199203
11	8	0.499999001622	-0.977167418231	-0.069137112647	-0.200907681295	-5.5895075798	-0.414542496204	-1.12879228592
12	8	0.499998942018	0.97107841239	0.119780030682	0.206541669501	5.54968738556	0.676540434361	1.19909739494
13	8	0.499989643693	-0.872443986434	-0.145456487757	-0.466566073247	-4.9989991188	-0.798858225346	-2.66054368019
14	8	0.499979659915	0.822229175772	-0.0765072727203	0.563990974866	4.7103433609	-0.412741065025	3.21431446075
15	8	0.499657861888	-0.785770967501	0.0561973412254	-0.615959288811	-4.47434186935	0.348483264446	-3.5430059433
16	8	0.478766027838	0.450325483795	-0.344398686215	0.823769690859	2.55792713165	-1.88115978241	4.52820396423
17	8	0.344416603446	0.781878546976	-0.576752021978	0.236691873377	3.20574045181	-2.36924052238	1.01609492302
18	8	0.41974196583	0.465958126031	-0.661304682798	0.587842786207	2.30738830566	-3.22348165512	2.85675168037
19	8	0.490492375568	-0.292238060577	0.224135930124	-0.929709632508	-1.73015236855	1.3765873909	-5.24212598801
20	8	0.47931419313	0.464887814294	-0.879435375003	0.102336412456	2.55218172073	-4.88339519501	0.622700452805
21	8	0.495341166854	0.0556989771929	0.984791224219	-0.164571773522	0.236068412662	5.61768007278	-0.933045625687
22	8	0.499444186687	0.442287533415	-0.894112584852	-0.0703165940197	2.46323442459	-5.15268468857	-0.326843261719
23	8	0.499971106648	-0.289943202091	0.950251106822	-0.113823431436	-1.65265011787	5.43378734589	-0.658730268478
24	8	0.499997720122	0.303796176556	-0.877702182052	0.370603241663	1.66137433052	-5.05003070831	2.12769293785
25	8	0.499986290932	0.301983685672	0.793054252392	-0.529028171605	1.67866039276	4.57524347305	-3.00257062912
26	8	0.499919779599	-0.223389990456	-0.770937298558	0.596449992754	-1.31054210663	-4.41738414764	3.39093446732
27	8	0.499043673277	0.141913286668	0.792036381111	-0.593749939001	0.8591132164	4.50526094437	-3.40751981735
28	8	0.496429059654	-0.159638412669	-0.579246076482	0.799368225589	-0.952877819538	-3.30438280106	4.54290342331
29	8	0.499117661268	0.140063007528	0.409259891855	-0.90160340219	0.810431241989	2.34882593155	-5.13954401016
0	9	0.499564006925	0.351399483487	0.597684293676	-0.720619100565	2.00707221031	3.44672632217	-4.10621929169
1	9	0.47194352746	-0.423889055598	-0.834765789237	0.351403109922	-2.29791903496	-4.55235862732	1.94048500061
2	9	0.324077412486	-0.305847931272	-0.939241987891	-0.155825322458	-1.16593527794	-3.64472222328	-0.562072277069
3	9	0.42581500113	-0.0686981716756	-0.884712315678	-0.461047372508	-0.347413688898	-4.3951086998	-2.26080298424
4	9	0.498541548848	-0.618124206709	0.695288735245	0.366737017114	-3.59542393684	3.94504404068	2.10348176956
5	9	0.499832361937	0.909050308529	-0.166281884376	-0.382070505918	5.18800735474	-1.00408768654	-2.19921922684
6	9	0.499997466803	-0.816404969489	0.273317657757	0.508704613457	-4.71449422836	1.51338922977	2.8781042099
7	9	0.499995872378	0.930250628477	0.0816920712735	-0.357715213137	5.31820487976	0.443356812	-2.05987000465
8	9	0.499999329448	-0.943252721079	-0.151271296653	0.295620193806	-5.39846611023	-0.851193070412	1.68519496918
9	9	0.499998420477	0.986692413246	0.0925471831519	-0.133690315777	5.64017438889	0.52349871397	-0.796832323074
10	9	0.500000193715	-0.988137177474	-0.0212447903971	0.15209726288	-5.6567440033	-0.130949780345	0.831716299057
11	9	0.499999970198	0.989537900869	0.0682508515742	0.127108473372	5.66094112396	0.373006880283	0.716760158539
12	9	0.499999955297	-0.980840596615	0.00115224655229	-0.194808614698	-5.60627222061	-0.0101285111159	-1.1272521019
13	9	0.500000268221	0.869526785753	0.00632014196084	0.493845344884	4.99111509323	0.0470197498798	2.79105806351
14	9	0.499987363815	-0.898452810517	-0.00680622450784	-0.439017337451	-5.13263034821	-0.0183630865067	-2.52147197723
15	9	0.499759934843	0.78578442562	-0.290640610369	0.545958672481	4.52787208557	-1.61685347557	3.09612941742
16	9	0.498197168112	-0.885078722156	0.240776254278	-0.398324554808	-5.02522754669	1.40986120701	-2.31834101677
17	9	0.47671662271	0.600014879154	-0.630851354209	0.491943811513	3.31568002701	-3.46101808548	2.70261669159
18	9	0.49711959064	-0.389218865039	0.873947371985	-0.29107501799	-2.27453660965	4.9718079567	-1.65690422058
19	9	0.499487072229	0.539610927882	-0.840383601878	0.0507488739349	3.05721330643	-4.83244895935	0.392600774765
20	9	0.499789729714	-0.0941499711617	0.959699667764	-0.264787330935	-0.603777766228	5.48900508881	-1.49172663689
21	9	0.499637052417	0.0161056772357	-0.985842988248	0.16689580487	0.107368066907	-5.62933444977	0.96356344223
22	9	0.499935314059	-0.0733243649803	0.948646028308	-0.307724309204	-0.453310132027	5.44383478165	-1.7014298439
23	9	0.499988883734	0.110704669893	-0.990291409068	0.0840678368331	0.631480515003	-5.66095352173	0.506296157837
24	9	0.499998435378	0.0282838941442	0.938343183643	-0.344546210316	0.163048684597	5.38665628433	-1.92568039894
25	9	0.499975964427	-0.233101339195	-0.959640650355	0.157332729753	-1.3323328495	-5.48425626755	0.930730342865
26	9	0.499086841941	0.406642332391	0.897999193047	-0.168046013917	2.32053565979	5.12152671814	-1.00046420097
27	9	0.495414271951	-0.56997181677	-0.778106556369	0.263974080211	-3.22746634483	-4.45099973679	1.51876044273
28	9	0.428543686867	0.94764615097	0.314182084863	-0.0570647886452	4.69134473801	1.61122393608	-0.316298961639
29	9	0.487478930503	-0.111743085107	-0.360684157017	0.925969989691	-0.663717925549	-2.05774259567	5.19451475143
0	10	0.498844385147	-0.476473766687	-0.862747783869	0.169230644649	-2.70393943787	-4.93173694611	1.03059911728
1	10	0.499054372311	0.187419805153	0.964636405796	-0.185338666362	1.11612141132	5.51920700073	-1.02679538727
2	10	0.473832547665	-0.144495514658	-0.92155108841	-0.360367364913	-0.802008628845	-5.05736637115	-1.9205416441
3	10	0.497539326549	0.0397109047302	0.992323149052	0.117123063064	0.199393585324	5.67638397217	0.74045085907
4	10	0.499503344297	0.610102612092	-0.553616272404	-0.566819041359	3.4475569725	-3.23825788498	-3.23040342331
5	10	0.499975524843	-0.626923881497	0.368904652979	0.686203908338	-3.60957431793	2.10160851479	3.90861535072
6	10	0.499961420894	0.724041382392	-0.130664960725	-0.677267114677	4.13729572296	-0.778443574905	-3.87108850479
7	10	0.499993667006	-0.790240166909	0.0714371784203	0.608619099391	-4.52382659912	0.384790688753	3.4788775444
8	10	0.49999217689	0.840907646167	0.163026755192	-0.516039347056	4.80988693237	0.890353739262	-2.96609926224
9	10	0.499998100102	-0.817252921451	-0.00519077310971	0.576255775029	-4.71942806244	-0.0313055217266	3.23932647705
10	10	0.499999433756	0.987709542737	-0.141640465368	-0.066089619135	5.65148591995	-0.797771811485	-0.424905776978
11	10	0.499998509884	-0.989340385573	0.103654679129	-0.10228054052	-5.65992832184	0.571253955364	-0.572728872299
12	10	0.499999344349	0.989289002227	0.0641044199049	0.131140738986	5.65497398376	0.340970337391	0.77751660347
13	10	0.500000506639	-0.934206816561	-0.0483605009723	-0.353438659227	-5.34756278992	-0.269246309996	-2.00637412071
14	10	0.499993339181	0.949675868723	0.0570289915065	0.307999088462	5.43194532394	0.295914947987	1.76123905182
15	10	0.499965548515	-0.970088559345	0.123676935972	-0.208883227036	-5.53642988205	0.715262830257	-1.25128030777
16	10	0.499749332666	0.831025398004	-0.293511449563	0.472491075945	4.76704645157	-1.678388834	2.67249894142
17	10	0.499835237861	-0.705843458989	0.561553385533	-0.431790234487	-4.05526399612	3.1938495636	-2.46123814583
18	10	0.499582394958	0.734242714044	-0.646102542	0.208420589421	4.16065597534	-3.72616291046	1.22398304939
19	10	0.499968752265	-0.396753490163	0.893625495567	-0.209809775073	-2.3074324131	5.0937371254	-1.19739413261
20	10	0.499970123172	0.337753074866	-0.903927730066	0.262369051597	1.9176030159	-5.18030691147	1.47930049896
21	10	0.499990791082	-0.101122501773	0.987911420171	-0.117495810699	-0.622929871082	5.64720344543	-0.669923782349
22	10	0.499991893768	0.252744881088	-0.964544168559	0.0759906045711	1.41195631027	-5.5235877037	0.440804481506
23	10	0.499998673797	-0.0578261250474	0.997999292198	0.025564663792	-0.333015978336	5.70826053619	0.130364894867
24	10	0.500000178814	-0.30386840652	-0.95251336045	-0.0195522296367	-1.67735099792	-5.47001123428	-0.0802881717682
25	10	0.499957427382	0.154030570487	0.987974680537	-0.0134392698504	0.925247073174	5.64368581772	-0.113663434982
26	10	0.499501392245	-0.552355800228	-0.801934134354	0.227606489609	-3.12507963181	-4.61680316925	1.28779506683
27	10	0.450365543365	0.826367797179	0.54956643173	-0.122853575043	4.27265119553	2.88299846649	-0.647302627563
28	10	0.260979257524	0.77324293271	0.627875572106	-0.0886996784994	2.39339065552	1.9706735611	-0.340539813042
29	10	0.443924024701	0.678233036962	0.615130985664	-0.402012211319	3.47554731369	3.17695784569	-2.03182411194
0	11	0.499355137348	0.263820798265	0.88392101331	-0.386111678962	1.52901601791	5.06650400162	-2.15543031693
1	11	0.499679341912	-0.370627344094	-0.92329522776	-0.100803245015	-2.10101985931	-5.29299354553	-0.511130094528
2	11	0.499742999673	0.321166387767	0.946469700574	0.0323613544789	1.81312918663	5.41909742355	0.250339269638
3	11	0.499643847346	-0.11192765039	-0.881558571099	-0.458613875498	-0.634725570679	-5.06580543518	-2.57390356064
4	11	0.499879434705	-0.122189165165	0.85768849257	0.499439943967	-0.751024127007	4.88813638687	2.89038395882
5	11	0.499377690256	0.550816568681	-0.345204038959	-0.759891623294	3.11923027039	-2.03155398369	-4.34153795242
6	11	0.499670434743	-0.48656242835	0.304177326297	0.818983001951	-2.81256198883	1.71022748947	4.67684650421
7	11	0.49950286746	0.641389348992	0.0230635586949	-0.766868812288	3.65192770958	0.078275769949	-4.39838266373
8	11	0.49997331202	-0.651793721821	0.0983073544718	0.751997744845	-3.75389671326	0.541628479958	4.28171920776
9	11	0.499954730272	0.858408768083	-0.0479926629116	-0.510716253105	4.88965368271	-0.295571237803	-2.95421028137
10	11	0.499944195151	-0.881996793688	0.299242997771	0.364053957825	-5.07541513443	1.6672321558	2.04968357086
11	11	0.499981224537	0.996950009722	-0.0580436777671	0.052169048173	5.70265245438	-0.354746639729	0.287746667862
12	11	0.499992862344	-0.95297735425	0.0911610990576	-0.289004872459	-5.46089363098	0.496288836002	-1.62178587914
13	11	0.499999657273	0.968264098652	-0.0179971627029	0.249280439259	5.53298711777	-0.11594094336	1.43450593948
14	11	0.499999582767	-0.973224738317	0.15012117407	-0.17406102902	-5.56278848648	0.828651428223	-1.03746700287
15	11	0.499997794628	0.937132267504	-0.0616928037806	0.343477963142	5.3620429039	-0.374053239822	1.94775009155
16	11	0.49999293685	-0.917927341466	0.206609204772	-0.338706410172	-5.24341630936	1.20125460625	-1.93990540504
17	11	0.499983370304	0.849627276867	-0.34606560967	0.397959902763	4.8522939682	-2.01679420471	2.26049637794
18	11	0.499994516373	-0.694476085316	0.619593705498	-0.365795854311	-3.98239898682	3.54467535019	-2.07109355927
19	11	0.49999524653	0.542605720943	-0.810930930949	0.219020676719	3.10252380371	-4.63695716858	1.25388979912
20	11	0.499999642372	-0.470940126363	0.871034264697	-0.139695050393	-2.68341207504	4.98639249802	-0.794519901276
21	11	0.499999970198	0.47095315438	-0.875609229183	-0.10729214393	2.64664936066	-5.04232168198	-0.563317775726
22	11	0.499998912215	-0.231921453588	0.972635382182	-0.013887141299	-1.32958745956	5.56046581268	-0.0784556865692
23	11	0.499998182058	0.206529478038	-0.977209248042	-0.0490679146019	1.14010262489	-5.59940385818	-0.251274824142
24	11	0.499997153878	0.114006584333	0.99193190921	-0.0554399334432	0.649817883968	5.67328596115	-0.333091497421
25	11	0.499985381961	-0.206248629196	-0.955116850577	0.212634203973	-1.17023348808	-5.46448707581	1.21054124832
26	11	0.499296814203	0.235205865457	0.929472196619	-0.28418240017	1.36014306545	5.30425024033	-1.61919116974
27	11	0.496946379542	-0.289588923855	-0.893124145931	0.34419110264	-1.67082953453	-5.10189819336	1.95126771927
28	11	0.451648399234	0.587247665369	0.789174728375	-0.179842785826	3.04371452332	4.12313985825	-0.949258327484
29	11	0.496510311961	-0.112275072643	-0.908686474822	0.40209849358	-0.694689273834	-5.18780088425	2.283857584
0	12	0.499960467219	-0.39111952754	-0.897638112871	0.203153472768	-2.21133685112	-5.13720750809	1.18931388855
1	12	0.499984532595	0.36020381632	0.925085365876	-0.120292462571	2.05159020424	5.29735565186	-0.666319608688
2	12	0.499983116984	-0.221268493271	-0.929900069885	-0.293813059468	-1.26596581936	-5.34311437607	-1.61491107941
3	12	0.499936118722	0.168934274969	0.931657778555	0.321675293424	0.933776378632	5.33424901962	1.84042358398
4	12	0.499144941568	0.190488698273	-0.860815827627	-0.471921780317	1.06650924683	-4.91940355301	-2.69922161102
5	12	0.495861664414	-0.281008434504	0.601615819675	0.747724993065	-1.62377619743	3.42725563049	4.2644982338
6	12	0.458025727421	0.39683369449	-0.232006768263	-0.888085512998	2.09662032127	-1.23662376404	-4.68094921112
7	12	0.497875686735	-0.229344123818	0.274496122861	0.933837861411	-1.3846436739	1.54364609718	5.33501338959
8	12	0.499358765781	0.595736913086	-0.158163233647	-0.787452806147	3.37641859055	-0.936058878899	-4.51390981674
9	12	0.499514039606	-0.572989171641	0.128970715572	0.809351569904	-3.32566308975	0.71931707859	4.6016740799
10	12	0.499140143394	0.926572107666	-0.209190884516	-0.312575275944	5.29854202271	-1.21491575241	-1.79090642929
11	12	0.49950940907	-0.994025381461	0.107941083277	-0.0161945531756	-5.68142986298	0.602515459061	-0.0979075431824
12	12	0.499958768487	0.969769448491	0.0595001404411	0.236657875552	5.55033445358	0.305735945702	1.34121584892
13	12	0.499994546175	-0.943391652848	0.104524283189	-0.314780659444	-5.39516830444	0.569976747036	-1.80576658249
14	12	0.500000149012	0.904906208614	-0.0987374701846	0.413999596128	5.18074798584	-0.565205335617	2.35234069824
15	12	0.49999974668	-0.927851023106	0.0731146688779	-0.365713992235	-5.30572843552	0.427188694477	-2.09306073189
16	12	0.500000029802	0.90306721183	-0.391833545574	0.175886564243	5.1707906723	-2.21297740936	1.03989553452
17	12	0.500000417233	-0.843599129798	0.508659911123	-0.17206278802	-4.83254766464	2.88587975502	-1.01127290726
18	12	0.499998241663	0.755793903924	-0.587287867409	0.289600648455	4.31858539581	-3.3724064827	1.63756108284
19	12	0.499999955297	-0.554092064075	0.814212579684	-0.173320107354	-3.18514299393	4.64380264282	-1.00171995163
20	12	0.500000417233	0.390329581575	-0.915076276843	0.101381582679	2.24762630463	-5.22508478165	0.581686735153
21	12	0.499999344349	-0.251749289609	0.965361181201	-0.0685571660166	-1.45760285854	5.51538991928	-0.394999980927
22	12	0.499995902181	0.0900188437922	-0.992408923726	0.0837922184426	0.511240005493	-5.67507886887	0.491118907928
23	12	0.499991118908	-0.0253958250237	0.982262594161	-0.185782798406	-0.130361929536	5.6194767952	-1.06656360626
24	12	0.499946981668	-0.120497251238	-0.948948674031	0.291507849807	-0.679237723351	-5.42866134644	1.660769701
25	12	0.499975726008	0.144541574173	0.906797648627	-0.396012320237	0.822126567364	5.19235610962	-2.24948453903
26	12	0.499944955111	-0.16075543217	-0.945512806044	0.28313110856	-0.913958311081	-5.4010310173	1.63767075539
27	12	0.499361366034	0.206615923983	0.927913449127	-0.310300645964	1.15567278862	5.30578756332	-1.76690387726
28	12	0.499441936612	-0.000501336397719	-0.967004088522	0.254760360815	-0.0708389803767	-5.52694416046	1.47438001633
29	12	0.499463200569	0.302529443947	0.883276500197	-0.358187883303	1.68490695953	5.06580591202	-2.03586149216
0	13	0.499992415309	0.267679326195	0.883562118808	-0.384273028634	1.50889098644	5.06795310974	-2.17895817757
1	13	0.499999031425	-0.3198206063	-0.909676330427	0.264959909509	-1.79149389267	-5.21553993225	1.52018547058
2	13	0.499996557832	-0.0244406942624	0.986846333349	-0.159802899912	-0.0887424275279	5.65319776535	-0.892035961151
3	13	0.499890998006	-0.0271302796336	-0.996070151028	-0.0843101545336	-0.149231374264	-5.69909286499	-0.473384618759
4	13	0.495971783996	-0.137050251161	0.936650434163	0.322340181855	-0.788793802261	5.33652973175	1.83176088333
5	13	0.426219893619	0.185686403244	-0.040395988198	-0.981778347585	0.96244931221	-0.252717941999	-4.85128116608
6	13	0.271976668388	0.532649284905	-0.267373690917	-0.802991935635	1.74046087265	-0.899209022522	-2.58641338348
7	13	0.447846613824	0.587984957101	-0.278770790774	-0.759315834442	3.03275370598	-1.47232484818	-3.92471837997
8	13	0.498546548188	-0.336448309833	0.63928767364	0.691457739231	-1.97643852234	3.58213329315	4.00600099564
9	13	0.474934186786	0.431584619077	0.323811015843	-0.841950795827	2.40354299545	1.707498312	-4.65753555298
10	13	0.443953841925	-0.727988160439	0.684363599573	-0.0409841657254	-3.79441785812	3.47827339172	-0.210860490799
11	13	0.497014760971	0.984093247021	0.0343915977353	0.174291994003	5.62461566925	0.161999687552	0.973875045776
12	13	0.4995534271	-0.992941080766	0.0132659736111	-0.1178644309	-5.66990470886	0.0573553442955	-0.701035737991
13	13	0.499986812472	0.889409196658	0.0923824375792	0.447679311703	5.10180950165	0.485660076141	2.54095554352
14	13	0.499998733401	-0.829220191091	0.113122312667	-0.547354745173	-4.75792264938	0.614069521427	-3.11207985878
15	13	0.500000566244	0.840073403047	0.164841762709	0.51682092717	4.83237552643	0.864227175713	2.94317483902
16	13	0.500000849366	-0.895167673314	0.341359695173	-0.286615413341	-5.13161230087	1.91216731071	-1.65972852707
17	13	0.500000476837	0.927117631768	-0.307865956173	0.21370879695	5.29156303406	-1.78892719746	1.2259311676
18	13	0.500000238419	-0.798820236936	0.588781127168	-0.123381576232	-4.56984996796	3.35734176636	-0.746882915497
19	13	0.500000506639	0.709973256346	-0.663158323133	0.236978930991	4.04648256302	-3.816416502	1.3306851387
20	13	0.499999955297	-0.481896001118	0.875715195205	-0.02998567982	-2.77384805679	4.99927616119	-0.216976165771
21	13	0.499995931983	0.328278293424	-0.919303506454	0.217058575249	1.86079823971	-5.27080631256	1.22644543648
22	13	0.499907597899	0.242282161092	0.942933959001	-0.22841826411	1.33028161526	5.40653276443	-1.32609724998
23	13	0.499522686005	-0.298010588647	-0.847758452017	0.438742858732	-1.67152011395	-4.86349344254	2.49797153473
24	13	0.499486893415	0.0945074535304	0.90418851547	-0.416547079835	0.541348993778	5.16849708557	-2.38306665421
25	13	0.499518655241	-0.0311303101265	-0.825481928339	0.563569418774	-0.15672197938	-4.73712825775	3.19528627396
26	13	0.499929860234	-0.0155810770501	0.906315271826	-0.422314880265	-0.0901728123426	5.18693256378	-2.40562129021
27	13	0.499947860837	0.000753560141531	-0.970590141812	0.240736803926	0.00158949941397	-5.54020595551	1.42324209213
28	13	0.499955713749	0.0725633533012	0.935255220272	-0.346456682303	0.400177240372	5.3468580246	-1.981995821
29	13	0.49997253716	0.00623207554048	-0.93567546826	0.352806716676	-0.0109706055373	-5.34484767914	2.0361354351
0	14	0.499999433756	-0.0106090923005	-0.930854545096	0.365235900528	-0.078225672245	-5.30709648132	2.13288140297
1	14	0.500000074506	0.0550075134669	0.883966918865	-0.464302336646	0.330945730209	5.0667848587	-2.62966060638
2	14	0.499995172024	-0.12137343315	-0.930902489193	0.344512765132	-0.666792631149	-5.32517528534	1.97388625145
3	14	0.499880194664	0.00970877809568	0.954867782805	-0.296872459127	0.0436402410269	5.46646308899	-1.67939758301
4	14	0.498541504145	0.215183971342	-0.94510199929	0.245922893231	1.21719360352	-5.40539836884	1.373036623
5	14	0.484493866563	-0.487882453517	0.857088859959	-0.165436990072	-2.69019031525	4.82470226288	-0.911615610123
6	14	0.439850926399	0.867932528259	-0.350361844299	-0.352050712894	4.40448856354	-1.810587883	-1.8343282938
7	14	0.491793245077	-0.603346552055	0.767634860512	-0.216124175072	-3.42943906784	4.38301753998	-1.13980960846
8	14	0.494281217456	0.357327629631	-0.632352342828	-0.687348150229	2.10722017288	-3.66733694077	-3.82717609406
9	14	0.413264080882	-0.9353886449	0.200676258104	-0.291165111965	-4.49889469147	0.988766670227	-1.39022493362
10	14	0.300769694149	-0.871958019819	0.380503676382	-0.308068440339	-3.15830945969	1.32661032677	-1.0692896843
11	14	0.468363150954	-0.993942068808	0.0185075043147	0.108335756503	-5.37614154816	0.113190449774	0.530961751938
12	14	0.499782502651	0.996859682623	0.0788017879776	0.00781353777738	5.70709133148	0.417043209076	0.108110189438
13	14	0.499975726008	-0.880652866647	0.0814474906063	-0.466708511537	-5.04892873764	0.44912225008	-2.65125799179
14	14	0.500000178814	0.848333578963	-0.0697138532344	0.524852472102	4.84694337845	-0.40169095993	3.00452184677
15	14	0.500000119209	-0.851890115365	0.0438302949849	-0.521883259536	-4.8687915802	0.240402936935	-2.98681664467
16	14	0.500000223517	0.870772594353	-0.121048146564	0.476552657256	4.98292446136	-0.714082598686	2.71433758736
17	14	0.500000163913	-0.944041190909	0.197728207773	-0.263988230265	-5.3852353096	1.16066360474	-1.54299926758
18	14	0.500000149012	0.731045104782	-0.565724393235	0.38148258895	4.21222734451	-3.21984887123	2.14909934998
19	14	0.500000149012	-0.709161147098	0.68128324346	-0.181503745491	-4.07713031769	3.86830115318	-1.06452393532
20	14	0.499998211861	0.68147007252	-0.685970372815	0.255035660017	3.89035654068	-3.93993473053	1.43511486053
21	14	0.499983474612	-0.468946313071	0.853360024073	-0.227741135438	-2.66191601753	4.89034986496	-1.34129214287
22	14	0.499440535903	-0.212882984543	-0.897379688221	0.386510711444	-1.16816782951	-5.1470451355	2.21231245995
23	14	0.488317333162	0.341232167618	0.643237066602	-0.685424455306	1.91136074066	3.67069602013	-3.82352733612
24	14	0.446787342429	0.0923090587164	-0.902756086916	0.42013150943	0.471681565046	-4.65794897079	2.14178204536
25	14	0.496373035014	-0.42726549994	0.69960438561	-0.572711005828	-2.38287138939	4.03461647034	-3.25661659241
26	14	0.498618364334	0.255010153536	-0.881190078475	0.398087763178	1.44154906273	-5.01501083374	2.31780052185
27	14	0.499326340854	-0.220327411029	0.80035941465	-0.557566712897	-1.22178137302	4.59676170349	-3.16538000107
28	14	0.499974697828	-0.0407409653625	-0.858989457341	0.510369754118	-0.215380549431	-4.90930986404	2.92488431931
29	14	0.499987274408	0.0608602080668	0.815489312629	-0.575563390134	0.337124824524	4.67662525177	-3.27452397346
0	15	0.499998785555	-0.0854213497326	0.736741037167	-0.670757659043	-0.466689795256	4.24440765381	-3.80654835701
1	15	0.499999880791	-0.0352384742148	-0.895518241605	0.443627466335	-0.189530700445	-5.10645198822	2.56570196152
2	15	0.499997034669	0.00752177944794	0.847721075845	-0.53038891429	0.0443386249244	4.86722755432	-3.00067639351
3	15	0.499976292253	0.0693046044143	-0.920877515694	0.383642376303	0.391091227531	-5.26827001572	2.1863617897
4	15	0.499810606241	-0.107367851806	0.962288130807	-0.249947389879	-0.611671924591	5.5020442009	-1.42406463623
5	15	0.49868658185	-0.0424861593602	-0.998614310147	-0.0310545621744	-0.165148824453	-5.71015024185	-0.107961177826
6	15	0.498303994536	-0.352512424376	0.915028845985	-0.196105078149	-2.02645421028	5.23328256607	-1.08462309837
7	15	0.499102890491	0.400243359312	-0.908040448437	0.123562928618	2.29917407036	-5.17012214661	0.73609828949
8	15	0.499550074339	-0.462579746459	0.850817528604	-0.249257921011	-2.62864232063	4.89588928223	-1.41615891457
9	15	0.474067397416	-0.0644719169342	-0.771788344685	0.632602658021	-0.291608929634	-4.24920654297	3.47540807724
10	15	0.444153979421	-0.933670736063	-0.275063289806	-0.22934503095	-4.82243585587	-1.34498095512	-1.21654462814
11	15	0.496198698878	0.808154380096	-0.115029508629	0.577628522561	4.633436203	-0.656591653824	3.25890207291
12	15	0.499587669969	-0.900348099237	0.103328986908	-0.422724994133	-5.14422607422	0.580726385117	-2.4239628315
13	15	0.499988898635	0.836687923608	-0.137537720341	0.530128940892	4.78892421722	-0.78102940321	3.02243947983
14	15	0.499998986721	-0.768046656567	0.122719457449	-0.628525471321	-4.39685821533	0.68880212307	-3.59042215347
15	15	0.499999552965	0.79309492151	0.0739525400222	0.60459198415	4.5367307663	0.368806391954	3.4633243084
16	15	0.49999756366	-0.750623503169	0.248643308848	-0.612160813394	-4.32016468048	1.38422131538	-3.4827773571
17	15	0.500000193715	0.878352249502	-0.170361648777	0.446625384881	5.01700019836	-1.01787161827	2.551456213
18	15	0.499998316169	-0.791124394983	0.485456843121	-0.37209386602	-4.5428147316	2.75378227234	-2.11871647835
19	15	0.499999850988	0.93352801957	-0.254467375176	0.252530773668	5.31874990463	-1.53299212456	1.45263266563
20	15	0.49999910593	-0.85661412197	0.499620733102	-0.12880748851	-4.88857316971	2.86775875092	-0.794956684113
21	15	0.499879732728	0.547649484027	-0.617366104584	0.564746965955	3.14723730087	-3.58459949493	3.17230844498
22	15	0.498258158565	-0.0807620171074	0.970619005246	-0.226663281651	-0.507186889648	5.53817749023	-1.32601118088
23	15	0.428619921207	0.23276842888	-0.887741837089	-0.397156504666	1.12140202522	-4.43843841553	-1.90289914608
24	15	0.259083755314	0.00779028344618	-0.998546432724	0.0533322902094	0.0419420301914	-3.07430267334	0.238787055016
25	15	0.45857436955	0.0326302665927	-0.650406046561	0.758885525161	0.180788382888	-3.48662900925	4.00566768646
26	15	0.449268475175	-0.0799559763801	0.639189584594	-0.764881505063	-0.41139292717	3.32986164093	-3.94212460518
27	15	0.4983169958	0.0776560109267	-0.737074240053	0.67133531757	0.445007503033	-4.22565746307	3.83556103706
28	15	0.499317288399	-0.0255086849895	0.772771284606	-0.63417178168	-0.13265350461	4.41418170929	-3.61951112747
29	15	0.49999153614	-0.0130696779042	-0.653324865354	0.756964863008	-0.0683685913682	-3.76798915863	4.30064249039
0	16	0.499999888241	0.0663503977334	-0.826641759771	0.558803208405	0.376868128777	-4.71457481384	3.21197938919
1	16	0.500000536442	-0.0254739662986	0.825869359406	-0.563285787354	-0.162724450231	4.73450613022	-3.2020316124
2	16	0.500000193715	0.0239529792018	-0.90308789326	0.428787257081	0.138320401311	-5.15168094635	2.47675085068
3	16	0.499997273088	-0.102773568202	0.931269994587	-0.34953367629	-0.59226667881	5.31641483307	-2.02158403397
4	16	0.49998241663	0.130659523353	-0.950290419663	0.282623791025	0.759924352169	-5.42657136917	1.63344812393
5	16	0.499950900674	-0.142486236503	0.943239283342	-0.299995544579	-0.818737149239	5.39590263367	-1.71129870415
6	16	0.499954745173	0.347063929076	-0.901392963326	0.258915729149	1.9819881916	-5.15032863617	1.49365568161
7	16	0.499954238534	-0.423193407682	0.848283461639	-0.31831196711	-2.40806221962	4.85215044022	-1.83332467079
8	16	0.499801158905	0.359532359266	-0.774804812678	0.520013446837	2.08186936378	-4.42258167267	2.96638584137
9	16	0.499630011618	-0.421388541048	0.555098704828	-0.717145121556	-2.39812803268	3.1957347393	-4.09544610977
10	16	0.498760446906	0.655821412354	-0.330241407543	0.678851152936	3.76414728165	-1.87569487095	3.87162351608
11	16	0.499393172562	-0.761855493888	0.26523139563	-0.59095559326	-4.3371553421	1.49909067154	-3.40279150009
12	16	0.499958865345	0.786685719834	-0.0305988244878	0.616594915767	4.50845527649	-0.230452209711	3.51360464096
13	16	0.499993413687	-0.87074013904	0.181896381034	-0.456864659205	-4.95186758041	1.03518044949	-2.6716375351
14	16	0.499998249114	0.603987516857	-0.136318209678	0.785249275829	3.50021982193	-0.796764969826	4.45431518555
15	16	0.499986223876	-0.72190281657	0.121927520123	-0.681168116741	-4.12543582916	0.68585973978	-3.89861726761
16	16	0.499985322356	0.789364497768	-0.140397198829	0.597655683672	4.5142583847	-0.819755911827	3.41193819046
17	16	0.499953210354	-0.814276751524	0.381366886665	-0.437621605594	-4.66045665741	2.1769785881	-2.50049757957
18	16	0.499988526106	0.81280678241	-0.536546593168	0.226854331738	4.64771652222	-3.04925537109	1.34259271622
19	16	0.499987021089	-0.816765111712	0.444673803696	-0.367641075774	-4.68341970444	2.53640508652	-2.07800602913
20	16	0.499994501472	0.878523660535	-0.381187442212	0.287910249523	5.00176811218	-2.21587538719	1.6680252552
21	16	0.499947115779	-0.691667628906	0.571880846929	-0.441076170338	-3.95374727249	3.27670192719	-2.5186753273
22	16	0.498889282346	0.420250265062	-0.807011198038	0.414876657522	2.42740678787	-4.59885644913	2.3618414402
23	16	0.492850229144	-0.402966705185	0.841538070352	-0.359765910921	-2.30849456787	4.77156448364	-2.0352139473
24	16	0.43861989677	-0.261296562937	-0.950620129791	0.167467832834	-1.26834201813	-4.8441286087	0.849327087402
25	16	0.438767507672	0.129086464212	0.709749306463	-0.692526249851	0.640697538853	3.60507154465	-3.53461766243
26	16	0.244545184076	-0.0644917151229	0.55581366322	-0.828801538644	-0.178339987993	1.68369376659	-2.38458490372
27	16	0.450175322592	0.143850982503	0.775303304501	-0.614989171337	0.717522621155	4.00426769257	-3.20910191536
28	16	0.499721050262	-0.150855058775	-0.825355010107	0.544088098137	-0.809057712555	-4.70836114883	3.15036010742
29	16	0.499964341521	-0.00340582113736	0.690340504386	-0.723476598368	-0.0293272808194	3.97863507271	-4.10850381851
0	17	0.49999807775	-0.0962225857764	0.831388285693	-0.547297663432	-0.566709280014	4.75497817993	-3.12276864052
1	17	0.500000432134	0.325455175036	-0.826006081456	0.460209607071	1.77872228622	-4.7338180542	2.68327212334
2	17	0.500000417233	0.0399774386189	0.769356046752	-0.637568096542	0.185896664858	4.41448307037	-3.63377165794
3	17	0.500000067055	0.257633452689	-0.751691403442	0.607112047357	1.43309950829	-4.32928752899	3.45492315292
4	17	0.499999299645	-0.378227330181	0.80500566847	-0.457066691452	-2.10492944717	4.61881732941	-2.64111304283
5	17	0.499996937811	0.115505714079	-0.825432153213	0.552557861638	0.714111924171	-4.73051786423	3.13644933701
6	17	0.499998375773	-0.447028451178	0.795611189027	-0.40886232369	-2.51425814629	4.56516075134	-2.35669159889
7	17	0.499994516373	0.350678311684	-0.772883561448	0.528843759686	2.02700185776	-4.4141254425	3.01827740669
8	17	0.499995142221	-0.510763718983	0.603693388317	-0.612106785024	-2.8921585083	3.46659326553	-3.51130771637
9	17	0.499927699566	0.383159486765	-0.527675893805	0.758120675617	2.22810411453	-3.00235033035	4.32691907883
10	17	0.499942980707	-0.644538631919	0.278431611181	-0.712071478055	-3.65056991577	1.63013362885	-4.08980846405
11	17	0.499964367598	0.45925081819	-0.274971423907	0.844677099267	2.67814445496	-1.5903711319	4.79772949219
12	17	0.499990783632	-0.641611623496	0.41472086238	-0.645245016178	-3.67322683334	2.32121992111	-3.7203540802
13	17	0.499998927116	0.644602307086	-0.275965411012	0.712973321818	3.71942186356	-1.59705710411	4.04143238068
14	17	0.499989069998	-0.639989937688	0.381961878267	-0.666721833457	-3.66950654984	2.13825821877	-3.82966756821
15	17	0.499925382435	0.607545658311	-0.0584528520924	0.792131010092	3.51252293587	-0.380040645599	4.49947071075
16	17	0.499029971659	-0.838983314126	0.05406684489	-0.541464472429	-4.76703834534	0.373483240604	-3.13141131401
17	17	0.499504581094	0.732217603931	-0.574523157119	0.365760197983	4.20445966721	-3.25182390213	2.11623263359
18	17	0.499212950468	-0.741414959655	0.531695745796	-0.409394054063	-4.2400021553	3.03713846207	-2.31958150864
19	17	0.499961078167	0.839782011903	-0.459897926024	0.288548211089	4.7835688591	-2.6361989975	1.69557380676
20	17	0.499988645315	-0.704335785721	0.507017763279	-0.496834065531	-4.05912399292	2.88061547279	-2.81580138206
21	17	0.499978661537	0.797715869402	-0.457328317138	0.393065137157	4.53638696671	-2.64039421082	2.2667222023
22	17	0.499824151397	-0.764657068841	0.520380798852	-0.380136016786	-4.35271167755	3.00955581665	-2.16828417778
23	17	0.498887658119	0.692816776228	-0.680760564194	0.23784442145	3.94321417809	-3.88612556458	1.38683271408
24	17	0.496152982116	-0.665738115869	0.621482739946	-0.412979376033	-3.76286673546	3.5829782486	-2.32245135307
25	17	0.489433348179	0.624015114529	-0.71942918977	0.305002914324	3.50729727745	-4.05339574814	1.74653077126
26	17	0.438482437283	-0.00839645402495	0.646204058455	-0.763118479921	-0.0522134006023	3.27123641968	-3.86130046844
27	17	0.496481947601	0.217231255145	-0.619014071395	0.754739797018	1.25554895401	-3.54273176193	4.29603290558
28	17	0.499236218631	-0.325476769278	0.678839989544	-0.65821055997	-1.81560111046	3.90177965164	-3.75698161125
29	17	0.499978139997	0.234973077047	-0.8340146301	0.499206620391	1.3200520277	-4.76152324677	2.88024067879
0	18	0.499998234212	0.0546708798663	-0.84956941111	0.524635979134	0.305774003267	-4.85470438004	3.00563669205
1	18	0.500000022352	0.165043784022	0.693413634118	-0.701382977677	0.884746193886	4.00203371048	-3.99374675751
2	18	0.500000052154	-0.0745393583595	-0.659273297989	0.748199574054	-0.416304856539	-3.79514789581	4.25589466095
3	18	0.499999128282	0.0556581401014	0.806382673508	-0.588769186784	0.29059574008	4.59391736984	-3.3934173584
4	18	0.499999634922	0.0417248940708	-0.705205626211	0.707774016177	0.283438444138	-4.06451272964	4.01625490189
5	18	0.499999657273	-0.322194479868	0.74575540802	-0.5831291354	-1.79878544807	4.27901363373	-3.33970308304
6	18	0.500000700355	0.258768786618	-0.814365381685	0.519468709535	1.51131153107	-4.63868236542	2.98232483864
7	18	0.500000327826	-0.348277699317	0.690772473795	-0.633668709662	-1.99085712433	3.95160412788	-3.62233352661
8	18	0.499998494983	0.442414196652	-0.493494092763	0.748821246366	2.52648472786	-2.83871054649	4.27315998077
9	18	0.499998770654	-0.498649406724	0.353095381452	-0.791626440167	-2.83630347252	2.06066417694	-4.51693964005
10	18	0.499998986721	0.420759650951	-0.518312223792	0.744522501204	2.43807148933	-2.92582988739	4.26596975327
11	18	0.499998323619	-0.499796851882	0.379708188033	-0.778475946185	-2.85749721527	2.15517663956	-4.4584236145
12	18	0.499999180436	0.573859221355	-0.200025270791	0.794150794945	3.30545330048	-1.20080947876	4.51383829117
13	18	0.499997794628	-0.833825018744	0.41639060096	-0.362428897231	-4.74524307251	2.35754179955	-2.16703891754
14	18	0.499978393316	0.733131757873	-0.294082318018	0.613215635668	4.1891503334	-1.71497750282	3.49411273003
15	18	0.49919154495	-0.692868907573	0.349027649631	-0.63096147007	-3.9384894371	1.98470497131	-3.62659168243
16	18	0.495959736407	0.481165735999	-0.393448068181	0.783376124314	2.79556655884	-2.23490595818	4.44597816467
17	18	0.444080546498	-0.578719382244	0.755035869836	-0.308228343726	-2.96455526352	3.84607744217	-1.60230350494
18	18	0.498254969716	0.668274634906	-0.60101504788	0.438394713202	3.83427214622	-3.42976665497	2.51614069939
19	18	0.499296888709	-0.711500992569	0.409043433369	-0.571357862632	-4.08457231522	2.34766244888	-3.2284078598
20	18	0.499990105629	0.738802288125	-0.369328916197	0.563708551223	4.2186126709	-2.13663721085	3.21391248703
21	18	0.499996170402	-0.601212775697	0.585306756204	-0.544021322634	-3.48332977295	3.32846355438	-3.08310723305
22	18	0.499981045723	0.756086356062	-0.572256956603	0.317577388674	4.30817222595	-3.28415584564	1.82980871201
23	18	0.499930694699	-0.679318481539	0.70212873565	-0.213404871581	-3.88347101212	4.00830459595	-1.23903465271
24	18	0.499153628945	0.635179105282	-0.705173719912	0.315083368268	3.63181686401	-4.01526641846	1.80717492104
25	18	0.497361019254	-0.574186976283	0.725289789373	-0.379821060104	-3.29057049751	4.14329481125	-2.16402745247
26	18	0.445638120174	0.532877917012	-0.561835409311	0.632757535242	2.71982693672	-2.90622997284	3.24496507645
27	18	0.49706299603	-0.505906570443	0.614915018616	-0.604928146033	-2.85875368118	3.52071666718	-3.47694969177
28	18	0.499265797436	0.266153106578	-0.683507357985	0.679691264795	1.53574812412	-3.93090486526	3.84962582588
29	18	0.49995149672	-0.147963890364	0.909413464869	-0.388682180017	-0.861057221889	5.17894172668	-2.2688190937
0	19	0.499999344349	0.0258150333982	0.860879415436	-0.508153732772	0.0990516990423	4.91964530945	-2.91628646851
1	19	0.499999500811	-0.0182345114507	-0.787433835331	0.61612941625	-0.101215302944	-4.50130558014	3.52390789986
2	19	0.499993495643	-0.0615951336823	0.6983166128	-0.713133891913	-0.328487724066	4.00487470627	-4.06686878204
3	19	0.499985508621	-0.061711179497	-0.743641423108	0.665724540755	-0.305179297924	-4.26571655273	3.79749679565
4	19	0.49997356534	-0.226101080968	0.791549015961	-0.567739778875	-1.23962914944	4.52543401718	-3.26915216446
5	19	0.499997243285	0.119154471036	-0.787374837715	0.604849631698	0.731265902519	-4.4969625473	3.45525121689
6	19	0.499994039536	-0.430381724067	0.685501771761	-0.587246875259	-2.40929603577	3.95754289627	-3.35591697693
7	19	0.50000064075	0.279809834641	-0.669233492937	0.688355277724	1.61891412735	-3.82806539536	3.92645859718
8	19	0.499999806285	-0.346177613523	0.513637503084	-0.785071700752	-1.9935503006	2.9562356472	-4.47027826309
9	19	0.500000305474	0.473906850566	-0.490145521938	0.731552912858	2.69659948349	-2.79734945297	4.19433021545
10	19	0.500000275671	-0.507693937586	0.427713045287	-0.747869251026	-2.89023208618	2.45320320129	-4.28028297424
11	19	0.50000006333	0.480507200608	-0.243996893128	0.842364734724	2.75997924805	-1.43724453449	4.79741621017
12	19	0.499999500811	-0.534718853165	0.4300331174	-0.727425093057	-3.0773639679	2.43381977081	-4.1603717804
13	19	0.499999433756	0.716511309647	-0.323639318728	0.61795560886	4.08939981461	-1.89708137512	3.5206720829
14	19	0.499949708581	-0.675602087547	0.546286513806	-0.495108941684	-3.86077308655	3.10256004333	-2.85892558098
15	19	0.499313667417	0.57488429697	-0.486150892605	0.658152987319	3.29616785049	-2.80054283142	3.73835587502
16	19	0.445106603205	-0.341908914432	0.688167044815	-0.639940944667	-1.80227661133	3.52485251427	-3.25345182419
17	19	0.241417750716	-0.628545591541	0.690714067249	-0.357553515797	-1.8094471693	1.96834850311	-1.08128166199
18	19	0.44636297971	-0.556895502385	0.560066396873	-0.613345767506	-2.89617872238	2.88489246368	-3.11642217636
19	19	0.499374359846	0.852725761033	-0.331780690094	0.403460469131	4.85449028015	-1.90987443924	2.33873009682
20	19	0.49996765703	-0.779444006049	0.334155007853	-0.529912702396	-4.46519947052	1.92334604263	-3.01011562347
21	19	0.499999523163	0.717083415491	-0.570974004523	0.399724982191	4.09907197952	-3.25320124626	2.30404305458
22	19	0.499998152256	-0.708028479221	0.622644381365	-0.333181102355	-4.03174734116	3.58010482788	-1.90573596954
23	19	0.499966725707	0.603192264458	-0.764400794125	0.227707088249	3.46389722824	-4.35120534897	1.3280184269
24	19	0.49948117137	-0.702303630798	0.582929246412	-0.408611189086	-3.98840665817	3.38265132904	-2.31401586533
25	19	0.44675514102	0.461609196918	-0.824008515298	0.328522321975	2.38859820366	-4.21639871597	1.71625161171
26	19	0.238861873746	0.454449034021	-0.72885464943	0.51210055212	1.3124037981	-2.06171751022	1.4722032547
27	19	0.443463850766	0.490411317537	-0.397354341255	0.7756328172	2.50428152084	-2.09097671509	3.93071508408
28	19	0.498835995793	-0.307712480135	0.829188845314	-0.466646427584	-1.75300562382	4.72327661514	-2.69315004349
29	19	0.499958515167	0.255189122394	-0.829512940657	0.496776401508	1.43415284157	-4.75408554077	2.83333802223
0	20	0.499998122454	0.370884435819	-0.797299766673	0.476190946291	2.05231642723	-4.58721446991	2.73423266411
1	20	0.499992072582	-0.0625269350815	0.84155465515	-0.536540906907	-0.373037129641	4.80346536636	-3.08004713058
2	20	0.499980777502	0.0134370678813	-0.742659101959	0.669534841128	0.103792712092	-4.26619005203	3.80706691742
3	20	0.49957934767	-0.29261888853	0.785788191927	-0.544895497783	-1.59864556789	4.50499534607	-3.13539218903
4	20	0.499439075589	-0.0999517681922	-0.808708573038	0.579655145694	-0.486240386963	-4.6315908432	3.31900596619
5	20	0.499717436731	-0.305843872254	0.748469741099	-0.588432300663	-1.72053515911	4.32078266144	-3.33092355728
6	20	0.499964624643	0.154297997282	-0.916039737499	0.370220646854	0.944427609444	-5.21310997009	2.16301250458
7	20	0.499990165234	-0.279601448218	0.754357891114	-0.593942086629	-1.59607696533	4.32066917419	-3.38858771324
8	20	0.499999582767	0.388633414337	-0.656412922385	0.64659581238	2.20354366302	-3.74518847466	3.71680283546
9	20	0.500000037253	-0.331917075275	0.541228663548	-0.772594711925	-1.92062354088	3.10442876816	-4.40051794052
10	20	0.500000201166	0.43575517685	-0.566392967172	0.699511567157	2.50015115738	-3.22223353386	4.00832939148
11	20	0.500000089407	-0.532348567472	0.337991019576	-0.776123104537	-3.03480792046	1.97534418106	-4.42815446854
12	20	0.500000245869	0.607809618063	-0.486793840687	0.62737486789	3.45949959755	-2.78300428391	3.60291671753
13	20	0.499996736646	-0.602459260258	0.573218404605	-0.555394904866	-3.45239543915	3.26362252235	-3.18203043938
14	20	0.499976158142	0.560601613449	-0.676835136576	0.477095408587	3.21686911583	-3.85989975929	2.72780418396
15	20	0.499430835247	-0.571054215152	0.693000401384	-0.440054004685	-3.25915145874	3.96376037598	-2.51080369949
16	20	0.495447099209	0.465787310876	-0.865752547001	0.183070228024	2.69258546829	-4.90925216675	1.08343863487
17	20	0.444857940078	-0.766783676282	0.486275824186	-0.419021021667	-3.91262626648	2.50665593147	-2.15386986732
18	20	0.497085213661	0.891264553226	-0.364988406139	0.269130004918	5.08773612976	-2.07306742668	1.58032178879
19	20	0.499265357852	-0.870378401337	0.229643042951	-0.435551961666	-4.97173595428	1.33290588856	-2.46835708618
20	20	0.499981969595	0.898104317499	-0.198040866369	0.392668371706	5.1139831543	-1.18807435036	2.27255678177
21	20	0.499999031425	-0.707227945522	0.531976403721	-0.465649802917	-4.05024814606	3.04894852638	-2.65192985535
22	20	0.499999091029	0.421893564838	-0.841104788705	0.338450224355	2.48609209061	-4.7718296051	1.95011997223
23	20	0.499987751245	-0.51943836463	0.789986422952	-0.325737988117	-2.99147200584	4.50169849396	-1.86822772026
24	20	0.499356493354	0.531299636256	-0.782475077674	0.324735968647	3.05521631241	-4.44341373444	1.88057780266
25	20	0.497729249299	-0.526290849327	0.651348016097	-0.546592813565	-3.02557373047	3.74865055084	-3.08960962296
26	20	0.44429525733	0.495566418055	-0.751287103086	0.435868803693	2.54191803932	-3.83837842941	2.22693347931
27	20	0.496002554893	-0.22188916084	0.863369230567	-0.45316528112	-1.28772032261	4.93258476257	-2.56432104111
28	20	0.499092400074	0.155560458887	-0.91430220227	0.373968483372	0.909840464592	-5.20749187469	2.15040826797
29	20	0.49998010695	-0.178956454486	0.863802882657	-0.470976822478	-1.05115127563	4.9396739006	-2.68074250221
0	21	0.499998643994	-0.12270927781	0.883370439914	-0.452326319182	-0.751775026321	5.0407781601	-2.59528660774
1	21	0.499988123775	0.133855736507	-0.835610724568	0.53276388653	0.746570646763	-4.77752876282	3.05049443245
2	21	0.49947412312	-0.0726982140673	0.866765335352	-0.493389119361	-0.412822544575	4.93889141083	-2.8384449482
3	21	0.498431324959	0.107207294344	-0.876689562481	0.468958427877	0.617451190948	-4.99876403809	2.71078181267
4	21	0.462621159852	-0.179121279261	0.837473978857	-0.516287615631	-0.935623407364	4.46296310425	-2.76902651787
5	21	0.494201228023	0.459161448401	-0.883757327528	0.0902427301379	2.5969953537	-5.03003406525	0.583068847656
6	21	0.49910877645	-0.529050139659	0.79308330721	-0.301868874764	-2.95470285416	4.57499074936	-1.73042607307
7	21	0.499962449074	0.189089013411	-0.852828145481	0.48675404393	1.1188377142	-4.85781526566	2.80527544022
8	21	0.499992281199	-0.283905122542	0.640046651408	-0.713959498443	-1.62742590904	3.675385952	-4.06715774536
9	21	0.499999165535	0.362838990221	-0.586757817397	0.723922047529	2.08678936958	-3.35898637772	4.12954473495
10	21	0.499998308718	-0.478019130136	0.666741663793	-0.571798272983	-2.71273994446	3.79143404961	-3.31171894073
11	21	0.499996364117	0.37786716899	-0.634559526453	0.67420368583	2.18425750732	-3.60165262222	3.86868047714
12	21	0.499992661178	-0.488663939739	0.57857549068	-0.653037484056	-2.78889942169	3.31112861633	-3.73615646362
13	21	0.499986805022	0.625441225995	-0.540422551382	0.562820343257	3.55120849609	-3.11937832832	3.21928787231
14	21	0.499842107296	-0.542283017788	0.751764111705	-0.37520640849	-3.10793447495	4.27770614624	-2.17418932915
15	21	0.499005511403	0.553338065011	-0.750569911124	0.361194953349	3.17135953903	-4.26899290085	2.07232236862
16	21	0.497043758631	-0.760529683999	0.552776794833	-0.340635310633	-4.33473205566	3.14399242401	-1.96466636658
17	21	0.499015077949	0.856613759477	-0.251907563611	0.450283739959	4.88155889511	-1.44918012619	2.59401082993
18	21	0.499253883958	-0.81623290695	0.133196072151	-0.562158917011	-4.67807435989	0.792247891426	-3.18000173569
19	21	0.49994790554	0.872492246707	-0.340364473691	0.350584233081	4.97766399384	-1.9328327179	2.04753732681
20	21	0.499990180135	-0.724029418983	0.479583304383	-0.495763305021	-4.17809724808	2.70366764069	-2.82012605667
21	21	0.499999210238	0.721496772933	-0.51571032323	0.462044661435	4.12640857697	-2.95386791229	2.63120555878
22	21	0.499999627471	-0.713423682363	0.612026182568	-0.341248591637	-4.07326173782	3.49780750275	-1.96957850456
23	21	0.499987006187	0.748279369142	-0.48607135692	0.451456112705	4.26751232147	-2.8366215229	2.54530191422
24	21	0.499962002039	-0.629542874958	0.666375508007	-0.399524030464	-3.60614919662	3.81024694443	-2.27344322205
25	21	0.499383315444	0.67421078767	-0.713815946896	0.18949038959	3.84653878212	-4.07376098633	1.11435651779
26	21	0.499108687043	-0.716163301994	0.697932741228	0.000116618601127	-4.07509660721	4.00979995728	-0.0586886405945
27	21	0.49932937324	0.451842554639	-0.885765948011	0.106098968709	2.58776021004	-5.05461025238	0.652275562286
28	21	0.499958515167	-0.220899422169	0.901561290521	-0.372008984728	-1.31168031693	5.15298652649	-2.11009311676
29	21	0.499986290932	0.387630364468	-0.867604750074	0.311455772447	2.1750626564	-4.96660709381	1.81834173203
0	22	0.499998234212	0.404512121372	-0.74825025915	0.525824584196	2.24448013306	-4.29739713669	3.04578614235
1	22	0.499957300723	0.0568289607787	0.727399457315	-0.683857074771	0.267594665289	4.17836332321	-3.89780521393
2	22	0.499402754009	-0.00364900131857	-0.812080645974	0.583533811551	-0.0305995233357	-4.62251377106	3.36225056648
3	22	0.461519438773	0.0277365508461	0.495768898304	-0.868011453393	0.151743486524	2.6927447319	-4.59004640579
4	22	0.299400154501	0.0173102477436	0.643759946504	-0.765031689932	0.106446102262	2.36224842072	-2.67691683769
5	22	0.425434559584	0.221329249955	0.808590187024	-0.545156190979	1.06432569027	4.00113868713	-2.68266296387
6	22	0.496919155121	0.0780169384413	-0.975413149747	0.206112941411	0.496621072292	-5.55475521088	1.22794246674
7	22	0.49944473058	-0.226467094456	0.77030924775	-0.59610092934	-1.27980148792	4.4118938446	-3.39846134186
8	22	0.499949127436	0.212411393052	-0.665369241239	0.715657161576	1.25174951553	-3.80511045456	4.08108901978
9	22	0.499986484647	-0.543609301021	0.531921663517	-0.649267488579	-3.05896091461	3.05259275436	-3.74757409096
10	22	0.499987237155	0.366522567315	-0.537257400584	0.759615490341	2.11299800873	-3.06247806549	4.34296274185
11	22	0.4998334907	-0.342934378667	0.465415677847	-0.815956039712	-1.93816041946	2.68652033806	-4.66137838364
12	22	0.499812066555	0.221515422035	-0.668633497121	0.709831081546	1.2964066267	-3.79391884804	4.07909011841
13	22	0.49970766902	-0.440103848288	0.652847861986	-0.616521104117	-2.515406847	3.7319278717	-3.52237820625
14	22	0.499208554626	0.525823603772	-0.68414925634	0.505419956834	2.99389791489	-3.90818953514	2.89218235016
15	22	0.48837955296	-0.553478742214	0.703697631284	-0.445500758297	-3.12896585464	3.95347452164	-2.51062035561
16	22	0.440187998116	0.709072727586	0.347312822918	0.613669023196	3.65109229088	1.70533061028	3.11546039581
17	22	0.498192504048	-0.717981857798	-0.0237406386218	-0.695656836343	-4.13526248932	-0.119203202426	-3.95931982994
18	22	0.499368689954	0.784454684206	-0.0384677197772	0.618991989417	4.48184585571	-0.260180950165	3.53109645844
19	22	0.499976485968	-0.786294250365	0.298102251636	-0.541180560823	-4.51401233673	1.6707303524	-3.08798599243
20	22	0.499997600913	0.873573590531	-0.172054992273	0.455265045398	4.97969007492	-1.03891062737	2.6171143055
21	22	0.499999523163	-0.738796942911	0.549830479093	-0.389699270473	-4.24515533447	3.10751342773	-2.24295139313
22	22	0.499999701977	0.774824875363	-0.50488096728	0.380449236295	4.44437599182	-2.89442539215	2.14078903198
23	22	0.499996736646	-0.786400975739	0.615459422007	-0.0527560917791	-4.50838327408	3.50526452065	-0.398317337036
24	22	0.499984323978	0.620092894044	-0.636261502472	0.458972878531	3.57247257233	-3.65210580826	2.57054901123
25	22	0.499963879585	-0.669486176282	0.700309740483	-0.247698460133	-3.83456659317	3.9868144989	-1.4529709816
26	22	0.49994879961	0.76207803964	-0.604110323047	0.23299738	4.32468700409	-3.49425673485	1.35377240181
27	22	0.499974250793	-0.609621389636	0.748489090637	-0.261009276647	-3.48065710068	4.27935695648	-1.51662540436
28	22	0.499983459711	0.596795047104	-0.734694928281	0.32258182545	3.37015986443	-4.22705411911	1.86983323097
29	22	0.499998629093	-0.307224887496	0.823093304457	-0.477629857381	-1.78186249733	4.69584083557	-2.73621368408
0	23	0.499993190169	0.00642685246784	0.513547202401	-0.85803727569	-0.0194474775344	2.9697329998	-4.89245223999
1	23	0.499957673252	0.165805976334	-0.652317886421	0.739587556188	0.882302105427	-3.72263383865	4.25498342514
2	23	0.498949237168	0.187002172505	0.695992905395	-0.693270555496	1.01486337185	3.97339725494	-3.96953463554
3	23	0.489790000021	-0.0629872949935	-0.593174089696	0.802606441528	-0.341825902462	-3.38043665886	4.53164434433
4	23	0.40757983923	0.49481532142	0.868968177888	-0.00721827581696	2.31954288483	4.18253183365	-0.0738644599915
5	23	0.415861513466	0.00411201395306	0.65160958824	0.758543364519	0.021549988538	3.25552463531	3.69054341316
6	23	0.429765999317	-0.586512180432	0.750915133308	-0.303529116848	-2.91110658646	3.76030683517	-1.51701664925
7	23	0.495887055993	0.123500214799	-0.633416776559	0.763891932225	0.745657444	-3.64055657387	4.32783555984
8	23	0.499535188079	-0.362999636719	0.668639831318	-0.648962279117	-2.05820393562	3.79227972031	-3.74703645706
9	23	0.499916415662	0.381782685198	-0.412139709119	0.827274344731	2.19944858551	-2.36905765533	4.71675348282
10	23	0.499610200524	-0.365126844048	0.280798060359	-0.887600606722	-2.08633375168	1.60932135582	-5.07835769653
11	23	0.499196400866	-0.0336423350355	-0.35656982224	0.933662763079	-0.124462082982	-2.03528881073	5.34408760071
12	23	0.489938648418	0.00585127778057	0.375382487161	-0.926851525802	0.0152249448001	2.16788554192	-5.21866321564
13	23	0.498791135848	0.369827977167	-0.699332984158	0.61168672094	2.12353086472	-3.97056770325	3.52889060974
14	23	0.49714499712	-0.440962198052	0.606555226839	-0.661545989847	-2.53828930855	3.44459867477	-3.76910161972
15	23	0.430195882916	0.975099679146	0.0578916844503	0.214077482705	4.85238933563	0.277974158525	1.11697244644
16	23	0.262666992843	0.879426860356	0.0971093033289	0.466023798203	2.7569975853	0.277752608061	1.47831201553
17	23	0.456759437919	0.845171848881	-0.0241154033631	0.533950365838	4.44512748718	-0.133070707321	2.81317615509
18	23	0.49968226999	-0.735923429324	0.354429043207	-0.576885395467	-4.23844671249	1.95663547516	-3.30703377724
19	23	0.49997523427	0.819252539541	-0.054909277918	0.570797904389	4.67836856842	-0.3614590168	3.26831388474
20	23	0.499999880791	-0.831167134884	0.182633944252	-0.525172387218	-4.75581741333	1.04685997963	-2.99583411217
21	23	0.500000193715	0.800296607873	-0.387867212623	0.457257438211	4.59797477722	-2.2036318779	2.59236884117
22	23	0.499997064471	-0.952257793998	0.294701365253	-0.0797257743006	-5.43245315552	1.72009181976	-0.552329063416
23	23	0.499978095293	0.855693660306	-0.337693867315	0.39211122362	4.89093637466	-1.98929595947	2.20679450035
24	23	0.499783739448	-0.676219415409	0.71345228945	-0.183611363759	-3.89621734619	4.03525161743	-1.1429207325
25	23	0.499603927135	0.629225786379	-0.442017234007	0.639293105387	3.60342884064	-2.59133625031	3.60798072815
26	23	0.499063767493	-0.33575810228	0.701970350149	-0.628095633057	-1.98640727997	3.97303438187	-3.60417604446
27	23	0.499631628394	0.462398223959	-0.582959116852	0.668091723163	2.64492559433	-3.35928797722	3.79435372353
28	23	0.499959170818	-0.500780841522	0.728475162193	-0.467485279803	-2.84154772758	4.15117168427	-2.73109030724
29	23	0.499991483986	0.234056836607	-0.651594877098	0.721554927484	1.34319925308	-3.72811508179	4.12911319733
0	24	0.499946048483	0.0687527131336	-0.323283198429	0.943801376377	0.363525867462	-1.87171220779	5.39031124115
1	24	0.499567907304	0.199438600723	0.344493553354	-0.917359491279	1.08202755451	2.0172085762	-5.24068927765
2	24	0.49768293649	-0.0189825928997	-0.71124901888	0.70268377974	-0.133303999901	-4.04476261139	4.04598140717
3	24	0.401769757271	-0.267191424286	0.962092418479	0.0546527317932	-1.28289318085	4.50910758972	0.226857185364
4	24	0.363856062293	-0.611753572132	0.790958255553	-0.0119417317276	-2.64593291283	3.41778659821	-0.0637187957764
5	24	0.402304619551	-0.606887886044	0.728801828101	-0.317072529761	-2.87597227097	3.44623303413	-1.47010982037
6	24	0.294047825038	-0.651362078501	0.614057141422	-0.445714336498	-2.26983785629	2.16981673241	-1.58177769184
7	24	0.461467266083	-0.342366358879	0.859341990235	-0.3798902738	-1.85760879517	4.54162883759	-2.07341480255
8	24	0.499174866825	0.411506978976	-0.439880301305	0.798227615895	2.36122179031	-2.54278039932	4.54161882401
9	24	0.498770546168	-0.479761011498	0.337297925045	-0.80997498826	-2.73836874962	1.8845717907	-4.64341545105
10	24	0.494162291288	0.56532837276	0.261266965968	0.782395937775	3.18864917755	1.40890038013	4.50166273117
11	24	0.459614156745	-0.185177460824	0.0987331811622	-0.977732615259	-0.989690303802	0.523682594299	-5.23743772507
12	24	0.386880517006	-0.848338014734	-0.0352728249096	-0.528278752725	-3.9062795639	-0.161201938987	-2.41776514053
13	24	0.440458327532	-0.611886594317	0.447291328233	-0.652322974747	-3.1343164444	2.28086018562	-3.35710525513
14	24	0.497826814651	0.27300047096	-0.471567055782	0.838507754739	1.59162974358	-2.69249629974	4.77408504486
15	24	0.489685714245	-0.361456044184	0.35562355064	-0.861905689941	-2.07555794716	1.97844839096	-4.86497688293
16	24	0.447681933641	0.883441191376	0.126447929126	0.451156937882	4.55914783478	0.630399703979	2.34259748459
17	24	0.49756757915	-0.904368111807	0.277569648768	-0.324150286796	-5.17300319672	1.53348636627	-1.90101337433
18	24	0.499516010284	0.812450277625	-0.0919196791174	0.575738933005	4.64668035507	-0.553134918213	3.27766418457
19	24	0.499991565943	-0.730618142847	0.132318107639	-0.669842554436	-4.20495510101	0.749415278435	-3.80119180679
20	24	0.499996423721	0.864478875972	-0.100584957225	0.492502730326	4.93218994141	-0.605902194977	2.82961845398
21	24	0.499998316169	-0.888239876868	0.255651049685	-0.381670619693	-5.05988311768	1.47561085224	-2.21852326393
22	24	0.4999910146	0.787964094044	-0.312648622759	0.5304370134	4.52511930466	-1.81173419952	2.99455571175
23	24	0.499821960926	-0.70392143841	0.510360074528	-0.493991095946	-4.04411029816	2.88253831863	-2.82845926285
24	24	0.499024279416	0.694685360361	-0.380376236775	0.610513037205	3.98669672012	-2.22854113579	3.4369635582
25	24	0.483387634158	-0.656464676114	0.511458161148	-0.554494976001	-3.6726975441	2.83552312851	-3.10016822815
26	24	0.472791127861	0.382244991796	-0.0997174281151	0.918664901244	2.05461812019	-0.628863573074	5.02609443665
27	24	0.498680066317	-0.348779482319	0.477435664243	-0.806478802711	-1.96710526943	2.737200737	-4.62475824356
28	24	0.499578908086	0.217691679071	-0.454848891417	0.86355244128	1.24845147133	-2.61806106567	4.92734575272
29	24	0.499976810068	-0.115165625962	0.387576187813	-0.914615535204	-0.651892364025	2.2298514843	-5.22730922699
0	25	0.499411130324	0.124313714827	0.340582797468	-0.931960009	0.696218490601	1.91996347904	-5.33979415894
1	25	0.499233845621	-0.0253917571056	-0.305172734306	0.951958434443	-0.194455236197	-1.7642788887	5.42652177811
2	25	0.491307621822	0.199921422588	0.332838695035	-0.92154751797	1.10983014107	1.88159501553	-5.21796655655
3	25	0.384160667658	-0.781611776991	0.623394736123	0.0214949539192	-3.53482031822	2.80884718895	0.122092247009
4	25	0.398118525743	-0.977359669921	0.0851821165857	0.193680362002	-4.54763793945	0.472252070904	0.86585021019
5	25	0.493169263005	0.800427077771	-0.368230273521	0.472993613946	4.54982280731	-2.09383893013	2.71459150314
6	25	0.463203445077	-0.600545306347	0.426823002063	-0.676141597548	-3.20693254471	2.28811836243	-3.60358977318
7	25	0.498272866011	0.67726945354	-0.47344198313	0.563168514666	3.8572101593	-2.69692111015	3.25189137459
8	25	0.498947873712	-0.488290884	0.377351137448	-0.786878727422	-2.80377221107	2.1203815937	-4.50091648102
9	25	0.496006531641	0.385607452607	0.0428093593488	0.921669274331	2.20946621895	0.200198233128	5.25699567795
10	25	0.410863190889	0.301557317718	-0.502060395494	-0.810554466651	1.38719534874	-2.40014600754	-3.90997576714
11	25	0.382051508874	-0.337285435072	-0.313871879812	-0.887537592641	-1.51737463474	-1.44629120827	-4.04629945755
12	25	0.38121509552	-0.902338722026	-0.304658462232	-0.304906628533	-4.05265617371	-1.37365484238	-1.40366744995
13	25	0.396972991526	-0.807708266395	-0.299478190145	-0.507858415333	-3.82548308372	-1.40807104111	-2.37610411644
14	25	0.489267058671	-0.272958603494	0.521057019466	-0.808698450131	-1.56302332878	2.89294457436	-4.59204101562
15	25	0.499210290611	0.631863370915	0.0729121047013	0.771642731764	3.58314704895	0.35078316927	4.44319343567
16	25	0.499585546553	-0.731554612108	-0.0390634304139	-0.680662837173	-4.18192195892	-0.236364930868	-3.89261317253
17	25	0.499512627721	0.804230512012	0.114377369276	0.583207596784	4.60437107086	0.613598525524	3.32935094833
18	25	0.499957516789	-0.867190932661	0.0531799993439	-0.495128037965	-4.94417476654	0.296879678965	-2.85578608513
19	25	0.499951131642	0.806347203916	-0.122040663964	0.578714319052	4.60957622528	-0.707837700844	3.30633044243
20	25	0.499982565641	-0.782563937924	0.277877949763	-0.557115363365	-4.47538137436	1.5788987875	-3.18845391273
21	25	0.499983534217	0.707898890783	-0.393459062923	0.586574058607	4.09197425842	-2.23965024948	3.31185531616
22	25	0.499981701374	-0.754679802742	0.491930407013	-0.434123104648	-4.32404184341	2.7822830677	-2.49898386002
23	25	0.499696478248	0.714862102058	-0.405833068162	0.569448589276	4.12946224213	-2.34395265579	3.19522404671
24	25	0.484897479415	-0.732989273619	0.647194457939	-0.209442255463	-4.10063314438	3.58890104294	-1.24159836769
25	25	0.374649554491	-0.942960981855	-0.254519937761	0.214579094932	-4.15338993073	-1.16348314285	0.944523096085
26	25	0.322737321258	-0.551165469067	-0.550812120634	0.626755640956	-2.09867072105	-2.11435222626	2.40102434158
27	25	0.46627182886	-0.36258990136	-0.514083609431	0.777333008399	-1.89464199543	-2.77014636993	4.21201276779
28	25	0.49969885312	0.0401534265096	0.388860227029	-0.92042133079	0.258241266012	2.21897697449	-5.2663230896
29	25	0.499230068177	-0.18103803571	-0.230741678014	0.956024846776	-1.01334369183	-1.333370924	5.46038627625
0	26	0.444653074257	-0.0960601817252	0.0745352096362	0.992580950861	-0.517050147057	0.358691334724	5.08407735825
1	26	0.494488392025	0.38949047748	0.471909170726	-0.790948103568	2.16471266747	2.64383602142	-4.55988121033
2	26	0.498777139932	0.0839548665434	-0.01138637754	0.996404501591	0.419123470783	-0.116563551128	5.69659900665
3	26	0.491345752962	-0.0274142639066	0.0611670901881	-0.997750993591	-0.170688346028	0.339664340019	-5.64392709732
4	26	0.493172604591	0.26087605132	-0.351471322212	0.899117120018	1.50732421875	-1.95161914825	5.11828899384
5	26	0.498846612871	-0.535518199474	0.19663913639	-0.821311943218	-3.05164194107	1.13758969307	-4.68943691254
6	26	0.499602489173	0.50177717128	-0.185351911513	0.844904929138	2.89238023758	-1.07149779797	4.81343364716
7	26	0.499478973448	-0.682393821373	0.176021530571	-0.709475223899	-3.87718725204	1.01133322716	-4.0738067627
8	26	0.499833025038	0.584920788311	-0.0125024258212	0.810994057161	3.33439564705	-0.091038018465	4.64671897888
9	26	0.477740339935	-0.313286844934	-0.0795983735605	-0.946316781907	-1.75018167496	-0.456381499767	-5.20673513412
10	26	0.338147778064	0.083011114566	-0.591830110876	-0.801776948233	0.334675520658	-2.37583899498	-3.24458432198
11	26	0.416787743568	-0.0017718992749	-0.632131109915	-0.77485941967	-0.0270354636014	-3.04475593567	-3.77692079544
12	26	0.490385637619	0.0261242779816	0.0821429903683	0.996278099344	0.178425952792	0.497479230165	5.63575792313
13	26	0.486138712615	-0.340818708702	-0.0289615965075	-0.939682836774	-1.89373731613	-0.170805975795	-5.27737379074
14	26	0.499013293535	0.432120247471	0.102732461432	0.895945385107	2.46764039993	0.544455647469	5.12319326401
15	26	0.499857075512	-0.463307240682	-0.0538317181805	-0.884561217129	-2.66470193863	-0.314640641212	-5.04630327225
16	26	0.499928049743	0.582114319853	0.0924141541961	0.807838190931	3.34759283066	0.528089523315	4.60501813889
17	26	0.499957516789	-0.730262480871	-0.12210304752	-0.67216631485	-4.17604732513	-0.693279623985	-3.84304022789
18	26	0.499238081276	0.79223605333	0.0361826154089	0.609141079018	4.54093122482	0.187112495303	3.45765209198
19	26	0.49950414896	-0.819259900423	0.181463236102	-0.543952488277	-4.67719173431	1.04788684845	-3.11900472641
20	26	0.499307706952	0.706099411561	-0.335079056244	0.623815395017	4.06568956375	-1.89538228512	3.53692555428
21	26	0.499917954206	-0.9298184864	0.322887618775	-0.176581901652	-5.29456233978	1.88844251633	-1.08587431908
22	26	0.499897092581	0.855549792534	-0.37181947105	0.36025662165	4.9094452858	-2.13671255112	2.01323223114
23	26	0.4989618361	-0.977160253465	0.187474419119	0.100055890501	-5.5858259201	1.13917577267	0.467379808426
24	26	0.495160907507	0.85003167258	-0.400617285502	0.341982376984	4.8620300293	-2.28348183632	1.92309856415
25	26	0.419044416398	-0.502352863365	-0.126722359539	-0.855326279417	-2.50031590462	-0.621553480625	-4.17194366455
26	26	0.443365246058	-0.10406291871	-0.954207291119	0.28046275069	-0.57756114006	-4.91582584381	1.46497499943
27	26	0.494367204607	-0.00766823474436	0.281917152697	-0.959408107737	0.0524999648333	1.64701151848	-5.45412445068
28	26	0.498777870089	-0.358508376293	-0.215108858544	0.908405153609	-1.98500394821	-1.22917795181	5.20632505417
29	26	0.498239470646	0.344318274122	-0.000596096091325	-0.938852795051	1.95441126823	0.0261857360601	-5.38269090652
0	27	0.246258824831	-0.197135356606	-0.00899160817855	0.980335045869	-0.579584240913	-0.0529048740864	2.88204097748
1	27	0.445248248987	-0.195653244688	0.0197786533377	0.980473667528	-0.995666563511	0.0872350931168	5.02650880814
2	27	0.499515407719	0.14700845169	-0.0584678711186	-0.987405703436	0.808546066284	-0.323631286621	-5.65079927444
3	27	0.499718965963	0.0352984505672	0.0689432333895	0.996995912708	0.215743780136	0.377463936806	5.69888448715
4	27	0.499710559845	-0.331339754861	-0.0787801433885	-0.940216813217	-1.87410736084	-0.412280738354	-5.38600730896
5	27	0.499924711883	0.398911361933	-0.101797060142	0.911321613848	2.30037426949	-0.570543289185	5.20328378677
6	27	0.499959278852	-0.549775421866	0.131911166686	-0.824831152186	-3.12598133087	0.741849184036	-4.72923135757
7	27	0.499987762421	0.557127721173	-0.101363692307	0.824217267584	3.1965816021	-0.563650369644	4.7073802948
8	27	0.499759912491	-0.57965554536	-0.118967620378	-0.806130357966	-3.31022429466	-0.66710704565	-4.61169910431
9	27	0.498987853527	0.534678523093	0.355989774079	0.766413829269	3.04726076126	2.00692844391	4.40005016327
10	27	0.477128244936	-0.433221533673	-0.367142469978	-0.82311937743	-2.36868715286	-2.02781128883	-4.5345249176
11	27	0.497561005875	-0.081436213612	0.36343351925	0.92805399638	-0.394247233868	2.08228635788	5.31512212753
12	27	0.499322235584	-0.227491461675	-0.307671685799	-0.923897055208	-1.27026319504	-1.72582483292	-5.29511737823
13	27	0.499823687598	0.228882126458	0.174010890068	0.957775120958	1.34683990479	0.988301038742	5.4680390358
14	27	0.499836619943	-0.503826675037	-0.0772614126858	-0.860342580389	-2.85453128815	-0.453751444817	-4.93163824081
15	27	0.499985318631	0.426700053517	0.0889066404273	0.900012596365	2.47331190109	0.517844557762	5.12982273102
16	27	0.499988049269	-0.657038701649	-0.136742713488	-0.741351181859	-3.74177098274	-0.787998914719	-4.25077438354
17	27	0.499217443168	0.692975650964	0.204860930038	0.691242899793	3.99564409256	1.12093341351	3.92795801163
18	27	0.496784225106	-0.941575488586	0.0598066786718	-0.331449484055	-5.36349105835	0.336259037256	-1.94680213928
19	27	0.444740921259	0.728391715751	-0.538644310291	0.423447535614	3.74717283249	-2.73943090439	2.17089295387
20	27	0.495032005012	-0.683832121235	0.21157865651	-0.698289411403	-3.91754221916	1.26684069633	-3.94721221924
21	27	0.499433547258	0.673066501934	-0.710184585705	0.206444516034	3.89757370949	-4.00687742233	1.21732568741
22	27	0.498967289925	-0.848033367161	0.52601316304	-0.0644170822831	-4.84220981598	3.00378465652	-0.426208972931
23	27	0.496752396226	0.909434291008	-0.415319439083	-0.0209531348206	5.18756771088	-2.38241100311	-0.0899195671082
24	27	0.440844506025	-0.953065124066	0.231975331173	-0.194561853959	-4.85711240768	1.23001909256	-1.062926054
25	27	0.311334287748	0.0848836678443	0.436916903294	-0.895487790285	0.246536552906	1.65646183491	-3.26520562172
26	27	0.453326001763	0.295988925726	0.95519135842	-0.000156994151507	1.59142446518	4.99188280106	-0.0887696743011
27	27	0.495997130871	-0.811726924909	-0.391246266746	0.43361937011	-4.55044460297	-2.26916766167	2.6112112999
28	27	0.498568049632	0.0038946568796	0.165107069524	-0.986267959148	0.137502446771	0.94778585434	-5.64230823517
29	27	0.448930287734	-0.397303374535	0.10514525592	0.911643846982	-2.01459050179	0.510536551476	4.73194122314
0	28	0.440189998597	0.0964215524185	-0.49143406242	0.865560769977	0.428003400564	-2.42848539352	4.44449710846
1	28	0.49509027414	0.242660104883	-0.247764589331	-0.937938581023	1.36571550369	-1.36729991436	-5.36148166656
2	28	0.499386291951	-0.0550232055047	0.0201895870098	0.998280936126	-0.324732035398	0.129534542561	5.70065116882
3	28	0.499982482754	-0.10075607103	0.0357309029382	-0.99426933812	-0.567063808441	0.191329240799	-5.68688058853
4	28	0.499991780147	0.272023442669	0.109326979863	0.956060070347	1.56066656113	0.600534319878	5.46821069717
5	28	0.499995384365	-0.479983209668	-0.0342791980736	-0.876607697329	-2.72738528252	-0.198291420937	-5.02152681351
6	28	0.49999762699	0.427242894492	0.0495191197433	0.902779799223	2.47238445282	0.270356506109	5.14877510071
7	28	0.499995388091	-0.577989524709	-0.0283538770828	-0.815551449622	-3.29646444321	-0.149648204446	-4.66864585876
8	28	0.499991707504	0.563095686628	0.0286015436125	0.825896603337	3.2147526741	0.196373954415	4.72516870499
9	28	0.499741062522	-0.579733352323	-0.308589007409	-0.754110114447	-3.29768586159	-1.74741148949	-4.32985782623
10	28	0.499855607748	0.453797176268	0.442168438037	0.773663489649	2.59525203705	2.49525332451	4.44131755829
11	28	0.499629601836	-0.383044943587	-0.324233675608	-0.864956123046	-2.16023588181	-1.84999012947	-4.95913791656
12	28	0.499961007386	0.221317133617	0.0956886304738	0.970495962055	1.30527627468	0.586068570614	5.53770685196
13	28	0.499975591898	-0.415726435863	-0.172059901128	-0.893066022726	-2.35741186142	-0.978522241116	-5.11573696136
14	28	0.499995917082	0.490142000353	0.120708790914	0.863244002172	2.81824111938	0.707893788815	4.92517757416
15	28	0.499997287989	-0.557529403006	-0.212664240517	-0.802455534961	-3.18819904327	-1.21869695187	-4.58752727509
16	28	0.499958373606	0.626167973343	0.284552293805	0.725908851888	3.61444377899	1.57101595402	4.14851093292
17	28	0.499637022614	-0.839268198315	0.203965219583	-0.504010992437	-4.79112005234	1.11099874973	-2.93012571335
18	28	0.448919937015	0.834723210766	-0.351685344656	0.423738810783	4.30366325378	-1.82385528088	2.20744109154
19	28	0.246965497732	0.744483210459	-0.512789877306	0.427540981752	2.1948928833	-1.49395215511	1.28383040428
20	28	0.439452886581	0.708112924281	-0.68857685191	0.156326598758	3.59553551674	-3.47110557556	0.841388702393
21	28	0.498695284128	-0.681059074254	0.675631066992	-0.282278583478	-3.91239404678	3.83134174347	-1.63191580772
22	28	0.482350125909	0.602198302847	-0.476395475879	0.640628249932	3.3835644722	-2.69085407257	3.52080774307
23	28	0.427237153053	-0.286496493735	0.919230175939	-0.270065996972	-1.44812071323	4.57072973251	-1.36943292618
24	28	0.363049022853	-0.480662443398	0.792555657391	-0.375258771309	-2.10344362259	3.39866137505	-1.63396751881
25	28	0.400585107505	0.247771897154	0.680548436107	-0.689538188277	1.1367418766	3.19373416901	-3.22278022766
26	28	0.487072438002	-0.870609955053	-0.285357992803	0.400760679341	-4.87709236145	-1.57977843285	2.31923532486
27	28	0.498374177143	0.239008725598	0.263789716944	-0.934499766893	1.49395668507	1.4844070673	-5.31992292404
28	28	0.499420108274	-0.348812652617	0.00936336401233	0.937145698805	-1.98460435867	0.0244469568133	5.35505580902
29	28	0.495751705021	0.559068316344	-0.0661998002531	-0.826474563497	3.15369939804	-0.363813787699	-4.74083280563
0	29	0.498433837667	0.394541327012	-0.0451904545172	-0.917766290566	2.2067501545	-0.213948756456	-5.26319789886
1	29	0.499469175935	-0.235957957262	-0.0681251879485	0.969372374876	-1.33503723145	-0.363426506519	5.54376125336
2	29	0.49994030036	0.09287828757	-0.0248386074067	-0.995367604094	0.520814180374	-0.10746268183	-5.69373703003
3	29	0.499991695397	-0.0069426009928	-0.150507216484	0.988584532591	-0.00402120035142	-0.828660786152	5.65915250778
4	29	0.499998645857	-0.253811173981	0.00589517660085	-0.967235821739	-1.45422947407	0.0240494739264	-5.53182554245
5	29	0.49999955669	0.538489513882	0.131221327388	0.832352092973	3.04982757568	0.727300524712	4.78282022476
6	29	0.499999959022	-0.529412189099	-0.0813777852292	-0.844452716322	-3.02939510345	-0.45607227087	-4.82713079453
7	29	0.499999806285	0.632408293469	-0.082136677807	0.770268340587	3.58720111847	-0.425121486187	4.43467760086
8	29	0.499995987862	-0.390902556819	-0.178243521354	-0.903008548225	-2.28061962128	-0.976115107536	-5.15407419205
9	29	0.499996580184	0.490481171362	0.130639534433	0.86160404629	2.79412984848	0.774594962597	4.92782020569
10	29	0.499987807125	-0.433248829377	-0.251657329377	-0.865427085556	-2.48623180389	-1.44093739986	-4.94291067123
11	29	0.499994765967	0.399528810818	0.301417046005	0.865750826569	2.30371117592	1.71196198463	4.94499349594
12	29	0.499996103346	-0.465513821392	-0.150421837683	-0.87216406303	-2.63925170898	-0.876450657845	-4.99594497681
13	29	0.499998893589	0.357114868843	0.188723177157	0.914796443399	2.0956056118	1.0945546627	5.20975589752
14	29	0.499999471009	-0.717323324419	-0.267506951758	-0.643340717665	-4.06524658203	-1.53163611889	-3.72324228287
15	29	0.499997995794	0.609059200959	0.417201581982	0.67452926528	3.51710557938	2.32868146896	3.86503648758
16	29	0.499990612268	-0.8073841484	-0.0385815397337	-0.588763366476	-4.59666872025	-0.264520466328	-3.39526081085
17	29	0.499248571694	0.74799934766	-0.0611326673152	0.660878031779	4.28157186508	-0.354198664427	3.75952839851
18	29	0.498152576387	-0.679117839286	0.22414035603	-0.698970715526	-3.90410423279	1.28098833561	-3.98800563812
19	29	0.445423454046	0.430572807709	-0.510684108588	0.744183309741	2.27296519279	-2.61148834229	3.79304504395
20	29	0.492846950889	-0.838090951947	-0.0444487174433	-0.543716716482	-4.76097583771	-0.200368523598	-3.08495378494
21	29	0.486864045262	0.895114056768	-0.223647134152	0.385684825682	5.00674247742	-1.28793871403	2.19858026505
22	29	0.413582324982	0.904850911624	0.40464431845	-0.132317055891	4.36777305603	2.03004693985	-0.654358386993
23	29	0.393177442253	-0.632439084647	0.568363003061	-0.526292980158	-2.90343236923	2.66857767105	-2.42461848259
24	29	0.359815612435	-0.941064000655	0.246240688941	-0.231870804071	-3.98279523849	1.09817194939	-1.01440501213
25	29	0.478368528187	-0.644849252786	0.11718098825	0.75527349826	-3.58783793449	0.617345631123	4.16975688934
26	29	0.498007260263	0.727246210815	-0.272524154814	-0.629955184039	4.15681409836	-1.48830807209	-3.60804963112
27	29	0.499849006534	-0.731247304142	0.129178959436	0.669768748617	-4.13890743256	0.700970828533	3.89387106895
28	29	0.49993712455	0.335464970127	0.0567870252176	-0.940339559725	1.94931721687	0.301328271627	-5.36840629578
29	29	0.499361442402	-0.358092684827	0.00966880831291	0.933635980037	-2.04881477356	0.0480748862028	5.33018875122
