0	0	0.499965824187	0.210910211908	-0.623733231966	0.752644496328	1.2163387537	-3.54734802246	4.31549549103
1	0	0.499977916479	-0.278152190496	0.458331101249	-0.844135036917	-1.57343935966	2.64046144485	-4.8211555481
2	0	0.499987322837	0.241412960986	-0.422233519305	0.873749756763	1.38971018791	-2.41046357155	4.99410581589
3	0	0.499998938292	-0.30739021947	0.343327789704	-0.887489313621	-1.74944579601	1.94156742096	-5.08637094498
4	0	0.499999336898	0.412278969015	-0.130234114768	0.901701240466	2.3745868206	-0.77143073082	5.14546632767
5	0	0.500000312924	-0.574103543256	0.0855406159461	-0.814302108952	-3.25864005089	0.495561629534	-4.67298126221
6	0	0.500000029802	0.620407197636	-0.0354413016163	0.783478668032	3.53468585014	-0.226591095328	4.48838043213
7	0	0.499999895692	-0.664374720166	0.164761754952	-0.729012891045	-3.79667139053	0.934987068176	-4.1710267067
8	0	0.499999880791	0.736548843952	-0.209786274996	0.643028396959	4.18916893005	-1.18149423599	3.70832395554
9	0	0.499999538064	-0.634616669113	0.133486681652	-0.761211527176	-3.62681627274	0.77664077282	-4.35102987289
10	0	0.499999210238	0.554557376044	-0.217231543017	0.80329108883	3.18421125412	-1.22428667545	4.58772087097
11	0	0.499998800457	-0.621150026438	0.154398211162	-0.768331853463	-3.54725980759	0.884774684906	-4.39599752426
12	0	0.499999672174	0.724108304293	-0.236271386048	0.64795292714	4.12340593338	-1.35062050819	3.72300076485
13	0	0.499999828637	-0.663765114169	0.291125060245	-0.688957235618	-3.8038482666	1.65051817894	-3.93612146378
14	0	0.499999903142	0.64599876863	-0.267650217651	0.714876878854	3.70732140541	-1.53866553307	4.07150506973
15	0	0.499999649823	-0.733041566513	0.382855733069	-0.562202409654	-4.17243337631	2.19811367989	-3.23323559761
16	0	0.49998524785	0.588757089205	-0.567862063115	0.575237139957	3.39552164078	-3.1982755661	3.31011343002
17	0	0.499941334128	-0.605720952985	0.425987052249	-0.67203955124	-3.47004985809	2.43492603302	-3.8359644413
18	0	0.499196112156	0.625311955908	-0.450507920855	0.637202927682	3.58125543594	-2.53715729713	3.65389537811
19	0	0.499584786594	-0.728500177844	0.019375771931	-0.684771546096	-4.16070365906	0.136471286416	-3.92467737198
20	0	0.498956210911	0.794201772366	0.158196901406	0.586700336761	4.50648117065	0.90632712841	3.38643336296
21	0	0.498054213822	-0.677037574997	-0.248063810285	-0.692881279924	-3.88867330551	-1.42383635044	-3.95321536064
22	0	0.429240062833	0.340078104254	0.197497586474	0.919424595246	1.73419439793	1.00544703007	4.59316730499
23	0	0.361065326259	0.062501500244	0.473577389006	0.878531740513	0.312304317951	2.01478791237	3.78446388245
24	0	0.445620790124	0.36676593896	-0.0165230344307	0.930166509476	1.89263856411	-0.0676072612405	4.82022047043
25	0	0.498721428216	-0.350452413254	0.336700448273	-0.873965625284	-2.08549308777	1.91600012779	-4.9725112915
26	0	0.499851793051	0.684712744633	-0.427256406197	0.590440869775	3.87667703629	-2.4261136055	3.4349296093
27	0	0.499986745417	-0.511634122391	0.349102655235	-0.785084620224	-2.91502404213	2.04656529427	-4.47640275955
28	0	0.499986596406	0.22857808784	-0.624015391059	0.747232794704	1.32055425644	-3.54342770576	4.29024839401
29	0	0.499988634139	-0.152552558369	0.554751182269	-0.817911268235	-0.889421701431	3.18279361725	-4.66709804535
0	1	0.499999307096	-0.386596320569	0.577742849605	-0.718857763854	-2.18275642395	3.31752634048	-4.11415529251
1	1	0.49999801442	0.237874963236	-0.490918952607	0.838101475859	1.39043903351	-2.81329226494	4.77957630157
2	1	0.499999318272	-0.366315225349	0.455008668325	-0.811652799803	-2.06547665596	2.59513425827	-4.65725755692
3	1	0.500000186265	0.271178859552	-0.309251711465	0.911496245241	1.59749186039	-1.78051328659	5.19579219818
4	1	0.499999895692	-0.65058388514	0.272350879106	-0.708918618071	-3.68111729622	1.54735088348	-4.0971570015
5	1	0.500000230968	0.555000835752	-0.129283831982	0.821741907841	3.19467878342	-0.758480429649	4.6816534996
6	1	0.500000085682	-0.562743038251	0.151519420407	-0.812626690516	-3.23515534401	0.851137399673	-4.63638114929
7	1	0.499998573214	0.608532595792	-0.057166604384	0.791467029763	3.49099588394	-0.364863336086	4.51425170898
8	1	0.499999418855	-0.660724547114	0.180607353329	-0.728576733615	-3.7681646347	1.02791142464	-4.17522287369
9	1	0.499997776002	0.559445927877	-0.194268012988	0.805779245769	3.20812439919	-1.10832977295	4.60028457642
10	1	0.499999903142	-0.585106975819	0.222721121597	-0.779772485307	-3.32885503769	1.24658107758	-4.47960567474
11	1	0.499999415129	0.540149987588	-0.0287740398362	0.841076717987	3.10884547234	-0.208523392677	4.79546833038
12	1	0.499999642372	-0.648707356773	0.30087891624	-0.699035509134	-3.71076917648	1.68096637726	-4.0138297081
13	1	0.499999932945	0.635972047751	-0.204905012136	0.744011754263	3.6428296566	-1.19041895866	4.2423620224
14	1	0.499997891486	-0.667094890154	0.323169670577	-0.671227064077	-3.81129097939	1.84043097496	-3.84385538101
15	1	0.49999897182	0.71814781656	-0.398047603388	0.57080804042	4.10210466385	-2.25727725029	3.28089523315
16	1	0.499997094274	-0.740270706253	0.282674659411	-0.609995342925	-4.21875667572	1.65116071701	-3.48930501938
17	1	0.49998665601	0.667257197373	-0.408796223615	0.622618245888	3.81062030792	-2.32647633553	3.57089710236
18	1	0.499976538122	-0.599345013287	0.445441566645	-0.665107033306	-3.42671728134	2.53429174423	-3.81115269661
19	1	0.499744996428	0.607455553953	-0.249764515784	0.754065936525	3.46895742416	-1.4255053997	4.31570720673
20	1	0.497958671302	-0.572206982185	0.0617859338883	-0.817778495628	-3.29906892776	0.338815331459	-4.64794063568
21	1	0.441795215011	0.89120324407	0.317274490498	0.324181547036	4.55850410461	1.62336993217	1.72158575058
22	1	0.31212028116	0.727907567099	0.387156427566	0.565915607096	2.72149848938	1.42420291901	2.11196708679
23	1	0.426171809435	0.777578198086	0.618499895798	0.113269699208	3.86835813522	3.06156110764	0.645031929016
24	1	0.495958663523	-0.637158312568	0.00565342174862	-0.770712218372	-3.63320159912	0.0606999769807	-4.39619398117
25	1	0.499510601163	0.686909040461	-0.284329385451	0.668814451625	3.87223005295	-1.63644623756	3.87518525124
26	1	0.499972674996	-0.407418830395	0.379772688963	-0.830531517377	-2.36825585365	2.20769357681	-4.71728515625
27	1	0.499997191131	0.419548262828	-0.584164458373	0.69478855829	2.39263439178	-3.31665802002	3.99669790268
28	1	0.499999366701	-0.259513794013	0.592648347251	-0.762509362053	-1.50539839268	3.39844512939	-4.34419345856
29	1	0.499997749925	0.363398117716	-0.673696559104	0.643486405678	2.06125116348	-3.82733249664	3.71569395065
0	2	0.499999582767	0.279105601579	-0.732077935142	0.621419310969	1.62640333176	-4.14176750183	3.59396696091
1	2	0.500000096858	-0.404993066835	0.527921924658	-0.746511257304	-2.28044199944	3.02724766731	-4.28216457367
2	2	0.49999986589	0.215366330181	-0.482007304375	0.849285760127	1.28801012039	-2.74955415726	4.84708070755
3	2	0.499999776483	-0.448007001562	0.30616915394	-0.839970342171	-2.55044460297	1.77230167389	-4.80205392838
4	2	0.49999962002	0.623578421226	-0.296108717452	0.723511976425	3.57071971893	-1.69660544395	4.13090229034
5	2	0.49999858439	-0.729167292603	0.304958376413	-0.612629943811	-4.15563201904	1.71392047405	-3.53558492661
6	2	0.499990791082	0.707440858565	-0.104933442965	0.698939485349	4.03689432144	-0.637695848942	3.99940013885
7	2	0.499984443188	-0.672975296648	0.323461802121	-0.665189230724	-3.84266805649	1.79941987991	-3.83517980576
8	2	0.499957039952	0.577571222809	-0.171430910915	0.798137159494	3.31036305428	-0.995592355728	4.55330562592
9	2	0.499991949648	-0.506853066377	0.218778614612	-0.833808063581	-2.89623856544	1.22394216061	-4.77579927444
10	2	0.499993056059	0.353136848262	-0.0105685960131	0.93551198345	2.07164573669	-0.0951639264822	5.33123493195
11	2	0.499999139458	-0.566771855892	0.116504498574	-0.815595711846	-3.23135137558	0.655868947506	-4.67099571228
12	2	0.499999150634	0.659174781661	-0.0880434903369	0.746817883443	3.75670194626	-0.530319392681	4.2778172493
13	2	0.499989189208	-0.656540437826	0.205981943366	-0.725621176997	-3.74356555939	1.17949604988	-4.15681648254
14	2	0.499987319112	0.600266526295	-0.305265296191	0.739251781432	3.44069814682	-1.73757171631	4.22257852554
15	2	0.499959565699	-0.673717935313	0.303596372243	-0.673745787667	-3.85695171356	1.73779284954	-3.84494543076
16	2	0.499987244606	0.726900374541	-0.284036336055	0.625251313708	4.13887548447	-1.62555742264	3.593988657
17	2	0.499980323017	-0.657145042421	0.285942494634	-0.697421883069	-3.74317598343	1.66675329208	-3.98925352097
18	2	0.49991889298	0.465990555778	-0.500495114217	0.729628290687	2.68134593964	-2.83981323242	4.17585515976
19	2	0.499378886074	-0.379785037757	0.41664752824	-0.825934720367	-2.18802666664	2.36501216888	-4.71951961517
20	2	0.482078801841	0.432143047586	-0.191388804478	0.881261999603	2.41079854965	-1.09657263756	4.9056687355
21	2	0.414327666163	0.0285072831028	0.988839166223	-0.146234189414	0.157715663314	4.82365226746	-0.703476667404
22	2	0.426641859114	0.697624941837	0.396633778395	0.596658265981	3.4823205471	2.00466060638	2.9642162323
23	2	0.49105418846	-0.433453886393	-0.0176158649856	-0.90100355697	-2.48060870171	-0.0738103985786	-5.08847379684
24	2	0.498670592904	0.4999132633	-0.466613822688	0.72962885747	2.84718799591	-2.61680221558	4.20158672333
25	2	0.499916873872	-0.326956669456	0.466765308739	-0.821723483209	-1.90112328529	2.68648695946	-4.67907047272
26	2	0.499992087483	0.359266270319	-0.691986337653	0.626165038558	2.05415654182	-3.91884231567	3.62479734421
27	2	0.499999143183	-0.358544391908	0.571521425729	-0.738111901383	-2.05022716522	3.29145026207	-4.20125007629
28	2	0.500000044703	0.340943476647	-0.658224311869	0.671191702121	1.94614362717	-3.74482584	3.85693478584
29	2	0.500000156462	-0.375813574096	0.503380040632	-0.778056998052	-2.14234471321	2.92828464508	-4.4206199646
0	3	0.500000149012	-0.393183346302	0.513979601754	-0.762385614483	-2.22793388367	2.98152947426	-4.34250307083
1	3	0.500000283122	0.269092787238	-0.504795386671	0.82022599901	1.56817066669	-2.8964304924	4.67373037338
2	3	0.500000007451	-0.504442758792	0.467544562796	-0.725906044129	-2.83156466484	2.68915438652	-4.17967224121
3	3	0.49999974668	0.408556581455	-0.424910678533	0.807794797593	2.37003469467	-2.43406367302	4.60147380829
4	3	0.499998904765	-0.755724894256	0.34464938335	-0.556863256785	-4.2859582901	1.98344278336	-3.2306201458
5	3	0.499992951751	0.748818498773	-0.177353143393	0.638605291572	4.27455186844	-1.05974578857	3.64779639244
6	3	0.499946519732	-0.697117388794	0.240623793351	-0.675372146534	-3.98537302017	1.35046243668	-3.86943554878
7	3	0.499332040548	0.62652468972	-0.127189349482	0.768953628348	3.58830857277	-0.7639336586	4.37583780289
8	3	0.499680928886	-0.590329272442	0.234379450981	-0.772384375202	-3.36869001389	1.31347584724	-4.43009281158
9	3	0.499613944441	0.437663549353	-0.0662546851047	0.896694448666	2.55198454857	-0.375715076923	5.103951931
10	3	0.499965593219	-0.482170421974	0.0200782813324	-0.875847330756	-2.75616168976	0.115895725787	-5.00693798065
11	3	0.499992534518	0.530555347728	-0.142254068158	0.835628388155	3.04177308083	-0.807148814201	4.77296066284
12	3	0.499988343567	-0.560568335523	0.141742927055	-0.815887298491	-3.20781946182	0.814614593983	-4.66140508652
13	3	0.49997574091	0.572561624991	-0.233442792634	0.785924708961	3.27266263962	-1.33501446247	4.49388456345
14	3	0.499294336885	-0.511411639447	0.26398991543	-0.817782036724	-2.94296336174	1.51130175591	-4.65419912338
15	3	0.499457977712	0.740038647037	-0.26592524979	0.617759307834	4.20700550079	-1.51183962822	3.56507492065
16	3	0.499281000346	-0.55422155272	0.246365399077	-0.795073934071	-3.18681764603	1.40889668465	-4.52536582947
17	3	0.499708428979	0.49327133049	-0.416658209476	0.763596314156	2.84286999702	-2.36189317703	4.35961294174
18	3	0.499752633274	-0.455655364309	0.501991632593	-0.735107196117	-2.5932059288	2.86705493927	-4.20920228958
19	3	0.49596703425	0.217605162301	-0.476398381772	0.851875915368	1.27602612972	-2.73036789894	4.83082342148
20	3	0.423416078091	-0.101734017307	0.982278158748	0.157416036571	-0.498686492443	4.87020683289	0.702164888382
21	3	0.317579902709	-0.046038399884	0.876537278441	-0.479127191087	-0.163340598345	3.3191177845	-1.81461048126
22	3	0.449748419225	-0.190805363452	0.686331971811	-0.701813178665	-1.00705611706	3.57006645203	-3.70160412788
23	3	0.49826117605	0.489053834171	-0.193374222019	0.850548503932	2.7459821701	-1.13991081715	4.87588071823
24	3	0.49982137233	-0.382800460668	0.50043916082	-0.776546491609	-2.17399120331	2.84854245186	-4.45699882507
25	3	0.499973483384	0.178296633116	-0.626494249033	0.75875903062	1.0452105999	-3.56579780579	4.34611654282
26	3	0.499999009073	-0.261450260215	0.654421116173	-0.709490496159	-1.4967468977	3.7495470047	-4.04781484604
27	3	0.500000350177	0.317739199113	-0.725529919217	0.61044912783	1.80622076988	-4.12736701965	3.52125501633
28	3	0.500000216067	-0.300281302215	0.636007900524	-0.710862215912	-1.72725558281	3.64852881432	-4.04822969437
29	3	0.499999389052	0.382415264715	-0.680601164464	0.624932492549	2.17706441879	-3.8685541153	3.6039185524
0	4	0.499999850988	0.277575443278	-0.744896313989	0.60669708644	1.58203244209	-4.23277330399	3.50591802597
1	4	0.499999582767	-0.244763272129	0.597120201314	-0.763896855472	-1.40526497364	3.4274058342	-4.35521507263
2	4	0.500000059605	0.201690320443	-0.61761879814	0.760176318247	1.20233142376	-3.52709770203	4.33887195587
3	4	0.499999687076	-0.419249851972	0.561094316726	-0.713724547258	-2.39215040207	3.22075271606	-4.07573127747
4	4	0.499997481704	0.530942813385	-0.56860668194	0.62832011759	3.05047035217	-3.24980115891	3.58444929123
5	4	0.49995790422	-0.657117300323	0.511668652097	-0.553526913598	-3.76746439934	2.89090871811	-3.1904399395
6	4	0.499470695853	0.686489464621	-0.0827994965292	0.722410173197	3.93272209167	-0.550911307335	4.11116266251
7	4	0.496994279325	-0.678793317754	0.297777444363	-0.671243789841	-3.8754696846	1.66573572159	-3.85589075089
8	4	0.448692608625	0.560970676453	-0.131378815703	0.817344178999	2.90814447403	-0.666028141975	4.21808099747
9	4	0.495783232152	-0.815905009185	-0.249513922373	-0.52157628256	-4.62044286728	-1.39153540134	-3.05232000351
10	4	0.499530766159	0.517745558532	0.144325810693	0.843273144947	3.01541519165	0.782969355583	4.79628562927
11	4	0.499982252717	-0.636879550528	0.220153891301	-0.738861761268	-3.63104581833	1.21769165993	-4.24780702591
12	4	0.49998979643	0.507808461528	-0.145814495224	0.849039869136	2.93391537666	-0.856162428856	4.83351659775
13	4	0.499338440597	-0.536686489319	0.329671586403	-0.776713755061	-3.06807041168	1.85823762417	-4.44280767441
14	4	0.497342906892	0.450186976603	-0.290178574951	0.844469111772	2.59365105629	-1.6537065506	4.81827449799
15	4	0.446710303426	-0.807763406889	-0.00562131881532	-0.589480007519	-4.13115596771	0.00615553930402	-3.06529855728
16	4	0.49747409299	0.523911417087	-0.0196071292044	0.851547055382	3.01466369629	-0.151616036892	4.85950994492
17	4	0.498092338443	-0.646134241007	0.310022523101	-0.697421377482	-3.65627622604	1.77208971977	-4.00793790817
18	4	0.479766845703	0.431731432841	-0.615670666988	0.659209829802	2.39665818214	-3.37049341202	3.67320632935
19	4	0.497967626899	-0.361493248552	0.302944278376	-0.881786479512	-2.06764006615	1.73112154007	-5.04609251022
20	4	0.474093429744	0.522711790454	0.13130397397	0.842337017197	2.86231613159	0.662603378296	4.64127159119
21	4	0.43623650074	0.56726273056	0.670125145443	-0.478691219852	2.85493659973	3.45900201797	-2.44657087326
22	4	0.464493989944	-0.5683518547	0.313047990471	0.760905463853	-3.02996301651	1.6553838253	4.16262626648
23	4	0.498092397116	-0.0295013357662	0.136376642521	-0.990217694531	-0.194787502289	0.796808481216	-5.66015052795
24	4	0.499609813094	0.106364674725	-0.472503608095	0.874886790567	0.625275790691	-2.68183422089	5.00872421265
25	4	0.499993439764	-0.100350862967	0.589196600741	-0.801733789969	-0.599790871143	3.3747947216	-4.5764298439
26	4	0.499999158084	0.21951560263	-0.720515529634	0.657776764381	1.23421800137	-4.09960985184	3.79067516327
27	4	0.500000104308	-0.162658777551	0.661521218352	-0.73207363001	-0.944326758385	3.80173492432	-4.16582727432
28	4	0.500000320375	0.329074151516	-0.683634091156	0.651425077973	1.86140990257	-3.90081548691	3.74221897125
29	4	0.499999590218	-0.310215588318	0.639557915258	-0.703371851722	-1.76214945316	3.67963242531	-4.00637626648
0	5	0.499998517334	-0.0480895735239	0.715142269453	-0.697322685247	-0.31773096323	4.10835075378	-3.9660859108
1	5	0.499997086823	0.284274952387	-0.706645777647	0.647950226776	1.6072409153	-4.03926467896	3.71412825584
2	5	0.499997586012	-0.369508577096	0.687211861783	-0.625462443698	-2.08920955658	3.93782711029	-3.58083772659
3	5	0.499997138977	0.369864284639	-0.768310848262	0.522397216102	2.12545442581	-4.37996482849	2.99936676025
4	5	0.49999833107	-0.439950689393	0.777114142106	-0.45004111039	-2.53888082504	4.41415214539	-2.60433673859
5	5	0.499939084053	0.68019297055	-0.536949046226	0.499022288652	3.8601808548	-3.09677696228	2.86744904518
6	5	0.498518288136	-0.704624334668	0.443561502768	-0.553857147878	-4.02416276932	2.49716639519	-3.19494438171
7	5	0.442198090255	0.637978190512	0.299563108584	0.709398176208	3.26487135887	1.45984578133	3.64147615433
8	5	0.247982488945	0.541132504825	-0.0303161196671	0.840390709795	1.63325715065	-0.0843600481749	2.47345423698
9	5	0.444500081241	0.509226415602	-0.00126716428595	0.860631658695	2.63279294968	-0.0192853100598	4.39387178421
10	5	0.499450080097	-0.815921075666	0.121618522211	-0.565227151984	-4.63276052475	0.67553383112	-3.28685998917
11	5	0.499953337014	0.71262339793	-0.0565604894027	0.699263043326	4.08251237869	-0.373764365911	3.98759412766
12	5	0.499957621098	-0.709375319208	0.237251301103	-0.663700592605	-4.04281139374	1.35529708862	-3.81029248238
13	5	0.49965954572	0.64140044697	-0.260768595457	0.721529768097	3.66873502731	-1.50401651859	4.12066984177
14	5	0.447548449039	-0.539397255799	0.260836533309	-0.800634063307	-2.79923844337	1.33426833153	-4.11236429214
15	5	0.241845132783	-0.628259953498	0.163774413296	-0.760570425655	-1.82067728043	0.489542543888	-2.19163012505
16	5	0.44347576797	-0.508726520012	0.198219664818	-0.837798479538	-2.61998510361	1.00605523586	-4.26800966263
17	5	0.472151316702	0.540772797181	-0.32556142541	0.775612364596	2.95980215073	-1.78703069687	4.22452402115
18	5	0.343294081045	0.040463377322	0.0359234495004	0.998535037378	0.187098443508	0.0949476212263	4.08904647827
19	5	0.426222167909	-0.0287481051841	-0.241361311264	0.970009414322	-0.10701289773	-1.19201469421	4.82085037231
20	5	0.494207903743	-0.520791686854	0.170606648093	-0.836462426251	-2.95264410973	0.947921872139	-4.78236246109
21	5	0.406453829259	0.185793561464	-0.00822174736563	0.982554403272	0.926734864712	-0.0555379763246	4.6569442749
22	5	0.335177283734	0.455345947619	-0.296834874609	0.839374246211	1.76637268066	-1.15183269978	3.3889913559
23	5	0.474262855947	0.247724054499	-0.219181916696	0.94371186292	1.33398509026	-1.19579005241	5.16666793823
24	5	0.499841595069	-0.111181555416	0.29752280515	-0.948218773359	-0.675962626934	1.74082446098	-5.40722179413
25	5	0.499978482723	0.282535193408	-0.625817769051	0.726997926012	1.57670652866	-3.55002403259	4.19979953766
26	5	0.500000569969	0.00784005760191	0.596375029624	-0.802667650736	-0.0060919909738	3.44162249565	-4.56925439835
27	5	0.499999776483	-0.00948296432217	-0.789420912215	0.613779029249	-0.0185091122985	-4.48455810547	3.55036044121
28	5	0.500000201166	-0.247967430261	0.627024967304	-0.738479413326	-1.39552521706	3.62189388275	-4.20067548752
29	5	0.499999858439	0.0621023596886	-0.783445231418	0.618350116268	0.390620529652	-4.4563703537	3.56283760071
0	6	0.499985828996	0.195689085183	-0.859551339003	0.472098800632	1.11327528954	-4.89119958878	2.74698758125
1	6	0.499920621514	-0.178989130303	0.752421254163	-0.633896795636	-1.02711498737	4.32194852829	-3.60008144379
2	6	0.49991132319	0.234439564018	-0.7557515911	0.611455332279	1.35278868675	-4.33370494843	3.47567510605
3	6	0.49995239079	-0.393918376982	0.816235959258	-0.422595753754	-2.24739170074	4.6500043869	-2.45341420174
4	6	0.499986030161	0.482869801678	-0.680372398772	0.551298606579	2.73615598679	-3.92478942871	3.13094711304
5	6	0.499934963882	-0.343331706943	0.778772170678	-0.525011661951	-2.0293006897	4.41717147827	-3.01691579819
6	6	0.499089553952	0.606663709866	-0.486178313554	0.628959291657	3.45549917221	-2.80388069153	3.57779526711
7	6	0.494416370988	-0.70651146437	0.391289747683	-0.58968965064	-4.00524997711	2.22346639633	-3.37307739258
8	6	0.443119544536	0.543380325528	0.0835741354462	0.835316218993	2.78521776199	0.404872387648	4.2632689476
9	6	0.494890503585	-0.642046830068	0.493268387841	-0.586908992567	-3.67543172836	2.75839090347	-3.36611032486
10	6	0.49942176044	0.749461653183	-0.152596805047	0.644221581056	4.27789163589	-0.928888142109	3.67194771767
11	6	0.49996612221	-0.73283267029	0.430783252273	-0.526670738617	-4.19296979904	2.41722726822	-3.04892659187
12	6	0.499987386167	0.706017280922	-0.41169539398	0.576234762588	4.03912830353	-2.34196257591	3.29937839508
13	6	0.499263629317	-0.728112042649	0.410416505013	-0.549009240143	-4.15649223328	2.33082890511	-3.14426875114
14	6	0.497150205076	0.768951845093	-0.368530411852	0.522396779726	4.38475561142	-2.10333418846	3.00172662735
15	6	0.442236050963	-0.564187119602	0.255949717352	-0.784973016264	-2.8872487545	1.30656814575	-3.98994421959
16	6	0.492781117558	0.921188452395	-0.219864797192	0.32104720234	5.21162652969	-1.31405603886	1.83287405968
17	6	0.486872375011	-0.657963193393	0.747941059314	-0.0875705882893	-3.74291825294	4.17793750763	-0.53599691391
18	6	0.390050959773	0.0547561324126	-0.216526172458	0.974740058992	0.257107943296	-0.983187317848	4.48517513275
19	6	0.382533486933	0.0712438121318	-0.354600494353	0.932299741841	0.342094242573	-1.6034860611	4.26672506332
20	6	0.402508944273	0.782424355886	-0.147745254264	0.604965674364	3.69316768646	-0.655214190483	2.8904812336
21	6	0.369605217129	0.46422420832	0.194078006675	0.864193040781	2.06071424484	0.817975282669	3.82042312622
22	6	0.418287776411	0.464919237149	-0.0403373022643	0.884433719945	2.27168655396	-0.213555157185	4.29689359665
23	6	0.498103266582	-0.230992497392	0.277083054629	-0.932666846728	-1.3540763855	1.5864212513	-5.32756757736
24	6	0.499531112611	0.430556969959	-0.412240136914	0.802918903213	2.41140699387	-2.33765268326	4.62357521057
25	6	0.499992735684	-0.236314034587	0.43037977504	-0.871165269219	-1.37475574017	2.49425578117	-4.95897006989
26	6	0.499997980893	0.252899737493	-0.649292856877	0.717259024889	1.4179661274	-3.69999504089	4.12377977371
27	6	0.49999859184	-0.0530904093366	0.685436714881	-0.726194132674	-0.334287196398	3.93012714386	-4.14001178741
28	6	0.499999314547	0.235866237124	-0.751620398004	0.615982057765	1.33148908615	-4.28226709366	3.54696512222
29	6	0.49999409169	-0.151525665665	0.684336741676	-0.713248341489	-0.87114572525	3.94279074669	-4.04888248444
0	7	0.4997946769	-0.295933475579	0.800515357048	-0.521151169203	-1.65801382065	4.58722877502	-2.98068571091
1	7	0.49905064702	0.0263533467244	-0.934356477448	0.355363861652	0.211604699492	-5.31666088104	2.08373403549
2	7	0.496462777257	-0.16317707272	0.899599519826	-0.405085110647	-0.963882565498	5.11954641342	-2.3042986393
3	7	0.499318793416	0.407940891844	-0.727400524913	0.551790453993	2.29061293602	-4.1898059845	3.13514757156
4	7	0.499919831753	-0.301976902913	0.859624595587	-0.412135299105	-1.76260495186	4.8924870491	-2.37991905212
5	7	0.499978363514	0.548656372457	-0.64278074816	0.534611162207	3.09450244904	-3.72267627716	3.04641366005
6	7	0.499885812402	-0.446076223493	0.691723537218	-0.56792125413	-2.59568285942	3.92090415955	-3.25391197205
7	7	0.499144501984	0.612216438091	-0.471884384558	0.634441613185	3.49693751335	-2.68653154373	3.62723112106
8	7	0.499617964029	-0.602666201924	0.178873216048	-0.777687483272	-3.46755623817	1.0418946743	-4.42881011963
9	7	0.499341830611	0.76646527977	-0.241273486213	0.59524623456	4.34982776642	-1.41805589199	3.41996264458
10	7	0.499927699566	-0.625386650829	0.433028119289	-0.649136491711	-3.5990858078	2.44281387329	-3.71117734909
11	7	0.49999178946	0.679242955519	-0.300966705776	0.66936391402	3.88444232941	-1.76100921631	3.80878543854
12	7	0.499987736344	-0.6800741394	0.415586050931	-0.603976323369	-3.8981487751	2.36742210388	-3.44704055786
13	7	0.499961450696	0.760940185718	-0.407677800693	0.504746317056	4.33961725235	-2.33586263657	2.89791488647
14	7	0.499249763787	-0.748104413058	0.363172438043	-0.555378760316	-4.27397632599	2.08732700348	-3.15640187263
15	7	0.499042183161	0.715173778473	-0.472479559625	0.515062648928	4.08754301071	-2.68755626678	2.95071983337
16	7	0.497616305947	-0.713206748348	0.583724280613	-0.388074861766	-4.10120391846	3.3047041893	-2.23030543327
17	7	0.415954917669	0.739983091557	-0.650777846051	0.170038875844	3.5751285553	-3.14684247971	0.842319488525
18	7	0.396850824356	0.885466448636	-0.453286734703	0.102373358263	4.17542362213	-2.1359140873	0.510493755341
19	7	0.422017337754	0.42570224594	0.218291801357	0.878137965961	2.1321516037	1.06209051609	4.35022974014
20	7	0.342945709825	0.800441732823	0.327498055129	0.502033919414	3.28392696381	1.27247965336	2.08417201042
21	7	0.435618966818	0.933887520864	-0.0379691659986	0.355545272515	4.72364473343	-0.189249515533	1.85974597931
22	7	0.497387237847	-0.558063439608	0.214388362745	-0.80162511643	-3.19251251221	1.22079873085	-4.57977199554
23	7	0.499155383557	0.41155114894	-0.224983106609	0.883180759271	2.34216785431	-1.29665434361	5.04131603241
24	7	0.499974228442	-0.319882229737	0.274373936199	-0.906859582423	-1.8557612896	1.60289561749	-5.16672182083
25	7	0.499994389713	0.359410397337	-0.521773633312	0.773677220724	2.04521298409	-2.96027851105	4.44485807419
26	7	0.499988690019	-0.249050005215	0.603066657452	-0.757815743814	-1.42784738541	3.44755840302	-4.33107709885
27	7	0.499985530972	0.186863627369	-0.698785311377	0.690493355052	1.0694425106	-3.97772550583	3.96657776833
28	7	0.499953478575	-0.235669796183	0.720227675934	-0.652481296273	-1.33202910423	4.11139440536	-3.74273133278
29	7	0.499961130321	0.159384343843	-0.767355330928	0.621097759643	0.926610827446	-4.37578487396	3.56127929688
0	8	0.499010644853	0.253208518352	-0.791887888211	0.555696876669	1.4516890049	-4.50365638733	3.1939496994
1	8	0.484554886818	-0.447066329949	0.71629098245	-0.535778802387	-2.46615386009	4.03522396088	-2.9932923317
2	8	0.426435433328	0.63923523489	-0.602893774474	-0.477386019041	3.12539815903	-3.05676364899	-2.32231712341
3	8	0.492473982275	-0.104171342591	0.793547807515	-0.599524985777	-0.630906641483	4.52323865891	-3.3721704483
4	8	0.499647811055	0.316286140033	-0.898945668567	0.30308375507	1.79443311691	-5.12984657288	1.76452875137
5	8	0.499986544251	-0.297148597799	0.884011702578	-0.360868425511	-1.76622247696	5.02537250519	-2.09500527382
6	8	0.499985381961	0.672315856488	-0.526448260404	0.520426381184	3.82154798508	-3.03922462463	2.98322963715
7	8	0.499983265996	-0.634996443047	0.456138025788	-0.623472227728	-3.64677429199	2.58548021317	-3.56627511978
8	8	0.499953977764	0.700472554042	-0.228595938593	0.676078470218	3.99635314941	-1.33719468117	3.86449170113
9	8	0.499977216125	-0.660312918444	0.447722738758	-0.602935484887	-3.78115320206	2.53126811981	-3.46285796165
10	8	0.499989196658	0.620635836295	-0.442533818474	0.647282765268	3.54747438431	-2.53243803978	3.69930434227
11	8	0.49999794364	-0.624622034998	0.547088990422	-0.557262011942	-3.58259654045	3.08936738968	-3.21333694458
12	8	0.499999441206	0.723874257877	-0.381308682547	0.574986736714	4.12270736694	-2.20436763763	3.29192447662
13	8	0.499987080693	-0.697917428873	0.522636927687	-0.489654882844	-4.00626754761	2.95888519287	-2.80754232407
14	8	0.499969407916	0.792303296526	-0.399008887697	0.461570572992	4.51392555237	-2.30346560478	2.64759063721
15	8	0.499795362353	-0.75703471088	0.428693222424	-0.493072578401	-4.32804584503	2.44154787064	-2.82360363007
16	8	0.475411102176	0.72244984386	-0.359071029604	0.590875806584	3.97627496719	-1.98662090302	3.2121322155
17	8	0.328665308654	0.691535279771	-0.580893551343	0.429350251939	2.74513888359	-2.25556969643	1.67644357681
18	8	0.412943601608	0.900939818579	-0.177676658032	0.395902069318	4.31842327118	-0.896802663803	1.91157245636
19	8	0.494860038161	-0.450346463248	0.456428675056	-0.767372743604	-2.60082864761	2.58010530472	-4.36879777908
20	8	0.4800003618	0.525195399774	-0.345631357248	0.777630218641	2.91018724442	-1.91871321201	4.29873847961
21	8	0.49794228375	-0.480735596779	0.44875065641	-0.753336667341	-2.79003810883	2.53843927383	-4.29565620422
22	8	0.499360576272	0.563140432739	-0.30005236341	0.769961968039	3.20747065544	-1.72386479378	4.39934968948
23	8	0.499958232045	-0.384385846235	0.276707003866	-0.880727401201	-2.23661375046	1.5996658802	-5.01490592957
24	8	0.499989166856	0.478026583204	-0.436611479385	0.762142376344	2.71494579315	-2.47317457199	4.38249540329
25	8	0.499990142882	-0.440035010512	0.348512978939	-0.827591622139	-2.50089883804	2.03354454041	-4.7232542038
26	8	0.499972365797	0.262398593472	-0.562751731909	0.783873373943	1.51002836227	-3.19466614723	4.4959821701
27	8	0.499340746552	-0.202616694304	0.465159405194	-0.861726872593	-1.15410256386	2.68309640884	-4.90713405609
28	8	0.499424967915	0.124361326004	-0.561434036792	0.818123513246	0.716844558716	-3.21001696587	4.67724752426
29	8	0.499197535217	-0.190325718184	0.646152189278	-0.739096387009	-1.08643949032	3.71026039124	-4.20131063461
0	9	0.495502203703	-0.216029458875	0.687070375001	-0.693733070204	-1.22795915604	3.963337183	-3.89055538177
1	9	0.428492419422	0.0417278043143	-0.884280358209	-0.465088205004	0.242846667767	-4.42595052719	-2.25498104095
2	9	0.270999379456	0.264796503314	-0.953536789743	-0.143702478895	0.862672626972	-3.07798433304	-0.42542719841
3	9	0.457277044654	0.17092234396	-0.929292375437	0.327415994248	0.920371592045	-4.90110588074	1.69869327545
4	9	0.499531313777	-0.287367759358	0.921779332851	-0.260274148564	-1.67388677597	5.25189352036	-1.5259346962
5	9	0.499958366156	0.5780476674	-0.700877296549	0.417889829256	3.28802251816	-4.02042627335	2.40224337578
6	9	0.499997064471	-0.767205925776	0.412230273104	-0.491387087122	-4.3762793541	2.36087799072	-2.82846164703
7	9	0.499994821846	0.754613967669	-0.192485669926	0.627301384242	4.30817604065	-1.13898360729	3.58407878876
8	9	0.499999001622	-0.715828151324	0.273525494405	-0.64247479459	-4.08259296417	1.5713429451	-3.6808924675
9	9	0.499997958541	0.613950056326	-0.408977187067	0.675131830679	3.51890611649	-2.3237965107	3.86105012894
10	9	0.499999962747	-0.528182993006	0.412460984135	-0.742225479532	-3.04331731796	2.35813617706	-4.22666835785
11	9	0.500000067055	0.593133394274	-0.411814114609	0.691810603855	3.39229130745	-2.36648130417	3.94695854187
12	9	0.499999657273	-0.600332513746	0.412423636658	-0.685206258629	-3.44915008545	2.36670041084	-3.89819765091
13	9	0.499999433756	0.755888370004	-0.418624806938	0.503374654815	4.29769611359	-2.43233132362	2.88552856445
14	9	0.499990716577	-0.67147616609	0.619071392775	-0.407271861317	-3.86655592918	3.49823474884	-2.35081362724
15	9	0.499719232321	0.802248146873	-0.309247993897	0.510650163135	4.58059453964	-1.80410647392	2.90408420563
16	9	0.499086782336	-0.874189878504	0.307810710934	-0.37555907998	-4.98723363876	1.76133561134	-2.17062830925
17	9	0.474142894149	0.910617320867	-0.140211183118	0.38873759667	4.97106409073	-0.811412572861	2.13261294365
18	9	0.495178863406	-0.630582740954	0.671772889249	-0.388698587702	-3.6160736084	3.78558039665	-2.2498626709
19	9	0.498969063163	0.533904773245	-0.379354317585	0.755669236396	3.07152915001	-2.20606827736	4.27916908264
20	9	0.499750927091	-0.580198865978	0.427907267872	-0.693011288523	-3.33110046387	2.44359874725	-3.95095276833
21	9	0.499701015651	0.68444471754	-0.445770180736	0.576909329617	3.89327001572	-2.54104542732	3.32275414467
22	9	0.499978609383	-0.656829756654	0.403371994905	-0.63707590168	-3.74543476105	2.29917168617	-3.65698432922
23	9	0.499988012016	0.63610515409	-0.372125602709	0.67593843562	3.61258077621	-2.12508511543	3.89099597931
24	9	0.499996930361	-0.441135754816	0.445162432857	-0.779249417193	-2.54436564445	2.53205132484	-4.45022010803
25	9	0.499990418553	0.415493863562	-0.486965761286	0.768263754629	2.36174917221	-2.75596022606	4.41921472549
26	9	0.499355606735	-0.291383393124	0.419144201002	-0.859891770503	-1.65656137466	2.41566991806	-4.90167331696
27	9	0.498341009021	0.165746933304	-0.421258827517	0.891666391841	0.951484560966	-2.40576887131	5.10634899139
28	9	0.448640631512	0.141393343941	0.234528635492	-0.961771408092	0.697340130806	1.24197292328	-4.97445058823
29	9	0.4945320189	0.189275580167	-0.744887096805	0.639779624376	1.07042372227	-4.21493148804	3.67059540749
0	10	0.497726917267	0.155725923936	-0.886790724069	0.435145548431	0.885145962238	-5.03307819366	2.5377175808
1	10	0.496236905456	-0.11180363003	0.886183110928	-0.449643683619	-0.642410039902	5.06832885742	-2.54801917076
2	10	0.459949791431	-0.0456836150083	-0.92510665419	0.376949181845	-0.197443887591	-4.91603469849	1.97017204762
3	10	0.497981145978	-0.305001949018	0.845105752356	-0.439055894425	-1.75727581978	4.8248128891	-2.51407241821
4	10	0.499402336776	0.462147986545	-0.70719908275	0.535059525557	2.62838244438	-4.05958747864	3.04104661942
5	10	0.499878883362	-0.499184116275	0.619345092184	-0.605992470948	-2.89301872253	3.51980543137	-3.46094918251
6	10	0.499920167029	0.803429166288	-0.156146071453	0.57456068359	4.57291984558	-0.939535439014	3.30878305435
7	10	0.499974407256	-0.741211472513	0.185270866117	-0.645197844993	-4.23175144196	1.06552290916	-3.69350600243
8	10	0.499985456467	0.621083593575	-0.35527685221	0.698593965101	3.58310294151	-2.00947570801	3.9777534008
9	10	0.499997124076	-0.655927497713	0.267974545392	-0.70565484535	-3.74687337875	1.5672519207	-4.02439498901
10	10	0.499998837709	0.613834151863	-0.370794238122	0.696935626139	3.5208427906	-2.12912893295	3.97134637833
11	10	0.499997787178	-0.60657684325	0.458671559194	-0.649372723496	-3.46816396713	2.6183655262	-3.71438193321
12	10	0.499998755753	0.555607227529	-0.508563334158	0.657771954303	3.19568300247	-2.91534614563	3.74027514458
13	10	0.499999403954	-0.566914702104	0.678438342456	-0.467257034216	-3.26649355888	3.84756016731	-2.68976926804
14	10	0.499995350838	0.667701402519	-0.612711959774	0.42279887822	3.81823205948	-3.49596309662	2.42657113075
15	10	0.499988287687	-0.766008489338	0.40596710525	-0.498419204803	-4.37904119492	2.34187817574	-2.8362390995
16	10	0.499706551433	0.841173089243	-0.344165525445	0.417106611105	4.80061721802	-1.98669183254	2.37988138199
17	10	0.499793991446	-0.854239249185	0.366412030631	-0.36880554356	-4.87363386154	2.10555791855	-2.12227916718
18	10	0.499588400126	0.722728788852	-0.513733256569	0.462321575161	4.13765287399	-2.92919969559	2.63456749916
19	10	0.499944463372	-0.717079422063	0.483771927942	-0.501758731055	-4.09536314011	2.76015806198	-2.8814971447
20	10	0.499974384904	0.747008013621	-0.473097310658	0.467073829533	4.25803279877	-2.69559788704	2.7010884285
21	10	0.499995067716	-0.715537631138	0.397913390904	-0.574169688999	-4.07502651215	2.28299617767	-3.29798126221
22	10	0.499995589256	0.598016221471	-0.382675719663	0.704227159685	3.43123984337	-2.18141293526	4.01933956146
23	10	0.499999605119	-0.62124636554	0.282265038706	-0.731012586231	-3.53592586517	1.63378322124	-4.18547725677
24	10	0.49999961257	0.584804356721	-0.291271411788	0.757076501442	3.30286741257	-1.68601846695	4.35613250732
25	10	0.499968543649	-0.227820841154	0.220651178364	-0.948372670327	-1.34328067303	1.33154582977	-5.40199804306
26	10	0.499712899327	0.196407940411	-0.560419147431	0.804583308388	1.12972617149	-3.16674661636	4.62732553482
27	10	0.45299196057	-0.172410016841	0.32594192418	-0.929535716449	-0.884917020798	1.70538330078	-4.85238552094
28	10	0.255420412868	0.0231998486725	0.197779201198	-0.979972017251	0.0452696681023	0.638782858849	-2.98671460152
29	10	0.438424958847	0.0335341127476	0.18692377757	-0.981801896851	0.16266515851	0.979283452034	-4.97285556793
0	11	0.498899146914	-0.157653791934	0.885811058983	-0.436444784219	-0.910456776619	5.04413843155	-2.50851631165
1	11	0.499364778399	0.172379821065	-0.909738849402	0.377704147686	0.994034707546	-5.18463802338	2.17690181732
2	11	0.499492481351	-0.277330741506	0.887886755675	-0.367075971581	-1.58265960217	5.06690692902	-2.12453269958
3	11	0.49938673526	0.484711068154	-0.663312798316	0.57015025388	2.74156618118	-3.82714414597	3.23633670807
4	11	0.499669879675	-0.484457436753	0.691321512346	-0.536074209921	-2.78264641762	3.92548298836	-3.084451437
5	11	0.499166466296	0.624992630846	-0.393103425064	0.674428579311	3.54656767845	-2.2695775032	3.86494874954
6	11	0.498156271875	-0.662653347965	0.0520867638256	-0.747112782293	-3.80570793152	0.303954958916	-4.2478890419
7	11	0.499173894525	0.660640324454	-0.0940407213681	0.744789033506	3.798828125	-0.543895959854	4.2279715538
8	11	0.499951794744	-0.815980688184	0.321106191596	-0.480693592873	-4.64129447937	1.84115481377	-2.7909591198
9	11	0.499954529107	0.661448018274	-0.462871064958	0.590116002449	3.80861377716	-2.63302254677	3.35659623146
10	11	0.499958157539	-0.790091410538	0.433021085069	-0.433875907236	-4.48553943634	2.49529218674	-2.52295541763
11	11	0.4999544397	0.644873413582	-0.467338806303	0.604758398519	3.70666646957	-2.69231843948	3.4241669178
12	11	0.499989330769	-0.675930512711	0.571192061029	-0.465679687558	-3.85163426399	3.26738405228	-2.68045091629
13	11	0.499998763204	0.599064972272	-0.613964112001	0.513973956705	3.42968916893	-3.52189445496	2.91909360886
14	11	0.499999791384	-0.631864464494	0.644592687777	-0.43040395604	-3.61525583267	3.68420982361	-2.45785498619
15	11	0.499995663762	0.679588460937	-0.610276756102	0.407089430866	3.89065074921	-3.4842903614	2.3273961544
16	11	0.49999396503	-0.749213621816	0.569300373459	-0.338490817697	-4.27966070175	3.24634218216	-1.96107912064
17	11	0.499983325601	0.74005890061	-0.551839045741	0.384430086261	4.24522972107	-3.13083171844	2.20575118065
18	11	0.499991938472	-0.797740012172	0.414623545085	-0.437833517266	-4.54585838318	2.3961687088	-2.50634884834
19	11	0.499992877245	0.750431243213	-0.440260959352	0.492973870382	4.29578351974	-2.5134139061	2.81248903275
20	11	0.499998599291	-0.750992097323	0.418373293499	-0.510856787217	-4.28409099579	2.39134073257	-2.93667793274
21	11	0.500000178814	0.550450328618	-0.397119238818	0.734370986549	3.18697142601	-2.27110695839	4.17059135437
22	11	0.499999128282	-0.591418693036	0.325949959242	-0.737550373601	-3.36603355408	1.87939357758	-4.22165966034
23	11	0.499994777143	0.420805948998	-0.353796059737	0.835314731944	2.41589975357	-2.03809928894	4.76643896103
24	11	0.49999666214	-0.307726366549	0.43512597351	-0.846150028368	-1.77733230591	2.49375915527	-4.8301076889
25	11	0.499983731657	0.264477567304	-0.521899329097	0.810970225521	1.50967633724	-2.96697759628	4.64897680283
26	11	0.499430052936	-0.152318215975	0.566291999557	-0.810007735963	-0.901186585426	3.23715519905	-4.61789512634
27	11	0.494931422174	0.332133634838	-0.64057015929	0.692356208636	1.86329162121	-3.63211584091	3.97251653671
28	11	0.435809746385	0.0175096971733	-0.0839905357313	-0.996312702123	0.0691575929523	-0.359131395817	-5.02958869934
29	11	0.491877570748	0.196538862793	-0.733838381094	0.650272024498	1.10664176941	-4.15851783752	3.68749213219
0	12	0.499884001911	0.258637932021	-0.796600249576	0.546383073032	1.46850395203	-4.55833625793	3.12158846855
1	12	0.499972179532	-0.267350430613	0.80616321939	-0.527849041822	-1.53062081337	4.61585521698	-3.00643277168
2	12	0.499970540404	0.339440195299	-0.791897970204	0.507619895791	1.93324303627	-4.53180217743	2.89953017235
3	12	0.499884128571	-0.380565204619	0.741726941957	-0.552278252884	-2.19811725616	4.22489929199	-3.16250705719
4	12	0.499196074903	0.577294330527	-0.508390567583	0.638960317026	3.28202152252	-2.9349861145	3.64353251457
5	12	0.478328332305	-0.305072533451	0.418902695995	-0.855249250583	-1.73483109474	2.31941604614	-4.71369028091
6	12	0.43264721334	0.669032467997	0.665089452201	0.331740225683	3.38865923882	3.29009628296	1.683396101
7	12	0.497592739761	-0.75134241943	-0.137291915191	-0.645473081382	-4.31642436981	-0.743033289909	-3.68981790543
8	12	0.49926815927	0.787316807119	-0.418797133107	0.452483377076	4.51033306122	-2.35905337334	2.59740900993
9	12	0.499214991927	-0.738462765907	0.556889855773	-0.380192624739	-4.2112736702	3.17607593536	-2.18570375443
10	12	0.498755916953	0.612079575102	-0.655918478776	0.441734697463	3.54463434219	-3.72779345512	2.48687934875
11	12	0.499359980226	-0.73547475721	0.634032328522	-0.238913975931	-4.18358325958	3.62251067162	-1.41761159897
12	12	0.499928563833	0.657501822712	-0.664231287384	0.355651725695	3.75840044022	-3.79725694656	2.0343708992
13	12	0.499986350536	-0.564044542898	0.733127908857	-0.379970028926	-3.2424826622	4.18087244034	-2.16746306419
14	12	0.499999567866	0.61380917366	-0.717399522385	0.329509064538	3.5013320446	-4.10556602478	1.89021158218
15	12	0.499999716878	-0.614377194821	0.716541356876	-0.330316736436	-3.51325821877	4.09128141403	-1.90075111389
16	12	0.49999858439	0.609511232011	-0.60530533963	0.511958498188	3.50405025482	-3.46678829193	2.89969730377
17	12	0.499999150634	-0.758343819603	0.446846747476	-0.474597340427	-4.3151049614	2.59366607666	-2.71166110039
18	12	0.499999061227	0.708057440499	-0.550745575217	0.441966030745	4.0646905899	-3.11881756783	2.53878164291
19	12	0.499999389052	-0.832008727295	0.369992348861	-0.413360786104	-4.73310470581	2.14184165001	-2.39050936699
20	12	0.499999836087	0.757338220732	-0.324379814337	0.566759698169	4.32800531387	-1.87984848022	3.22861862183
21	12	0.499999172986	-0.693812179754	0.401786692446	-0.597655513652	-3.95012354851	2.30521297455	-3.43263101578
22	12	0.499979168177	0.529904729625	-0.383364776796	0.756460458605	3.03513240814	-2.22207117081	4.30986213684
23	12	0.499958086759	-0.253547846405	0.546373106781	-0.79824176649	-1.48497307301	3.12304019928	-4.55643606186
24	12	0.499885298312	0.199699203309	-0.616248053705	0.761812683343	1.1569801569	-3.51767539978	4.35620307922
25	12	0.499900273979	-0.285400049409	0.543072594372	-0.789695491338	-1.61984789371	3.12114572525	-4.5065536499
26	12	0.499923706055	0.289361524278	-0.572290345657	0.767302853204	1.62968468666	-3.28121423721	4.38899040222
27	12	0.499256938696	-0.19685171402	0.661967744533	-0.723220649515	-1.15190780163	3.77307629585	-4.12630653381
28	12	0.4982509166	0.306090466182	-0.624301252759	0.718718701799	1.71268093586	-3.55875992775	4.12407445908
29	12	0.49912635237	-0.197038249111	0.728604718311	-0.655981015611	-1.13715493679	4.16696357727	-3.73173236847
0	13	0.499984584749	-0.246827904736	0.804234200005	-0.540632349185	-1.40472972393	4.60686016083	-3.08079433441
1	13	0.499995902181	0.330360283536	-0.805526823223	0.491923388478	1.87977004051	-4.60480260849	2.81804966927
2	13	0.499997004867	-0.293326294267	0.793486952834	-0.533233664329	-1.71255278587	4.53255033493	-3.03741145134
3	13	0.499869339168	0.439813697658	-0.697667056068	0.565530361899	2.54486179352	-3.99012136459	3.21211051941
4	13	0.497019335628	-0.777427788699	0.489251871428	-0.395270337444	-4.43013000488	2.78134083748	-2.2781355381
5	13	0.426818877459	0.852883801135	0.506062102296	0.128414837079	4.23753929138	2.47769117355	0.662173986435
6	13	0.270225532353	0.862901174796	0.400065914875	0.308786052618	2.79250264168	1.25931942463	1.02214431763
7	13	0.45851495862	0.870958125437	0.0661682752535	0.486881610955	4.61376953125	0.352027356625	2.5597281456
8	13	0.498948231339	-0.873831849564	0.321846550325	-0.364462202061	-4.99681997299	1.83486509323	-2.07560276985
9	13	0.49698227644	0.738067427408	-0.637236638908	0.221779031092	4.2348575592	-3.61490011215	1.28217101097
10	13	0.445514857769	-0.834761008371	0.521940732313	0.17536228459	-4.28494644165	2.70196628571	0.835965156555
11	13	0.49589189887	0.661188882913	-0.680087832467	0.316717225996	3.78300714493	-3.87157273293	1.79416847229
12	13	0.499220088124	-0.638434425673	0.703564044443	-0.312088320005	-3.64308452606	4.01559734344	-1.7847867012
13	13	0.499979615211	0.632008566638	-0.742101335282	0.223272882071	3.60093998909	-4.2448759079	1.30688619614
14	13	0.499997526407	-0.493999378574	0.830278730623	-0.258073329587	-2.8469119072	4.72934770584	-1.49130272865
15	13	0.500000432134	0.526715802052	-0.817414281217	0.233247415272	3.01734924316	-4.6594376564	1.37532782555
16	13	0.500000029802	-0.554176151002	0.706210871748	-0.44063022852	-3.16985368729	4.04032754898	-2.51409125328
17	13	0.499999597669	0.585682625089	-0.642305979753	0.494387389647	3.35520815849	-3.66402578354	2.83310508728
18	13	0.499999813735	-0.673447332292	0.441602890922	-0.592836889336	-3.84820556641	2.56186628342	-3.36536359787
19	13	0.500000223517	0.668045389623	-0.534427218595	0.517786544271	3.83781766891	-3.03482055664	2.95823287964
20	13	0.499999493361	-0.725807746911	0.448034561048	-0.521984814559	-4.1315202713	2.57762980461	-2.99755787849
21	13	0.499985672534	0.615234606937	-0.572948289509	0.541494816204	3.52374362946	-3.26656341553	3.09886002541
22	13	0.499947622418	-0.576380383271	0.631508276191	-0.518635662949	-3.27765035629	3.60727572441	-2.99311637878
23	13	0.499010071158	0.338172900232	-0.71838315783	0.607918356438	1.92139387131	-4.09957027435	3.47654771805
24	13	0.498713679612	-0.137754428064	0.809138952296	-0.571242394632	-0.808836817741	4.61737155914	-3.27006387711
25	13	0.499111525714	0.224308736339	-0.705437397504	0.672341928639	1.24781131744	-4.01743888855	3.86965155602
26	13	0.49966635555	-0.105609673842	0.624516315103	-0.773838464384	-0.647859871387	3.57718062401	-4.40867137909
27	13	0.49991620332	0.325174382614	-0.681717787471	0.655379645044	1.80835437775	-3.90486049652	3.76641702652
28	13	0.499938927591	-0.114435792446	0.671644064063	-0.731982718797	-0.69264537096	3.86495780945	-4.15793800354
29	13	0.499940566719	0.221588383188	-0.82413937624	0.521241668487	1.25665616989	-4.70074176788	3.00249481201
0	14	0.499998435378	0.0627672568377	-0.905689235541	0.419269937027	0.406876921654	-5.16802358627	2.41579055786
1	14	0.499999552965	-0.369354908171	0.802635560516	-0.468351479986	-2.11299443245	4.59589958191	-2.66883468628
2	14	0.499996185303	0.5682792308	-0.744027112146	0.351400586557	3.22696065903	-4.26274013519	2.03063678741
3	14	0.499959722161	-0.659211167396	0.663600322958	-0.353659791537	-3.77478218079	3.78794145584	-2.02836894989
4	14	0.499039947987	0.825736539069	-0.490884887742	0.277833034452	4.71485710144	-2.78360843658	1.62161707878
5	14	0.496482223272	-0.906171372511	0.0440641803327	-0.420608834493	-5.18736743927	0.26211899519	-2.3820567131
6	14	0.455102369189	0.908050054988	0.271360364864	0.319074677807	4.78067922592	1.39061069489	1.67134189606
7	14	0.49702462554	-0.930017717591	0.323673364717	-0.174076414082	-5.32856750488	1.79954600334	-0.989590883255
8	14	0.498712226748	0.985105475668	-0.109125681171	0.1328863707	5.61664009094	-0.704919397831	0.774722099304
9	14	0.447910174727	-0.80612169314	0.591705985715	-0.00720016101977	-4.17354011536	3.03251552582	-0.0704960823059
10	14	0.246508978307	-0.765292328596	0.599845706204	-0.233479721905	-2.27914357185	1.74269795418	-0.660062432289
11	14	0.442160084844	-0.912063918802	0.399871612883	-0.0907860189152	-4.62736368179	2.07603144646	-0.489655017853
12	14	0.499092146754	0.593404304324	-0.711796918594	0.375787810193	3.41148734093	-4.06462478638	2.1217455864
13	14	0.499958783388	-0.601882500084	0.704460034385	-0.376129653241	-3.4423263073	4.03052473068	-2.14139223099
14	14	0.499999389052	0.514314886608	-0.737652180213	0.437435090545	2.9442512989	-4.22285461426	2.48762392998
15	14	0.500000149012	-0.466570472369	0.731056880149	-0.497863266671	-2.67657732964	4.19378232956	-2.81813073158
16	14	0.499999642372	0.477438224716	-0.778662482193	0.407108683774	2.736951828	-4.4366645813	2.34795832634
17	14	0.499999813735	-0.379089577892	0.759427501298	-0.528735247743	-2.22445750237	4.32697105408	-3.00813245773
18	14	0.500000193715	0.638027614246	-0.577501500265	0.50932580992	3.63835668564	-3.30692124367	2.92012453079
19	14	0.499999985099	-0.715592357322	0.513407434774	-0.47364584244	-4.06395149231	2.9535639286	-2.73089408875
20	14	0.499997831881	0.51710500672	-0.569832154948	0.638665583237	2.99046516418	-3.25978732109	3.62449216843
21	14	0.499989017844	-0.553478216726	0.6493183655	-0.521581751823	-3.16271448135	3.70882129669	-2.98801040649
22	14	0.499340474606	0.485358752791	-0.712640934794	0.506527175131	2.76361942291	-4.07126522064	2.89832353592
23	14	0.4970818609	-0.187375309571	0.816113199107	-0.546671509782	-1.11197960377	4.66406917572	-3.11204123497
24	14	0.431040018797	0.0259165272223	-0.998281918543	-0.0525504017678	0.150742128491	-4.98159074783	-0.260854482651
25	14	0.466633435339	0.340267867124	0.498321693754	-0.79742916183	1.78039813042	2.70910310745	-4.33261585236
26	14	0.497207544744	0.29845287442	-0.62682301152	0.719735224912	1.6316716671	-3.5920624733	4.12560033798
27	14	0.499287426472	-0.0190409523825	0.788669206116	-0.614522843723	-0.160137191415	4.50125980377	-3.51304936409
28	14	0.499964803457	0.204818385717	-0.835668509645	0.509615120321	1.15624535084	-4.77138185501	2.93197321892
29	14	0.499986618757	-0.144046145446	0.861660380629	-0.486612881494	-0.834228515625	4.93022966385	-2.77208375931
0	15	0.499998524785	-0.176415539489	0.888017840606	-0.424619679468	-1.0419459343	5.07820463181	-2.41607642174
1	15	0.499999955297	0.502763991257	-0.762245797445	0.407688255131	2.84372067451	-4.37841796875	2.33355665207
2	15	0.499999001622	-0.531179998211	0.779572269615	-0.33183563092	-3.06825184822	4.43323898315	-1.90828132629
3	15	0.499985545874	0.812982136642	-0.531853230365	0.23704891236	4.61876678467	-3.07370376587	1.39821076393
4	15	0.499926626682	-0.827851009039	0.363123791001	-0.42755563292	-4.74800395966	2.08928418159	-2.4119925499
5	15	0.499383762479	0.965016387881	0.0389892674399	0.259274387753	5.51581382751	0.135875672102	1.50031471252
6	15	0.499487578869	-0.954580293037	0.235578271054	-0.182426265523	-5.46826410294	1.32213675976	-1.03275203705
7	15	0.499328777194	0.971855280443	-0.221313001669	-0.0807333212902	5.54590368271	-1.31760728359	-0.406968593597
8	15	0.499388575554	-0.833715237905	0.532727735737	-0.145327429145	-4.80326271057	2.98776173592	-0.821050167084
9	15	0.497910574079	0.877199920283	-0.281814846298	0.388716724957	5.0266957283	-1.66466617584	2.1850502491
10	15	0.443935148418	-0.792922680061	0.355808998187	-0.494644903192	-4.06284809113	1.86344337463	-2.48687195778
11	15	0.492908835411	0.495543787853	-0.868216738865	-0.025220005447	2.84205770493	-4.91156959534	-0.105782032013
12	15	0.499402046204	-0.55288223319	0.807943514558	-0.203834524818	-3.16988134384	4.60583305359	-1.16922998428
13	15	0.499984517694	0.691719944994	-0.641172908634	0.33229628185	3.92045116425	-3.69825196266	1.91364073753
14	15	0.499997794628	-0.514895414567	0.746654465142	-0.421176710824	-2.95894742012	4.25935935974	-2.40679049492
15	15	0.499999552965	0.438842072138	-0.778306473057	0.449061988727	2.53695034981	-4.43219804764	2.5712852478
16	15	0.499997481704	-0.58252676128	0.655718026069	-0.480308695195	-3.31455874443	3.77246379852	-2.73350954056
17	15	0.499999552965	0.601091761949	-0.709265275376	0.368281771018	3.42600560188	-4.04426956177	2.14731836319
18	15	0.499997965991	-0.581808931586	0.611285968185	-0.536495882767	-3.33119916916	3.49647116661	-3.05986261368
19	15	0.499999970198	0.565423305853	-0.621360092249	0.542409550947	3.24111175537	-3.54114460945	3.10547685623
20	15	0.499999567866	-0.545009893212	0.626001207457	-0.55775147204	-3.1139330864	3.57325792313	-3.1971373558
21	15	0.499973222613	0.549674595664	-0.68171625896	0.482825829002	3.13202190399	-3.89974665642	2.76816725731
22	15	0.499787271023	-0.464037768798	0.748972570602	-0.472978897642	-2.66474699974	4.27496099472	-2.70454359055
23	15	0.46225695312	0.490369609347	-0.82348584134	0.285322125573	2.58486223221	-4.39511966705	1.53937482834
24	15	0.298808455467	0.158834564196	-0.98195129082	-0.102680298375	0.568917036057	-3.4731695652	-0.36398601532
25	15	0.375157849863	-0.0364648777235	-0.418685397904	-0.907398947693	-0.145309895277	-1.87439453602	-4.02055358887
26	15	0.430181145668	0.19068519818	0.713412950981	-0.674300464606	0.905524015427	3.55171322823	-3.39107847214
27	15	0.497859969735	0.0286641387856	-0.86093127081	0.507913096986	0.180237978697	-4.91663265228	2.92012858391
28	15	0.499267369509	-0.273955149347	0.845331514541	-0.458653689259	-1.54044795036	4.83707094193	-2.61378002167
29	15	0.499986752868	0.231200650361	-0.928494557967	0.290592696224	1.32056486607	-5.29708003998	1.70135617256
0	16	0.499999418855	0.38475248379	-0.866019951596	0.319335199525	2.1750087738	-4.94975090027	1.86506295204
1	16	0.500000193715	-0.394500876063	0.822392498426	-0.409926380364	-2.28782844543	4.68602514267	-2.3475716114
2	16	0.499999478459	0.689590614074	-0.584765341288	0.427216901128	3.90378856659	-3.39015054703	2.44648241997
3	16	0.499997615814	-0.57207522919	0.698749083845	-0.429510942786	-3.31624269485	3.9693236351	-2.44024825096
4	16	0.49998600781	0.779222672584	-0.538998189495	0.319832734804	4.44560003281	-3.08985948563	1.842918396
5	16	0.49996741116	-0.851158872967	0.477808118215	-0.21731998329	-4.88404846191	2.70621466637	-1.24464631081
6	16	0.499958470464	0.899841141097	-0.434387787582	0.0399145435838	5.13910770416	-2.49508213997	0.251764774323
7	16	0.499969869852	-0.811189135263	0.583946281725	-0.0312878073903	-4.66303300858	3.30670022964	-0.171213150024
8	16	0.499964103103	0.880256676911	-0.470368096448	-0.0624662836853	5.01753234863	-2.72440862656	-0.320803165436
9	16	0.499380737543	-0.796347174742	0.601671000428	-0.0618319053944	-4.56417608261	3.4155921936	-0.377970695496
10	16	0.499098032713	0.693917334867	-0.689979972978	0.205928068171	3.97803640366	-3.92973947525	1.17576360703
11	16	0.499409928918	-0.643230283226	0.745890382444	-0.172922931155	-3.66232347488	4.27210617065	-0.978473901749
12	16	0.499921321869	0.583062437764	-0.794163002457	0.171298917674	3.33161592484	-4.53554391861	1.01214408875
13	16	0.499989807606	-0.47810881371	0.717898155361	-0.505998222114	-2.77823734283	4.10307264328	-2.85750031471
14	16	0.499999314547	0.631420548917	-0.650281114324	0.42242462376	3.58905029297	-3.73202490807	2.42415094376
15	16	0.499988123775	-0.590097895019	0.671582638813	-0.448063872165	-3.36147928238	3.84798431396	-2.56478071213
16	16	0.499989032745	0.542589568962	-0.703195469217	0.459470011781	3.10851240158	-4.00772762299	2.6386680603
17	16	0.499961689115	-0.630791715406	0.570465012192	-0.525995704963	-3.59456849098	3.2809715271	-3.00012016296
18	16	0.499992363155	0.594134488061	-0.553006684121	0.584112846473	3.38407278061	-3.17034482956	3.34486985207
19	16	0.499989442527	-0.541787953481	0.547024098713	-0.638146103091	-3.0949215889	3.12899446487	-3.64907121658
20	16	0.499998629093	0.488767182277	-0.52371892638	0.697728548707	2.80565452576	-3.02158713341	3.9624080658
21	16	0.4999922961	-0.46819584411	0.753379596134	-0.46174867156	-2.69149398804	4.27519989014	-2.68161201477
22	16	0.499531902373	0.525968272877	-0.63495533724	0.565852538775	2.97537755966	-3.66233110428	3.22121977806
23	16	0.498323217034	-0.362997510931	0.804345684443	-0.47038370186	-2.09462356567	4.58193254471	-2.7029235363
24	16	0.463319264352	0.357926636888	-0.592596477367	0.721607883562	1.92572188377	-3.2176027298	3.82302618027
25	16	0.414132623933	-0.228121365119	-0.0306140508028	-0.973151284575	-1.11069655418	-0.113002434373	-4.70485830307
26	16	0.27707054466	-0.240462442721	0.565452910276	-0.788949187148	-0.759458661079	1.87417817116	-2.61206126213
27	16	0.456167913973	0.0539110384177	0.838221136917	-0.542659124646	0.245579659939	4.39565896988	-2.86950111389
28	16	0.499513551593	0.257553570828	-0.880543303069	0.397881451659	1.45634627342	-5.02639293671	2.30041217804
29	16	0.499964103103	-0.290656011584	0.879904089383	-0.375882796118	-1.65402555466	5.0296626091	-2.15719008446
0	17	0.4999980703	-0.227704904232	0.747236197565	-0.624330474699	-1.33642911911	4.2919716835	-3.53732252121
1	17	0.500000059605	0.490260634854	-0.730385742649	0.475585088966	2.78395652771	-4.18026924133	2.73324728012
2	17	0.500000022352	-0.519624178321	0.664643369623	-0.536879785911	-2.9983522892	3.80163812637	-3.04200124741
3	17	0.500000119209	0.648109249816	-0.634629569344	0.42095095916	3.68897390366	-3.63865971565	2.41525602341
4	17	0.499998867512	-0.578262905802	0.709150136965	-0.403383310284	-3.3506462574	4.02968549728	-2.29307603836
5	17	0.499998405576	0.875001044414	-0.434886500514	0.212713196453	4.97738981247	-2.53893303871	1.22932052612
6	17	0.499999523163	-0.785619404148	0.614260288477	-0.0740705732753	-4.50144100189	3.49914622307	-0.44547700882
7	17	0.499997437	0.782281231066	-0.619985679985	0.0604469365219	4.46153450012	-3.55887126923	0.359717130661
8	17	0.499990671873	-0.715147211694	0.697168512654	-0.0502048859084	-4.11861801147	3.95617198944	-0.292902469635
9	17	0.499992102385	0.855195780605	-0.514611100376	0.0617704800439	4.86143541336	-2.99062919617	0.372313976288
10	17	0.499951407313	-0.695177947148	0.695381555347	-0.182132134128	-3.98095226288	3.96976733208	-1.03845930099
11	17	0.499967470765	0.607386395118	-0.774638440987	0.176116588575	3.48174905777	-4.41720819473	1.02711558342
12	17	0.499990448356	-0.566989636434	0.768825142267	-0.29568674775	-3.25284290314	4.38597202301	-1.69635128975
13	17	0.499998882413	0.623113102691	-0.622262324639	0.473835056311	3.54589676857	-3.57481598854	2.71049141884
14	17	0.499987691641	-0.598766552653	0.666847724946	-0.443613263056	-3.42106389999	3.8002038002	-2.55964255333
15	17	0.499977752566	0.549716094205	-0.676912721661	0.489490942741	3.15020728111	-3.86022472382	2.80476355553
16	17	0.499324969947	-0.451699372386	0.695506486004	-0.558782967629	-2.61256670952	3.95427179337	-3.18519282341
17	17	0.499469473958	0.607274734333	-0.587004908037	0.535390170792	3.44536185265	-3.37062358856	3.07404947281
18	17	0.49940084666	-0.403478903774	0.580505972489	-0.707260623896	-2.32094144821	3.32199239731	-4.0267906189
19	17	0.499975353479	0.473908433236	-0.484010462595	0.735625359137	2.69662094116	-2.79233002663	4.19952392578
20	17	0.499988138676	-0.527138409652	0.542985136145	-0.653675943412	-2.99768686295	3.10328197479	-3.74997067451
21	17	0.499992966652	0.481291619641	-0.561121338621	0.673424992265	2.7407989502	-3.23611927032	3.83612513542
22	17	0.499972812831	-0.294175678298	0.719774347408	-0.628796914044	-1.72440969944	4.09703826904	-3.59745979309
23	17	0.499571539462	0.428041775033	-0.672823322884	0.603397891122	2.43759584427	-3.86393022537	3.43111562729
24	17	0.498305782676	-0.490646772612	0.798649210551	-0.34846116428	-2.79146885872	4.52941131592	-2.06743168831
25	17	0.494513936341	0.507479383635	-0.581553639312	0.635814469628	2.88062047958	-3.32420897484	3.61032247543
26	17	0.453429415822	-0.267512382083	0.620637799452	-0.737052133382	-1.40898132324	3.22709369659	-3.86390924454
27	17	0.496442936361	0.29568280739	-0.510223647991	0.80761593994	1.68000292778	-2.93819952011	4.59009122849
28	17	0.499520659447	-0.185874665905	0.788506284279	-0.586266533436	-1.07346105576	4.50118541718	-3.35274839401
29	17	0.499971881509	0.174529718623	-0.809999873571	0.55985675144	1.01283586025	-4.63021039963	3.19717216492
0	18	0.499997235835	0.354000245874	-0.756253350756	0.550240579557	2.00324392319	-4.32993745804	3.1514749527
1	18	0.499999798834	-0.461423890684	0.700602054113	-0.544283708078	-2.64086961746	4.01746273041	-3.09547185898
2	18	0.499999806285	0.66594211094	-0.657348269882	0.352724193897	3.76984453201	-3.77788424492	2.05828928947
3	18	0.499998927116	-0.627721387181	0.624566042088	-0.464632240752	-3.57669353485	3.59075498581	-2.64720773697
4	18	0.500000014901	0.586469603883	-0.715809824204	0.379037859974	3.36388349533	-4.07961654663	2.17352557182
5	18	0.499998688698	-0.703958501847	0.643530702309	-0.300517325396	-4.0197095871	3.68342781067	-1.72536706924
6	18	0.499999523163	0.67237862024	-0.684662938599	0.281324815032	3.84353733063	-3.91581845284	1.61111927032
7	18	0.499999597669	-0.548194391389	0.785064510537	-0.288368901835	-3.17903900146	4.46444225311	-1.6375837326
8	18	0.499999701977	0.756334922317	-0.626560988852	0.188092563736	4.29739141464	-3.6123342514	1.09361386299
9	18	0.499998047948	-0.640051713242	0.736252723524	-0.219694632343	-3.69011068344	4.18411397934	-1.25693511963
10	18	0.499999135733	0.7044586864	-0.67627618023	0.215379867234	4.01490831375	-3.87216997147	1.26042556763
11	18	0.499998286366	-0.635921886771	0.685032002431	-0.355435661648	-3.63974404335	3.9232916832	-2.01188540459
12	18	0.49999935925	0.590370615441	-0.702598322762	0.397263304719	3.3837313652	-4.00522613525	2.28297638893
13	18	0.499997280538	-0.527838492549	0.548579680431	-0.648418738164	-3.03943252563	3.1453576088	-3.6845202446
14	18	0.499990612268	0.521782123139	-0.476927807514	0.707307063722	3.00192737579	-2.74713850021	4.01822566986
15	18	0.499236442149	-0.647695304583	0.51120158418	-0.564945778596	-3.67539834976	2.92228746414	-3.24866247177
16	18	0.498413108289	0.569182304289	-0.530267872149	0.628368910951	3.26006889343	-3.04830908775	3.59090971947
17	18	0.448600493371	-0.450074244022	0.751480672621	-0.482400221336	-2.34390568733	3.84355759621	-2.52819490433
18	18	0.497082799673	0.152673042083	-0.714203679703	0.683084215979	0.909828722477	-4.06197547913	3.91651439667
19	18	0.499227270484	-0.177436596292	0.58955835824	-0.787995683063	-1.05161583424	3.37418532372	-4.48574352264
20	18	0.49999126792	0.440234784383	-0.543489688632	0.714711335414	2.49157357216	-3.1292488575	4.08760070801
21	18	0.499997146428	-0.422553492658	0.623931271035	-0.657387492175	-2.40531945229	3.55745029449	-3.77475261688
22	18	0.499990925193	0.369467700954	-0.64251312277	0.67131997216	2.10743808746	-3.67175316811	3.84229516983
23	18	0.499972380698	-0.403282604717	0.638505500907	-0.65549513045	-2.29750776291	3.65314340591	-3.74935674667
24	18	0.499198898673	0.398325492108	-0.651451762585	0.645714645461	2.28120279312	-3.72488594055	3.67746019363
25	18	0.497739076614	-0.499171537977	0.541064498695	-0.676813847321	-2.85121870041	3.10689306259	-3.86493992805
26	18	0.444792285562	0.637265765771	-0.381394765767	0.669649442933	3.2340130806	-1.97495818138	3.44647884369
27	18	0.497237551957	-0.441663099805	0.433492055753	-0.785505152033	-2.50344967842	2.51518893242	-4.48473215103
28	18	0.499132193625	0.148461424248	-0.822879329318	0.548478636677	0.871133565903	-4.67306756973	3.16606068611
29	18	0.499976761639	-0.195784318457	0.775629444982	-0.600056217969	-1.10836029053	4.44718074799	-3.41926240921
0	19	0.499998673797	-0.203127002956	0.837374844802	-0.507486738707	-1.15498912334	4.78941440582	-2.9047961235
1	19	0.499999836087	0.390191783899	-0.776106088105	0.495388445349	2.21858048439	-4.44199419022	2.83451557159
2	19	0.499993994832	-0.379572184412	0.814455706466	-0.438847193253	-2.18674302101	4.64259719849	-2.52341008186
3	19	0.49999588728	0.408567515798	-0.744599583641	0.527867450291	2.35398721695	-4.26081752777	3.00151634216
4	19	0.49998049438	-0.586804152195	0.679317530815	-0.440668332528	-3.33061170578	3.90188407898	-2.5250275135
5	19	0.499992087483	0.551421645464	-0.733172496405	0.397985250266	3.16532635689	-4.17875099182	2.28199934959
6	19	0.49999050796	-0.564304461544	0.670455459757	-0.48171563309	-3.23255681992	3.84421133995	-2.73175287247
7	19	0.499999433756	0.576332328225	-0.715660157877	0.394552386725	3.2919421196	-4.08579063416	2.27185630798
8	19	0.499999463558	-0.574198242514	0.683642436156	-0.450476855987	-3.30141639709	3.90948057175	-2.55214476585
9	19	0.500000149012	0.672631503211	-0.642107294844	0.367784016506	3.82349634171	-3.68405842781	2.12421131134
10	19	0.499999754131	-0.564665851915	0.615428173328	-0.549909664541	-3.2588288784	3.53963661194	-3.09351825714
11	19	0.5	0.681700334135	-0.677380027728	0.276479569725	3.88779354095	-3.86377000809	1.63226079941
12	19	0.499999374151	-0.69348219609	0.569657080042	-0.44110458495	-3.95412254333	3.26195812225	-2.53598690033
13	19	0.499999456108	0.641639973397	-0.450513541796	0.620754132646	3.65513515472	-2.59003067017	3.5533349514
14	19	0.49995559454	-0.540965341232	0.445140082429	-0.713587280297	-3.09575462341	2.52603006363	-4.09080934525
15	19	0.499656170607	0.556150883165	-0.365177126929	0.746553321018	3.17890357971	-2.09058856964	4.27110910416
16	19	0.444530323148	-0.614500300012	0.29840230501	-0.730305036029	-3.12839269638	1.55751371384	-3.73827958107
17	19	0.2394541502	-0.527448275524	0.425601658194	-0.735296909547	-1.49318671227	1.25861477852	-2.09126234055
18	19	0.444423355162	-0.557574950809	0.519084037594	-0.647813195408	-2.82908296585	2.66928935051	-3.32661342621
19	19	0.499499887228	0.212802266839	-0.661406693581	0.719205381594	1.23343849182	-3.77526950836	4.11218357086
20	19	0.499962180853	-0.194773910183	0.697708063315	-0.689395809603	-1.1348079443	3.96586275101	-3.95943069458
21	19	0.499999534339	0.239989871376	-0.553487432323	0.797531519062	1.38878178596	-3.18940973282	4.53849935532
22	19	0.499999456108	-0.266436710856	0.555804685729	-0.787459605586	-1.53246021271	3.18938541412	-4.49044656754
23	19	0.499962076545	0.298082005416	-0.606269910222	0.737281434736	1.70807886124	-3.47986936569	4.20215892792
24	19	0.499702148139	-0.281713455271	0.670930583464	-0.685922503853	-1.60748386383	3.83405447006	-3.92665839195
25	19	0.446615576744	0.281642262604	-0.662163749457	0.694418321202	1.46791851521	-3.38460016251	3.57693719864
26	19	0.235933426768	0.476794856817	-0.4762297899	0.738831409541	1.3177318573	-1.35879552364	2.08886194229
27	19	0.443377945572	0.510931880943	-0.330733791884	0.793450547887	2.59158825874	-1.72326779366	4.04570245743
28	19	0.498569138348	-0.122479985968	0.74839622011	-0.651844882439	-0.709310889244	4.28252220154	-3.71031403542
29	19	0.499934747815	-0.0996285705681	-0.856620846181	0.50623598629	-0.498852789402	-4.89360618591	2.92015576363
0	20	0.499997094274	0.00917475092243	-0.895425179025	0.445117481923	0.102914988995	-5.10857057571	2.56950163841
1	20	0.499994009733	-0.327349217707	0.795465536043	-0.509977519734	-1.84097385406	4.56159687042	-2.91676282883
2	20	0.499987952411	0.276758392906	-0.789632836383	0.547617362455	1.58477973938	-4.52076435089	3.12065649033
3	20	0.499620109797	-0.27135586982	0.844772902477	-0.461220917951	-1.56111359596	4.80745172501	-2.6655831337
4	20	0.499799638987	0.382813784534	-0.762315514257	0.521851188648	2.19537067413	-4.3585319519	2.980905056
5	20	0.499430194497	-0.54159981992	0.707109200885	-0.454605557695	-3.07397818565	4.0446805954	-2.60975146294
6	20	0.499962240458	0.528221455151	-0.694527596706	0.48848082023	3.01192569733	-3.96991920471	2.80314826965
7	20	0.499986559153	-0.513094214436	0.596578552286	-0.617112921647	-2.94346618652	3.4419836998	-3.49129796028
8	20	0.49999922514	0.555951832522	-0.705233389335	0.439958437222	3.16726493835	-4.02329969406	2.54430770874
9	20	0.499999471009	-0.477582544298	0.661562020526	-0.578144105202	-2.75810003281	3.79138541222	-3.27363371849
10	20	0.499999195337	0.581697692047	-0.67644507448	0.451718780082	3.31826376915	-3.85395622253	2.61243629456
11	20	0.49999961257	-0.597333222744	0.615070561332	-0.514666130214	-3.42509031296	3.51199054718	-2.93823027611
12	20	0.499999709427	0.643573253871	-0.464423490445	0.608378408908	3.6728272438	-2.67212510109	3.47360181808
13	20	0.499996036291	-0.567510359554	0.437591782487	-0.697456395554	-3.24577569962	2.48319554329	-4.00120735168
14	20	0.499979004264	0.431852875655	-0.134740073781	0.89182296803	2.49247646332	-0.811849415302	5.08482837677
15	20	0.499342285097	-0.376406873482	0.161775869001	-0.912220605887	-2.14306020737	0.934863746166	-5.21209907532
16	20	0.495534282178	0.11702832319	-0.258928039377	0.958780810194	0.703441500664	-1.47566044331	5.46108150482
17	20	0.442610271275	-0.481692284875	0.512131144458	-0.711121813453	-2.44599485397	2.5991859436	-3.64092206955
18	20	0.497515015304	0.249760567765	-0.692572578723	0.676729548632	1.43714666367	-3.95479440689	3.87339615822
19	20	0.499214097857	-0.24159715723	0.684817899072	-0.687499279075	-1.37956273556	3.89240121841	-3.94145107269
20	20	0.499985471368	0.179877037126	-0.620182254038	0.763556300014	1.05417943001	-3.55902433395	4.34890556335
21	20	0.499997839332	-0.302662612087	0.683996798073	-0.663734678521	-1.71706008911	3.89103078842	-3.82143330574
22	20	0.49999820441	0.277798436964	-0.555757517698	0.783557024053	1.58770489693	-3.21314406395	4.45612621307
23	20	0.499990731478	-0.302238499301	0.746879722269	-0.592302768864	-1.70016527176	4.2561955452	-3.42197108269
24	20	0.499287255108	0.0539770766102	-0.698862487892	0.71321644556	0.333432227373	-3.99503183365	4.06831026077
25	20	0.497889783233	-0.0744495688303	0.538532283174	-0.839309383768	-0.432496488094	3.10612249374	-4.78659200668
26	20	0.446200937033	0.261028419869	-0.57813956609	0.773058087172	1.35170042515	-2.96984767914	3.96461200714
27	20	0.498278982937	-0.340920440313	0.517025668878	-0.785148209638	-1.94038677216	3.01586341858	-4.47210645676
28	20	0.499169901013	0.136425524236	-0.861250688688	0.489525614826	0.799388587475	-4.89234352112	2.83518218994
29	20	0.499987281859	-0.16668182694	0.809026874681	-0.563642337491	-0.918160021305	4.64260387421	-3.20894050598
0	21	0.499998435378	-0.124170946759	0.851503262263	-0.50943475572	-0.692897856236	4.86811971664	-2.91616415977
1	21	0.499994859099	0.128632989824	-0.851446986099	0.508420676008	0.754111409187	-4.8570432663	2.92079257965
2	21	0.499601840973	-0.15720224569	0.788512469538	-0.594588546251	-0.915071487427	4.50041389465	-3.39849877357
3	21	0.498928241432	0.143019420727	-0.719135758618	0.679992063168	0.827676653862	-4.12483263016	3.87488245964
4	21	0.468733951449	-0.179835529846	0.746966626969	-0.64007815179	-0.980334043503	4.03500270844	-3.45753693581
5	21	0.497258082032	0.385381273754	-0.712950258533	0.585818404198	2.19636940956	-4.07919597626	3.3445649147
6	21	0.499112457037	-0.345067941753	0.753242316471	-0.559959041583	-1.98844432831	4.29862451553	-3.18661570549
7	21	0.499962851405	0.515084958896	-0.685549411603	0.514499260807	2.91839957237	-3.92327713966	2.96398568153
8	21	0.499988764524	-0.436003768776	0.7015435134	-0.563682013568	-2.51358151436	4.0039024353	-3.21508717537
9	21	0.499998867512	0.490889132403	-0.719966131762	0.490588043887	2.80783009529	-4.09218931198	2.84101104736
10	21	0.499995537102	-0.520738568988	0.569920294359	-0.63562740725	-2.99047756195	3.272742033	-3.6111664772
11	21	0.49998831749	0.602568194492	-0.538257926227	0.589228288391	3.43880724907	-3.07550764084	3.37670612335
12	21	0.499983645976	-0.578860386124	0.468638324277	-0.667307106507	-3.30979347229	2.67223215103	-3.82004165649
13	21	0.499983046204	0.491751815388	-0.346442374133	0.798847816212	2.82150673866	-1.96964550018	4.56800603867
14	21	0.499929305166	-0.518151748818	0.084649730895	-0.85108941261	-2.92893147469	0.510734081268	-4.88575696945
15	21	0.499330513179	0.231990977738	-0.000995090165225	0.972717428673	1.36559140682	-0.0359218977392	5.54743289948
16	21	0.498078454286	-0.156657824936	0.284833073144	-0.945689402674	-0.881736040115	1.59254765511	-5.40655183792
17	21	0.498610526323	0.072068553694	-0.403287481711	0.912230963443	0.457292765379	-2.33255290985	5.19342756271
18	21	0.499117493629	-0.190187192936	0.714053388084	-0.673763007748	-1.10405349731	4.03752088547	-3.88586950302
19	21	0.499958865345	0.32258370087	-0.450438266288	0.832493317809	1.83151745796	-2.62942552567	4.73790550232
20	21	0.499987646937	-0.362549354497	0.612039583978	-0.702826801707	-2.0536043644	3.49484038353	-4.03221559525
21	21	0.499999515712	0.286549540462	-0.653592789411	0.700503980353	1.63917279243	-3.74577331543	3.99550247192
22	21	0.499999694526	-0.220572915335	0.731020303618	-0.645722002659	-1.25755214691	4.16554355621	-3.70985984802
23	21	0.499988533556	0.113804717044	-0.797190261434	0.592904860373	0.65491437912	-4.54729652405	3.40424203873
24	21	0.499969273806	0.0741503013086	0.832792307429	-0.548597033808	0.392448067665	4.73378944397	-3.18807315826
25	21	0.499313302338	0.027242414656	-0.665592308154	0.745818161598	0.149014532566	-3.82306814194	4.23980951309
26	21	0.499438904226	-0.063655706002	0.815326427266	-0.57549176197	-0.37870657444	4.64460897446	-3.31270599365
27	21	0.499216496944	0.217253348739	-0.823693750528	0.523764821082	1.23018968105	-4.69045066833	3.01601457596
28	21	0.499973744154	-0.239600027802	0.829432756287	-0.50461186022	-1.33274292946	4.74767637253	-2.8945775032
29	21	0.499985277653	0.0263362148555	-0.838882405843	0.543675190674	0.182356789708	-4.79373264313	3.11061859131
0	22	0.49999909848	0.0248807436408	-0.823325488202	0.567023887567	0.168542832136	-4.70108556747	3.2497074604
1	22	0.499978221953	-0.193037215082	0.76887673407	-0.609561482871	-1.10036027431	4.40495538712	-3.47482585907
2	22	0.499780550599	0.325506945654	-0.693596070425	0.642627200967	1.83584594727	-3.96499967575	3.68905282021
3	22	0.467998761684	-0.137728003536	0.601550803538	-0.786872053008	-0.753732740879	3.25885868073	-4.23415374756
4	22	0.307387068868	0.0424152162592	0.600235569117	-0.798697822081	0.14376218617	2.24233627319	-2.91196489334
5	22	0.420503862202	0.085227202696	0.80949791341	-0.580903995601	0.392870247364	3.94633960724	-2.86737155914
6	22	0.498068377376	0.200939769267	-0.873012337262	0.444378969029	1.16314101219	-4.97566699982	2.57388353348
7	22	0.499219089746	-0.312143584592	0.697078243139	-0.645483001744	-1.80032801628	3.97521901131	-3.68574380875
8	22	0.499963030219	0.500288000503	-0.58416784734	0.639108631366	2.85200810432	-3.34244012833	3.65922689438
9	22	0.499984622002	-0.473165843368	0.516067219842	-0.713994894432	-2.72798395157	2.96149563789	-4.0613732338
10	22	0.499970659614	0.58211939388	-0.54759708625	0.601061097061	3.32882881165	-3.1175673008	3.44777441025
11	22	0.499684527516	-0.601389925684	0.456713684772	-0.655547685091	-3.42874765396	2.62657260895	-3.74035978317
12	22	0.499692358077	0.569806676416	-0.40806517281	0.713304399434	3.24438714981	-2.31396532059	4.10045528412
13	22	0.499690517783	-0.407778875521	0.180076612863	-0.895147363387	-2.33510613441	1.06239891052	-5.1075425148
14	22	0.499296864495	0.293421616931	-0.235119669958	0.926618851263	1.71897029877	-1.30941259861	5.28708791733
15	22	0.497182760388	-0.469785960552	-0.0966364696834	-0.87747509594	-2.65008068085	-0.523873806	-5.04115629196
16	22	0.440449800342	-0.137049465249	0.239915660945	0.961071235501	-0.645888209343	1.17320084572	4.90273189545
17	22	0.492461178452	-0.228260186871	0.488838465132	-0.841982328851	-1.28794968128	2.75853133202	-4.78310728073
18	22	0.499008491635	0.370500564681	-0.551273713534	0.747547071653	2.07553243637	-3.14944696426	4.28422784805
19	22	0.49995861575	-0.246883914954	0.550942821555	-0.797189023955	-1.43948817253	3.14457511902	-4.55223321915
20	22	0.499996714294	0.363623759576	-0.601699301894	0.711150976638	2.05836892128	-3.44484758377	4.07248735428
21	22	0.499999731779	-0.287794355487	0.745234621814	-0.601497936323	-1.64808988571	4.22536611557	-3.48658466339
22	22	0.500000186265	0.12871267236	-0.647364991027	0.751233396733	0.748027145863	-3.71241235733	4.28374671936
23	22	0.499998286366	-0.0645245565642	0.702005804002	-0.709242153815	-0.36818677187	3.99953842163	-4.07026147842
24	22	0.499984350055	-0.016721218146	-0.577914532574	0.815925973298	-0.100505053997	-3.35340356827	4.63226556778
25	22	0.49996765703	0.0731543657409	0.767026988067	-0.637430810638	0.402001261711	4.3718252182	-3.66277384758
26	22	0.49993532896	0.00716608952041	-0.804985533544	0.593251159246	0.0552891790867	-4.59786176682	3.3962187767
27	22	0.49998357892	-0.0732699340384	0.829352640247	-0.553900455752	-0.409421861172	4.73711442947	-3.17520284653
28	22	0.49997907877	-0.0185635141523	-0.846678868587	0.531780301845	-0.0794250667095	-4.82728004456	3.06582975388
29	22	0.499999143183	-0.0916739330624	0.783656434063	-0.614392776121	-0.498194277287	4.48708105087	-3.50853705406
0	23	0.499997973442	-0.10324656849	0.76346132716	-0.637547604518	-0.580205559731	4.36851072311	-3.64337301254
1	23	0.499967068434	0.227536954507	-0.829367978442	0.510270213385	1.30220532417	-4.71713495255	2.96162080765
2	23	0.49922362715	-0.381589768386	0.491997867466	-0.782513480441	-2.18029427528	2.86729717255	-4.43451213837
3	23	0.495613485575	0.372066145565	-0.60772570699	0.701595501973	2.12612724304	-3.46269798279	4.00298595428
4	23	0.403932780027	0.0992655223776	0.631979136793	-0.768601799845	0.449541449547	2.97603464127	-3.65443658829
5	23	0.379636969417	-0.118754843843	0.45372110102	-0.883195589636	-0.507525682449	2.12010836601	-3.97270894051
6	23	0.416624739766	-0.271617027003	0.889981105689	-0.366275609561	-1.29925096035	4.30491065979	-1.79662132263
7	23	0.495574884117	0.252914695847	-0.458910570621	0.851724864494	1.48117506504	-2.64941096306	4.82589578629
8	23	0.499563716352	-0.610784759459	0.425438325777	-0.66779054244	-3.46939587593	2.43972253799	-3.83044099808
9	23	0.499948568642	0.600209763571	-0.325849313219	0.730459078107	3.44622993469	-1.88309788704	4.15675640106
10	23	0.499456860125	-0.721410013577	0.411727620944	-0.556819502589	-4.11035585403	2.34210968018	-3.20947861671
11	23	0.496912062168	0.52189868074	-0.598772815288	0.607530149633	3.00456428528	-3.36514854431	3.49465870857
12	23	0.475751940161	-0.389925043692	0.124736615303	-0.912359160147	-2.16684341431	0.731213569641	-4.99289894104
13	23	0.497996950522	0.282248458163	-0.233295001569	0.930542449385	1.64563322067	-1.32738184929	5.30811691284
14	23	0.498901501298	-0.411284211334	0.206916215777	-0.887711088787	-2.33597135544	1.18620049953	-5.07376670837
15	23	0.450313035399	0.335943048755	0.0257821309844	0.94152936742	1.72703289986	0.114632494748	4.88932943344
16	23	0.248624730273	0.100649748348	-0.0620069791354	0.992987795844	0.340034365654	-0.181119441986	2.94456768036
17	23	0.440308243968	0.226553277384	0.138226447521	0.964140581924	1.1357421875	0.654255330563	4.90901660919
18	23	0.498996879905	-0.165523648149	0.444110211632	-0.880549851983	-0.992039322853	2.52402615547	-5.03187465668
19	23	0.4999576509	0.387987372482	-0.475724431769	0.789399812397	2.1774020195	-2.7330904007	4.52548027039
20	23	0.499998912215	-0.215916881581	0.578607312911	-0.786507137726	-1.26830518246	3.28613233566	-4.50459337234
21	23	0.500001259148	0.375919354613	-0.380905578361	0.844745866637	2.11684036255	-2.23976802826	4.82082414627
22	23	0.500000350177	-0.106406225666	0.577895503296	-0.809144302588	-0.634442925453	3.2874546051	-4.63641929626
23	23	0.499990276992	0.0103738939057	-0.48842517428	0.872544114332	0.0798650458455	-2.83733892441	4.9655957222
24	23	0.499936297536	0.076438765431	0.684008228359	-0.725458378321	0.431834489107	3.89304971695	-4.16418981552
25	23	0.499662123621	-0.0666088221992	-0.752222564282	0.655533735662	-0.392084717751	-4.2955160141	3.75166749954
26	23	0.499538972974	-0.189432731364	0.737197467042	-0.648579320419	-1.04556524754	4.23748874664	-3.69318699837
27	23	0.499597221613	-0.0805498534346	-0.758198229564	0.647029493762	-0.433123469353	-4.32513904572	3.70800328255
28	23	0.499982871115	0.0458766222276	0.632087863833	-0.773537502599	0.284430742264	3.64712429047	-4.39722442627
29	23	0.499993026257	-0.100406274861	-0.693567333559	0.713360311335	-0.55326718092	-3.97443795204	4.07381010056
0	24	0.499927610159	0.0987161807714	-0.724621487177	0.682040186481	0.537613272667	-4.14255619049	3.905605793
1	24	0.499935135245	-0.212397122608	0.770308440849	-0.601258986016	-1.22287368774	4.39420223236	-3.4495947361
2	24	0.499318897724	0.544243631031	-0.595124864104	0.591291185633	3.0581817627	-3.41983795166	3.40817928314
3	24	0.478224009275	-0.464894069363	0.646170636773	-0.605257806595	-2.57508087158	3.56277370453	-3.34207868576
4	24	0.392119884491	-0.900937903405	0.338252921953	0.271837920456	-4.12950706482	1.57674145699	1.31525230408
5	24	0.384211376309	0.401605991546	0.904309581283	-0.144695572683	1.7757935524	4.13889503479	-0.662155151367
6	24	0.323548950255	0.0570807992359	0.955889014034	-0.288128400559	0.184144407511	3.66386675835	-1.13780832291
7	24	0.472013503313	-0.603623547193	0.595378777135	-0.530247795856	-3.27635979652	3.23071360588	-2.90358161926
8	24	0.499760016799	0.697966969101	-0.404677974017	0.59082810308	3.98891401291	-2.30722332001	3.38438940048
9	24	0.499205008149	-0.756800622501	0.212824255394	-0.61802803666	-4.31844711304	1.23644924164	-3.52726578712
10	24	0.497549898922	0.823088474778	0.0873349458765	0.561157705032	4.70316791534	0.452425539494	3.22470426559
11	24	0.445293068886	-0.623953537217	0.0538686276547	-0.77960256179	-3.24460315704	0.294794023037	-4.03275156021
12	24	0.333389572799	-0.497234647508	0.447386535851	-0.74337271463	-1.99529421329	1.75185155869	-2.97584104538
13	24	0.444938257337	-0.656620756085	0.311801056389	-0.686752709432	-3.36313605309	1.61541080475	-3.56628346443
14	24	0.498211808503	0.504325280677	-0.387757420562	0.771556993403	2.90200805664	-2.18918585777	4.39962244034
15	24	0.497248992324	-0.61914858642	0.155894545644	-0.769644020683	-3.51171898842	0.92047315836	-4.41596364975
16	24	0.446792572737	0.147969776319	-0.308266122286	0.939721737083	0.797629952431	-1.55693125725	4.84525489807
17	24	0.496320277452	-0.466088656857	0.461428095004	-0.754881101293	-2.65379309654	2.60571813583	-4.33310127258
18	24	0.499336775392	0.389273748731	-0.376249106354	0.840774974959	2.20646286011	-2.16368412971	4.80189657211
19	24	0.4999752976	-0.237291625375	0.511876057132	-0.825636473674	-1.3845345974	2.90222454071	-4.72804832458
20	24	0.499996181577	0.254958701805	-0.445039523142	0.858449697545	1.46148252487	-2.55702972412	4.89986133575
21	24	0.499999251217	-0.299956179453	0.48121803468	-0.823684098127	-1.71904850006	2.74419927597	-4.71104764938
22	24	0.499996151775	0.284696460636	-0.42372928338	0.859884538591	1.62448000908	-2.46011781693	4.90005874634
23	24	0.499966844916	-0.25836985418	0.611940853769	-0.747511478132	-1.43460226059	3.48248076439	-4.30553627014
24	24	0.499465297908	-0.15844225752	-0.584669692424	0.795649044361	-0.873540282249	-3.36093950272	4.542345047
25	24	0.492847129703	0.483824408846	0.668401338413	-0.564936803734	2.67831754684	3.82414865494	-3.22665119171
26	24	0.468020796776	0.390060470072	-0.875765113113	0.284408678387	2.03776407242	-4.74425029755	1.60568571091
27	24	0.498899824917	0.0945079428131	0.651142810613	-0.753047999089	0.554953813553	3.74739265442	-4.29537153244
28	24	0.499565415084	-0.349999197018	-0.633464195359	0.690089613952	-1.96014022827	-3.61760258675	3.96553277969
29	24	0.499977223575	0.214646163745	0.660564023423	-0.719431855945	1.22194993496	3.7757692337	-4.11878538132
0	25	0.499352142215	0.112858923276	0.617816981278	-0.778180596701	0.639801383018	3.53308439255	-4.45174407959
1	25	0.499172866344	0.112782535444	-0.70686979467	0.698294488796	0.646767675877	-4.03532838821	3.98573970795
2	25	0.499432548881	-0.207398980503	0.628978467202	-0.74924745624	-1.19002962112	3.57622480392	-4.30141735077
3	25	0.455439534038	0.194119275211	-0.296464749553	0.935107672551	0.974969744682	-1.54674088955	4.92841482162
4	25	0.296287048608	-0.474497930813	0.0815818833461	0.876467974295	-1.62096691132	0.325746566057	3.08866620064
5	25	0.431764803827	0.245357887788	0.689531997992	0.681428742162	1.22083330154	3.45131731033	3.46063184738
6	25	0.468991041183	-0.460746081679	0.252107734148	-0.850972818955	-2.50123596191	1.39196622372	-4.6082201004
7	25	0.498495183885	0.681408641778	-0.455560536506	0.57284104295	3.88478040695	-2.58815264702	3.29829788208
8	25	0.499270953238	-0.772332710471	0.244245790722	-0.586383985159	-4.39480686188	1.43835139275	-3.35034894943
9	25	0.49333396554	0.755845463626	-0.460246345768	0.465694037242	4.30889606476	-2.55934929848	2.67759728432
10	25	0.409482702613	-0.823215122222	-0.528557481443	-0.207228982907	-3.93799257278	-2.51212215424	-1.0254676342
11	25	0.385010257363	-0.763563184333	-0.561687961097	-0.318555957235	-3.51931619644	-2.55129241943	-1.49077582359
12	25	0.401996860281	-0.381041496092	0.115142261231	-0.917360146253	-1.81696581841	0.541698276997	-4.31541156769
13	25	0.449211221188	0.367534747377	-0.338509140545	-0.866215776373	2.00817227364	-1.82227659225	-4.53093528748
14	25	0.497449144721	-0.740968054681	0.460928121833	-0.488376502757	-4.23348903656	2.64364671707	-2.79534435272
15	25	0.499260559678	0.517091387607	-0.36364009753	0.77484345279	2.99755477905	-2.05180382729	4.40705299377
16	25	0.49922734499	-0.630374516601	0.155415753823	-0.760574724983	-3.57869052887	0.921491742134	-4.36144685745
17	25	0.49932719022	0.563519454543	-0.290021887133	0.773519960528	3.20968770981	-1.65427422523	4.42394161224
18	25	0.499947071075	-0.380592441832	0.296878608678	-0.875792489651	-2.19467163086	1.70828223228	-4.99568653107
19	25	0.499942623079	0.34303610167	-0.336673332241	0.876913507884	1.95770525932	-1.94083309174	5.00803756714
20	25	0.499966740608	-0.286712505314	0.409284999483	-0.866188044535	-1.65173411369	2.35610699654	-4.94038295746
21	25	0.499990202487	0.364370947503	-0.532536448586	0.763962527578	2.07067918777	-3.02602744102	4.38729524612
22	25	0.499984793365	-0.415260639884	0.563497295254	-0.714163426118	-2.34386825562	3.21556282043	-4.10648345947
23	25	0.49984703213	0.181057638027	-0.556196848412	0.811087663282	1.06164038181	-3.18459558487	4.62605285645
24	25	0.497467912734	-0.1943369298	0.517223037374	-0.83349474343	-1.08503115177	3.00253534317	-4.73177433014
25	25	0.434004083276	-0.121983881481	-0.980091127675	0.156656675923	-0.633574843407	-4.92995595932	0.845428466797
26	25	0.321928948164	-0.413636562571	-0.727797107082	0.547006549347	-1.58641552925	-2.7846288681	2.09017133713
27	25	0.467384018004	-0.440468142717	-0.464089400331	0.768510796119	-2.35455036163	-2.51675510406	4.14918136597
28	25	0.499685168266	0.388795178775	0.478991645251	-0.787023070018	2.22992014885	2.73803377151	-4.49396896362
29	25	0.499674156308	-0.418374932728	-0.481591355295	0.770085827794	-2.39244794846	-2.77155828476	4.39566040039
0	26	0.440356429666	-0.130195153572	-0.335411620734	0.933031760801	-0.693551719189	-1.74281740189	4.71913909912
1	26	0.494926035404	-0.153880336288	0.783098457228	-0.602559248864	-0.855871915817	4.43461465836	-3.47522091866
2	26	0.498914372176	0.0506622649662	-0.423967135478	0.904259477663	0.323911249638	-2.44027042389	5.15323019028
3	26	0.498566458002	-0.285990298128	0.100892126986	-0.952906253568	-1.59681224823	0.595999121666	-5.46347904205
4	26	0.463136498816	0.177175310069	0.0974579612865	0.979342052239	0.955108344555	0.508858680725	5.22406053543
5	26	0.497367411852	-0.506846720693	-0.146800087968	-0.849444604371	-2.8672118187	-0.8033233881	-4.88144540787
6	26	0.498790889978	0.408871953029	-0.354297121907	0.841009676184	2.37032222748	-1.97574770451	4.80467510223
7	26	0.499635502696	-0.610291963109	0.296576879275	-0.73456509204	-3.4750328064	1.71721637249	-4.19924974442
8	26	0.499777555466	0.670388779244	-0.30327515868	0.677202379493	3.83995437622	-1.70312619209	3.88034820557
9	26	0.472004517913	-0.727496244871	-0.116128488111	-0.676212531641	-3.97014522552	-0.601283073425	-3.68600821495
10	26	0.327209271491	-0.790579920477	-0.430541782674	-0.435450528432	-3.1015484333	-1.66345787048	-1.70504152775
11	26	0.4140984267	-0.792955957176	-0.473225820759	-0.383768383985	-3.83265542984	-2.26678562164	-1.87323927879
12	26	0.495976246893	0.820518828571	-0.208370501705	0.532288066726	4.68039560318	-1.17985415459	3.04830980301
13	26	0.497723311186	-0.846113967673	0.355756860203	-0.396898236487	-4.84498023987	2.04724836349	-2.24673748016
14	26	0.499677762389	0.700401849548	-0.461329927973	0.544620920187	4.02062273026	-2.59739971161	3.12023806572
15	26	0.499948702753	-0.677898015983	0.235563287781	-0.696393722959	-3.87435221672	1.36877381802	-3.97619009018
16	26	0.499947182834	0.689207155319	-0.204956764427	0.694972101435	3.9309489727	-1.16816699505	3.98226213455
17	26	0.499944195151	-0.613227779373	0.179777952887	-0.769175908529	-3.50490856171	1.04722654819	-4.39422607422
18	26	0.499207161367	0.500555110495	-0.322437192344	0.803416976638	2.85535669327	-1.82146692276	4.59600830078
19	26	0.499238055199	-0.379323680726	0.355247603947	-0.854349275841	-2.19954562187	2.03090763092	-4.87161302567
20	26	0.499356627464	0.3776332152	-0.563048132137	0.735098602689	2.12990069389	-3.1700527668	4.25090456009
21	26	0.499882087111	-0.242018393976	0.347553977963	-0.905888143967	-1.42264986038	2.02498841286	-5.15651893616
22	26	0.499919347465	0.347100980725	-0.612327661941	0.710334951697	1.99123859406	-3.47194433212	4.08423233032
23	26	0.499213814735	-0.27722759165	0.58172247303	-0.764685443042	-1.6083137989	3.32454156876	-4.35611486435
24	26	0.492608226836	0.354272077735	-0.695442103516	0.625181234199	2.00922393799	-3.91798686981	3.58749961853
25	26	0.419921532273	-0.934186958826	-0.0526007190019	-0.352885095067	-4.60481739044	-0.27249699831	-1.74823880196
26	26	0.398090690374	-0.916884216437	-0.239014804658	0.319679928682	-4.27625703812	-1.14813184738	1.49419105053
27	26	0.491836362518	0.0852537793233	0.0941392428236	-0.991902009309	0.50672107935	0.59106105566	-5.61998224258
28	26	0.499487493187	-0.465297788945	-0.287827206962	0.837050456385	-2.64292168617	-1.67684662342	4.79055309296
29	26	0.492204114795	0.854859899357	0.284295233956	-0.434040058543	4.80784845352	1.64102768898	-2.5360724926
0	27	0.248021153733	-0.376799116168	-0.513332444418	0.771046190291	-1.08515834808	-1.53934264183	2.28954434395
1	27	0.444006964564	-0.389114032383	-0.586182227816	0.710619916407	-1.95891344547	-2.99365377426	3.66283154488
2	27	0.498952014372	-0.080273577515	0.382714314714	-0.920372699544	-0.436534225941	2.18123197556	-5.26382303238
3	27	0.499334228225	0.154234324247	-0.0830519484563	0.984537529545	0.902454078197	-0.500268578529	5.61729669571
4	27	0.49977998063	-0.317842225986	0.0436362487419	-0.947138953468	-1.79801297188	0.243072554469	-5.42151069641
5	27	0.499416870996	0.301904172772	-0.028436313457	0.952914081405	1.76606202126	-0.173124700785	5.43006277084
6	27	0.499941602349	-0.562337152678	0.152274118927	-0.812766583603	-3.18132543564	0.896706700325	-4.66767644882
7	27	0.499974701554	0.415319380829	-0.429259955782	0.8020259985	2.42032551765	-2.4073381424	4.58965969086
8	27	0.499713726342	-0.611447520251	0.21498456897	-0.76152056117	-3.4914393425	1.22281777859	-4.35810089111
9	27	0.499010831118	0.61582585758	0.113153778242	0.779714521864	3.53615140915	0.613957583904	4.45130300522
10	27	0.475802138448	-0.702145583402	-0.0595834814711	-0.709536037453	-3.84276771545	-0.326944768429	-3.90291523933
11	27	0.49730399996	0.648190569222	-0.0241633802571	0.761094683351	3.71747231483	-0.15185174346	4.33973789215
12	27	0.499137639999	-0.684219936999	0.306114288617	-0.661919270091	-3.93544626236	1.71906495094	-3.76442408562
13	27	0.499889656901	0.874883464773	-0.327401220848	0.356913664147	4.98160362244	-1.86019158363	2.10788965225
14	27	0.499956287444	-0.724899109371	0.125612240782	-0.677305578154	-4.16537189484	0.776818692684	-3.84378433228
15	27	0.499992355704	0.718102865168	-0.259326011786	0.645815991323	4.10399723053	-1.46861863136	3.69861698151
16	27	0.49998293072	-0.707993067787	0.158241887399	-0.688262537871	-4.04629945755	0.92965400219	-3.93075037003
17	27	0.499302342534	0.676524224391	-0.202760548209	0.707957014163	3.84830904007	-1.14225208759	4.0597205162
18	27	0.496697731316	-0.564752581444	0.128172951675	-0.815246107756	-3.2437505722	0.738194167614	-4.64568948746
19	27	0.442036867142	0.834709918047	-0.109236765518	0.539746868238	4.24255609512	-0.534344792366	2.78732967377
20	27	0.489865537733	-0.0909190632315	0.289247550103	-0.952926848557	-0.579411268234	1.64082074165	-5.37511634827
21	27	0.499496720731	0.438852392113	-0.201934863891	0.875574604864	2.50004673004	-1.17941153049	5.00452661514
22	27	0.49946719408	-0.508476292953	0.459817775424	-0.728024362854	-2.90187454224	2.61628055573	-4.16847896576
23	27	0.495150350034	0.600861484513	-0.43323927698	0.671765736928	3.39434766769	-2.45689582825	3.85079145432
24	27	0.416603866965	-0.164424748383	-0.0293610303285	-0.985952550591	-0.840271949768	-0.0877055376768	-4.77526521683
25	27	0.335813010111	-0.303567647787	0.145406391399	-0.94164943825	-1.24684071541	0.596562504768	-3.76149606705
26	27	0.458302844316	-0.500693422367	0.413785142303	-0.760320953814	-2.64089202881	2.21102309227	-4.05480575562
27	27	0.49873174727	0.202222054914	-0.493669503498	0.845811244796	1.13846671581	-2.80629682541	4.84481620789
28	27	0.498863387853	0.079837944442	0.597690780808	-0.797741582948	0.488270044327	3.39150857925	-4.57488059998
29	27	0.44531801343	-0.456436573091	-0.58773114664	0.668010294841	-2.31296443939	-3.00892567635	3.45018434525
0	28	0.449126929045	-0.254740113003	-0.675369232316	0.692086609369	-1.31173205376	-3.48104190826	3.59602499008
1	28	0.497080117464	-0.0848207274225	0.602343817132	-0.793717437229	-0.463095605373	3.42700433731	-4.54997682571
2	28	0.499243177474	-0.0237401569867	-0.354863325896	0.934616726193	-0.0878269597888	-2.03691363335	5.33525848389
3	28	0.499959236011	-0.289635912328	0.188910724781	-0.938308998333	-1.61994373798	1.07247114182	-5.37907981873
4	28	0.499970471486	0.296519165199	-0.00596558386778	0.955008270372	1.70971190929	-0.0738682970405	5.45587778091
5	28	0.499985009432	-0.442716330555	0.186163542147	-0.877123358619	-2.50902271271	1.03939223289	-5.03219461441
6	28	0.499989304692	0.486539359926	-0.195557643198	0.851490845182	2.78301048279	-1.1132594347	4.86764669418
7	28	0.49999519065	-0.502534855551	0.271740203951	-0.820741116622	-2.8868894577	1.54766106606	-4.68673944473
8	28	0.499989815056	0.603116943959	-0.147928432524	0.783815750519	3.44644188881	-0.84833753109	4.48195648193
9	28	0.499721154571	-0.641173661229	0.0673707289016	-0.764432810019	-3.65533089638	0.381971329451	-4.37564563751
10	28	0.499864768237	0.535735795768	-0.0520876872537	0.842777568502	3.09201955795	-0.300445467234	4.80005836487
11	28	0.499525949359	-0.638704434755	0.140773460917	-0.756465119966	-3.64583683014	0.794631361961	-4.32491111755
12	28	0.49997253716	0.732875018066	-0.169296353826	0.658963544118	4.18013381958	-0.983481824398	3.77428030968
13	28	0.499985061586	-0.729127982703	0.258425792035	-0.633710103163	-4.18539381027	1.47955846786	-3.6035861969
14	28	0.499997921288	0.765238688968	-0.333434761961	0.550664152113	4.36787462234	-1.87638366222	3.17687606812
15	28	0.499998986721	-0.730178537247	0.25606831899	-0.633457433261	-4.17069721222	1.48687696457	-3.61684012413
16	28	0.499954067171	0.720651626897	-0.358003723417	0.593712528645	4.111805439	-2.01215529442	3.42796421051
17	28	0.499072082341	-0.587529446697	0.0628161845733	-0.80676097837	-3.39397644997	0.385496973991	-4.58464431763
18	28	0.444657228887	0.795559576468	0.35205004245	0.493098091561	4.07604122162	1.75754380226	2.57407784462
19	28	0.252492889762	0.740357602704	0.179727999619	0.647741048777	2.23638892174	0.509532094002	1.9620153904
20	28	0.441323287785	0.804449371382	0.210955742639	0.555300714505	4.08119392395	1.05532073975	2.85300707817
21	28	0.499353840947	-0.685047000451	-0.00210841048599	-0.728495821387	-3.91406607628	0.000999220530502	-4.17300653458
22	28	0.498040318489	0.557183667357	-0.399455870674	0.727998192453	3.22423648834	-2.23740553856	4.14788770676
23	28	0.469278357923	-0.664550801944	-0.0827512935912	-0.742646924888	-3.6216108799	-0.386155307293	-4.04012775421
24	28	0.377393677831	-0.299053147952	0.785263997244	-0.542150965445	-1.37006425858	3.48465442657	-2.45360374451
25	28	0.41923263669	-0.360411156797	0.445042652295	-0.819780968122	-1.77071285248	2.185338974	-3.98855376244
26	28	0.497885145247	0.506836043129	-0.604177353882	0.614887754344	2.89755010605	-3.4249227047	3.55557346344
27	28	0.499449595809	-0.212815055931	0.501102414606	-0.838812328263	-1.22906565666	2.87656235695	-4.7849612236
28	28	0.499244246632	-0.223719885399	-0.525764186185	0.820683515981	-1.21724748611	-3.01037311554	4.70071077347
29	28	0.497725550085	0.262047119766	0.478400569235	-0.838131375369	1.47698712349	2.74410271645	-4.79673671722
0	29	0.499425448477	-0.197875914012	0.589928810306	-0.782834031852	-1.09604680538	3.37194776535	-4.48571825027
1	29	0.499265249819	0.130605769582	-0.590000947641	0.796769110053	0.75995850563	-3.34819126129	4.56195497513
2	29	0.499940458685	-0.179157102831	0.378036370086	-0.908290281461	-1.01165211201	2.16336679459	-5.19617700577
3	29	0.499985369854	0.108526528122	-0.130996928076	0.98542467877	0.668074905872	-0.790062308311	5.62569618225
4	29	0.499999217689	-0.371669063371	0.224485134149	-0.900815481594	-2.10453295708	1.25250005722	-5.16737937927
5	29	0.499998597428	0.281606014201	-0.104867204564	0.953782429159	1.66080570221	-0.610851287842	5.43859195709
6	29	0.499999284744	-0.472580881681	0.0934785656317	-0.876315621244	-2.71730184555	0.549402177334	-5.00229644775
7	29	0.500000111759	0.672022534013	-0.244792598061	0.69890077816	3.81927609444	-1.37634181976	4.02827548981
8	29	0.499995701015	-0.61442394503	0.0684741245078	-0.785999052192	-3.5276017189	0.421367526054	-4.48020029068
9	29	0.499996855855	0.65403320082	-0.128381276663	0.745492333983	3.72972297668	-0.725478768349	4.27144384384
10	29	0.499987151474	-0.579849377389	0.0942946987339	-0.80924854608	-3.31659865379	0.549886405468	-4.62399435043
11	29	0.499993428588	0.569635418496	-0.146598174982	0.808717790757	3.27513933182	-0.839837431908	4.61051225662
12	29	0.499993383884	-0.698021338178	0.214822200964	-0.68309416146	-3.99195337296	1.22404694557	-3.90573620796
13	29	0.500000111759	0.774818224386	-0.232299035703	0.587957377002	4.41198015213	-1.33015167713	3.38425207138
14	29	0.499999493361	-0.710035920644	0.181186858506	-0.680455960147	-4.06267499924	1.0736014843	-3.87861275673
15	29	0.499997437	0.636589593367	-0.45513470937	0.622580184348	3.66055011749	-2.56394195557	3.56771659851
16	29	0.499973766506	-0.633964394076	0.357194865815	-0.685930736211	-3.62930297852	2.05604887009	-3.91016960144
17	29	0.499267317355	0.619403646121	-0.284535601459	0.731695711806	3.53973197937	-1.62992811203	4.172955513
18	29	0.495307981968	-0.661630517116	0.31438223896	-0.680741409529	-3.77112483978	1.77853322029	-3.88064789772
19	29	0.449437193573	0.633728705598	0.114120576388	0.765091119898	3.29982423782	0.596260309219	3.94332265854
20	29	0.496734909713	-0.625998458001	-0.492890607187	-0.604305204285	-3.60469079018	-2.77381014824	-3.45745706558
21	29	0.498632676899	0.726336844585	0.309129833155	0.613900264254	4.15833520889	1.72245192528	3.51253604889
22	29	0.482246175408	-0.89770663314	0.248314989034	-0.363953935324	-4.99652814865	1.35276722908	-2.09561610222
23	29	0.375035788864	-0.353893896589	0.549658907997	0.756725970756	-1.60303997993	2.44873785973	3.30419135094
24	29	0.39426086843	-0.581195299745	0.650023480842	0.489572770799	-2.66191053391	3.01692795753	2.29109454155
25	29	0.493650466204	0.859085897857	-0.279349576655	0.428876712036	4.8580532074	-1.60878360271	2.49677848816
26	29	0.49919950217	-0.713138935432	0.256339600651	-0.652474419352	-4.05738115311	1.51681959629	-3.72293543816
27	29	0.499954529107	0.484271045001	-0.474728386469	0.734924835649	2.75133323669	-2.70783042908	4.22231197357
28	29	0.499942526221	-0.154264193146	0.547167130949	-0.822685048802	-0.880001187325	3.12601041794	-4.70987606049
29	29	0.499266907573	0.0409016293738	-0.421945190369	0.905698246128	0.239489585161	-2.44558572769	5.15611696243
