0	0	0.49995630607	0.401545288074	-0.418194649279	0.814785012712	2.32205367088	-2.38272976875	4.6493024826
1	0	0.499980300665	-0.494612293492	0.427412361906	-0.756754485957	-2.8409845829	2.44830513	-4.31552886963
2	0	0.499989293516	0.607838615176	-0.435659760756	0.663877090099	3.47657871246	-2.47121953964	3.80718946457
3	0	0.499996632338	-0.660389093388	0.340067584156	-0.669507493267	-3.77471971512	1.96698522568	-3.81815481186
4	0	0.499999880791	0.679479292312	-0.463620899359	0.568650642307	3.87476682663	-2.64669084549	3.26783490181
5	0	0.499996811152	-0.666414209717	0.430895400785	-0.608458096067	-3.81069302559	2.48423838615	-3.46378326416
6	0	0.499999791384	0.651375322189	-0.577602516212	0.492021872388	3.73010873795	-3.27322769165	2.8398680687
7	0	0.499999001622	-0.662782785615	0.434025794643	-0.610197171968	-3.79120063782	2.50511193275	-3.47067475319
8	0	0.499999567866	0.634788459529	-0.491379984042	0.596313108133	3.63338685036	-2.80481481552	3.40745210648
9	0	0.499999187887	-0.689159264952	0.472210733213	-0.549614893329	-3.924741745	2.68801903725	-3.1731159687
10	0	0.499999403954	0.534653196185	-0.393754523838	0.747732127681	3.0508723259	-2.26717567444	4.27274942398
11	0	0.499999180436	-0.348197764878	0.455967739854	-0.819055392966	-1.9862691164	2.59540128708	-4.69301462173
12	0	0.500000052154	0.036100781449	-0.329326844437	0.943525602786	0.294114530087	-1.90761947632	5.38796567917
13	0	0.499999772757	-0.391638124768	0.319593540232	-0.862832282817	-2.19572734833	1.84327030182	-4.9484539032
14	0	0.500000372529	0.251278871454	-0.344206985472	0.904643841472	1.45779013634	-1.97118234634	5.16483926773
15	0	0.499999269843	-0.203336496051	0.341618698757	-0.917578843497	-1.16441988945	1.9345010519	-5.25328159332
16	0	0.499988889322	0.098425654101	-0.153037915412	0.983306558028	0.597640037537	-0.88306671381	5.61840772629
17	0	0.499975033104	-0.25762678217	0.0900705886936	-0.962037281066	-1.46976447105	0.508671998978	-5.5027217865
18	0	0.499273015186	0.360623908139	0.0599000986034	0.930785891097	2.04130744934	0.342519938946	5.32078123093
19	0	0.499432370067	-0.320786831958	-0.182645111988	-0.929374290321	-1.84254992008	-1.04792404175	-5.3101439476
20	0	0.498281966895	0.385469548355	0.454974030345	0.802752676111	2.1744184494	2.56288790703	4.60406112671
21	0	0.497067380697	-0.252771777687	-0.473773517334	-0.843590589491	-1.45836508274	-2.71021509171	-4.8174943924
22	0	0.407961111516	0.36659877556	0.377680454119	0.850272198966	1.70818638802	1.81407570839	4.02623414993
23	0	0.335076098097	-0.0206736274259	0.0640974303782	0.997729482649	-0.069761492312	0.34261906147	3.98077869415
24	0	0.431447608396	0.0955243588486	0.29970791438	0.94923667382	0.464102506638	1.50423979759	4.76098060608
25	0	0.498475017026	-0.231426883644	0.0738195497413	-0.970047561516	-1.33359026909	0.393765866756	-5.545814991
26	0	0.49960811995	0.276160197218	0.0425145088436	0.960170850427	1.60872352123	0.201929867268	5.48030185699
27	0	0.499982729554	-0.420192465508	0.119314300397	-0.899556774001	-2.41340398788	0.679837226868	-5.13926553726
28	0	0.499983213842	0.404991796572	-0.204628586613	0.891127817011	2.33333134651	-1.17347943783	5.08566379547
29	0	0.4999785088	-0.467723374701	0.296375206642	-0.832704378304	-2.67388153076	1.7130792141	-4.75550889969
0	1	0.499999992549	-0.454147411385	0.350959617377	-0.818887950639	-2.60330867767	2.02144050598	-4.67205619812
1	1	0.499998427927	0.540995056626	-0.539003285602	0.645600346048	3.08490896225	-3.04303455353	3.73311018944
2	1	0.499999672174	-0.585916399535	0.309303553316	-0.749021551533	-3.34361505508	1.80013537407	-4.2747426033
3	1	0.499999709427	0.569408242162	-0.3256945308	0.754782966398	3.25601434708	-1.88253843784	4.30619716644
4	1	0.499999471009	-0.490177624672	0.456378113482	-0.742593370429	-2.83053779602	2.59746170044	-4.23561286926
5	1	0.49999935925	0.594394567006	-0.465361396155	0.655845919163	3.40503501892	-2.65463113785	3.74811577797
6	1	0.499998889863	-0.714750771805	0.464744292358	-0.522631875153	-4.06770324707	2.66487026215	-3.00790023804
7	1	0.499997213483	0.735107380945	-0.386953373143	0.556672457997	4.18335056305	-2.23475813866	3.19294643402
8	1	0.499999530613	-0.614510665338	0.502321057794	-0.608317513379	-3.52352762222	2.85734653473	-3.48001480103
9	1	0.499997846782	0.63742120351	-0.343853293828	0.689535439002	3.6390171051	-1.99367618561	3.93452453613
10	1	0.499999821186	-0.520873908451	0.323988232831	-0.78976072103	-2.98109722137	1.8745610714	-4.50516557693
11	1	0.499999217689	0.340805422712	-0.370102614207	0.864219716743	1.98187494278	-2.11471223831	4.92952442169
12	1	0.499999843538	-0.369615768321	0.346791055853	-0.862044167888	-2.09052801132	1.97978818417	-4.94025611877
13	1	0.499999687076	0.238724862421	-0.314726969314	0.918671527179	1.39745378494	-1.80597960949	5.24128723145
14	1	0.499998040497	-0.377663132486	0.363903850943	-0.851436753746	-2.12485408783	2.0526945591	-4.8968911171
15	1	0.499999234453	0.148695755221	-0.171709782221	0.973861038891	0.891459822655	-0.99391490221	5.56195878983
16	1	0.4999969583	-0.193891889708	0.00735295123512	-0.980995346173	-1.12302875519	0.0560745745897	-5.60707807541
17	1	0.49998459965	0.242023748942	0.067759441546	0.967901422165	1.39966011047	0.369860976934	5.53100776672
18	1	0.499922806397	-0.384012124784	-0.0286063267262	-0.922884806512	-2.17324233055	-0.189328402281	-5.28516483307
19	1	0.499088086188	0.308331812008	0.282443420496	0.90838164222	1.76493358612	1.5947933197	5.18889665604
20	1	0.493058227003	-0.324239358451	-0.394433015658	-0.85982058279	-1.83249640465	-2.25112962723	-4.87749624252
21	1	0.415614299476	-0.0674470520462	0.865482894907	0.496377128597	-0.296494156122	4.17983627319	2.43119525909
22	1	0.324459299445	0.246385093795	0.797355846941	0.550924712556	0.942663192749	3.05047631264	2.20128631592
23	1	0.404478766024	-0.146593337551	0.496859892161	0.855359948178	-0.653927505016	2.33684158325	4.02476644516
24	1	0.496795348823	-0.291237124131	-0.341228194925	-0.893724933364	-1.66014885902	-1.9159913063	-5.11912727356
25	1	0.49921528995	0.426108078351	-0.0277567126664	0.904246354964	2.41663742065	-0.138192951679	5.17261695862
26	1	0.499976847321	-0.465045877201	0.0930007293763	-0.880388094214	-2.66032457352	0.515881359577	-5.03506088257
27	1	0.499994128942	0.610717645198	-0.0608786033181	0.789504752045	3.45543575287	-0.36307156086	4.54183483124
28	1	0.499999519438	-0.430766574538	0.16329998262	-0.88756592653	-2.4870197773	0.94454240799	-5.06174325943
29	1	0.499997489154	0.46235042683	-0.321304818023	0.826435294941	2.64571976662	-1.82755661011	4.7270450592
0	2	0.49999955669	0.489681105193	-0.35558397908	0.796098265944	2.79612112045	-2.02609586716	4.55629205704
1	2	0.499999787658	-0.423254770207	0.404531024753	-0.810684926164	-2.44733691216	2.31053376198	-4.62238407135
2	2	0.499999731779	0.502642138214	-0.406968968961	0.762710390118	2.88613820076	-2.31656742096	4.35825395584
3	2	0.499999828637	-0.520013761044	0.487253371737	-0.701548173724	-2.98783278465	2.75042748451	-4.02603816986
4	2	0.499999593943	0.4933581512	-0.355266834255	0.793966756938	2.83805799484	-2.04166960716	4.52421665192
5	2	0.499998912215	-0.587630819714	0.391042825218	-0.708361156874	-3.35283136368	2.24575519562	-4.05001783371
6	2	0.499987341464	0.551948306364	-0.537486125882	0.637543513484	3.18456506729	-3.04727554321	3.64264321327
7	2	0.499985583127	-0.641984377667	0.451594792273	-0.619611331742	-3.66583824158	2.58856296539	-3.54222631454
8	2	0.499960243702	0.585656274219	-0.541696335299	0.602969160731	3.35720968246	-3.08798289299	3.44586968422
9	2	0.499988347292	-0.609539422109	0.462592778265	-0.643793145655	-3.48242759705	2.64995193481	-3.6791844368
10	2	0.499987304211	0.567863785124	-0.490672275358	0.660886858501	3.25368928909	-2.77644681931	3.79432868958
11	2	0.499998942018	-0.615613448836	0.292850887662	-0.731613585992	-3.48701190948	1.68970477581	-4.20688772202
12	2	0.499999899417	0.435957519059	-0.290336745004	0.851848352746	2.49785900116	-1.67210590839	4.86382675171
13	2	0.499989338219	-0.332457695179	0.331565515922	-0.882913466636	-1.90784859657	1.88465929031	-5.04977273941
14	2	0.499982871115	0.266121297529	-0.147184579812	0.952636423021	1.55680274963	-0.871795713902	5.43324327469
15	2	0.499962285161	-0.423723651391	0.149330389803	-0.893397281131	-2.40822005272	0.839929580688	-5.1181139946
16	2	0.499979648739	0.456994890319	0.045062348597	0.888327110338	2.59015703201	0.232220679522	5.09331798553
17	2	0.499978676438	-0.36685019127	-0.0717844327753	-0.927506297756	-2.08934664726	-0.402421891689	-5.30635213852
18	2	0.499915244058	0.261537396878	0.102387779546	0.959747327495	1.5139901638	0.589354813099	5.48077821732
19	2	0.498088100925	-0.253562143036	-0.272313374655	-0.928198074553	-1.43874382973	-1.56120657921	-5.29660987854
20	2	0.446071848273	-0.117548584761	0.823736755608	0.554653123746	-0.581303358078	4.21049976349	2.90905761719
21	2	0.286652702838	0.139027654951	0.695755406389	0.704695484333	0.446829646826	2.36120820045	2.42663407326
22	2	0.421380057931	0.429408831419	0.604945088242	0.670559091886	2.07170963287	2.96824550629	3.31887149811
23	2	0.496164236218	-0.209430149268	-0.155667536306	-0.965353111933	-1.20755648613	-0.925128936768	-5.50070953369
24	2	0.498989088461	0.259242510238	0.203063818159	0.944223705824	1.49323606491	1.15345275402	5.38572645187
25	2	0.49993750453	-0.421017043637	-0.0148565423758	-0.906931051467	-2.41432547569	-0.0991542041302	-5.18260526657
26	2	0.499988790601	0.562800672612	-0.0723200741368	0.823422862073	3.1945245266	-0.399090260267	4.72518920898
27	2	0.499999891967	-0.524774423007	0.0860402676915	-0.84688185557	-3.00553512573	0.501149773598	-4.83736467361
28	2	0.499999694526	0.589440606147	-0.217804001977	0.777895358354	3.35103607178	-1.23074281216	4.46679782867
29	2	0.499999694526	-0.517694055155	0.319171113709	-0.793802661516	-2.95841264725	1.81515026093	-4.54283332825
0	3	0.500000096858	-0.490554161159	0.23601740138	-0.838839913938	-2.81305718422	1.3616528511	-4.78716373444
1	3	0.499999888241	0.54170281669	-0.289416863362	0.789174212447	3.09686803818	-1.65334630013	4.51279354095
2	3	0.500000156462	-0.635421248651	0.257508172877	-0.727962483693	-3.61679697037	1.4879553318	-4.17084598541
3	3	0.499999649823	0.687181995821	-0.292733202821	0.664897117294	3.91192340851	-1.67524170876	3.81933736801
4	3	0.49999961257	-0.593581432548	0.23774515294	-0.768855204306	-3.40326833725	1.3764115572	-4.38393497467
5	3	0.499986968935	0.565200529066	-0.358841430268	0.742819755975	3.25093245506	-2.03945541382	4.2386302948
6	3	0.49995765835	-0.673907055979	0.422153990882	-0.606329355948	-3.83592510223	2.41335391998	-3.48601794243
7	3	0.499223254621	0.600994839845	-0.425633218713	0.676492103138	3.44316482544	-2.44742512703	3.84029364586
8	3	0.499597027898	-0.598585086891	0.625728324923	-0.500159931563	-3.41601634026	3.56526470184	-2.88543009758
9	3	0.499230787158	0.597998809743	-0.550133569309	0.582881188121	3.41417741776	-3.13781189919	3.32963848114
10	3	0.499967128038	-0.617212248102	0.413839344102	-0.669168168749	-3.52135562897	2.37200307846	-3.83055090904
11	3	0.49998569116	0.532026018726	-0.201973219346	0.822286527961	3.05899143219	-1.1976429224	4.68096065521
12	3	0.499988332391	-0.507366518808	0.364105242117	-0.781029185278	-2.89990472794	2.06723594666	-4.47240352631
13	3	0.499978009611	0.452797346287	-0.383692688562	0.804831960063	2.58376312256	-2.17093348503	4.61572551727
14	3	0.499314259738	-0.449080490433	0.197640767048	-0.871358043696	-2.55247831345	1.1265155077	-4.9827132225
15	3	0.49946526438	0.559031985905	-0.0664016572272	0.826482945168	3.17313909531	-0.411635518074	4.73808145523
16	3	0.499206271023	-0.465628888133	0.119417238536	-0.876886116709	-2.66326880455	0.672304749489	-5.00464010239
17	3	0.499667460099	0.372140067878	-0.0326744170134	0.927601289538	2.13798236847	-0.186291635036	5.29647111893
18	3	0.499714974314	-0.32752655857	-0.0941704741378	-0.940137370405	-1.88205206394	-0.537385284901	-5.37061929703
19	3	0.498551493511	0.252391741874	0.105033054444	0.961907722242	1.45512795448	0.638771355152	5.47740316391
20	3	0.495463293046	-0.175030140157	-0.486043370116	-0.856227944185	-1.00797581673	-2.74234247208	-4.89458370209
21	3	0.452529143542	-0.457224332999	0.0531633626101	0.887760984832	-2.31453347206	0.380965769291	4.67664289474
22	3	0.496954942122	-0.23860445744	-0.302270371797	-0.922876229634	-1.36383771896	-1.72353935242	-5.27976417542
23	3	0.498785234988	0.282164003751	0.306172958358	0.909198325206	1.60802984238	1.71595096588	5.19635725021
24	3	0.499942174181	-0.262413573256	-0.230500094185	-0.937021250107	-1.53234279156	-1.31315994263	-5.35053634644
25	3	0.499980282038	0.531895329354	0.153386757296	0.832802414321	3.00888967514	0.870780110359	4.78414344788
26	3	0.499999273568	-0.456569351903	-0.0939429295983	-0.884714164508	-2.62238502502	-0.513024747372	-5.05530643463
27	3	0.499999333173	0.427438357984	-0.152341067943	0.891116518275	2.46957850456	-0.831009745598	5.09061861038
28	3	0.499999701977	-0.561348189331	0.0552354469901	-0.825734373592	-3.19944286346	0.355407357216	-4.72580909729
29	3	0.499999947846	0.509228865013	-0.258008595886	0.821046604942	2.92171478271	-1.46000313759	4.69282150269
0	4	0.499999102205	0.533209558082	-0.229356925159	0.814299065486	3.06749486923	-1.30546712875	4.64512109756
1	4	0.500000096858	-0.597612810329	0.219037506987	-0.771285614713	-3.41228413582	1.25771331787	-4.41125631332
2	4	0.499999918044	0.536143010829	-0.267582542597	0.800593688981	3.10233831406	-1.52152514458	4.55630779266
3	4	0.500000268221	-0.709560298507	0.191682624905	-0.678072233683	-4.05330324173	1.10040283203	-3.87976789474
4	4	0.499997377396	0.737202999837	-0.18174984029	0.650767802359	4.19480991364	-1.05056238174	3.74004173279
5	4	0.499972060323	-0.671176757734	0.157908663826	-0.72428351753	-3.83362841606	0.944706678391	-4.13682126999
6	4	0.499153621495	0.675397375249	-0.361789309831	0.642609430991	3.84741711617	-2.06902217865	3.67432379723
7	4	0.496430203319	-0.646971371949	0.462431815665	-0.606287769742	-3.6839325428	2.64658546448	-3.46540856361
8	4	0.445561096072	0.391410368587	-0.801913325882	0.451367855675	2.01988387108	-4.10225248337	2.3260011673
9	4	0.497991859913	-0.552395580408	0.64805625906	-0.524292101638	-3.16254520416	3.69876050949	-3.01240921021
10	4	0.4992313236	0.60947903629	-0.471614057792	0.637271908071	3.47258615494	-2.69520783424	3.64266514778
11	4	0.499984711409	-0.60859928788	0.345391011738	-0.714361222214	-3.47500324249	1.9871339798	-4.08300352097
12	4	0.499990403652	0.58466615895	-0.346671241627	0.733474289125	3.3286986351	-1.98105764389	4.20493221283
13	4	0.499344952404	-0.427361038585	0.299746191781	-0.852944759766	-2.46155619621	1.70973622799	-4.86190652847
14	4	0.497355517	0.307972979364	-0.140940301967	0.940897696492	1.78972268105	-0.829152941704	5.36746358871
15	4	0.444552812725	-0.50761234086	0.383406044297	-0.771575995352	-2.60742306709	1.93532633781	-3.95282864571
16	4	0.497884474695	0.543160344218	-0.267235651296	0.795966046478	3.10058927536	-1.51413881779	4.56438302994
17	4	0.497720282525	-0.477462833162	0.174658769372	-0.861117621019	-2.73465943336	0.972924947739	-4.90948486328
18	4	0.475076768547	0.562751059904	0.205570574412	0.800657219735	3.06801366806	1.09250736237	4.40546417236
19	4	0.4978344962	-0.429079939968	-0.176723106828	-0.885809995784	-2.45162296295	-1.00621724129	-5.06677722931
20	4	0.497622411698	0.395311310345	0.30347407016	0.866967390767	2.24066710472	1.74857962132	4.93263244629
21	4	0.491782985628	-0.345689564156	-0.638535959287	-0.687583125106	-1.93995523453	-3.57366585732	-3.95963478088
22	4	0.463683022186	0.347509844477	0.119647048555	0.93001155464	1.86805319786	0.660894870758	4.96534442902
23	4	0.498827800155	-0.366478359051	-0.0606294567482	-0.92844907309	-2.10676956177	-0.376809954643	-5.30609846115
24	4	0.499564491212	0.444029897045	0.205039398383	0.872236376013	2.52231383324	1.15724563599	4.99315261841
25	4	0.499995656312	-0.444055885823	-0.180980917174	-0.87753078458	-2.54390192032	-1.02231907845	-5.01669168472
26	4	0.499996747822	0.46502726353	0.0593745967877	0.883303063184	2.66134023666	0.353544712067	5.04712677002
27	4	0.499999716878	-0.504933012351	-0.0941748543295	-0.858005681712	-2.8819167614	-0.499649494886	-4.9142241478
28	4	0.499999605119	0.521062120311	-0.219542912322	0.824800082703	2.99084877968	-1.21393668652	4.720454216
29	4	0.5	-0.609811015069	0.164562491506	-0.775273959507	-3.46941018105	0.957745492458	-4.44192695618
0	5	0.499998301268	-0.710258944573	0.186368515567	-0.678821779306	-4.03699493408	1.07629740238	-3.90359449387
1	5	0.499996691942	0.682148520183	-0.170488877221	0.711060432844	3.90026593208	-0.980730235577	4.06310844421
2	5	0.499998383224	-0.715985012885	0.262659091022	-0.646819652784	-4.09878206253	1.46811401844	-3.70893597603
3	5	0.499997608364	0.803491886672	-0.0624650350258	0.59202948191	4.57128381729	-0.398458838463	3.41326832771
4	5	0.499998144805	-0.64335658859	0.286216161628	-0.710051131075	-3.70061063766	1.61618149281	-4.04878902435
5	5	0.499955289066	0.592616223776	-0.337294072823	0.731463409718	3.402084589	-1.92258810997	4.17303752899
6	5	0.499349348247	-0.566765219843	0.452194487537	-0.688692479281	-3.24511671066	2.58746767044	-3.93157672882
7	5	0.44354981184	0.31097449774	-0.793098216409	0.523727105356	1.61104512215	-4.0415058136	2.68069124222
8	5	0.240534260869	0.393511604203	-0.800281119638	0.45243645621	1.12995910645	-2.28020572662	1.34238481522
9	5	0.447002835572	0.336058725652	-0.741577409445	0.580626798136	1.74586737156	-3.81222057343	2.98390436172
10	5	0.499564640224	-0.528516457903	0.503148340582	-0.683748565699	-3.0216588974	2.88743233681	-3.90167617798
11	5	0.499961197376	0.612907736484	-0.521687046072	0.593453226901	3.49658060074	-2.95088624954	3.43023991585
12	5	0.499961204827	-0.559686153578	0.354052720218	-0.749265027076	-3.21138858795	2.02911996841	-4.27237129211
13	5	0.499622777104	0.649220573989	-0.279851106989	0.707245363524	3.69175887108	-1.59909904003	4.06406450272
14	5	0.444965932518	-0.55287738149	0.256577375186	-0.792776545806	-2.8369743824	1.31929945946	-4.05174922943
15	5	0.23451147601	-0.574587158126	0.282999847082	-0.767958777714	-1.61346769333	0.801120579243	-2.14878344536
16	5	0.445784278214	-0.630070183324	0.304642153771	-0.714286162705	-3.22714734077	1.55724287033	-3.67118787766
17	5	0.472420465201	0.627278829602	-0.0353170518537	0.777993557674	3.41706562042	-0.235815197229	4.24573421478
18	5	0.332061063498	0.605977165714	-0.416091799709	0.677981776192	2.41409492493	-1.63617217541	2.68870639801
19	5	0.423476144671	0.662151075252	-0.222892887899	0.715454201236	3.25399541855	-1.08696961403	3.54878520966
20	5	0.492287609726	-0.414395394143	-0.208199904058	-0.885962333998	-2.3513777256	-1.15646278858	-5.03962659836
21	5	0.420767068863	0.409373823588	0.0370459196689	0.911614322176	1.99778544903	0.173186480999	4.45972442627
22	5	0.297629626468	0.57491627487	0.19909515917	0.793619804746	2.03772783279	0.689069867134	2.83678483963
23	5	0.46587580815	0.58230400548	0.0888203070421	0.808104571364	3.1114692688	0.474553853273	4.35078668594
24	5	0.499791786075	-0.455908705243	-0.129123763705	-0.880610189658	-2.61246776581	-0.730335950851	-5.03266620636
25	5	0.499977320433	0.421694751873	0.121922648092	0.89850342466	2.4244093895	0.691068828106	5.13111257553
26	5	0.500000394881	-0.493450116322	-0.109635343917	-0.862836643905	-2.81458568573	-0.618180632591	-4.93736076355
27	5	0.50000037998	0.461838921939	0.0730492288475	0.883950575737	2.65761899948	0.397996664047	5.04683589935
28	5	0.499999847263	-0.553617640951	0.0755566557347	-0.829336300545	-3.16199493408	0.456250280142	-4.74289035797
29	5	0.499999962747	0.592815680689	-0.231245884607	0.771423949318	3.39464187622	-1.3125295639	4.40948438644
0	6	0.4999813959	0.634020396377	-0.275635642127	0.722525521879	3.62427425385	-1.55680322647	4.13950395584
1	6	0.499951027334	-0.713080538734	0.104608697098	-0.693233846382	-4.07623004913	0.602200627327	-3.96401929855
2	6	0.499925762415	0.83641599162	0.00623401827218	0.548059691985	4.76349401474	0.00725973770022	3.16395115852
3	6	0.499940112233	-0.703569103492	0.140982821676	-0.696501515148	-4.04629278183	0.790172576904	-3.96122288704
4	6	0.499987281859	0.740734173522	-0.225488250762	0.632825357382	4.21761512756	-1.29733967781	3.63539981842
5	6	0.499979376793	-0.665443487219	0.354323509408	-0.656993010616	-3.80228376389	2.01934409142	-3.76166129112
6	6	0.499148629606	0.622168281159	-0.417433743016	0.662310878751	3.54091858864	-2.37774729729	3.79337859154
7	6	0.49693441391	-0.492903936406	0.538208745828	-0.683649804644	-2.81467056274	3.06477832794	-3.91792392731
8	6	0.444020442665	0.240078301637	-0.831631121004	0.500751522875	1.25377333164	-4.23637294769	2.57890200615
9	6	0.497181817889	-0.402296786627	0.491123753775	-0.772628470837	-2.28813290596	2.82366657257	-4.41198015213
10	6	0.499261371791	0.468587230276	-0.491157952561	0.73429549451	2.67428684235	-2.79508185387	4.19895076752
11	6	0.499979838729	-0.586546195655	0.343821668161	-0.733314544289	-3.34500145912	1.99220776558	-4.18738698959
12	6	0.499990336597	0.560589081816	-0.355659766167	0.747827528297	3.21312475204	-2.02400302887	4.27426481247
13	6	0.499241262674	-0.676902445158	0.149388951724	-0.720753786561	-3.85077810287	0.877855360508	-4.12232589722
14	6	0.498052291572	0.662378543832	-0.147366484784	0.734532357241	3.78798627853	-0.856223702431	4.20441055298
15	6	0.44609606266	-0.679574317205	0.370368097372	-0.633250519024	-3.47699475288	1.88158869743	-3.27247476578
16	6	0.497000202537	0.557566756884	-0.409807094287	0.72192621305	3.18946123123	-2.3470158577	4.11562156677
17	6	0.495743192732	-0.522477487111	0.523562593971	-0.672978072196	-3.00493907928	2.95294594765	-3.86448764801
18	6	0.395949736238	0.672476903604	-0.526216434883	0.520452762293	3.133862257	-2.42666339874	2.4594233036
19	6	0.388928679749	0.467295530181	-0.231000631518	0.853389474807	2.16045761108	-1.0882588625	3.96445417404
20	6	0.392980188131	-0.469625161552	-0.372564669245	0.8004047569	-2.14268350601	-1.71360349655	3.7363576889
21	6	0.394266270101	-0.191761149825	-0.705753135824	0.682011856709	-0.860296607018	-3.27620267868	3.24206161499
22	6	0.426499146968	0.675897649667	-0.0840205105008	0.732190495015	3.31633138657	-0.411870479584	3.64608955383
23	6	0.497951190919	-0.48633352603	0.100850411375	-0.867933693311	-2.78236579895	0.566659927368	-4.96562862396
24	6	0.499465800822	0.477907020291	-0.0164169909238	0.878257002457	2.72740793228	-0.0954912751913	5.01696157455
25	6	0.499993611127	-0.487099444339	0.0154173434661	-0.87321041957	-2.78783416748	0.075929492712	-4.99081087112
26	6	0.499997600913	0.514066221202	0.0726778691211	0.854665927459	2.93802428246	0.38509106636	4.89035177231
27	6	0.499997727573	-0.535512176108	0.101300423225	-0.838430040907	-3.06042122841	0.573027849197	-4.7961640358
28	6	0.499998051673	0.531012679397	-0.303189076515	0.791266022398	3.05062675476	-1.69536423683	4.53020524979
29	6	0.49999564141	-0.575815295156	0.332258496098	-0.747021443892	-3.29408979416	1.87639796734	-4.27945995331
0	7	0.499841026962	-0.488833459284	0.188772177342	-0.851708232992	-2.8286113739	1.07078051567	-4.85178852081
1	7	0.49897107482	0.656954599254	-0.0214396251742	0.753625236435	3.75755095482	-0.13382075727	4.29470252991
2	7	0.498249381781	-0.836606197743	-0.0949653696104	-0.539510563819	-4.77111148834	-0.542135357857	-3.08995628357
3	7	0.49935528636	0.779776572517	0.00743489888766	0.626013753229	4.4347858429	0.0133463218808	3.60213279724
4	7	0.499860860407	-0.644614999077	0.261407806589	-0.71842707467	-3.70474386215	1.46847295761	-4.09996557236
5	7	0.499974131584	0.673358018153	-0.346559406471	0.653058616952	3.84002733231	-1.95733809471	3.75701570511
6	7	0.499944493175	-0.580402170802	0.255200040412	-0.773308644399	-3.30945014954	1.48027265072	-4.42244291306
7	7	0.499076183885	0.358291256822	-0.272913096235	0.892830228649	2.07892417908	-1.59036433697	5.07469081879
8	7	0.499303199351	-0.393191502509	0.505638934959	-0.767938610703	-2.22736239433	2.88864660263	-4.40244245529
9	7	0.49926006794	0.189627507569	-0.505899443139	0.841491034893	1.1274356842	-2.87930989265	4.80021858215
10	7	0.499959997833	-0.318436346037	0.468260290637	-0.824215138016	-1.84197592735	2.67798900604	-4.70485782623
11	7	0.499987140298	0.565089623493	-0.397771733729	0.722807972609	3.20631933212	-2.28567314148	4.14632225037
12	7	0.499988183379	-0.519467902829	0.408268732731	-0.750646214807	-2.97907400131	2.31520223618	-4.29588699341
13	7	0.499974124134	0.611437718344	-0.169910818869	0.772835189557	3.48548460007	-1.00355195999	4.42168188095
14	7	0.499262697995	-0.618157424454	0.236842844457	-0.749524426301	-3.53374767303	1.34766662121	-4.2758898735
15	7	0.499183952808	0.653026651078	-0.18434559719	0.734556256374	3.72585201263	-1.09938621521	4.19078493118
16	7	0.497462883592	-0.6299269627	0.424785391388	-0.650191812412	-3.59998583794	2.40056490898	-3.73248028755
17	7	0.415924072266	0.728554306999	-0.182471133396	0.660237008377	3.5078754425	-0.889389514923	3.21271800995
18	7	0.381071906537	0.643092727183	-0.0519327497149	0.764025348893	2.92315220833	-0.243039578199	3.48212480545
19	7	0.41886417428	0.0726643631258	-0.0961636829415	0.992709643559	0.372989952564	-0.460149466991	4.90040683746
20	7	0.347480942495	-0.24869472848	-0.0385174105087	0.967815757835	-1.01355350018	-0.181686118245	4.01337051392
21	7	0.445223338902	0.301401433578	-0.0439999083295	0.952481592423	1.55723118782	-0.229892611504	4.93143749237
22	7	0.498262099922	-0.458799270721	0.0438041323037	-0.887459535516	-2.61381149292	0.270923197269	-5.07682991028
23	7	0.499125380069	0.429557093504	-0.132182142591	0.8933132623	2.45949721336	-0.751056313515	5.0950050354
24	7	0.499972436577	-0.442379024781	0.112049673106	-0.889800915481	-2.54177594185	0.635499954224	-5.08161258698
25	7	0.499992471188	0.578435614561	-0.0346411368649	0.814992166492	3.27596068382	-0.223514690995	4.68194580078
26	7	0.499987654388	-0.490913672502	0.174306263059	-0.853593048712	-2.82243895531	0.978563189507	-4.87552976608
27	7	0.499988891184	0.572392538286	-0.146289178275	0.806824800334	3.26344680786	-0.84433722496	4.61795043945
28	7	0.499964222312	-0.638488382401	0.107419135449	-0.762098231777	-3.63238954544	0.640712618828	-4.36824369431
29	7	0.499974243343	0.552289588481	-0.197068436139	0.810024840319	3.16766214371	-1.1290974617	4.62359809875
0	8	0.498995020986	0.579407193563	-0.112625054378	0.807219239843	3.31871938705	-0.633838295937	4.60024309158
1	8	0.491290256381	-0.660268202099	0.00776336137121	-0.750989767918	-3.73752355576	0.0389929525554	-4.25105857849
2	8	0.427446812391	0.815725295385	0.57763957524	-0.0304099257901	4.04896354675	2.84954810143	-0.0847055912018
3	8	0.490659512579	-0.518213320164	0.0890232635275	-0.850605556857	-2.97143912315	0.482534855604	-4.78955936432
4	8	0.499357059598	0.648134550123	-0.0500396585303	0.759880015207	3.69882726669	-0.30535030365	4.34013748169
5	8	0.499973215163	-0.61582480244	0.137634614819	-0.775768345257	-3.53054523468	0.795572698116	-4.4283208847
6	8	0.499983411282	0.469387698122	-0.290598593642	0.833803121981	2.70428752899	-1.63986134529	4.76314258575
7	8	0.499982148409	-0.416520318708	0.240489515564	-0.876741476723	-2.37647747993	1.39958739281	-5.00804662704
8	8	0.499956715852	0.350105185161	-0.421776733353	0.836379546932	1.99961209297	-2.40453886986	4.78571557999
9	8	0.499979689717	-0.289631297337	0.392316492026	-0.873041512007	-1.6663684845	2.26000857353	-4.98031282425
10	8	0.499988112599	0.332068002629	-0.464054416792	0.82120907197	1.90637183189	-2.6569955349	4.68934965134
11	8	0.499999456108	-0.427240200228	0.521368300384	-0.738675102237	-2.44985771179	2.95889568329	-4.23492050171
12	8	0.499998912215	0.468852644636	-0.397284619629	0.78888663864	2.67075443268	-2.28351569176	4.51007223129
13	8	0.499987967312	-0.406618790762	0.344776419416	-0.846043958441	-2.3607301712	1.96924614906	-4.82205915451
14	8	0.499979443848	0.625734949204	-0.356282522435	0.693915367716	3.55751824379	-2.03277516365	3.9883275032
15	8	0.499815940857	-0.558257989751	0.44585842556	-0.699684415459	-3.21920347214	2.5069372654	-4.00535392761
16	8	0.476973980665	0.691784629882	-0.287544506217	0.662383712664	3.79562830925	-1.5910474062	3.648832798
17	8	0.335245845839	0.48380629229	-0.0130335913289	0.875078051969	1.95902347565	-0.0565816797316	3.49672889709
18	8	0.416428273544	0.397335541283	0.239299123309	0.885923471422	1.93547439575	1.12892150879	4.29346990585
19	8	0.497157765552	-0.319370431648	-0.165709321483	-0.933028910679	-1.85265719891	-0.927666902542	-5.33465385437
20	8	0.481049455702	0.489849515549	0.125493399041	0.862727569348	2.70741462708	0.679466605186	4.79128074646
21	8	0.498812742531	-0.441129684826	-0.00512581433138	-0.897428730982	-2.51830148697	-0.00774660799652	-5.13465642929
22	8	0.499362017959	0.389194972219	-0.177626254632	0.90386735048	2.23855113983	-1.00173044205	5.15718221664
23	8	0.499974992126	-0.461226308845	0.216954313723	-0.860349416102	-2.63324785233	1.2281922102	-4.92350769043
24	8	0.499988898635	0.480059146455	-0.175111317652	0.859580852704	2.73097062111	-0.989784300327	4.92437314987
25	8	0.499986380339	-0.345460821656	0.233322615918	-0.908965003508	-2.0266494751	1.30469965935	-5.18766069412
26	8	0.49996143207	0.529946030419	-0.289954644965	0.796921268826	3.01606798172	-1.63420164585	4.57474422455
27	8	0.499165549874	-0.466059621824	0.324451765893	-0.823115715143	-2.67850875854	1.81879162788	-4.70207214355
28	8	0.499280571938	0.602838703199	-0.178994142698	0.777525944779	3.44639348984	-1.01381850243	4.44510269165
29	8	0.499238699675	-0.639679093672	0.194903567981	-0.743520851293	-3.64873409271	1.08918833733	-4.25432538986
0	9	0.498357944191	-0.678703823285	-0.104405954158	-0.726952898746	-3.87327647209	-0.605088591576	-4.14713287354
1	9	0.445157207549	0.519422843391	0.637985615653	0.568484180943	2.72280240059	3.2427945137	2.91400527954
2	9	0.257223121822	0.800410699697	0.492075998566	0.34235058558	2.45524930954	1.47981441021	1.10293674469
3	9	0.448708072305	0.764459392982	0.33485475862	0.550884858306	3.96477079391	1.72547829151	2.84245467186
4	9	0.499647423625	-0.734219014743	-0.00309991900186	-0.67890561118	-4.20030784607	-0.0333744026721	-3.8804192543
5	9	0.49995701015	0.757508013083	0.0256384722221	0.652322220117	4.30459213257	0.116942748427	3.76338672638
6	9	0.499998796731	-0.54961279427	0.173219848673	-0.817264131356	-3.14169979095	0.997481524944	-4.67402267456
7	9	0.499995712191	0.376598680639	-0.340367725223	0.861581827436	2.16679358482	-1.92790007591	4.92805767059
8	9	0.499999005347	-0.254991189197	0.432568579341	-0.864791256662	-1.49696028233	2.45296645164	-4.94408416748
9	9	0.499997630715	0.42318078394	-0.418991706134	0.80334548875	2.39831852913	-2.4020345211	4.60082292557
10	9	0.499999329448	-0.386399154031	0.536484999967	-0.75025298305	-2.21326255798	3.04411125183	-4.30384588242
11	9	0.499999634922	0.452784700943	-0.46087457328	0.76326970482	2.57197022438	-2.64964032173	4.36440992355
12	9	0.499999616295	-0.327108206034	0.511872368721	-0.794346838406	-1.90016078949	2.91003251076	-4.54037427902
13	9	0.499999791384	0.429914073508	-0.375696929467	0.820990686055	2.46501278877	-2.15567827225	4.68682670593
14	9	0.499993555248	-0.5608255803	0.33850660353	-0.755571272513	-3.20431852341	1.93496060371	-4.32153987885
15	9	0.499725110829	0.65668900397	-0.265207599859	0.70599184205	3.73255109787	-1.53818964958	4.04501342773
16	9	0.499223932624	-0.668869886295	0.245781554893	-0.701572877528	-3.812936306	1.39421951771	-4.02569198608
17	9	0.475749574602	0.624875856992	-0.0268460060588	0.780262427205	3.42278194427	-0.169527962804	4.28642463684
18	9	0.497687477618	-0.589769168362	0.125744318219	-0.797722191295	-3.36389923096	0.705859065056	-4.5681476593
19	9	0.498943150043	0.529893547503	-0.0403431276502	0.847104043413	3.01523637772	-0.225241601467	4.83948802948
20	9	0.499804347754	-0.50503593388	0.0548428510918	-0.86135414736	-2.89479088783	0.316561490297	-4.91903781891
21	9	0.49966436252	0.514072289298	-0.145932644139	0.845241589577	2.93054270744	-0.82378745079	4.83534145355
22	9	0.499983754009	-0.428929377838	0.252657851488	-0.867285188914	-2.47035503387	1.42069911957	-4.95696401596
23	9	0.499990820885	0.48993204087	-0.222935016714	0.842773144833	2.78777098656	-1.2495803833	4.83343172073
24	9	0.499997995794	-0.418982977044	-0.0269914612888	-0.907592819476	-2.41537284851	-0.122485280037	-5.18173408508
25	9	0.499991100281	0.527423371452	0.0448274059144	0.84841917171	2.99777388573	0.223308965564	4.86479282379
26	9	0.499325022101	-0.553866913988	0.0917284919709	-0.827536902712	-3.15017747879	0.525159358978	-4.73376512527
27	9	0.4970603697	0.403088932109	-0.160977241951	0.900891580816	2.33088469505	-0.920908033848	5.13612556458
28	9	0.444123104215	-0.661472821676	-0.179998784812	-0.72804817399	-3.38671088219	-0.87998008728	-3.72674846649
29	9	0.49827324599	0.729857433757	0.0683990200338	0.680168876418	4.17292118073	0.374613881111	3.90500402451
0	10	0.49886213243	0.703679914863	0.119688208394	0.700363698509	4.02107572556	0.660889744759	3.99857878685
1	10	0.497181810439	-0.808208628021	-0.0494665641173	-0.5868150242	-4.60144805908	-0.321370750666	-3.37707614899
2	10	0.454054802656	0.808853875009	0.258833910404	0.527977665918	4.21934223175	1.36196303368	2.77437639236
3	10	0.498290225863	-0.741526476557	-0.051471722699	-0.668946295548	-4.2422451973	-0.30875480175	-3.83043003082
4	10	0.499307967722	0.7655567066	0.0287226300945	0.642726955635	4.34779024124	0.166929081082	3.69840669632
5	10	0.499951221049	-0.648911887101	0.0290334929138	-0.76030942324	-3.70431423187	0.164421975613	-4.35436439514
6	10	0.499955628067	0.519420099165	-0.185137348083	0.834222346218	2.96787786484	-1.04291057587	4.77405023575
7	10	0.49998338148	-0.453251335243	0.215999324347	-0.86481646549	-2.58677864075	1.24521505833	-4.94381427765
8	10	0.49998800084	0.436166641958	-0.212669954924	0.874374148014	2.48407959938	-1.2444177866	4.99788284302
9	10	0.499997913837	-0.413142740034	0.416061582061	-0.810065328409	-2.35685873032	2.366959095	-4.64008045197
10	10	0.499999023974	0.400514145577	-0.432376080447	0.807860968391	2.27961921692	-2.47989583015	4.61986494064
11	10	0.499998144805	-0.407077002575	0.514785515209	-0.754509236064	-2.31392383575	2.93202400208	-4.3295416832
12	10	0.49999973923	0.392916898457	-0.536496050055	0.746852260613	2.2447719574	-3.05425000191	4.2800359726
13	10	0.499999016523	-0.496962051122	0.41303302487	-0.763172614885	-2.8294377327	2.3667037487	-4.3682103157
14	10	0.499995805323	0.502619950099	-0.323334420564	0.801765575615	2.87630271912	-1.86418819427	4.57539176941
15	10	0.499988935888	-0.495852497086	0.384073361748	-0.778856825051	-2.85333204269	2.16906762123	-4.45528888702
16	10	0.499723743647	0.528471193077	-0.171631673664	0.83142093231	3.03094124794	-1.01159000397	4.7383813858
17	10	0.499824985862	-0.53220420565	0.227942931295	-0.815353115871	-3.04974794388	1.28397917747	-4.66135978699
18	10	0.499558344483	0.554501951433	-0.135257742584	0.821116878969	3.16642475128	-0.77528232336	4.69030332565
19	10	0.499973703176	-0.532252952241	0.0509190455816	-0.845052688078	-3.05359363556	0.317543655634	-4.82372140884
20	10	0.499975137413	0.610694229525	-0.19405549983	0.767720666005	3.47594475746	-1.08733010292	4.40733623505
21	10	0.499995283782	-0.556824087117	0.124132698277	-0.8213026295	-3.19413542747	0.715102493763	-4.68730688095
22	10	0.499994140118	0.584283804943	-0.115933938484	0.803225844448	3.31414937973	-0.668757200241	4.6110458374
23	10	0.499999258667	-0.395929098178	0.0628218860652	-0.916129663229	-2.30363750458	0.36487954855	-5.22150564194
24	10	0.499999254942	0.460661394323	-0.0128259140555	0.887483281932	2.64603042603	-0.065952591598	5.06880378723
25	10	0.499960128218	-0.449842956228	0.0189598568933	-0.892906399663	-2.59866094589	0.0872118845582	-5.09223794937
26	10	0.499685019255	0.553868971438	0.0513071662073	0.831021502233	3.17460155487	0.271723240614	4.74884176254
27	10	0.445700444281	-0.612161437803	0.0396462037921	-0.789738281072	-3.14564561844	0.191712707281	-4.04458284378
28	10	0.23540327698	-0.726459112779	0.00752231001274	-0.687168518132	-2.02448630333	0.0239416360855	-1.95506882668
29	10	0.445770889521	-0.748432442092	0.143924103725	-0.647406156899	-3.83423352242	0.7073122859	-3.33247852325
0	11	0.499221272767	-0.623176539399	-0.028675335043	-0.781555324915	-3.55545377731	-0.172322258353	-4.46361112595
1	11	0.499439164996	0.569551465886	0.242010019275	0.785520386927	3.28055667877	1.34254097939	4.48057079315
2	11	0.499557629228	-0.626311852655	-0.177957138405	-0.758989275362	-3.58105444908	-1.01601946354	-4.33926439285
3	11	0.499332454056	0.587805719922	-0.000448585653231	0.809001999007	3.3714299202	0.0291457809508	4.60885190964
4	11	0.499877404422	-0.529024882156	-0.137636459028	-0.837370216336	-3.04183888435	-0.750116229057	-4.78458356857
5	11	0.499062780291	0.407194791847	0.0487517108512	0.912039293113	2.34005284309	0.267190873623	5.19991588593
6	11	0.499135503545	-0.379332485125	0.0671537050596	-0.922820267238	-2.16635656357	0.416462033987	-5.27361774445
7	11	0.499275881797	0.408835783891	-0.289516667936	0.86546715755	2.33572244644	-1.63321900368	4.94692373276
8	11	0.499938234687	-0.448009081367	0.18561092702	-0.874549282078	-2.5374455452	1.09972012043	-5.00566101074
9	11	0.499979481101	0.322312007952	-0.402552192357	0.856776926602	1.84552049637	-2.28831648827	4.90412378311
10	11	0.49996182695	-0.233700485987	0.377860377707	-0.895882591531	-1.34724140167	2.1777780056	-5.11163139343
11	11	0.499992191792	0.160682820527	-0.425549907397	0.890555055851	0.957360506058	-2.44283652306	5.0812330246
12	11	0.499986398965	-0.306241489062	0.513872408563	-0.801343433301	-1.754119277	2.9360294342	-4.58214759827
13	11	0.499999791384	0.4786135148	-0.482596053272	0.73350538704	2.72083163261	-2.75195384026	4.20890331268
14	11	0.499999329448	-0.490934411918	0.396871430665	-0.775549141394	-2.80596399307	2.26588511467	-4.43592691422
15	11	0.499995797873	0.545701371314	-0.327374875545	0.77138557428	3.10922908783	-1.88069605827	4.41330528259
16	11	0.499996513128	-0.543097746003	0.304150095649	-0.78264778643	-3.10672330856	1.72352862358	-4.47908782959
17	11	0.499986447394	0.526493699132	-0.251722285383	0.812059280974	3.01039767265	-1.43798220158	4.64218521118
18	11	0.499993994832	-0.539350633961	0.163643017823	-0.826027757623	-3.08990335464	0.936677992344	-4.71795225143
19	11	0.499992318451	0.577285586579	-0.236630075899	0.781503396479	3.29111289978	-1.33824801445	4.47948789597
20	11	0.499998927116	-0.577802952495	0.193676940425	-0.792863790846	-3.312261343	1.11074614525	-4.52538156509
21	11	0.49999795109	0.702466313318	-0.121770300612	0.701222555643	3.97900271416	-0.705129504204	4.04682731628
22	11	0.499993968755	-0.488579374724	0.115448761958	-0.864847835146	-2.82770895958	0.648273825645	-4.92745113373
23	11	0.499992262572	0.618356743355	0.0121993219093	0.785802847088	3.52162694931	0.0620379149914	4.50495481491
24	11	0.499980546534	-0.703369896891	-0.123721777209	-0.699974078086	-3.99678325653	-0.698511838913	-4.03007221222
25	11	0.499979093671	0.618789016361	0.185656746493	0.763303167629	3.54498958588	1.03273451328	4.36717128754
26	11	0.499254092574	-0.687460928912	0.0243350150338	-0.725813528575	-3.91034555435	0.102340653539	-4.15914011002
27	11	0.498080201447	0.623346711724	0.114957852991	0.773449137965	3.57813119888	0.638208270073	4.4216542244
28	11	0.44590357691	-0.716146046937	0.0541660855782	-0.69584543875	-3.66653037071	0.274154543877	-3.57689905167
29	11	0.497947279364	0.580011963827	-0.0760145540537	0.811053579852	3.32973790169	-0.432752877474	4.63357305527
0	12	0.499959055334	0.565676892168	-0.0168431974487	0.824454947445	3.23324108124	-0.0970420762897	4.71449518204
1	12	0.49997748062	-0.565074506736	-0.0830554143493	-0.820848707122	-3.22694015503	-0.479638695717	-4.69513654709
2	12	0.49996117875	0.538189066654	0.196895122717	0.819502799985	3.09781074524	1.10897731781	4.67503499985
3	12	0.499952115119	-0.641507860892	-0.12468378028	-0.756915860152	-3.64983701706	-0.697814464569	-4.34577989578
4	12	0.499053444713	0.545006257043	-0.12531948999	0.829013392662	3.09660482407	-0.669854938984	4.75040102005
5	12	0.495372410864	-0.228515470976	0.00145113437867	-0.973539199896	-1.32999670506	0.0274148639292	-5.54268121719
6	12	0.444687725976	-0.0601524672712	-0.413280599409	0.908614784622	-0.270365417004	-2.11249160767	4.66275167465
7	12	0.497508946806	-0.367018311247	0.367139011649	-0.854696732962	-2.08296346664	2.10220932961	-4.89349842072
8	12	0.499291379005	0.207259828821	-0.394198359817	0.895349661571	1.20857596397	-2.25105643272	5.10790014267
9	12	0.499326515943	-0.22785081537	0.38871960198	-0.892737966579	-1.29262208939	2.24892735481	-5.08820009232
10	12	0.499606974423	0.191567148301	-0.503937882657	0.84222837646	1.09861123562	-2.85853934288	4.82814693451
11	12	0.49922607094	-0.265087424217	0.38680210609	-0.883239938095	-1.48848319054	2.24042701721	-5.03578805923
12	12	0.499978043139	0.202078131334	-0.570643894069	0.79594596236	1.18327689171	-3.24401021004	4.55786561966
13	12	0.499986905605	-0.378714440731	0.480142981004	-0.791225688521	-2.16206026077	2.74750328064	-4.5239443779
14	12	0.499999228865	0.426773104789	-0.392825969338	0.814587303389	2.44624853134	-2.25104951859	4.65103530884
15	12	0.499999940395	-0.482982100421	0.386425518783	-0.785750347824	-2.77098059654	2.19169902802	-4.49527215958
16	12	0.499999091029	0.60218941672	-0.200231058827	0.772835965436	3.42188167572	-1.18444013596	4.42563772202
17	12	0.500000033528	-0.476991885071	0.325121126346	-0.816562915383	-2.76002883911	1.83077311516	-4.66220331192
18	12	0.499997839332	0.59989510452	-0.0218414379806	0.799780479357	3.41354703903	-0.190937966108	4.58644104004
19	12	0.499999418855	-0.482124662327	0.312896656825	-0.818322364429	-2.78136539459	1.76651608944	-4.67354106903
20	12	0.499999336898	0.574400625013	-0.286664778853	0.766738042978	3.27491235733	-1.63049221039	4.39345836639
21	12	0.499993942678	-0.53378849593	0.175027197466	-0.82730606293	-3.0681385994	0.995126187801	-4.72073936462
22	12	0.499964207411	0.560630112712	-0.043068207096	0.826945588451	3.19782114029	-0.243914410472	4.73349809647
23	12	0.499604642391	-0.616457169251	0.0198621461908	-0.787137887303	-3.52659416199	0.0915810987353	-4.49406719208
24	12	0.499738506973	0.686312359948	0.183698980465	0.703725819591	3.91830635071	1.04725265503	4.02886629105
25	12	0.49948694557	-0.69101598816	-0.202626581059	-0.693858323258	-3.9440164566	-1.15060019493	-3.96688079834
26	12	0.499944612384	0.692064428351	0.116260056756	0.712411697135	3.95223808289	0.65368616581	4.07943439484
27	12	0.499254010618	-0.633992610614	-0.0209502103343	-0.773055275109	-3.61998653412	-0.135022670031	-4.41174030304
28	12	0.49968798086	0.611680628288	-0.00813827526352	0.791062941524	3.50269985199	-0.0586598552763	4.51942825317
29	12	0.499250289053	-0.599394492548	0.155590237843	-0.785186551204	-3.41675019264	0.857120037079	-4.49249982834
0	13	0.499985560775	-0.446402449509	0.057306404748	-0.892995424987	-2.56819343567	0.312718898058	-5.0984377861
1	13	0.499997906387	0.496389298659	-0.00577244247685	0.868080839026	2.8405213356	-0.0185685381293	4.96278572083
2	13	0.499999158084	-0.640993475114	-0.158246820743	-0.751056128785	-3.63545465469	-0.894502162933	-4.32244300842
3	13	0.499932158738	0.580792315432	0.180630678022	0.793758681523	3.32022070885	0.995750904083	4.54742956161
4	13	0.498594269156	-0.443464256211	0.0606388952178	-0.894238434563	-2.52497386932	0.354119628668	-5.11190843582
5	13	0.440270522609	-0.16287020145	-0.415153525146	0.895053544788	-0.773212194443	-2.09637451172	4.5628824234
6	13	0.246139285155	0.106006775646	-0.441743645655	0.890856394174	0.314281463623	-1.28682410717	2.62634372711
7	13	0.44784103334	0.272127927418	-0.617022309755	0.738396817696	1.37887537479	-3.15847277641	3.83535242081
8	13	0.498909279704	-0.15065760757	0.572848472151	-0.805696539173	-0.851033568382	3.27283072472	-4.60098791122
9	13	0.49804572016	0.0223068219681	-0.66696221517	0.744757550636	0.153029307723	-3.79578995705	4.28402090073
10	13	0.446696933359	-0.0373690534481	0.450684807199	-0.891900643797	-0.200322970748	2.35043001175	-4.5648522377
11	13	0.498239830136	0.0804300569493	-0.517210452212	0.852070627391	0.486085057259	-2.96500349045	4.87592792511
12	13	0.499256543815	-0.27558819486	0.584355113792	-0.763269446421	-1.56554245949	3.32877826691	-4.36590623856
13	13	0.499986425042	0.339889196673	-0.501866006945	0.795365227464	1.94714450836	-2.87077236176	4.54478740692
14	13	0.499997653067	-0.442558710237	0.38350239292	-0.810597127196	-2.52762985229	2.20597958565	-4.62960958481
15	13	0.499999806285	0.49410825176	-0.324660525247	0.806506403502	2.82733893394	-1.87567055225	4.60151529312
16	13	0.499999761581	-0.527702502668	0.385742068838	-0.756791335182	-3.02825903893	2.18941450119	-4.32722377777
17	13	0.500000052154	0.643682137625	-0.337249581903	0.686976000461	3.65480518341	-1.92916667461	3.95144891739
18	13	0.499999824911	-0.518777826171	0.272969655998	-0.810158709129	-2.98433208466	1.56395363808	-4.62024497986
19	13	0.500000923872	0.525444016434	-0.337959801148	0.780827611193	3.0058760643	-1.92298102379	4.46612977982
20	13	0.499998517334	-0.534128098802	0.352722115134	-0.76830611319	-3.06730651855	1.99040031433	-4.39590358734
21	13	0.499978512526	0.544298355888	-0.167036270029	0.822093780704	3.11195802689	-0.943360984325	4.70460414886
22	13	0.499708995223	-0.418631470606	-0.182698393868	-0.889589224697	-2.44313526154	-0.995573580265	-5.07294034958
23	13	0.497716344893	0.65868414015	0.0941436600434	0.746506647518	3.73934745789	0.568875491619	4.27506732941
24	13	0.471839234233	-0.606402347809	-0.423071419975	-0.673265747066	-3.32059383392	-2.26513433456	-3.66501188278
25	13	0.498170174658	0.725629068825	0.249278087708	0.641344594944	4.14999055862	1.41610813141	3.67836523056
26	13	0.499162390828	-0.681958352073	-0.0660407820948	-0.728403336853	-3.89000415802	-0.395391762257	-4.15828752518
27	13	0.499958537519	0.606926357768	0.109907519517	0.787121803408	3.47451400757	0.613346576691	4.49901628494
28	13	0.49995148927	-0.59608107984	0.0587502307687	-0.800771975434	-3.39979934692	0.314002037048	-4.58559083939
29	13	0.499987896532	0.551183462782	-0.0526232827855	0.832722991435	3.145632267	-0.298924058676	4.76499795914
0	14	0.499999333173	0.400088624188	0.0704593746513	0.913763957113	2.29000663757	0.384347259998	5.22440814972
1	14	0.500000121072	-0.336775367454	0.00195892199587	-0.941582983332	-1.95276427269	0.00229247612879	-5.37380647659
2	14	0.499997388572	0.450086949087	0.12420350034	0.88430494105	2.57792520523	0.68528598547	5.05907440186
3	14	0.499965216964	-0.575902622529	0.063998179403	-0.815009449269	-3.25991249084	0.340344458818	-4.68777513504
4	14	0.499298131093	0.376151302879	-0.100811237899	0.921057702674	2.17103910446	-0.570437431335	5.24978971481
5	14	0.495783273131	-0.488749520135	0.178318660354	-0.854006066687	-2.75433254242	1.01853299141	-4.89001464844
6	14	0.446355644614	0.224613606117	-0.306411571788	0.925019284459	1.13639748096	-1.59393489361	4.75163698196
7	14	0.495305586606	0.258086771277	0.554082586732	-0.791444063451	1.41739881039	3.15538024902	-4.52942419052
8	14	0.499111779034	-0.0121715036651	-0.648498580774	0.761118548738	-0.0550981834531	-3.68529653549	4.36706447601
9	14	0.444893859327	-0.112820485489	0.663494491027	-0.739625985502	-0.57299041748	3.39169311523	-3.78905105591
10	14	0.235041707754	-0.0573420894579	0.682786776983	-0.728363990017	-0.197447121143	1.90357124805	-2.05515575409
11	14	0.444586075842	-0.0692509058379	0.7741179282	-0.62924219922	-0.373930722475	3.94174337387	-3.24080705643
12	14	0.499508090317	0.335254439825	-0.633016122701	0.697778653284	1.88939857483	-3.62023878098	4.0012922287
13	14	0.499958120286	-0.312048353756	0.568406791414	-0.761274946647	-1.79562413692	3.24085903168	-4.35371112823
14	14	0.499999500811	0.457551229122	-0.493229265902	0.739845770406	2.60874819756	-2.8173160553	4.23649072647
15	14	0.499999552965	-0.547801487277	0.436305616319	-0.713828368521	-3.11981964111	2.49340128899	-4.09107589722
16	14	0.499999962747	0.537825579207	-0.406288505627	0.73869702622	3.07507967949	-2.32282352448	4.22279453278
17	14	0.499999552965	-0.620790246808	0.383254259831	-0.683912013193	-3.53752756119	2.19075393677	-3.92043066025
18	14	0.499999508262	0.555229775713	-0.407562747584	0.724991381289	3.18026781082	-2.30982494354	4.151907444
19	14	0.499999903142	-0.568821220114	0.296462337657	-0.767171755149	-3.25384902954	1.70269083977	-4.38177728653
20	14	0.499999500811	0.67913559566	-0.218129819116	0.700852498547	3.86107397079	-1.26076936722	4.02471208572
21	14	0.499974202365	-0.599563291754	0.124799853363	-0.790537067937	-3.43195152283	0.716389477253	-4.51651668549
22	14	0.499429021031	0.583198093508	0.0799886487687	0.808382211455	3.3223490715	0.469456493855	4.62834501266
23	14	0.471080482006	-0.36774531545	-0.579966271044	-0.726912998519	-2.05925798416	-3.09659194946	-3.96726107597
24	14	0.319097571075	-0.918781871517	-0.108941102897	-0.37943604029	-3.48432397842	-0.461386799812	-1.46155822277
25	14	0.417689651251	-0.919036964337	-0.203568645459	-0.337536464353	-4.45536708832	-0.989993870258	-1.67344558239
26	14	0.49746260792	0.658800828412	0.068292799364	0.749211293321	3.76150417328	0.409149646759	4.28383255005
27	14	0.49924216792	-0.573875350636	-0.172439339964	-0.800582135677	-3.26729059219	-0.970409810543	-4.580950737
28	14	0.499978419393	0.47101406725	0.0494654426038	0.880737712625	2.70038533211	0.285090446472	5.03215551376
29	14	0.499991040677	-0.464039289101	-0.0669450668643	-0.883281323358	-2.65618038177	-0.367183625698	-5.04918003082
0	15	0.499999789521	-0.358997627491	-0.000283767207825	-0.933338428938	-2.06213641167	-0.00230185035616	-5.33217668533
1	15	0.500000383705	0.396868503541	-0.0605197307667	0.915878132223	2.2481675148	-0.329534649849	5.24639463425
2	15	0.499999850988	-0.267495665656	-0.0165036076005	-0.963417718226	-1.55491554737	-0.0931662097573	-5.50145053864
3	15	0.499990804121	0.304505778068	-0.0552876036412	0.950904575658	1.76041066647	-0.30788731575	5.43138647079
4	15	0.499946106225	-0.337017656557	0.0405266107564	-0.940625692287	-1.91478657722	0.24105578661	-5.38140678406
5	15	0.499377280474	0.259390378073	-0.147300403792	0.954473269823	1.49183940887	-0.842518687248	5.4481511116
6	15	0.499669168144	-0.147862326099	0.26935784803	-0.951621291389	-0.849747300148	1.53508019447	-5.44273281097
7	15	0.499494453892	0.0676335131781	-0.377880936364	0.923380585581	0.386836528778	-2.16968607903	5.27212762833
8	15	0.499212209135	-0.200389061808	0.442186524	-0.874251280754	-1.13109016418	2.52446222305	-4.99575853348
9	15	0.497152138501	0.207367132823	-0.438415402143	0.874523188594	1.18531513214	-2.5086710453	4.9957280159
10	15	0.445313282311	-0.373624104767	0.706267457709	-0.601324626569	-1.88043487072	3.61475753784	-3.108086586
11	15	0.498212859035	0.354095354779	-0.655905541606	0.666636632818	2.00209069252	-3.75636219978	3.83080124855
12	15	0.499259278178	-0.164254200881	0.65895955505	-0.73402511013	-0.974890947342	3.74400234222	-4.19936990738
13	15	0.499984245747	0.294964774069	-0.494980294773	0.817306729352	1.68322730064	-2.85942149162	4.65693378448
14	15	0.499997645617	-0.409225389789	0.53244564706	-0.740969778924	-2.33567810059	3.04053449631	-4.24124717712
15	15	0.500000193715	0.520167938388	-0.492484515744	0.697770963587	2.96288132668	-2.81277275085	3.99948859215
16	15	0.499998137355	-0.44865856372	0.423902750763	-0.786773125555	-2.58924245834	2.4251871109	-4.48369169235
17	15	0.499999448657	0.582600506542	-0.38194396512	0.717422788379	3.32224202156	-2.182533741	4.10908222198
18	15	0.499998323619	-0.5861107833	0.358424011324	-0.726640473553	-3.35093307495	2.0483982563	-4.15418624878
19	15	0.499999493361	0.53158597547	-0.337516715191	0.776851863388	3.0470688343	-1.9293885231	4.43618297577
20	15	0.499998517334	-0.653076201708	0.295977282824	-0.697057331082	-3.7256963253	1.68453133106	-3.99566936493
21	15	0.499979227781	0.639308251244	-0.240837299735	0.730261839992	3.65232253075	-1.34834158421	4.1877207756
22	15	0.499451242387	-0.595645838065	0.0277858737672	-0.802766454715	-3.40377616882	0.171187281609	-4.58409786224
23	15	0.494720790535	0.50856503228	0.0782470493097	0.857460790483	2.91065502167	0.442959219217	4.87183523178
24	15	0.410442188382	-0.861827729081	-0.462040150877	-0.209217265933	-4.12306118011	-2.19133973122	-1.04813480377
25	15	0.372426867485	-0.676750144185	-0.507009959986	-0.533807215032	-3.00992155075	-2.24227309227	-2.38583135605
26	15	0.426436722279	-0.313923126841	-0.184833610341	-0.931283419224	-1.56092298031	-0.931182146072	-4.61417102814
27	15	0.498124022037	0.379311357037	0.245726663281	0.892043329315	2.17197799683	1.38378190994	5.10965251923
28	15	0.499540118501	-0.333031830663	-0.0483804246212	-0.941673581597	-1.91929674149	-0.278950929642	-5.37386131287
29	15	0.499993249774	0.4868655307	-0.029026140973	0.872994523554	2.74959969521	-0.153909310699	5.01181030273
0	16	0.499999729916	0.315994508044	0.0325553673885	0.948202309078	1.8011701107	0.169914856553	5.42308282852
1	16	0.49999971129	-0.277575339565	0.0240467315195	-0.960402876698	-1.59458470345	0.127335086465	-5.48874616623
2	16	0.5000003241	0.283517469765	0.04794712429	0.957767674131	1.62189650536	0.261107206345	5.4755897522
3	16	0.499999310821	-0.324305222313	0.0181504919885	-0.945778347405	-1.85087561607	0.101839601994	-5.40846395493
4	16	0.499989490956	0.176897126877	0.00262878734141	0.984225835863	1.04778194427	-0.00216865725815	5.62131786346
5	16	0.499989973381	-0.203916399502	0.122144700787	-0.971338650566	-1.16058886051	0.696151852608	-5.55442667007
6	16	0.499954873696	0.118278459954	-0.140552132058	0.982982860524	0.693665027618	-0.832572937012	5.61390590668
7	16	0.499976709485	-0.18245182052	0.381616962501	-0.906134552437	-1.05100274086	2.1487364769	-5.19433021545
8	16	0.499947879463	0.353413857879	-0.254985466422	0.900045030525	1.98427677155	-1.49597358704	5.15043973923
9	16	0.499156817794	-0.236455431489	0.345573595658	-0.908112173084	-1.35646772385	1.99093472958	-5.17488050461
10	16	0.499465055764	0.304051668273	-0.503631348695	0.808645810991	1.72634410858	-2.889742136	4.62095737457
11	16	0.499242700636	-0.265862638868	0.588098278349	-0.763843879505	-1.5235953331	3.34741449356	-4.36582660675
12	16	0.499968636781	0.224192083827	-0.514708274514	0.827534471606	1.28326630592	-2.9674911499	4.71564912796
13	16	0.499988101423	-0.202623405568	0.650983661081	-0.731549060913	-1.17712545395	3.69236660004	-4.20405340195
14	16	0.499998748302	0.293888443395	-0.571044925401	0.766509801642	1.6976172924	-3.26164531708	4.37889242172
15	16	0.499988630414	-0.506757637218	0.529356934489	-0.680424818058	-2.88242602348	3.01520967484	-3.91076779366
16	16	0.499989964068	0.503487981534	-0.428249663998	0.750401277809	2.87834835052	-2.44877648354	4.28982210159
17	16	0.499961063266	-0.526355412553	0.335526100788	-0.781263217723	-3.02960109711	1.93019735813	-4.44787168503
18	16	0.499990001321	0.685853992935	-0.293400145384	0.665973464234	3.89140701294	-1.69780778885	3.83170890808
19	16	0.499988332391	-0.394538201876	0.395916000876	-0.829210544742	-2.3214392662	2.24834442139	-4.72022294998
20	16	0.499998956919	0.651860836002	-0.279354922293	0.705009416871	3.70471763611	-1.60080349445	4.05203151703
21	16	0.49999230355	-0.624750221546	0.0528051970105	-0.779037079892	-3.58027076721	0.352178782225	-4.44498157501
22	16	0.499928869307	0.650000608259	-0.218072130381	0.727972358825	3.70184421539	-1.21912395954	4.18346118927
23	16	0.498924072832	-0.522654313709	0.125478516837	-0.843260108255	-3.01197433472	0.702243804932	-4.79671144485
24	16	0.493963606656	0.75167469907	0.000874629994804	0.659533457681	4.24558877945	0.0233780648559	3.78884410858
25	16	0.410020180047	-0.0839073295854	-0.669384610001	-0.738162450912	-0.428262859583	-3.17939424515	-3.55232667923
26	16	0.307800143957	-0.00395538721108	-0.374721867623	-0.92712883508	-0.0635511875153	-1.36910665035	-3.41615200043
27	16	0.469354860485	-0.160746836039	-0.0626751844969	-0.98500369337	-0.883672714233	-0.345497697592	-5.32653141022
28	16	0.49982278049	0.233217129647	-0.045828173829	0.971344196937	1.32955038548	-0.254997193813	5.55462360382
29	16	0.499979993328	-0.229124564679	0.0475641771744	-0.972234325104	-1.33298099041	0.273757278919	-5.55365180969
0	17	0.499998439103	-0.302991931621	0.0352164773433	-0.952342212178	-1.71266448498	0.216041684151	-5.45152807236
1	17	0.50000026077	0.226660085049	0.0474519880082	0.972817307967	1.31346845627	0.246678858995	5.55900669098
2	17	0.500000555068	-0.25834439084	-0.0293270064846	-0.965607633779	-1.48977065086	-0.149414747953	-5.51876544952
3	17	0.499999899417	0.470948829158	-0.0300987509316	0.881646905233	2.65337085724	-0.180838257074	5.06268930435
4	17	0.49999913387	-0.386349650256	0.0551575618747	-0.920701684106	-2.18286132812	0.328066498041	-5.27561235428
5	17	0.499998202547	0.145474616219	-0.15090266954	0.977786029948	0.854246973991	-0.869203448296	5.58668613434
6	17	0.499999376014	-0.18914810921	0.230993922857	-0.954392372342	-1.08128035069	1.30915665627	-5.45889806747
7	17	0.499997613952	0.303634321901	-0.176862711715	0.93622955506	1.71387076378	-1.05885756016	5.35234642029
8	17	0.499986477196	-0.218194600539	0.415409309483	-0.883077698671	-1.25589227676	2.34507107735	-5.06149482727
9	17	0.499986518174	0.198401229719	-0.440247098253	0.875682273731	1.1396882534	-2.50972747803	5.0089468956
10	17	0.499961227179	-0.184040572739	0.562992896833	-0.805709665886	-1.07463896275	3.19456338882	-4.61817646027
11	17	0.499988615513	0.282065770892	-0.50576568192	0.81525454668	1.60265493393	-2.90648388863	4.65477275848
12	17	0.49998710677	-0.250220834021	0.540118069822	-0.803530960744	-1.43387556076	3.07835125923	-4.59867668152
13	17	0.499998830259	0.257678916955	-0.527379270145	0.809612673554	1.4723508358	-3.0242266655	4.62272167206
14	17	0.499987579882	-0.292591000248	0.515324164098	-0.805500783656	-1.68862390518	2.94354891777	-4.60115671158
15	17	0.499971464276	0.467745320228	-0.428739366373	0.772914530286	2.65844941139	-2.46671104431	4.42090797424
16	17	0.499321103096	-0.510847815229	0.427291641989	-0.745960027322	-2.91075849533	2.4354262352	-4.2659239769
17	17	0.499481007457	0.634149627113	-0.394703566666	0.664878443698	3.60805249214	-2.26333427429	3.81396245956
18	17	0.49923722446	-0.693800430615	0.35376492845	-0.627288879127	-3.94765734673	2.02997231483	-3.5889070034
19	17	0.499976918101	0.628799976815	-0.357200220948	0.690665325112	3.57589483261	-2.05266046524	3.96180391312
20	17	0.499987021089	-0.502983539069	0.394804197235	-0.768854476004	-2.90373158455	2.23726582527	-4.38809347153
21	17	0.499997921288	0.650055756194	-0.230386772739	0.724119775166	3.69445037842	-1.31996023655	4.16035366058
22	17	0.499985992908	-0.593023236796	0.220109902748	-0.774516023935	-3.39538764954	1.2527641058	-4.42516899109
23	17	0.499902911484	0.612015738313	-0.108248964997	0.783402130221	3.47608757019	-0.632994771004	4.49465036392
24	17	0.499181050807	-0.445532067594	0.0290750152752	-0.89479373055	-2.58626127243	0.193190664053	-5.0895485878
25	17	0.491748064756	0.525780451594	-0.129026931227	0.840777597073	2.96504449844	-0.705376029015	4.7732167244
26	17	0.460688803345	-0.084107464038	-0.381711357292	-0.920446833993	-0.472303509712	-1.99683773518	-4.91955804825
27	17	0.498048383743	0.246502155233	-0.00909878266598	0.969099530296	1.38205718994	-0.0499083660543	5.54267883301
28	17	0.499535037205	-0.103743679575	0.137167973841	-0.985100094356	-0.616816401482	0.778068065643	-5.6261639595
29	17	0.499982144684	0.226901272283	-0.182243193669	0.956714811737	1.29782402515	-1.01887953281	5.4739484787
0	18	0.499998455867	0.102100073767	-0.258457383231	0.960611969523	0.636944949627	-1.44658279419	5.49675035477
1	18	0.499999610707	-0.340578326643	0.133806482253	-0.930646135074	-1.90577960014	0.771138906479	-5.33669185638
2	18	0.500000409782	0.225714936103	-0.206629773086	0.952027785568	1.3060656786	-1.16337168217	5.44354629517
3	18	0.499998342246	-0.296401655815	0.191231484235	-0.935722489773	-1.70578670502	1.0958366394	-5.34633159637
4	18	0.500000055879	0.334578955556	-0.20990734273	0.918692456683	1.88796234131	-1.1993894577	5.26278018951
5	18	0.49999958463	-0.137841179847	0.28979141603	-0.947111790832	-0.803439974785	1.64024949074	-5.41794633865
6	18	0.50000013411	0.176810104901	-0.237892237784	0.955063071219	1.02068865299	-1.38361930847	5.45298433304
7	18	0.499999590218	-0.262056190282	0.415988913968	-0.870792613996	-1.4872893095	2.33943462372	-5.00150442123
8	18	0.500000208616	0.137954621704	-0.275918788823	0.951229385755	0.814154028893	-1.61141419411	5.42552757263
9	18	0.499997286126	-0.211840030329	0.331306608998	-0.919434463344	-1.22062122822	1.90476286411	-5.25067186356
10	18	0.499999180436	0.286309875577	-0.408447352881	0.866716455983	1.63721001148	-2.35871362686	4.94546937943
11	18	0.499997392297	-0.260182584094	0.584489352383	-0.768555280956	-1.50260710716	3.30682849884	-4.41648101807
12	18	0.499999921769	0.292031530914	-0.437627298643	0.850411625293	1.66270637512	-2.52780342102	4.85115432739
13	18	0.49999795109	-0.249068911698	0.558626296873	-0.791139265659	-1.44215798378	3.17642259598	-4.52977275848
14	18	0.499990642071	0.388347201562	-0.465517259112	0.795286195346	2.20476770401	-2.67367386818	4.54748439789
15	18	0.499244198203	-0.298520078591	0.46081182487	-0.835785992188	-1.72499334812	2.62760615349	-4.76535654068
16	18	0.497377190739	0.342083788718	-0.377321807844	0.860585228099	1.97019731998	-2.1748187542	4.90739107132
17	18	0.444202244282	-0.44856196673	0.61339489672	-0.650029893683	-2.30831551552	3.11384224892	-3.33176231384
18	18	0.4980571419	0.645545408939	-0.507973685831	0.570292784016	3.68976545334	-2.89320063591	3.2847366333
19	18	0.499283850193	-0.566327270991	0.428666297723	-0.703930839876	-3.2411570549	2.44419050217	-4.01419687271
20	18	0.499992199242	0.494804667816	-0.392081812505	0.775525752642	2.83930635452	-2.24030780792	4.42803192139
21	18	0.499997328967	-0.480581629463	0.260081620158	-0.83749558105	-2.76952362061	1.50378060341	-4.77113771439
22	18	0.499997053295	0.562674710301	-0.239944857469	0.791090156532	3.20256686211	-1.38678383827	4.52894735336
23	18	0.499980792403	-0.479578189367	0.253209616676	-0.840172393207	-2.74956798553	1.4522703886	-4.79879331589
24	18	0.499203201383	0.466609650513	-0.251830484838	0.847854256906	2.66944766045	-1.42971229553	4.84009742737
25	18	0.497134394944	-0.57613158689	0.146271947754	-0.804162242267	-3.27849388123	0.854857027531	-4.60198163986
26	18	0.443559776992	0.352722653063	-0.266755162859	0.896899332759	1.80341506004	-1.36870586872	4.58474779129
27	18	0.496924720705	-0.16908884499	0.155029357272	-0.973331834928	-0.970732688904	0.894558429718	-5.55948734283
28	18	0.499197406694	0.0594824250534	-0.240110925921	0.968921350969	0.374689459801	-1.35245835781	5.5337562561
29	18	0.499974694103	-0.278274405611	0.145214853988	-0.949460900387	-1.5700442791	0.857999682426	-5.43125581741
0	19	0.499999431893	-0.300353809441	0.196218939096	-0.933426867566	-1.6934170723	1.14313840866	-5.34054088593
1	19	0.499999737367	0.105717646727	-0.204528009894	0.973135176807	0.644021213055	-1.17346429825	5.55923461914
2	19	0.499994583428	-0.234139969224	0.24378364107	-0.941141865586	-1.33691859245	1.40272986889	-5.37888336182
3	19	0.499995104969	0.339270942485	-0.36193728554	0.868272208999	1.90734291077	-2.04993534088	4.98645067215
4	19	0.499977461994	-0.106857438847	0.274493680532	-0.955633144628	-0.645304918289	1.57476520538	-5.45891618729
5	19	0.499993860722	0.106125310328	-0.290152470908	0.951077789739	0.621758282185	-1.67151045799	5.43206977844
6	19	0.499991558492	-0.262563735183	0.390157784219	-0.882517528653	-1.48285913467	2.21201753616	-5.0594367981
7	19	0.499999281019	0.238404840209	-0.305475955773	0.921871776664	1.36665773392	-1.78455913067	5.25745391846
8	19	0.499999769032	-0.216847720567	0.463930134407	-0.858921356397	-1.25672280788	2.6132235527	-4.92875576019
9	19	0.49999974668	0.348266133155	-0.310870458701	0.884347362977	1.9867733717	-1.81130480766	5.04730224609
10	19	0.499999821186	-0.458744910896	0.501454335177	-0.733550718396	-2.60546016693	2.83858299255	-4.22592020035
11	19	0.499999880791	0.394969522444	-0.388520001137	0.832497018047	2.24613595009	-2.24871873856	4.75306558609
12	19	0.499999482185	-0.273524177703	0.462818842717	-0.843198222862	-1.58864474297	2.63935136795	-4.81661987305
13	19	0.499998904765	0.323637548301	-0.5163010302	0.792900992271	1.86401081085	-2.94749355316	4.53096723557
14	19	0.499965772033	-0.460166970955	0.502834896963	-0.731712665763	-2.60975337029	2.87631177902	-4.19547080994
15	19	0.499639868736	0.303069512683	-0.507818248899	0.806392892186	1.75905025005	-2.90791964531	4.59888601303
16	19	0.44512527436	-0.482561681203	0.543715769393	-0.686663954164	-2.45452046394	2.78516578674	-3.52750563622
17	19	0.234807204455	-0.459435562872	0.552817255018	-0.695206477331	-1.29067122936	1.53413021564	-1.96399986744
18	19	0.446540847421	-0.585089701868	0.323628527526	-0.743595734885	-2.99216127396	1.69599127769	-3.81561613083
19	19	0.499651871622	0.604883470304	-0.392382906611	0.692929752538	3.4401717186	-2.26396942139	3.96728944778
20	19	0.499960295856	-0.549692448982	0.464567991203	-0.694272852041	-3.13402891159	2.64841341972	-3.98076868057
21	19	0.49999961257	0.527910123512	-0.397989905504	0.750276573412	3.00540161133	-2.28356313705	4.29482746124
22	19	0.499999806285	-0.445304781775	0.436333952803	-0.781867209288	-2.54934120178	2.48877692223	-4.47228956223
23	19	0.499959055334	0.369212096894	-0.462566782423	0.806048633338	2.11893558502	-2.62437152863	4.61656093597
24	19	0.499665983021	-0.400392123242	0.421849383837	-0.813467420984	-2.29164838791	2.39932775497	-4.65703678131
25	19	0.446649871767	0.477103939308	-0.400410711052	0.782331830857	2.44116520882	-2.05872535706	4.02606010437
26	19	0.237067963928	0.398079379412	-0.465365582151	0.790548975482	1.12242603302	-1.29977726936	2.25390028954
27	19	0.443888515234	0.281140586209	-0.602813370204	0.746710125476	1.44755840302	-3.04803442955	3.83987617493
28	19	0.499356621876	-0.198962916074	0.229075093087	-0.952857995587	-1.1520409584	1.34586584568	-5.43596792221
29	19	0.499965753406	0.368062063968	-0.342977226615	0.864231993791	2.0768032074	-1.93622124195	4.96329975128
0	20	0.499997790903	0.224287189568	-0.30046563962	0.927046738845	1.29133677483	-1.72408652306	5.29621315002
1	20	0.499994067475	-0.151301938883	0.270389405318	-0.95078772225	-0.883977532387	1.55800557137	-5.42979860306
2	20	0.499988239259	0.226565074471	-0.340342459643	0.912598091821	1.28877949715	-1.94694924355	5.2186794281
3	20	0.499634455889	-0.184102601795	0.414346780371	-0.891304088181	-1.06825256348	2.36513161659	-5.09082603455
4	20	0.499768603593	0.171979020448	-0.288427332629	0.941930406303	0.977786242962	-1.67192935944	5.37851953506
5	20	0.499496258795	-0.114094921946	0.404595398246	-0.907350490441	-0.672273755074	2.30120515823	-5.18439149857
6	20	0.499977722764	0.236014601897	-0.395706191956	0.887532375375	1.35405361652	-2.28097105026	5.06553268433
7	20	0.499989368021	-0.255009400412	0.555306017638	-0.79158412849	-1.46507525444	3.13685274124	-4.55211305618
8	20	0.499999783933	0.369575990304	-0.27640757368	0.887137216333	2.10328006744	-1.63309931755	5.06156921387
9	20	0.500000227243	-0.403599682672	0.459015776289	-0.791461820472	-2.31317281723	2.59228372574	-4.54135465622
10	20	0.499999329448	0.521886870446	-0.392659233988	0.757266677215	2.96009325981	-2.24957323074	4.34399175644
11	20	0.499998208135	-0.369657152267	0.425677375068	-0.825925155285	-2.13227534294	2.42450118065	-4.71793889999
12	20	0.499999772757	0.449081545041	-0.363650532258	0.816139728412	2.56372380257	-2.09792876244	4.66061210632
13	20	0.499996840954	-0.494111432094	0.467621288433	-0.732928525354	-2.81794261932	2.67333054543	-4.1957116127
14	20	0.49998062849	0.493210115582	-0.526972653514	0.692129759753	2.82052922249	-3.00233674049	3.96479701996
15	20	0.499234750867	-0.395005625146	0.57404299957	-0.717248346633	-2.26421642303	3.265437603	-4.09906291962
16	20	0.498331330717	0.340979497936	-0.523755654564	0.780649086529	1.97165322304	-3.00464010239	4.45883655548
17	20	0.445667847991	-0.25927676192	0.533988742717	-0.804755604752	-1.37031066418	2.73425245285	-4.11600160599
18	20	0.497885160148	0.599152002906	-0.477562170742	0.642612830941	3.40451860428	-2.74415540695	3.69185638428
19	20	0.499260395765	-0.424283625921	0.599010597237	-0.679094771864	-2.45435380936	3.39434862137	-3.88037872314
20	20	0.499991670251	0.440656401481	-0.541846530296	0.715698451472	2.52521085739	-3.10113811493	4.08555555344
21	20	0.499997615814	-0.419123335328	0.536208404018	-0.732677403257	-2.39740514755	3.05392360687	-4.19684410095
22	20	0.49999782443	0.360118457849	-0.54554670329	0.756765149069	2.06235170364	-3.09871387482	4.34015130997
23	20	0.499988600612	-0.237226940228	0.420135029517	-0.875905209371	-1.38830018044	2.411921978	-4.99504327774
24	20	0.49924069643	0.337089771328	-0.374877587313	0.863618712509	1.93141615391	-2.14539837837	4.92459011078
25	20	0.498134382069	-0.378416784135	0.380124646845	-0.843982221582	-2.1664185524	2.18827533722	-4.82505655289
26	20	0.445992350578	0.442674259045	-0.561801205488	0.698869734565	2.26338481903	-2.86554050446	3.60582208633
27	20	0.497749198228	-0.261750942844	0.400714847144	-0.87801711555	-1.51116347313	2.29098367691	-5.01949882507
28	20	0.499273087829	0.293172223269	-0.383754037094	0.875661399468	1.66329109669	-2.17574501038	5.00901508331
29	20	0.499986857176	-0.275295095044	0.379858955301	-0.883130672507	-1.57499432564	2.16657185555	-5.05054616928
0	21	0.499998759478	-0.299830973416	0.42973949656	-0.851719057246	-1.70774555206	2.45234036446	-4.87402200699
1	21	0.499995496124	0.310934888279	-0.399180745356	0.862539406513	1.7656981945	-2.28559112549	4.93485927582
2	21	0.499621026218	-0.213513019548	0.428093303453	-0.878150507614	-1.23605573177	2.45552015305	-5.00874185562
3	21	0.498886689544	0.252605997202	-0.622255889452	0.740937121637	1.4361102581	-3.52039909363	4.27416610718
4	21	0.468077003956	-0.169744595259	0.415634875179	-0.893551578206	-0.921736955643	2.24249505997	-4.82008600235
5	21	0.498069252819	0.22986310499	-0.465121555475	0.854882969532	1.31623268127	-2.65611481667	4.89494371414
6	21	0.499151863158	-0.380065267909	0.512244734316	-0.770166036835	-2.13997530937	2.92571234703	-4.40995979309
7	21	0.499962486327	0.234440423226	-0.581783465496	0.77882327086	1.38572001457	-3.30264902115	4.4591217041
8	21	0.499991524965	-0.40355615463	0.418809005315	-0.813474921019	-2.30376458168	2.39105439186	-4.65491247177
9	21	0.49999826774	0.448586688216	-0.31147342737	0.837707757632	2.56388759613	-1.79564976692	4.78412246704
10	21	0.499992750585	-0.48062168942	0.249539993925	-0.840673886291	-2.74335241318	1.46148169041	-4.79895305634
11	21	0.499987468123	0.389641948652	-0.402464794326	0.828372646325	2.25776839256	-2.29474711418	4.72604322433
12	21	0.499980099499	-0.573405581414	0.359005637789	-0.736424464041	-3.26263809204	2.06542491913	-4.21652269363
13	21	0.499982878566	0.577801332058	-0.449262132504	0.681402345879	3.3124165535	-2.55873012543	3.89506840706
14	21	0.49994250387	-0.632747283291	0.383889776508	-0.67250242749	-3.61049008369	2.21679878235	-3.84026670456
15	21	0.499298430979	0.548456253556	-0.55379074277	0.626507423067	3.13770484924	-3.14281702042	3.59058332443
16	21	0.498783290386	-0.499701283847	0.511977487658	-0.698697129701	-2.84864401817	2.93678879738	-3.98138809204
17	21	0.498735927045	0.4962283153	-0.493655113197	0.714186312043	2.83063459396	-2.81841611862	4.0768995285
18	21	0.499254256487	-0.484365921944	0.492057100831	-0.723373667741	-2.77753448486	2.81580853462	-4.11665630341
19	21	0.499957025051	0.508447133611	-0.543752823317	0.667693327402	2.89120292664	-3.11906003952	3.82060289383
20	21	0.499987006187	-0.437981466584	0.639494364674	-0.631837947958	-2.50260448456	3.63256168365	-3.63816571236
21	21	0.499999616295	0.345805537562	-0.466287670159	0.81424464312	1.99752569199	-2.68812298775	4.63477087021
22	21	0.500000327826	-0.360319897743	0.468712657249	-0.806522173425	-2.06354236603	2.67752981186	-4.61036968231
23	21	0.499986704439	0.331496960428	-0.437915157473	0.835667445867	1.90704524517	-2.49607610703	4.77688360214
24	21	0.499972488731	-0.435214240443	0.338496241168	-0.834271454402	-2.47154355049	1.96521019936	-4.76696109772
25	21	0.499292179942	0.385847042468	-0.493424621868	0.779521777985	2.21443796158	-2.79004859924	4.46200323105
26	21	0.49961932376	-0.404208921124	0.378096629951	-0.832861384928	-2.3121907711	2.17474031448	-4.755610466
27	21	0.499205384403	0.345452734011	-0.307171488349	0.886740145313	1.98115718365	-1.76315188408	5.05556249619
28	21	0.499961616471	-0.258698976206	0.289870345243	-0.921439104151	-1.50097417831	1.67800176144	-5.25623226166
29	21	0.499988161027	0.234473526091	-0.436578407244	0.868574383626	1.36094725132	-2.47995233536	4.96846580505
0	22	0.499999582767	0.315488398316	-0.51651823423	0.796037677649	1.81434583664	-2.93114328384	4.56120443344
1	22	0.499979674816	-0.379019326018	0.497662149913	-0.780177374095	-2.15681242943	2.83480119705	-4.47169017792
2	22	0.499817062169	0.306116660466	-0.484995604009	0.819189754744	1.7441328764	-2.77714729309	4.68275356293
3	22	0.468561649323	-0.242742436073	0.500030261454	-0.831291674059	-1.31584131718	2.69383883476	-4.49127578735
4	22	0.306937050074	-0.222751756717	0.297457921513	-0.928385932578	-0.811218857765	1.11146700382	-3.4068608284
5	22	0.418130174279	-0.118872066693	0.282911828164	-0.951751190829	-0.604699015617	1.39363479614	-4.62103271484
6	22	0.497198067605	0.322192798008	-0.607811331446	0.725780398108	1.86844229698	-3.43814563751	4.16307210922
7	22	0.499312050641	-0.568912052855	0.419273117973	-0.707494967234	-3.21081352234	2.41829061508	-4.05853462219
8	22	0.499975860119	0.470408652869	-0.418149235685	0.777088743968	2.70229697227	-2.38154459	4.44012975693
9	22	0.499983288348	-0.482588669989	0.330504332364	-0.811094977106	-2.76549124718	1.90065658092	-4.62873888016
10	22	0.499944973737	0.466777781736	-0.393602003171	0.791957047811	2.68924689293	-2.23411202431	4.52419710159
11	22	0.499510250986	-0.558816253833	0.444400467886	-0.700166136424	-3.17614531517	2.52748990059	-4.01873636246
12	22	0.499826006591	0.600904931957	-0.390847623718	0.69724557925	3.45122814178	-2.23857069016	3.97139883041
13	22	0.499644815922	-0.735164646347	0.41455612765	-0.536354509434	-4.1930513382	2.36675524712	-3.07862186432
14	22	0.499198250473	0.761554416922	-0.313699358537	0.56712219364	4.34060621262	-1.81359171867	3.23459196091
15	22	0.497419729829	-0.712179000639	0.420499981639	-0.562121727467	-4.0632019043	2.41687750816	-3.21594762802
16	22	0.446085110307	0.500672004375	-0.735390826862	0.456648525457	2.60032463074	-3.74941205978	2.35735964775
17	22	0.497314140201	-0.612521560381	0.450771467692	-0.64932458908	-3.49083137512	2.59471940994	-3.71078324318
18	22	0.49927328527	0.519599232849	-0.535772341528	0.665555884413	2.95855426788	-3.06476569176	3.80134606361
19	22	0.499975331128	-0.42234093116	0.608605758946	-0.671734447564	-2.42268586159	3.46895503998	-3.84448289871
20	22	0.49999742955	0.403593837144	-0.606391483201	0.685128735145	2.31561422348	-3.4557902813	3.92172169685
21	22	0.499999441206	-0.451007701979	0.53694027394	-0.712942630915	-2.56781101227	3.06325364113	-4.0880947113
22	22	0.500000495464	0.442181106423	-0.383992669632	0.810571094224	2.5263338089	-2.21403884888	4.6264591217
23	22	0.499998785555	-0.456825675282	0.38169355588	-0.803505029109	-2.60374879837	2.19547843933	-4.59200763702
24	22	0.499987386167	0.396885758737	-0.500053357309	0.769693662671	2.29384660721	-2.83134913445	4.40626716614
25	22	0.499988652766	-0.503194086691	0.441199450305	-0.743060398736	-2.85609006882	2.52421402931	-4.26105928421
26	22	0.499962944537	0.445091118235	-0.396455240504	0.802942799174	2.55021810532	-2.26389074326	4.58837127686
27	22	0.499984279275	-0.575992614772	0.27783947013	-0.76878978698	-3.26172399521	1.61312890053	-4.41140842438
28	22	0.499987795949	0.468700085651	-0.33277327166	0.818280012819	2.66122150421	-1.90217041969	4.68970155716
29	22	0.499999292195	-0.398090188329	0.386729606173	-0.831843983969	-2.26172685623	2.22195577621	-4.75792789459
0	23	0.499998576939	-0.341753407632	0.408959961402	-0.846142043833	-1.97235107422	2.35624456406	-4.82209539413
1	23	0.499988585711	0.440994221891	-0.422923337251	0.791618561598	2.50256180763	-2.43641662598	4.52675580978
2	23	0.499490693212	-0.272386526676	0.597485393643	-0.754199432822	-1.58309519291	3.37615394592	-4.3286690712
3	23	0.498224973679	0.295891738795	-0.365290091646	0.882616127123	1.69163489342	-2.12285780907	5.04046058655
4	23	0.416529240087	-0.264082735133	0.362808891027	-0.893661019401	-1.28950548172	1.76941633224	-4.32443523407
5	23	0.369604695588	-0.456353110158	0.461824606174	-0.760565494866	-2.00517988205	2.03196883202	-3.38079214096
6	23	0.426330715418	-0.617222243184	0.266528907217	-0.740269575314	-3.05140042305	1.3340473175	-3.67984199524
7	23	0.498518079519	0.57341673849	-0.391638018694	0.719592180567	3.28501319885	-2.24100589752	4.11383056641
8	23	0.499542079866	-0.624832641597	0.335828058884	-0.704843021432	-3.55236721039	1.93831300735	-4.03169441223
9	23	0.499961584806	0.618355260145	-0.368934313991	0.693919479631	3.53010392189	-2.10009908676	3.97674226761
10	23	0.499238647521	-0.647825083519	0.26104626175	-0.715665781207	-3.68386745453	1.52334785461	-4.0883731842
11	23	0.496071271598	0.494412035729	-0.424739034698	0.758388746838	2.8577978611	-2.41197943687	4.30852794647
12	23	0.470167607069	-0.766123946307	0.378168740442	-0.519656138852	-4.15052032471	2.05245494843	-2.82202959061
13	23	0.49878038466	0.818432785301	-0.443603978584	0.365216765948	4.67541837692	-2.5258769989	2.10695004463
14	23	0.499213993549	-0.836703698194	0.35431531989	-0.417597384473	-4.76973009109	2.04168367386	-2.39353752136
15	23	0.446297496557	0.709442566987	-0.604633395251	0.362090736549	3.64680433273	-3.0922961235	1.87749230862
16	23	0.239069074392	0.690773530383	-0.555969466864	0.462309292182	1.96498811245	-1.59964060783	1.32327461243
17	23	0.443187400699	0.726351827646	-0.587433841283	0.356839606253	3.68869781494	-3.00342750549	1.85078430176
18	23	0.499325074255	-0.421492791397	0.674965399527	-0.605611704182	-2.42123842239	3.83626937866	-3.47967004776
19	23	0.499956615269	0.37819734421	-0.583294852341	0.718842043891	2.16900038719	-3.33140444756	4.10848426819
20	23	0.499999389052	-0.425053564402	0.472513783016	-0.772049345734	-2.42097973824	2.72873091698	-4.40263700485
21	23	0.499999366701	0.427778042444	-0.574677191971	0.697676193825	2.44550418854	-3.26070284843	4.00996589661
22	23	0.499999649823	-0.471934212312	0.41120546958	-0.77986419397	-2.69421172142	2.35900115967	-4.45684194565
23	23	0.499998830259	0.51550803839	-0.404767400454	0.755258110771	2.94250941277	-2.30880689621	4.32353401184
24	23	0.499989390373	-0.564515764455	0.378007071692	-0.733779670904	-3.21101140976	2.172488451	-4.20212507248
25	23	0.499973870814	0.444227567124	-0.419674672482	0.791539662862	2.56553053856	-2.38829159737	4.51784229279
26	23	0.499949675053	-0.385542630087	0.427789405677	-0.817528656853	-2.22577238083	2.45342111588	-4.65882253647
27	23	0.49997831136	0.546273302112	-0.424669055493	0.721970686874	3.10168170929	-2.39960861206	4.16296482086
28	23	0.49996875599	-0.34274495025	0.324591961994	-0.881570165833	-1.99201726913	1.87025332451	-5.02276802063
29	23	0.499996636063	0.345384006551	-0.43388979858	0.832135524243	1.98379504681	-2.46134209633	4.763276577
0	24	0.499949663877	0.523492808027	-0.532183327501	0.665384239274	2.97629880905	-3.01283812523	3.84268712997
1	24	0.499960355461	-0.455171769911	0.44764254727	-0.769697869134	-2.6200735569	2.57435154915	-4.38240814209
2	24	0.499919049442	0.437901032865	-0.488754313315	0.754560737537	2.48543739319	-2.80375909805	4.31800889969
3	24	0.498458947986	-0.275427400526	0.526317274939	-0.804443828456	-1.59866666794	3.00618028641	-4.57394599915
4	24	0.493251137435	0.335547441594	-0.768058000742	0.545430858988	1.90863513947	-4.35942316055	3.1285443306
5	24	0.401730291545	-0.424925991848	0.171069989816	-0.888916734029	-2.02164244652	0.838295638561	-4.18173027039
6	24	0.327884349972	-0.588450447667	0.0775837981206	-0.804802351457	-2.30088663101	0.343100070953	-3.15283536911
7	24	0.475364595652	-0.590331865777	0.543435927478	-0.596812936334	-3.2386097908	2.96194648743	-3.28084969521
8	24	0.499794505537	0.560566821134	-0.4604729653	0.688280093618	3.21249604225	-2.62933540344	3.92981863022
9	24	0.499246090651	-0.644295645547	0.371401933487	-0.668538499215	-3.66012048721	2.13699769974	-3.82774591446
10	24	0.497618563473	0.74141737143	-0.324975215267	0.587104241854	4.23412275314	-1.86227238178	3.36061525345
11	24	0.415818884969	-0.95695252218	0.0644807675833	-0.282991344224	-4.63447809219	0.35091522336	-1.3744931221
12	24	0.314502671361	-0.941553157643	0.297594232222	-0.157845887751	-3.52959489822	1.13248550892	-0.633227825165
13	24	0.469189941883	-0.808096576831	0.478938863795	-0.342924900322	-4.3714799881	2.58420157433	-1.86848556995
14	24	0.499052926898	0.8260221935	-0.354969272371	0.437817486538	4.7115855217	-2.04009795189	2.49516367912
15	24	0.497580721974	-0.860131525128	0.363291878195	-0.358040180313	-4.90749692917	2.09642410278	-2.05632925034
16	24	0.445091582835	0.678635836216	-0.573268748347	0.45914740985	3.48080253601	-2.92918300629	2.3546807766
17	24	0.496137902141	-0.444432480399	0.464849553321	-0.76576410411	-2.54216337204	2.66940164566	-4.35511350632
18	24	0.499127373099	0.276665264163	-0.5580130953	0.782353958946	1.61339986324	-3.18233728409	4.45623970032
19	24	0.499983102083	-0.33836024292	0.514786703759	-0.787722664168	-1.93350696564	2.95293140411	-4.4970498085
20	24	0.499995216727	0.332672893158	-0.533711557341	0.777483581639	1.90829324722	-3.04192614555	4.44814968109
21	24	0.500000242144	-0.34657180803	0.472622918741	-0.810256477024	-1.98997306824	2.70063257217	-4.63018321991
22	24	0.499998312443	0.43796232202	-0.397205153271	0.806484389623	2.50389075279	-2.26697540283	4.61271572113
23	24	0.499988548458	-0.503111583418	0.35484422549	-0.78801288712	-2.89223074913	2.03159379959	-4.4942111969
24	24	0.499965973198	0.61925165075	-0.368477207582	0.693362777005	3.53897452354	-2.09390354156	3.97193360329
25	24	0.499338261783	-0.692511854629	0.199950591548	-0.693142908885	-3.94362258911	1.19747591019	-3.9617421627
26	24	0.498628593981	0.380212734203	-0.622346012737	0.684195671705	2.23524475098	-3.50481987	3.92642593384
27	24	0.498738788068	-0.478422540831	0.14280861048	-0.866439595816	-2.75542640686	0.889832139015	-4.92166948318
28	24	0.499900128692	0.479099247573	-0.332476047605	0.812356811225	2.73512601852	-1.87383913994	4.65730428696
29	24	0.499935764819	-0.402656649687	0.292682325231	-0.867297341723	-2.33546352386	1.70417714119	-4.93535661697
0	25	0.499385632575	-0.54318820415	0.449418593469	-0.709203428303	-3.1381611824	2.58073925972	-4.02315568924
1	25	0.499266698956	0.68428477554	-0.537374751329	0.492932776957	3.87870121002	-3.06004929543	2.86838054657
2	25	0.499694153666	-0.419622500925	0.528888641939	-0.737694897058	-2.43112158775	3.02447676659	-4.19681215286
3	25	0.496560409665	0.437603095395	-0.491297099946	0.75308079944	2.49292159081	-2.83753252029	4.27753305435
4	25	0.410547465086	-0.123457084733	0.989717769021	0.0722293978512	-0.590033471584	4.74628973007	0.3602039814
5	25	0.371811240911	-0.158639553385	0.959778480752	0.23164360554	-0.714329361916	4.23425579071	1.00482344627
6	25	0.449688389897	-0.684610156361	0.565835880511	-0.459498302646	-3.57406949997	2.96721243858	-2.40315532684
7	25	0.498561389744	0.651149302582	-0.504075961654	0.567372902622	3.70825242996	-2.89903783798	3.24311041832
8	25	0.49918320775	-0.50457280186	0.546287579776	-0.668562762802	-2.88803982735	3.11234045029	-3.81618356705
9	25	0.497737519443	0.292715928753	-0.543646121929	0.786616983777	1.72911465168	-3.11439323425	4.47992181778
10	25	0.420067228377	-0.632783163199	0.581300404218	-0.511542088618	-3.10523271561	2.84052944183	-2.48895072937
11	25	0.370157703757	-0.87895800696	0.456477876014	-0.138060750071	-3.88184642792	2.03092384338	-0.643988609314
12	25	0.414426743984	-0.863636602931	0.500774102622	-0.0579406266855	-4.17322158813	2.4139585495	-0.297101259232
13	25	0.495754987001	0.528505248387	-0.497799465434	0.687661177209	3.05146193504	-2.84763431549	3.88664865494
14	25	0.499556444585	-0.714909113101	0.432990568048	-0.549021063336	-4.08179473877	2.49079060555	-3.1290640831
15	25	0.499293148518	0.791767660422	-0.493326232971	0.360184952174	4.51077318192	-2.80418467522	2.09879636765
16	25	0.499688491225	-0.672393432612	0.47972319167	-0.563695601504	-3.8427529335	2.75797772408	-3.21505117416
17	25	0.499310068786	0.54503558599	-0.513213020151	0.662984619695	3.11047697067	-2.91903734207	3.79615259171
18	25	0.499936975539	-0.406726889106	0.496984005494	-0.766537758993	-2.32467007637	2.84839844704	-4.37838840485
19	25	0.49993827194	0.328152133507	-0.538408270539	0.776165389263	1.88498282433	-3.06258130074	4.44352817535
20	25	0.499979607761	-0.314508040907	0.528618869204	-0.788445802403	-1.79645752907	2.99803638458	-4.52582788467
21	25	0.499987702817	0.28985500191	-0.356691954182	0.88811875765	1.6772813797	-2.05243897438	5.06614208221
22	25	0.499988339841	-0.403628208874	0.273554697047	-0.873070499287	-2.32837176323	1.57666230202	-4.97974491119
23	25	0.499930419028	0.668714261439	-0.284125505791	0.687090920845	3.79700517654	-1.62671041489	3.95445203781
24	25	0.49919141084	-0.672726398054	0.323771666478	-0.665290238428	-3.85894966125	1.84370613098	-3.78320360184
25	25	0.497572109103	0.90782777185	-0.170953589977	0.382914620681	5.17652797699	-1.00209271908	2.22899723053
26	25	0.450497016311	-0.742830950754	0.661212185567	-0.104883860815	-3.89254689217	3.39701843262	-0.585779666901
27	25	0.495263494551	0.760435660721	-0.332227840798	0.55799844776	4.3183259964	-1.86952292919	3.21214413643
28	25	0.498579420149	-0.563197556945	0.0793970839598	-0.822499006023	-3.25526094437	0.514462590218	-4.66012763977
29	25	0.499420389533	0.713000124677	-0.316729591735	0.625550308073	4.03829288483	-1.79101252556	3.62555599213
0	26	0.444088682532	0.758342018239	-0.56618204786	0.323040666255	3.87263631821	-2.89395499229	1.67873597145
1	26	0.497951164842	-0.740513239587	0.479825285035	-0.470539942871	-4.22463846207	2.76403546333	-2.69548082352
2	26	0.499078117311	0.586176940956	-0.57798926603	0.567736736741	3.35390329361	-3.28644490242	3.24485206604
3	26	0.491691365838	-0.59523386323	0.624279893605	-0.5059360261	-3.36995267868	3.50784826279	-2.88909506798
4	26	0.380660373718	0.163239527866	0.657926501959	0.735177240236	0.715581119061	2.97551488876	3.27145719528
5	26	0.373676586896	0.0858625047842	0.639298424331	0.764149955781	0.370814740658	2.82789754868	3.33511400223
6	26	0.488901719451	0.610174726675	-0.619153082093	0.494303817365	3.43699598312	-3.49544095993	2.77677965164
7	26	0.499356687069	-0.584199368418	0.675249302578	-0.450277111686	-3.35096073151	3.82951450348	-2.59256029129
8	26	0.499654658139	0.591389105147	-0.543683846292	0.595539084859	3.35763072968	-3.13908791542	3.39946675301
9	26	0.468203745782	-0.350804487455	0.743222735165	-0.569698321496	-1.92608880997	3.9907336235	-3.08440542221
10	26	0.307087540627	-0.633210819844	0.685143484038	-0.360031198527	-2.30297064781	2.52304840088	-1.35142469406
11	26	0.415510311723	-0.639699551375	0.742968627395	-0.196931720853	-3.10278153419	3.58659315109	-0.964036226273
12	26	0.497637078166	0.625267378229	-0.674424524207	0.392673231671	3.57844400406	-3.84613823891	2.26189637184
13	26	0.499185860157	-0.559937284957	0.642443744708	-0.523198119072	-3.19725561142	3.65376877785	-3.0040230751
14	26	0.499948240817	0.597155560598	-0.605848053808	0.525693230072	3.42456245422	-3.44687461853	3.01316666603
15	26	0.499981701374	-0.692870453327	0.438958993845	-0.572053788231	-3.94855356216	2.54262948036	-3.26301884651
16	26	0.499941475689	0.594937920887	-0.575336309321	0.561281570576	3.4099946022	-3.25719952583	3.23410463333
17	26	0.499916031957	-0.629387256116	0.393064987882	-0.67035184578	-3.57698202133	2.27351856232	-3.83797979355
18	26	0.499192588031	0.434964041544	-0.495896202086	0.751593799416	2.50382876396	-2.80584025383	4.29627895355
19	26	0.499470107257	-0.392932015559	0.378547645796	-0.838037058256	-2.22891235352	2.16493558884	-4.80054712296
20	26	0.499339232221	0.227853329547	-0.283361188369	0.931552090406	1.34948706627	-1.63119029999	5.30668973923
21	26	0.49994558841	-0.369804494	0.347707773107	-0.861593837454	-2.11700320244	1.96089720726	-4.93665504456
22	26	0.499909482896	0.492880760148	-0.2121060113	0.84384808837	2.81088209152	-1.20957624912	4.83002853394
23	26	0.499272078276	-0.627037063163	0.169990405766	-0.760215616367	-3.57491254807	0.998293399811	-4.34033441544
24	26	0.495333373547	0.727969185793	-0.385766964322	0.566784539109	4.16377067566	-2.15571045876	3.24180412292
25	26	0.425457760692	-0.974215023881	-0.0241435882037	-0.224326044837	-4.82952833176	-0.0942831635475	-1.11729955673
26	26	0.280669637024	-0.96929456707	0.163382953253	-0.183777182574	-3.24805498123	0.536995887756	-0.628286600113
27	26	0.444814607501	-0.996481284675	0.0678241797545	-0.049243577586	-5.1104221344	0.376532256603	-0.286900997162
28	26	0.498402401805	0.826452649002	-0.295817124268	0.47902844169	4.70179271698	-1.6617282629	2.78508019447
29	26	0.493125624955	-0.629173319832	0.0638059179973	-0.774641683903	-3.60616397858	0.412774860859	-4.36823558807
0	27	0.24583376199	0.758990640942	-0.523818944374	0.386712969109	2.22695922852	-1.53623723984	1.14753389359
1	27	0.446369230747	0.718521225589	-0.660627508335	0.217482283438	3.70658445358	-3.37107038498	1.1636288166
2	27	0.499299056828	-0.662820626359	0.452318551869	-0.59672166452	-3.79765748978	2.60931658745	-3.38249659538
3	27	0.499216258526	0.697982759913	-0.527279831525	0.484557577726	3.98152589798	-3.01374816895	2.76823377609
4	27	0.492504417896	-0.778532495322	0.522222347861	-0.34809621245	-4.40884828568	2.96382665634	-1.98173975945
5	27	0.492560043931	0.735919325312	-0.644737336783	0.206728114174	4.16478013992	-3.65178537369	1.20490813255
6	27	0.498951330781	-0.581566406235	0.669754866761	-0.461745529042	-3.34615588188	3.8110332489	-2.61910462379
7	27	0.49986217916	0.702961431187	-0.579496364453	0.412345958934	3.98360538483	-3.33939552307	2.38093495369
8	27	0.49964171648	-0.45184686789	0.68961102472	-0.565924944283	-2.63535952568	3.9113535881	-3.22914075851
9	27	0.49805790931	0.586132876726	-0.50327338099	0.634952088592	3.33025169373	-2.91586446762	3.61122655869
10	27	0.465727895498	-0.41178603087	0.827127857853	-0.382481073444	-2.22182559967	4.42427539825	-2.0892868042
11	27	0.495462797582	0.0910140782209	-0.738241128196	0.668368516767	0.58802986145	-4.19773340225	3.81763792038
12	27	0.499235101044	-0.520773712993	0.535566400135	-0.664803257289	-2.94620251656	3.08954191208	-3.79674768448
13	27	0.499960064888	0.4517652476	-0.553142487413	0.699958248526	2.60532999039	-3.17144393921	3.98081445694
14	27	0.499990306795	-0.570266418581	0.627993733697	-0.529547053883	-3.24458694458	3.57633090019	-3.06339645386
15	27	0.499994248152	0.531254684103	-0.558616504839	0.63695844538	3.03982257843	-3.1797645092	3.65402603149
16	27	0.499980181456	-0.464084140034	0.426647632529	-0.77627167192	-2.66601991653	2.46320390701	-4.41946315765
17	27	0.499133549631	0.57365322288	-0.379359806866	0.725953246989	3.25698184967	-2.1632142067	4.15967702866
18	27	0.495369724929	-0.587970090023	0.265137273363	-0.764194608403	-3.32983207703	1.52930235863	-4.36415863037
19	27	0.443060651422	0.194055143933	-0.0887791718227	0.976965127199	1.00718188286	-0.451327562332	4.9818983078
20	27	0.497188411653	-0.512946457427	0.0193507086675	-0.858202471383	-2.90152955055	0.134568989277	-4.92515468597
21	27	0.499204818159	0.456118185149	-0.107305504703	0.883426131511	2.59700679779	-0.595402002335	5.05083227158
22	27	0.499553963542	-0.419526774244	-0.0270759106471	-0.907339066036	-2.41669225693	-0.11988376826	-5.17645311356
23	27	0.495387572795	0.506053295589	-0.196781610552	0.839754166272	2.89941811562	-1.09815263748	4.77451705933
24	27	0.409273609519	-0.889233298841	-0.335118693319	-0.311383367606	-4.25387859344	-1.55919575691	-1.49597907066
25	27	0.327685087919	-0.890777558897	-0.438715153291	-0.118508880845	-3.5134344101	-1.67251932621	-0.506443500519
26	27	0.414426475763	-0.956933653251	-0.277583026134	-0.0850038050792	-4.64138031006	-1.31144690514	-0.431904792786
27	27	0.493181735277	0.779625623718	-0.366796690461	0.507586519432	4.42141580582	-2.07267475128	2.89762568474
28	27	0.498211026192	-0.595863909729	0.362150970167	-0.716793468085	-3.43646001816	2.08619093895	-4.05068635941
29	27	0.442220166326	0.673988830025	-0.669655435567	0.311930528509	3.4508523941	-3.38381552696	1.62520599365
0	28	0.445998743176	0.881878708639	-0.277207201679	0.381373977334	4.50950050354	-1.46984803677	1.98291492462
1	28	0.495887666941	-0.557513475992	0.329497604021	-0.761977724761	-3.21104812622	1.90100765228	-4.3154592514
2	28	0.499451845884	0.741578183885	-0.429418011901	0.515424066416	4.21424293518	-2.44935417175	2.97857236862
3	28	0.499894998968	-0.670105131631	0.50475347911	-0.544227009518	-3.84830904007	2.8818693161	-3.09278416634
4	28	0.499728798866	0.758543177576	-0.535681452024	0.371022411332	4.32527399063	-3.06307554245	2.13559031487
5	28	0.499619916081	-0.728390447933	0.590630548832	-0.347279297031	-4.15995073318	3.37296056747	-1.98836708069
6	28	0.499903395772	0.669685752423	-0.648806698161	0.361345902735	3.82118558884	-3.70004844666	2.09777617455
7	28	0.499979585409	-0.565122156121	0.665970599767	-0.486949801219	-3.25886011124	3.79231309891	-2.77191638947
8	28	0.499966770411	0.687834873847	-0.56430812441	0.45655177915	3.90325546265	-3.23825883865	2.64209771156
9	28	0.499579176307	-0.554323452758	0.550115033812	-0.624579025662	-3.17702507973	3.14117050171	-3.56106686592
10	28	0.499677091837	0.392734451194	-0.628585446136	0.671297242472	2.26125335693	-3.58874702454	3.83403706551
11	28	0.49945487082	-0.346164596712	0.514852059965	-0.784281472645	-1.96783828735	2.9659204483	-4.46804666519
12	28	0.499957107008	0.369565421309	-0.547526995848	0.750756677087	2.12642216682	-3.12076044083	4.29218101501
13	28	0.499990239739	-0.489559255868	0.506216806364	-0.709983295542	-2.77176094055	2.9019370079	-4.07265901566
14	28	0.499998860061	0.395257858378	-0.541975803772	0.741642402723	2.27729511261	-3.08972787857	4.23894548416
15	28	0.499999858439	-0.39932925172	0.456342401062	-0.795165241767	-2.27978539467	2.62304568291	-4.54064369202
16	28	0.499948877841	0.29000365457	-0.538143360034	0.79139093019	1.67822051048	-3.03743004799	4.54565095901
17	28	0.499362390488	-0.301894778135	0.322804233714	-0.897026738526	-1.73598575592	1.84658253193	-5.12568473816
18	28	0.443788940087	0.125867349055	-0.0379068075455	0.9913225935	0.671500384808	-0.207167178392	5.06102275848
19	28	0.23942212062	0.270401458254	-0.0278825412721	0.96234381344	0.771778583527	-0.072268217802	2.75528383255
20	28	0.447220338508	0.176352325869	0.208004227359	0.962098798753	0.931171894073	1.04201614857	4.95356655121
21	28	0.499458249658	-0.348561442344	-0.203592941569	-0.914907008965	-2.00617861748	-1.14547240734	-5.23019599915
22	28	0.498860638589	0.488142090155	0.104020086863	0.86654320224	2.76709222794	0.601741909981	4.96301174164
23	28	0.458409581333	-0.502222492047	0.122465081894	-0.856022705422	-2.68412065506	0.647283315659	-4.54499673843
24	28	0.351728618145	-0.880432322531	0.387747164359	-0.272930507592	-3.69251561165	1.59283339977	-1.1510951519
25	28	0.397041961551	-0.970733601102	-0.196881402968	-0.13752813842	-4.50983095169	-0.896988034248	-0.648142337799
26	28	0.491706855595	0.563390892774	-0.243462477033	0.78950410019	3.21901464462	-1.3627345562	4.46302318573
27	28	0.499063588679	-0.653110060006	0.335655399043	-0.67880976909	-3.71883535385	1.91193330288	-3.88731074333
28	28	0.499158404768	0.584314137726	-0.450950669704	0.67470029046	3.33676314354	-2.55516934395	3.86286211014
29	28	0.497110873461	-0.552345895987	0.520787166365	-0.650918380856	-3.16941022873	2.97283434868	-3.71309900284
0	29	0.499274037778	-0.554321719491	0.442427881522	-0.70497163131	-3.18016242981	2.5255522728	-4.022585392
1	29	0.49934271723	0.598954538198	-0.40025627005	0.693576513053	3.41384911537	-2.28162288666	3.9672472477
2	29	0.499947562814	-0.689350815207	0.325505628754	-0.647179680787	-3.93781113625	1.88955545425	-3.69005560875
3	29	0.499988332391	0.741339312841	-0.457450283925	0.491075616349	4.22531414032	-2.60986685753	2.83392810822
4	29	0.499995902181	-0.695642714669	0.533255592297	-0.481372710913	-3.9852411747	3.03856444359	-2.75143122673
5	29	0.49999293685	0.728431717902	-0.519487588658	0.446676479775	4.15374565125	-2.97062158585	2.5721654892
6	29	0.499990008771	-0.613524734595	0.48841803831	-0.620512062649	-3.52707672119	2.82242870331	-3.50714683533
7	29	0.499998152256	0.625951086804	-0.622268066427	0.470072005584	3.58111619949	-3.53467416763	2.71640110016
8	29	0.499993547797	-0.634191525035	0.494135829437	-0.594668724284	-3.63276767731	2.83490967751	-3.38426303864
9	29	0.499988131225	0.69082000381	-0.428649809371	0.582260305415	3.92391967773	-2.47533798218	3.34305906296
10	29	0.499973811209	-0.443725747662	0.531905245368	-0.721238012595	-2.55116438866	3.03308439255	-4.12239313126
11	29	0.499987766147	0.331017413247	-0.500172667945	0.800159218136	1.90348267555	-2.8567276001	4.57125043869
12	29	0.499991029501	-0.357256908304	0.451011843194	-0.817897193275	-2.02062869072	2.58471512794	-4.68346643448
13	29	0.499998938292	0.282645047348	-0.484467477664	0.827890717604	1.64657998085	-2.75513768196	4.73207950592
14	29	0.500000007451	-0.376338458298	0.397545073045	-0.836855590711	-2.13539242744	2.28501462936	-4.7864780426
15	29	0.499998025596	0.291936208841	-0.395689587292	0.87074852884	1.67283272743	-2.25643658638	4.97991943359
16	29	0.499992350116	-0.244287096131	0.277870602716	-0.929038073929	-1.39689981937	1.60354924202	-5.30865049362
17	29	0.499363850802	0.254426485174	-0.240357343526	0.936747303735	1.45456492901	-1.34927368164	5.35571193695
18	29	0.498033326119	-0.208521353789	-0.111667155385	-0.971621989985	-1.20895862579	-0.605590760708	-5.56404924393
19	29	0.446512525901	0.351420545555	-0.0932758158533	0.931559564568	1.7908987999	-0.450893193483	4.79662084579
20	29	0.49783969298	-0.231398671636	-0.28712477584	-0.929523543469	-1.3476703167	-1.64898884296	-5.31164169312
21	29	0.498461745679	0.402780421587	0.329174930169	0.854056085591	2.2626209259	1.88408875465	4.88160467148
22	29	0.49402096495	-0.213994317243	-0.458426138437	-0.862584435163	-1.2431845665	-2.58223795891	-4.91162586212
23	29	0.38749910146	-0.388293528002	0.836537278289	0.386566317914	-1.7698571682	3.78098130226	1.76765060425
24	29	0.341789454222	-0.459461558322	0.807854816376	0.369141804843	-1.85016453266	3.2500641346	1.53027939796
25	29	0.4750121627	0.255383212523	-0.0302656399405	0.966366082704	1.42483794689	-0.166540533304	5.30408239365
26	29	0.499058507383	-0.404394684525	0.176935816236	-0.897306333456	-2.31084012985	0.994810461998	-5.12688684464
27	29	0.499888997525	0.5200056838	-0.181357071943	0.834687786704	2.96992826462	-1.04911911488	4.77154254913
28	29	0.499929077923	-0.538277525242	0.266279946689	-0.799595082408	-3.07494068146	1.54269599915	-4.56839179993
29	29	0.499226003885	0.549866884221	-0.518833179549	0.654567446056	3.13614940643	-2.92981886864	3.76657128334
