0	0	0.49860034883	0.751705249767	0.176399511761	-0.635470242988	4.25298404694	0.98201239109	-3.71917319298
1	0	0.497303918004	-0.323894210694	-0.843290213546	0.428898771293	-1.88464641571	-4.77691745758	2.59257864952
2	0	0.494142897427	0.398451618068	-0.272777652514	-0.875687535796	2.30252408981	-1.45708847046	-5.04698133469
3	0	0.487821428105	0.266604606446	-0.336520401958	-0.90314783003	1.5253880024	-1.99365413189	-5.20147228241
4	0	0.495764806867	-0.763132729915	0.468776277736	-0.444833944259	-4.42397975922	2.80936336517	-2.38819050789
5	0	0.49917922914	0.674197721212	-0.426509654785	-0.602948544311	3.87252521515	-2.53744459152	-3.38123655319
6	0	0.488947913051	-0.407969427842	0.910999876591	0.0603338279682	-2.30666208267	5.15407991409	0.470170497894
7	0	0.484081469476	0.733702060374	-0.418702772069	-0.53513481971	4.10271787643	-2.32598280907	-3.08401155472
8	0	0.496078968048	-0.417236575735	-0.427918622999	0.801747648553	-2.49335217476	-2.35055971146	4.59056472778
9	0	0.499538943172	0.533096466866	-0.81512616053	-0.226666052674	3.19021081924	-4.72614479065	-1.3555521965
10	0	0.49991466105	0.792388446414	-0.569437491215	-0.218772698455	4.54346466064	-3.38850617409	-1.23136687279
11	0	0.499997213483	-0.531217545005	0.8437947924	-0.0762775733585	-3.00808310509	4.86305999756	-0.379091739655
12	0	0.499984122813	-0.242019470664	-0.726311935981	-0.643348698197	-1.29256749153	-4.28503322601	-3.71420860291
13	0	0.49999576807	-0.657109370973	0.658027844454	0.367704542403	-3.68065786362	3.78308010101	2.22441530228
14	0	0.499990336597	0.747454019949	-0.293920286168	-0.595754440555	4.26646518707	-1.81168246269	-3.43814706802
15	0	0.499984189868	0.795729077588	0.482654398822	0.365868783007	4.50839614868	2.87243366241	2.34654736519
16	0	0.499958083034	0.965120084154	-0.23210399135	-0.121123739876	5.62938404083	-1.31650996208	-0.871474266052
17	0	0.499557778239	-0.354161281545	0.130658824965	0.926011910352	-2.1852016449	0.807838320732	5.3195977211
18	0	0.493302926421	0.905371867577	-0.362680920883	-0.220826472659	5.18863487244	-2.08928823471	-1.27069926262
19	0	0.442773163319	0.41121372226	0.896274991679	0.166115664269	2.10470080376	4.70538568497	0.906259775162
20	0	0.406711239368	0.400419156545	-0.176634587688	0.899146662956	1.96863079071	-0.829378962517	4.31036186218
21	0	0.437421367504	0.00509320627171	-0.273431083123	0.961878111837	0.0506583526731	-1.47405576706	4.95315408707
22	0	0.481960579753	-0.294553662094	0.700240117371	0.650309094332	-1.67406570911	3.96373200417	3.60016393661
23	0	0.463464409113	0.827217364385	-0.489784778961	-0.275358497886	4.4482049942	-2.68959999084	-1.52855610847
24	0	0.446339741349	0.473202794399	0.830443197856	-0.294012262514	2.49460601807	4.33535718918	-1.5151488781
25	0	0.4737008214	-0.736822061689	0.660150334254	-0.145927329831	-4.13411331177	3.57067203522	-0.834055423737
26	0	0.497840151191	0.586941321244	-0.164995204215	0.792638926626	3.4571647644	-1.00548887253	4.4855928421
27	0	0.496322587132	-0.471206916929	0.0099301588621	-0.881966798345	-2.66717529297	0.057292714715	-5.07503604889
28	0	0.497516080737	-0.535232433399	-0.492975815305	0.685930818496	-3.05469226837	-2.95227885246	3.98665690422
29	0	0.498541690409	-0.525206663023	0.640608642501	0.560159377561	-2.98663425446	3.67321014404	3.30148410797
0	1	0.499924197793	-0.229987911262	0.373669765512	0.898596943582	-1.32981824875	2.05707454681	5.1730799675
1	1	0.499715197831	0.0581236455195	-0.40704001288	-0.91155914221	0.361523211002	-2.22195076942	-5.30518007278
2	1	0.499620016664	-0.542156415912	0.0844808659593	0.836019978214	-3.07382917404	0.599686384201	4.80189943314
3	1	0.495314538479	0.799579812978	-0.600474321593	-0.0101346823387	4.64903640747	-3.45390510559	-0.0890264511108
4	1	0.497929409146	0.803355245902	-0.493084300498	-0.333898519739	4.6006360054	-2.90270042419	-1.97047281265
5	1	0.499805554748	-0.271168669637	0.915153811041	0.298263398265	-1.57572448254	5.20455265045	1.81581282616
6	1	0.499376095831	-0.246074299267	-0.535184446651	-0.808099651839	-1.30444431305	-3.14433646202	-4.66077184677
7	1	0.497636452317	0.17024402334	-0.755554616008	0.632577421938	0.844370663166	-4.32430458069	3.73161911964
8	1	0.499495714903	0.399366063443	0.815950914391	-0.418008196898	2.33361792564	4.6363658905	-2.44129323959
9	1	0.499992236495	-0.463340077697	-0.820765870895	0.334154691085	-2.68592786789	-4.72314500809	1.91362977028
10	1	0.499996751547	-0.0127006031981	0.929655756152	-0.368210360707	-0.0559467822313	5.33064556122	-2.09064865112
11	1	0.499997615814	-0.0132704537223	-0.914685831057	0.403947676714	-0.0255542881787	-5.30616521835	2.31210041046
12	1	0.49999037385	0.528258487937	-0.830172254756	-0.178204930784	3.19551420212	-4.83312702179	-0.968974351883
13	1	0.499995976686	0.196050199083	-0.417941202927	-0.887067906271	1.19505560398	-2.32981705666	-5.18324041367
14	1	0.499994210899	-0.800894046844	0.0801997468308	0.593411093879	-4.52538108826	0.536993980408	3.4568195343
15	1	0.499986629933	0.230217973543	-0.142222046745	-0.962690279414	1.32623052597	-0.756652951241	-5.58951568604
16	1	0.499969109893	0.572126424537	-0.819666469174	-0.0286047838353	3.24714159966	-4.8478808403	-0.0902554988861
17	1	0.499665096402	-0.454296701045	0.517610190412	0.725047721327	-2.69685029984	3.10071802139	4.14609766006
18	1	0.493704393506	0.332384587214	-0.649008740651	-0.684330432424	1.79904699326	-3.78934288025	-3.90995526314
19	1	0.471978440881	0.858731252183	0.455537682426	0.234661578481	4.7407617569	2.54185533524	1.29483294487
20	1	0.464599952102	0.844080632928	-0.535929004829	0.0175495555299	4.57811546326	-2.98987531662	0.0970857143402
21	1	0.485823519528	-0.599337601014	0.511768339975	0.615538468505	-3.38327455521	2.86083245277	3.48638176918
22	1	0.465909481049	0.667971091545	0.57490213813	-0.472548571508	3.64187407494	3.08611440659	-2.65145492554
23	1	0.412352204323	0.944388920271	-0.01208363881	0.328608510149	4.61512231827	-0.0679146200418	1.58269500732
24	1	0.398546993732	0.884132499361	0.45445236663	-0.108548468617	4.15425443649	2.15084481239	-0.506941795349
25	1	0.454333547503	0.392974555423	0.422072820132	-0.816961157765	2.13722062111	2.22222709656	-4.32440757751
26	1	0.493734173477	-0.487980051105	-0.210247565463	0.847154903745	-2.86989545822	-1.25559556484	4.80546951294
27	1	0.486454039812	0.163465820654	0.899515681988	-0.405154863398	0.973629534245	5.082239151	-2.30194807053
28	1	0.498269200325	-0.263011990958	-0.604813279676	0.751681840502	-1.45687866211	-3.49080061913	4.36113166809
29	1	0.499846869148	0.0885381603472	0.0164267935011	-0.995937324643	0.570616960526	0.100271098316	-5.7030210495
0	2	0.49998511374	0.125677164872	0.00630843961736	-0.99205113468	0.645917654037	0.130969882011	-5.71436023712
1	2	0.499889671803	0.615824201774	-0.574629426587	0.539037637471	3.50125551224	-3.21239995956	3.28019189835
2	2	0.499613672495	-0.248503990607	-0.760154134853	-0.600342783682	-1.36210465431	-4.37229633331	-3.61203098297
3	2	0.499211601913	-0.64956326061	0.277052218916	0.708032229817	-3.81757736206	1.61012172699	4.04763746262
4	2	0.499328440055	0.121798983684	0.341903203857	0.931808567661	0.738848507404	2.02507972717	5.36302900314
5	2	0.498487330973	-0.174756761459	-0.665436491872	-0.725709549068	-0.870278358459	-3.83418321609	-4.1919708252
6	2	0.499267086387	-0.644569377888	0.706741964747	0.291626666055	-3.65111875534	4.09436511993	1.76517271996
7	2	0.499700367451	0.831617654302	0.538765721738	-0.134698085114	4.83830928802	3.017608881	-0.877892017365
8	2	0.49982778728	-0.9512994174	0.301467187706	0.0643968414676	-5.55450057983	1.53223848343	0.355752706528
9	2	0.499967619777	0.288474970965	0.842047396292	0.45578325279	1.76776790619	4.92076396942	2.56642866135
10	2	0.499991223216	-0.561230965406	-0.681504682946	0.4696500512	-3.11065721512	-4.10307216644	2.63968992233
11	2	0.499997839332	-0.711329149836	0.608796503086	0.351251560029	-4.07267999649	3.66969537735	1.97798633575
12	2	0.49999165535	-0.721977478415	0.687380740119	-0.0790963891442	-4.10156059265	4.08258914948	-0.462352752686
13	2	0.499985575676	-0.0685837331826	-0.887090233595	0.456472550108	-0.441919922829	-5.07532119751	2.79378867149
14	2	0.499957099557	0.712823784885	-0.60155564801	-0.360573229802	4.18928384781	-3.3223567009	-2.24120426178
15	2	0.499988541007	-0.748700479084	-0.542213598843	0.381381706233	-4.28151464462	-3.08028411865	2.28286480904
16	2	0.499980337918	0.410087786887	0.707231281515	-0.575892282891	2.35319304466	4.0580329895	-3.33474588394
17	2	0.499701743945	0.101534615623	0.358433591679	0.9280172855	0.520409822464	1.96669697762	5.48687839508
18	2	0.498708844185	0.154366155323	0.958138084355	-0.241127562505	0.941457986832	5.51921796799	-1.51526117325
19	2	0.495185300708	-0.705154892495	0.354923489286	0.613828880344	-4.08658313751	1.95447731018	3.52146983147
20	2	0.493854790926	0.997657460263	0.0599825283221	-0.0328890297525	5.74556827545	0.379303067923	-0.229305744171
21	2	0.49680119101	-0.174046422491	-0.0447637429334	-0.983719497691	-1.12150847912	-0.352097809315	-5.65046596527
22	2	0.479954764247	0.900121294211	0.281563727942	0.332420701545	5.03825426102	1.56219255924	2.01124572754
23	2	0.480564083904	0.450347366664	0.0603737945806	-0.890809886714	2.53845739365	0.307320505381	-4.97261857986
24	2	0.47789798677	-0.450759179704	0.758994946488	0.469832771439	-2.51019144058	4.20107078552	2.6382522583
25	2	0.472898006439	-0.499138832027	0.645703625951	-0.57786439049	-2.78687572479	3.55074548721	-3.25854110718
26	2	0.445939719677	0.893457487529	0.331668718764	0.302868913841	4.68697738647	1.72828567028	1.57256340981
27	2	0.413895517588	0.761888852032	0.610748225974	-0.215666366451	3.77173280716	2.97091436386	-1.04419720173
28	2	0.489359971136	-0.361166516577	0.521117409827	-0.77330161805	-1.9991286993	2.92861413956	-4.40852212906
29	2	0.499325800687	-0.191838674852	-0.543879246823	0.816941422445	-1.05913376808	-3.03849029541	4.72655391693
0	3	0.499944776297	0.622625658079	-0.676920374519	0.39257623013	3.56607270241	-3.90850019455	2.40356302261
1	3	0.499991178513	-0.287933453356	0.609342932535	-0.738779748645	-1.64894735813	3.52918767929	-4.23541736603
2	3	0.499907188118	-0.517881277742	-0.600763894556	-0.60900059537	-3.11251115799	-3.54100441933	-3.44342374802
3	3	0.499537453055	0.732348543448	0.613870590779	-0.294666775674	4.26508617401	3.48312139511	-1.64802002907
4	3	0.495919108391	-0.670358412814	-0.26320239857	-0.693789662474	-3.88386774063	-1.51054382324	-3.99170160294
5	3	0.488684341311	-0.842971194624	-0.493875006052	0.213276917249	-4.88141918182	-2.7337179184	1.3117442131
6	3	0.496737077832	-0.204913049115	-0.975834128196	-0.075884099462	-1.04206323624	-5.66581869125	-0.499578714371
7	3	0.494050584733	-0.728378126654	-0.0505244220188	0.683310022897	-4.21758079529	-0.293141245842	3.88505554199
8	3	0.49868068099	0.93686908316	0.196588035981	0.289187595046	5.44558095932	1.06880784035	1.65237498283
9	3	0.49971114099	0.658562329253	0.742014421815	0.1253405613	3.96326398849	4.30051851273	0.655489206314
10	3	0.499977782369	-0.672924607365	0.739677596455	0.00703747854072	-3.92473483086	4.25397920609	0.0384669303894
11	3	0.499987453222	0.428772452246	-0.899764464633	0.0811054398848	2.61305809021	-5.13811779022	0.437174797058
12	3	0.499972641468	-0.35214616431	-0.666095075307	-0.657503178405	-2.17671012878	-3.8893725872	-3.81685781479
13	3	0.499958835542	0.450624385928	-0.299005700741	-0.841149959122	2.64581203461	-1.53371429443	-4.9209318161
14	3	0.499795118347	0.0211093188692	-0.323803731229	0.945888756831	0.0288837477565	-1.77699303627	5.48018836975
15	3	0.499859020114	0.301970887308	0.887249890125	-0.348713658595	1.84406638145	5.08222866058	-2.08127784729
16	3	0.499892801046	-0.817770391274	-0.46183368662	0.343454848646	-4.6792345047	-2.62056446075	1.99988055229
17	3	0.49867875874	0.922210565438	-0.326568109164	-0.207077142804	5.30713939667	-1.82840919495	-1.40104699135
18	3	0.498510215431	-0.39216030688	-0.15754324671	0.906305919171	-2.22030854225	-0.892447590828	5.25157594681
19	3	0.495347477496	-0.257438649497	-0.730832734589	-0.632146229759	-1.42498350143	-4.09048461914	-3.77797245979
20	3	0.496244272217	-0.0335335381709	-0.282551736094	0.95866574897	-0.242846816778	-1.65419816971	5.5201215744
21	3	0.497174143791	0.615845526098	0.677036010307	-0.402934893913	3.56431341171	3.93566608429	-2.31392979622
22	3	0.490640297532	0.948071906352	0.318032142818	-0.00390083591638	5.48170232773	1.82991421223	-0.0268752574921
23	3	0.497481837869	-0.986337431271	0.140267213476	0.0863920163928	-5.63947963715	0.80662882328	0.626108884811
24	3	0.499166950583	0.653601042665	-0.659177039789	-0.37187539209	3.78254795074	-3.71921730042	-2.17223954201
25	3	0.49087280035	-0.739505415395	0.610840936303	0.282851712278	-4.24276065826	3.43303585052	1.60732841492
26	3	0.43878941983	0.678996558806	0.558236934248	0.476796810362	3.54547190666	2.85400819778	2.42468571663
27	3	0.384027838707	0.808922038532	0.574806755789	-0.123459827782	3.71033477783	2.6260509491	-0.499726772308
28	3	0.474995478988	0.369391229298	0.453445033264	0.81113360276	2.04403734207	2.43406915665	4.53149080276
29	3	0.498879026622	0.24662555763	0.29065466286	-0.9244975399	1.34125602245	1.63223111629	-5.37022924423
0	4	0.499861903489	0.176000412845	-0.728379330126	0.662183815963	0.955074906349	-4.33901929855	3.78365755081
1	4	0.499969291501	-0.135893534411	0.129156737801	0.982268539854	-0.849339485168	0.734156131744	5.69524431229
2	4	0.499902024865	0.974456364253	-0.0422715601612	0.220562710739	5.68903923035	-0.119653552771	1.18857550621
3	4	0.499871760607	-0.694197535133	-0.29091105889	0.658377200419	-4.02513790131	-1.65493190289	3.73635339737
4	4	0.493853524327	0.588222934151	-0.580907350821	-0.562619258024	3.37637710571	-3.28023815155	-3.30839753151
5	4	0.477515310049	0.720502101681	-0.280540317884	0.634171783915	3.96211671829	-1.56591296196	3.5822095871
6	4	0.458154246211	0.677129437233	0.692733435119	-0.248225931563	3.56428194046	3.72596311569	-1.31857991219
7	4	0.419764593244	-0.396219966999	0.891581272987	-0.219300185614	-1.92648005486	4.4172129631	-1.08379101753
8	4	0.470752083696	-0.216501424402	-0.0554842527142	-0.974704381304	-1.20323395729	-0.295093536377	-5.35209274292
9	4	0.497989118099	-0.859866218551	0.111848639332	0.498116420202	-4.9649348259	0.515321135521	2.86730933189
10	4	0.499954685569	0.766698496065	0.174260759781	-0.617905011901	4.44944953918	0.946601986885	-3.48647499084
11	4	0.499972522259	-0.725758713778	-0.217327213391	0.652719826338	-4.23883056641	-1.18211174011	3.70134902
12	4	0.499973326921	0.90554858052	-0.388807337346	-0.169736922157	5.31189060211	-2.0972006321	-0.954207181931
13	4	0.499509476125	-0.465642793797	-0.582767464554	0.666002155284	-2.80357694626	-3.26934766769	3.90126633644
14	4	0.497508108616	-0.296824652541	-0.675845905871	-0.674631334257	-1.6741809845	-3.91960954666	-3.95736980438
15	4	0.498549938202	-0.144774257866	0.889825338744	-0.43272541038	-0.895409703255	5.19741535187	-2.45254135132
16	4	0.49797205627	0.937836044104	-0.0685438643919	-0.34024299116	5.39810609818	-0.369543910027	-1.99755048752
17	4	0.496346127242	0.536908480185	-0.181512284883	0.823882621702	3.05722332001	-0.975783586502	4.80997657776
18	4	0.496239379048	-0.877908294842	0.0605599799209	-0.474983699383	-4.98005914688	0.388547599316	-2.78880643845
19	4	0.487449526787	0.633224839932	-0.686256213309	0.35788086256	3.62290239334	-3.82349896431	2.03856992722
20	4	0.484580755234	-0.709590663844	0.502681049536	0.493753837679	-4.01509380341	2.96067786217	2.75492191315
21	4	0.490320801735	-0.902787364198	-0.418972431248	-0.0971446184795	-5.14975881577	-2.37091422081	-0.504049301147
22	4	0.488129734993	0.777565873274	-0.619768620098	-0.106198730036	4.43112468719	-3.55958366394	-0.570387363434
23	4	0.495430202223	0.0284934530487	-0.110138849459	-0.99350770353	0.249779507518	-0.599076747894	-5.72119283676
24	4	0.499709613621	-0.33859149619	-0.415144085791	0.844399897407	-2.07968997955	-2.3197593689	4.87072277069
25	4	0.499353542924	0.866643684871	-0.438295829492	0.238380975168	5.02504873276	-2.50144290924	1.2411968708
26	4	0.48815356195	-0.812119382181	0.462521510703	-0.35571893571	-4.59575796127	2.63243484497	-1.99817585945
27	4	0.450772881508	0.353627872289	0.810682775148	0.466627009525	1.91298186779	4.2730307579	2.51730537415
28	4	0.47642056644	-0.436208611698	0.852122201115	-0.289153594908	-2.55648612976	4.71107006073	-1.66106009483
29	4	0.496890872717	-0.0489652373886	0.998367748366	0.0293980364873	-0.246287763119	5.77965450287	0.172569274902
0	5	0.499904766679	0.515791382541	0.754719814791	-0.405409978735	2.97284722328	4.45260906219	-2.30887985229
1	5	0.499928504229	0.0830857801684	0.193939455328	-0.977488742033	0.455219268799	1.16995120049	-5.65664434433
2	5	0.499645233154	0.390636653607	-0.920410161569	0.015752439142	2.09943819046	-5.43622732162	0.214951515198
3	5	0.499692156911	0.384006476091	0.589602840234	-0.710568446462	2.10803937912	3.3828098774	-4.15879631042
4	5	0.498209424317	0.590174605027	0.154132162209	0.792424893699	3.27033019066	0.791159927845	4.68771743774
5	5	0.492859505117	0.569060042194	0.48200964659	-0.666211204478	3.15269851685	2.70121526718	-3.91710996628
6	5	0.457853317261	-0.883904082868	0.386908195938	0.262708241602	-4.70791721344	2.06558418274	1.42450761795
7	5	0.424102425575	-0.710514615864	0.698249438523	0.0872737202516	-3.52338790894	3.49085283279	0.328801631927
8	5	0.478643901646	0.399177040205	-0.675905167261	-0.61952392645	2.17955136299	-3.75309491158	-3.48858976364
9	5	0.499649882317	0.335723975672	0.803384944513	0.49179471641	1.98907327652	4.6219420433	2.81357622147
10	5	0.49984626472	-0.939084523559	-0.337818020605	0.0632395648884	-5.36420679092	-2.06903600693	0.412394523621
11	5	0.499852538109	0.61831407	0.687040525592	-0.381658259486	3.61152553558	3.94790363312	-2.10659074783
12	5	0.499862994999	-0.455805562368	-0.16266201218	-0.87508991487	-2.80470991135	-0.927412748337	-4.98284339905
13	5	0.49913334474	0.439453975982	-0.0182352762021	0.898079995154	2.60061788559	-0.0529705323279	5.13630390167
14	5	0.490300178528	-0.02958702301	-0.316276189196	-0.94820566346	-0.18071013689	-1.74198770523	-5.43464660645
15	5	0.471299812198	-0.349517355525	-0.767026608164	0.538059290928	-1.89972996712	-4.20127677917	2.99505615234
16	5	0.481469169259	-0.726210505425	-0.669194104201	0.157472387146	-4.13582420349	-3.72608971596	0.907586336136
17	5	0.488834604621	-0.713523035104	-0.694979988291	0.0888126919478	-4.13171672821	-3.91036319733	0.442361593246
18	5	0.449148789048	0.970049339006	-0.174099264773	-0.169392225025	5.08127498627	-0.907759070396	-0.867410421371
19	5	0.4271299541	0.713168020232	0.689876895679	0.124343249619	3.57324028015	3.46720981598	0.646054983139
20	5	0.480271995068	-0.800863158628	0.533817861595	0.271397663576	-4.47066783905	2.97690296173	1.57218575478
21	5	0.482013091445	0.394231827662	-0.546836545999	-0.7386142823	2.27553224564	-3.06275415421	-4.10089445114
22	5	0.450720414519	0.527910968796	0.693065254302	0.490887525106	2.74503350258	3.6929769516	2.57868933678
23	5	0.460862949491	-0.619590270903	0.784884087576	-0.00805389799489	-3.38811683655	4.22296905518	0.00319051742554
24	5	0.493988275528	0.650825814921	0.759092069216	-0.0143174399162	3.80290985107	4.27393722534	-0.222494125366
25	5	0.499136909842	-0.858264800639	0.119050609032	0.499207856983	-5.01482868195	0.688192009926	2.80161881447
26	5	0.497692883015	-0.287532769862	-0.911763167074	-0.293279445959	-1.6009157896	-5.30784893036	-1.60951280594
27	5	0.489518240094	0.569270060286	0.738319745517	-0.361684326231	3.18627500534	4.257188797	-2.08108711243
28	5	0.49245749414	0.840185108731	0.469228170143	-0.271871122796	4.90749311447	2.62348413467	-1.54205942154
29	5	0.499598309398	-0.440702044051	-0.741696821132	0.505635771967	-2.55679392815	-4.32821178436	2.83172464371
0	6	0.499972477555	0.503985631686	0.36279332081	-0.783823634136	2.87334132195	2.09231185913	-4.54533433914
1	6	0.499846339226	-0.383731970241	-0.804301120621	0.453706383449	-2.29638338089	-4.54714202881	2.6443092823
2	6	0.499306902289	0.987367618596	0.151876363779	-0.0451525843416	5.70649814606	0.979672670364	-0.354586839676
3	6	0.496746301651	0.514429592194	0.141633419166	0.845755383814	2.91142463684	0.741590559483	4.97122573853
4	6	0.49801723659	-0.276189296101	0.709898962457	-0.64789114504	-1.6571457386	3.91751861572	-3.83153033257
5	6	0.498803177848	0.169303461045	0.182727930026	0.968476557107	0.88127040863	1.0355682373	5.59988069534
6	6	0.488928683102	0.21448547664	-0.486328023702	-0.847042521762	1.2091653347	-2.72135734558	-4.80937004089
7	6	0.456897825003	0.794584033984	0.359304538707	-0.489424622799	4.23661518097	1.94518280029	-2.65783119202
8	6	0.469495773315	0.86577950202	-0.200866480373	0.458343223955	4.70391511917	-1.0413466692	2.63178467751
9	6	0.498391933739	-0.0535406768899	-0.663113198521	-0.746601822838	-0.309651225805	-3.82788896561	-4.28111457825
10	6	0.499200433493	-0.378589602989	0.837903482531	-0.393176380866	-2.12024259567	4.958070755	-2.12970018387
11	6	0.497588843107	-0.186055024551	-0.964215367759	-0.18887099411	-1.19467329979	-5.57235240936	-1.01185631752
12	6	0.497595831752	0.809999153948	-0.401915220686	-0.427042768332	4.78555488586	-2.18942379951	-2.37055516243
13	6	0.492085441947	-0.907724704686	0.22722378124	-0.352711232798	-5.18705558777	1.25269627571	-2.00140953064
14	6	0.436504982412	-0.593965997	0.474496572782	0.649659446807	-3.00116252899	2.39239287376	3.3728582859
15	6	0.404204528779	-0.239691722164	0.38450516925	0.891461526453	-1.20208287239	1.80981469154	4.21886634827
16	6	0.447679564357	-0.0113138628238	0.941173136078	-0.337735287515	-0.0994867384434	4.94606590271	-1.74430418015
17	6	0.460848204792	0.809686631569	0.159388027603	-0.564803519212	4.36490535736	0.870092153549	-3.02298545837
18	6	0.416912034154	0.898803088408	-0.438339201773	0.00342818579709	4.44086885452	-2.12137055397	0.0507340431213
19	6	0.421827331185	0.487631087834	0.501156055265	0.714883578248	2.40218114853	2.46289539337	3.54620337486
20	6	0.477041736245	-0.321904098065	-0.903631030405	-0.282539753908	-1.78339791298	-5.0707988739	-1.53823161125
21	6	0.464272915386	-0.178840165703	-0.203577492088	-0.962586307739	-0.998694062233	-1.04459691048	-5.27347755432
22	6	0.418873623013	0.674361519013	0.737532125806	0.0358176643332	3.36802124977	3.59796714783	0.14806842804
23	6	0.427170529962	0.531281934789	0.837070353415	0.130586098802	2.64836597443	4.224193573	0.662642717361
24	6	0.480582201853	-0.285923679547	-0.122321374191	0.950413136952	-1.68538475037	-0.822513520718	5.31680440903
25	6	0.497706726193	0.497660147891	0.464914085698	0.732249458942	2.91851377487	2.67220616341	4.2378988266
26	6	0.499660238624	0.608777784203	0.461383427812	-0.645379688246	3.41988873482	2.74485874176	-3.75186562538
27	6	0.4997959584	-0.16490653982	-0.853235745567	0.494767213558	-0.946498513222	-4.88725137711	2.81780099869
28	6	0.499358981848	0.0228758237565	0.88646915043	-0.462221961858	0.138998642564	5.06659793854	-2.74686050415
29	6	0.499928042293	-0.332484859734	-0.206323705509	0.920263194197	-1.89698076248	-1.16145420074	5.37737894058
0	7	0.499898824841	-0.241355670676	-0.492144636579	0.836385734527	-1.44297599792	-2.77498149872	4.85546016693
1	7	0.499266341329	0.857711848511	0.50355001825	0.103767837232	4.95302963257	2.94546985626	0.549857616425
2	7	0.49381378293	-0.985179546137	0.168488678725	-0.0321376261456	-5.63356876373	0.947643756866	-0.249617338181
3	7	0.483532268554	0.164347338516	-0.368737948537	0.914889216043	0.920058012009	-2.12333369255	5.18840312958
4	7	0.483694382012	0.717129257163	-0.0178032499434	0.696712762056	4.04365062714	-0.0988630205393	3.94824981689
5	7	0.48978240788	0.588665021597	-0.799265304304	0.121030846006	3.41533231735	-4.57419109344	0.554137229919
6	7	0.495394594967	-0.778993671391	0.123742796079	0.614700398854	-4.41476345062	0.788525640965	3.54202127457
7	7	0.476864315569	-0.141876985272	0.781006267496	-0.608194155827	-0.79452586174	4.3406701088	-3.44294309616
8	7	0.487990900874	0.221637487959	-0.282784787451	-0.933225368235	1.26474285126	-1.56531310081	-5.31671667099
9	7	0.498943205923	-0.608691391811	0.00882843794632	0.793357957179	-3.43408584595	0.055999211967	4.60891580582
10	7	0.497994750738	0.504100326556	-0.180470884682	-0.844578664512	2.86618709564	-1.02052092552	-4.9340429306
11	7	0.494624733925	0.574994026448	-0.812408771298	0.0968186855308	3.45052051544	-4.63580465317	0.672587871552
12	7	0.496355965734	-0.725484164007	-0.531658598024	0.437049039493	-4.28651046753	-2.93947958946	2.48667287827
13	7	0.498075395823	0.779254542373	0.361498077779	-0.511938959206	4.50144386292	2.04914712906	-2.88686275482
14	7	0.45011125505	0.118285370502	-0.631436184419	0.766352997079	0.537961184978	-3.32963347435	4.03389596939
15	7	0.44176505506	-0.581505378807	-0.800116082476	0.147192897186	-3.01182985306	-4.13681077957	0.815541982651
16	7	0.487525880337	0.23596242166	0.970926082133	0.0403023398516	1.31693649292	5.48408603668	0.315739631653
17	7	0.485348448157	-0.560831549805	-0.518307541807	-0.645620062304	-3.15677976608	-2.9965596199	-3.59805488586
18	7	0.479786561802	0.0882335865409	0.186953205683	-0.978398350924	0.523021101952	1.10080265999	-5.44816875458
19	7	0.462067139335	0.248118767073	-0.161394048418	0.95519057709	1.38075828552	-0.877952218056	5.17987823486
20	7	0.483305476606	-0.517167220504	-0.57609733019	0.632969139993	-2.92878103256	-3.24106168747	3.58645009995
21	7	0.474551588297	0.94456883544	0.239329126081	-0.224747156877	5.22825336456	1.40245437622	-1.23984694481
22	7	0.440637111664	0.744698751655	-0.664777880534	0.0591112411967	3.89675474167	-3.43404626846	0.30975151062
23	7	0.459667742252	0.408983333276	0.518672393918	-0.750807286119	2.22138404846	2.74148225784	-4.07442378998
24	7	0.49104052037	-0.197876118821	0.82928256646	0.522623637587	-1.07641291618	4.76389551163	2.97669935226
25	7	0.499261323363	-0.17550496752	-0.36941153653	-0.91254212125	-0.976968288422	-2.15130639076	-5.2297244072
26	7	0.499807983637	0.0770968018233	-0.729617675758	0.679495496946	0.396743357182	-4.23198890686	3.94231128693
27	7	0.499864131212	-0.58336171309	0.810345468696	0.0550393774006	-3.23457574844	4.77193450928	0.198835849762
28	7	0.499499645084	-0.491297321196	-0.369226107778	0.788859317953	-2.81728124619	-2.2537612915	4.58821439743
29	7	0.499713808298	-0.408945315811	-0.911979045059	-0.0325261440875	-2.3488817215	-5.35072135925	-0.46044921875
0	8	0.499224810861	0.117538035376	-0.0918155786664	-0.988814800533	0.673582315445	-0.481612324715	-5.71717977524
1	8	0.497059427202	0.657748787304	-0.00152662021375	-0.753235821129	3.8228366375	-0.0248828195035	-4.35930728912
2	8	0.470922425389	-0.786269529762	-0.541665956571	0.297284742394	-4.31595373154	-3.00121545792	1.66681623459
3	8	0.419039279222	-0.593146683814	0.733176610643	-0.332609484361	-2.97410583496	3.59356427193	-1.58798754215
4	8	0.44116525352	-0.938788600106	0.340517614495	0.0521892568427	-4.8365149498	1.78418850899	0.273205041885
5	8	0.478823393583	-0.515140321865	-0.854638921878	-0.064982782328	-2.93266701698	-4.77825069427	-0.368153095245
6	8	0.493146136403	0.213023850407	-0.904144075423	-0.370330028535	1.33319544792	-5.10493898392	-2.20902872086
7	8	0.497233882546	0.0785148642669	0.720305716082	0.689198876572	0.393864512444	4.1833114624	3.91473841667
8	8	0.49875561893	0.0262412695428	-0.996561425915	-0.0785921125211	0.196047216654	-5.73524522781	-0.441966772079
9	8	0.499350667	-0.178137603285	0.983923851494	-0.0126826163202	-1.07255113125	5.67610740662	-0.211725711823
10	8	0.498503595591	0.856758076127	-0.356705622162	0.372460330919	4.881524086	-2.102465868	2.3137254715
11	8	0.497371487319	-0.168362780817	-0.673155516785	-0.720080290147	-1.0667539835	-3.72007012367	-4.28216123581
12	8	0.497329063714	-0.195437670956	-0.506525409265	0.839783380724	-0.97731924057	-2.9123313427	4.92016506195
13	8	0.498349845409	-0.956623675898	0.249763960061	0.149963685489	-5.51378679276	1.45484387875	0.790374755859
14	8	0.485121577978	0.830906462934	0.401352835648	0.385370407754	4.74760627747	2.18680906296	2.09151554108
15	8	0.486592933536	-0.542362533721	0.118862998123	0.831693735514	-3.15509700775	0.695651829243	4.65148925781
16	8	0.496808215976	0.499510725202	-0.783993495389	-0.368569172063	2.88899183273	-4.4762840271	-2.14421653748
17	8	0.468812398612	-0.463039451957	0.407740158449	0.786983118701	-2.52764081955	2.26294183731	4.27085781097
18	8	0.473485313356	0.252497833223	-0.75604774238	0.603851517726	1.37747752666	-4.20920324326	3.30955696106
19	8	0.490401491523	0.476427887383	0.427571209773	0.76824431576	2.71242141724	2.4800555706	4.37080574036
20	8	0.494393609464	-0.784055977927	0.228303529196	-0.577177374845	-4.44994306564	1.28947472572	-3.35740566254
21	8	0.470067292452	0.573616148352	-0.739318125483	-0.352665881086	3.18175721169	-4.07405185699	-1.8846449852
22	8	0.43754786253	0.346041009919	-0.937332186162	0.0407920609731	1.82828056812	-4.84109449387	0.195615291595
23	8	0.454551905394	0.741313373593	-0.132912526314	0.657866812114	3.99003887177	-0.706845998764	3.4805893898
24	8	0.489535704255	-0.394938103639	-0.599970626519	0.695743588981	-2.26250600815	-3.50456428528	3.89196038246
25	8	0.49923633039	-0.362200537332	0.859768701513	0.360011875715	-2.08815526962	4.97274017334	2.06760907173
26	8	0.499932818115	0.7649442916	0.042922038269	0.642664709922	4.46365737915	0.269595533609	3.72494339943
27	8	0.499715864658	-0.0796157905837	-0.941668016997	-0.326990323488	-0.430897593498	-5.40071964264	-1.99537038803
28	8	0.498367570341	0.212393948889	0.50820999396	0.834632501473	1.31558585167	3.00597429276	4.81353473663
29	8	0.4998286888	0.129761944414	0.411866697428	0.901957682672	0.708280444145	2.43517637253	5.21032571793
0	9	0.496836051345	-0.646947397443	-0.561316175014	0.516123257187	-3.75881123543	-3.18764305115	3.02098035812
1	9	0.49180418998	-0.703950014698	0.108096823744	0.701975393802	-4.03049373627	0.582733273506	4.0369386673
2	9	0.453865602612	-0.651660715016	0.618647426724	0.438877743697	-3.47591114044	3.32258701324	2.30703568459
3	9	0.394106388092	-0.935895966041	0.325857835309	-0.133848466243	-4.36047744751	1.56790876389	-0.668038368225
4	9	0.448725368828	-0.597787072007	0.162877535077	-0.784934089659	-3.1294836998	0.813467144966	-4.13407897949
5	9	0.492521494627	-0.181514736176	0.555708654179	0.811320092332	-0.941590309143	3.24514818192	4.61021375656
6	9	0.496271528304	-0.791829258061	-0.110434849347	0.600675095312	-4.67620706558	-0.614715218544	3.41134929657
7	9	0.498656287789	0.404440929934	-0.784951447625	0.469338640074	2.44587826729	-4.58751249313	2.51178836823
8	9	0.499903842807	-0.762673977444	0.575355350459	0.295456637812	-4.36155605316	3.3950779438	1.61635088921
9	9	0.499192908406	0.607321819073	0.096805210166	0.788535959461	3.5059671402	0.351707994938	4.59575462341
10	9	0.498732037842	0.580849071269	0.502582466275	-0.640332117732	3.23563027382	2.96760368347	-3.79712367058
11	9	0.499877004884	0.202597068534	-0.0344410184519	0.978656346257	1.10485172272	-0.174626216292	5.63581228256
12	9	0.499938860536	-0.251332040345	0.639225197976	-0.726789757611	-1.38688933849	3.64421153069	-4.21604633331
13	9	0.499546632171	0.442663966072	-0.896219857238	-0.028958256751	2.6044459343	-5.17091178894	-0.0386319160461
14	9	0.497232079506	-0.554411886081	0.686572259088	-0.470367934306	-3.28053331375	3.85067152977	-2.75519514084
15	9	0.498129487038	0.884865212542	0.327924138494	0.330876585793	5.09514188766	1.84212005138	1.88111352921
16	9	0.477649912238	-0.831924039374	-0.364817549416	-0.418103513917	-4.64335823059	-1.97407007217	-2.28416538239
17	9	0.362117722631	-0.998765279214	0.0371078149609	-0.0330291856703	-4.30234575272	0.197629928589	-0.0989618301392
18	9	0.405070841312	-0.890873675731	-0.0593185838879	0.450361409865	-4.24087619781	-0.284080564976	2.14755177498
19	9	0.492706069723	0.029141303568	-0.354754392449	-0.934505273107	0.0913398861885	-2.06158638	-5.32524013519
20	9	0.492624089122	0.163196163834	0.704394141204	0.690793678276	0.982167541981	3.9863743782	3.9749751091
21	9	0.456642590463	-0.528855929719	0.54449449716	-0.651027762974	-2.82273578644	2.89907646179	-3.50176954269
22	9	0.427327886224	0.433922686207	0.776100234809	-0.457580078155	2.24995946884	3.85569238663	-2.29224991798
23	9	0.42639183253	0.604531672796	0.442658266539	0.662265139994	3.04395031929	2.257802248	3.29513168335
24	9	0.47750902921	0.703010623139	-0.233094701602	-0.671895024419	3.93277597427	-1.30195379257	-3.75108861923
25	9	0.492362067103	0.304260176761	-0.550716269958	-0.777262719318	1.8000600338	-3.25042819977	-4.44159841537
26	9	0.498809851706	-0.259305091826	0.465074403011	-0.846443541541	-1.53564786911	2.66217541695	-4.90968370438
27	9	0.49593809247	-0.770325706446	-0.364078355854	0.523493320671	-4.38865327835	-2.04186296463	3.18726968765
28	9	0.487213991582	-0.715148132116	0.408259089195	-0.567351447712	-4.04803752899	2.29304075241	-3.24615859985
29	9	0.498321339488	0.490136727894	-0.683077376453	-0.54145293955	2.84986066818	-3.90200901031	-3.12982320786
0	10	0.481768026948	0.961427801882	0.261782238583	-0.0844194369253	5.41692352295	1.46346855164	-0.439831972122
1	10	0.494219683111	0.71731508603	0.445836245524	-0.535433571539	4.0460858345	2.6320130825	-3.12982654572
2	10	0.496896117926	0.661702807273	-0.748714658217	0.0396957859041	3.81840848923	-4.31924533844	0.34909081459
3	10	0.485455587506	-0.791129879501	-0.428272768481	-0.43668747353	-4.43403959274	-2.43266057968	-2.50186920166
4	10	0.49823775515	0.210615220868	0.464195294037	0.860327819922	1.24003124237	2.71046876907	4.88998126984
5	10	0.498907037079	0.160636266543	-0.837380422699	-0.522484466326	0.841374397278	-4.74773216248	-3.07913565636
6	10	0.499033488333	-0.185450506291	0.637276501808	0.747988482504	-0.963441491127	3.73683595657	4.34779500961
7	10	0.499141953886	-0.535808727706	0.553577804721	0.637542642835	-3.19824075699	3.24219202995	3.64659452438
8	10	0.499821156263	0.300010736324	-0.75195825021	-0.58698581587	1.78072810173	-4.31794071198	-3.35217905045
9	10	0.497504401952	-0.0358171445926	0.608899577456	-0.792438285753	-0.30582934618	3.62488389015	-4.5561466217
10	10	0.496460877359	-0.0996668584438	-0.555128897829	-0.825771411544	-0.568559885025	-3.34398174286	-4.77920389175
11	10	0.499165311456	0.155977206998	-0.810990272769	-0.563884641014	0.930822849274	-4.62028169632	-3.39841365814
12	10	0.499953314662	-0.610196736012	-0.0817567382655	0.788020164151	-3.43835830688	-0.369303822517	4.59590005875
13	10	0.499930694699	0.560360908962	-0.564411912725	-0.606164040901	3.19228458405	-3.21408748627	-3.64667034149
14	10	0.499371133745	-0.11107195717	0.752198627609	0.649507694299	-0.563851356506	4.36329650879	3.79241752625
15	10	0.499236926436	-0.538974310152	-0.686077995711	-0.488675430932	-3.12359666824	-3.86862587929	-2.85594344139
16	10	0.493667528033	0.739802176012	0.514873557193	0.433125802131	4.18219804764	2.9261496067	2.52844882011
17	10	0.420069754124	-0.923205219815	0.379643381098	0.0596910822013	-4.57217931747	1.82828974724	0.262980699539
18	10	0.445789039135	-0.762478266649	-0.192321435536	0.617769664455	-3.97315621376	-0.955224990845	3.21147251129
19	10	0.495812729001	0.78214150644	-0.37085889724	-0.500717826967	4.49071979523	-2.0798895359	-2.92717456818
20	10	0.494013044983	0.0720691907993	-0.574476948124	0.815341810415	0.427466750145	-3.31634521484	4.7241601944
21	10	0.474497683346	-0.831713444283	0.00832842256005	-0.55514266993	-4.62211513519	0.0100252591074	-3.0347635746
22	10	0.464418329298	0.463046825619	0.452387718598	-0.762189601967	2.55429649353	2.42546010017	-4.11169815063
23	10	0.468624658883	-0.215428240969	0.264795781741	0.939932905565	-1.20255899429	1.44785189629	5.13274717331
24	10	0.491875886917	0.360365632619	0.932483104857	-0.0247360058198	1.99805665016	5.32023715973	-0.104117393494
25	10	0.497879996896	-0.185898932676	-0.856721763771	-0.481112675276	-1.1859639883	-4.93430233002	-2.75149703026
26	10	0.499691665173	0.36676462824	0.804149289536	0.467790153392	2.10803842545	4.57073497772	2.74137115479
27	10	0.490534722805	-0.0517953560046	-0.895457583541	-0.442123237543	-0.304759800434	-5.05749988556	-2.58090090752
28	10	0.429562993348	0.47149268548	0.727706483241	-0.49813444148	2.4109749794	3.67089939117	-2.44275140762
29	10	0.452581584454	-0.168317388812	0.930225725468	0.326112490257	-0.892682671547	4.91583299637	1.73324763775
0	11	0.474584750831	0.0328152854945	-0.312844241449	-0.949237397931	0.152845025063	-1.70146942139	-5.24585103989
1	11	0.493595719337	-0.0665646923636	-0.966638610349	0.247343766269	-0.439001142979	-5.50910520554	1.61471796036
2	11	0.498873426579	-0.186350842121	-0.0558354053435	-0.980895392563	-1.05487954617	-0.318621337414	-5.6860537529
3	11	0.499395102262	-0.0635044111318	0.910749445647	0.408047346543	-0.341387748718	5.21177721024	2.42007303238
4	11	0.499392613769	-0.156270957829	-0.902290258995	-0.401810497948	-0.902827441692	-5.14639425278	-2.34566736221
5	11	0.499438986182	0.803931796936	0.204296477072	0.558530764893	4.55756759644	1.32561421394	3.24534153938
6	11	0.498106714338	-0.235023367274	-0.343255819366	-0.90936211671	-1.31088137627	-2.03927278519	-5.19694805145
7	11	0.498616099358	0.290400350888	0.845709819932	0.447708093152	1.69979023933	4.94081115723	2.56494951248
8	11	0.49926710967	-0.113896772163	0.0194424249188	0.993302329306	-0.74907708168	0.074519649148	5.72262477875
9	11	0.49625761807	0.424254984169	0.593668467591	-0.683787583242	2.49099206924	3.37760448456	-3.95849323273
10	11	0.497699245811	-0.987455435536	-0.100744731938	-0.121582325265	-5.70250558853	-0.605183541775	-0.68388915062
11	11	0.499361420982	0.0250831245445	-0.135602591909	0.990445745072	0.216375112534	-0.627946138382	5.71868801117
12	11	0.499924194068	0.0945355074002	-0.587012608602	-0.804039324401	0.480692505836	-3.26188755035	-4.7150759697
13	11	0.499898716807	0.731916702953	-0.419351085549	0.537068530996	4.3047170639	-2.31997919083	3.21733903885
14	11	0.499622289091	-0.431178927486	0.133759293627	0.89229657842	-2.68638134003	0.743127584457	5.16398286819
15	11	0.499529577792	0.444047684975	-0.598929508519	0.666412107704	2.67015218735	-3.44221329689	3.84723210335
16	11	0.496229300275	0.42464843743	-0.0225573012745	-0.905077274462	2.27873301506	-0.186438366771	-5.27628707886
17	11	0.489712022245	0.106855777157	0.169687779584	0.979687654484	0.533779740334	0.929592490196	5.58330202103
18	11	0.498442772776	0.459462314098	-0.275939059103	-0.844246419942	2.61963891983	-1.61576724052	-4.80824422836
19	11	0.498214349151	-0.41103510962	0.578319022648	0.704696563567	-2.36497163773	3.32368373871	4.09127235413
20	11	0.498843826354	-0.473760208663	-0.538898604831	0.696519603743	-2.78824234009	-3.18476963043	3.96944332123
21	11	0.498112559319	0.717448122678	0.684343687463	-0.130161087482	4.2091422081	3.83282089233	-0.838681697845
22	11	0.497422985733	-0.671692441496	0.510130871249	0.537211092808	-3.84123301506	2.89470338821	3.17049360275
23	11	0.492411926389	0.130187207122	-0.984653124283	-0.116230443266	0.713803827763	-5.66003990173	-0.75559091568
24	11	0.498119026423	0.238963289608	-0.970349121807	-0.0363198021489	1.32552993298	-5.67235469818	-0.158550262451
25	11	0.499665483832	0.840382127615	-0.356410000902	0.408325594156	4.92632293701	-1.89397609234	2.51691436768
26	11	0.499429315329	-0.605121708288	-0.682964784877	-0.409129344801	-3.55070328712	-3.82282781601	-2.45076751709
27	11	0.479597233236	0.77605182005	0.00948930537302	0.630597752677	4.30745506287	0.114837512374	3.50902795792
28	11	0.377807274461	0.799365680927	0.514497812578	0.310332900298	3.60948014259	2.28818273544	1.36307358742
29	11	0.42303301394	0.995105863102	0.0620592446491	-0.0768958475717	4.91433525085	0.356727927923	-0.344823598862
0	12	0.491655021906	-0.640051448932	0.330153678534	0.693781443446	-3.53734874725	1.94532680511	3.96987843513
1	12	0.49911442399	0.262746567635	-0.807406700349	-0.528260032017	1.59981286526	-4.63065910339	-3.04898738861
2	12	0.499677911401	-0.572042874173	0.745059874812	0.343005441726	-3.32212018967	4.26724529266	1.98949790001
3	12	0.498779788613	0.936516261182	-0.320309666676	-0.142614900959	5.31135511398	-1.99274849892	-0.832980871201
4	12	0.494464471936	-0.311637934554	0.946641929186	0.0821635908046	-1.77930593491	5.43122816086	0.480663776398
5	12	0.496600344777	-0.825892314368	-0.563459918906	-0.0203667585782	-4.72767877579	-3.30896115303	-0.137011289597
6	12	0.485351055861	-0.998162761146	-0.00148561014433	0.0605714059892	-5.66908693314	0.0963009446859	0.37480711937
7	12	0.488714784384	0.778106823325	-0.602327160633	-0.178190244008	4.37736701965	-3.50183987617	-0.986388921738
8	12	0.471933178604	0.575166893068	-0.110404362064	-0.810551615849	3.09913396835	-0.572961449623	-4.51452112198
9	12	0.462192483246	0.439495429448	-0.243800970443	0.864525797363	2.31393837929	-1.38054811954	4.68615818024
10	12	0.493832960725	0.748132204855	0.586278661601	0.31076604546	4.28706693649	3.3205242157	1.80118107796
11	12	0.499304588884	-0.321427581618	-0.430483260003	-0.843426625518	-1.92920851707	-2.43292713165	-4.81558942795
12	12	0.49962375313	0.496973580686	0.21619759037	0.840402202531	2.80615186691	1.40145504475	4.80972528458
13	12	0.49996188283	-0.138286389759	-0.984764716038	-0.105429258052	-0.858005642891	-5.67895841599	-0.680720806122
14	12	0.499951541424	0.527965320818	0.840990311505	-0.118270520282	3.07274770737	4.82068920135	-0.807794809341
15	12	0.499792084098	-0.766445305389	0.485051079826	0.421054680305	-4.54601812363	2.70659828186	2.45185279846
16	12	0.497844815254	0.607138502948	0.779767670359	0.152791421553	3.53705048561	4.54158449173	0.848694324493
17	12	0.495501451194	0.565999936925	0.548193011762	0.615734109219	3.33509016037	3.15597105026	3.63100814819
18	12	0.499708592892	-0.443272569409	0.759593695197	0.475948366345	-2.59202980995	4.41916275024	2.83747911453
19	12	0.49958589673	-0.37949987614	0.825306312209	-0.418149895418	-2.30655193329	4.76751804352	-2.54737138748
20	12	0.499909326434	0.420159725077	0.476868272284	-0.772050812001	2.45461082458	2.70549535751	-4.47642612457
21	12	0.499708242714	-0.590204715881	0.432570330899	0.681572668303	-3.46480083466	2.38637804985	3.97684311867
22	12	0.499537147582	-0.614641586335	-0.0907246074596	-0.783571800123	-3.49898600578	-0.528836905956	-4.58662796021
23	12	0.498896732926	0.986689049508	0.162014930571	0.0139957798511	5.66663503647	0.988478243351	0.230965852737
24	12	0.499386142939	-0.314609849325	0.311186447797	-0.896762865765	-1.92384552956	1.85855174065	-5.1311044693
25	12	0.499591678381	0.774158168903	-0.144368608359	-0.616309041343	4.47912693024	-0.735320627689	-3.67126274109
26	12	0.49977273494	0.112421436634	-0.825957180132	0.55240941083	0.743995308876	-4.73917961121	3.27730369568
27	12	0.499140948057	-0.637318174206	0.346874889728	-0.688115801085	-3.65700340271	1.98675847054	-3.9212231636
28	12	0.475488677621	0.842403527099	-0.366568030516	0.394948321347	4.62448072433	-2.04781770706	2.18105697632
29	12	0.478118760511	-0.330837083673	-0.100669542722	-0.938302971984	-1.83383059502	-0.590728223324	-5.23572587967
0	13	0.497632905841	-0.158177926477	-0.857009667751	-0.490422443365	-0.833294987679	-5.06133985519	-2.73303222656
1	13	0.499648526311	-0.437194479013	0.837285670784	-0.328349955109	-2.47828722	4.8497505188	-1.88061594963
2	13	0.499863423407	0.642281935276	-0.0581635537032	0.764258409597	3.72256040573	-0.462075859308	4.38323402405
3	13	0.491849154234	-0.722635701323	0.621959761277	-0.301601887471	-4.15140151978	3.45617508888	-1.80381822586
4	13	0.456383511424	0.431549908128	0.64612283201	0.629515657272	2.37973594666	3.41609334946	3.37400388718
5	13	0.429020255804	0.953403220023	0.294671193291	0.0647393844092	4.76200580597	1.48817694187	0.352107524872
6	13	0.45425831899	-0.0520719849188	-0.139799879936	0.988809638887	-0.23757570982	-0.766077697277	5.24430036545
7	13	0.483739227057	0.697865658854	0.697310114151	-0.163530201784	3.87733912468	3.97847986221	-0.931465148926
8	13	0.451053783298	0.925327153939	-0.193015334498	0.326365958444	4.84690618515	-1.04578137398	1.78500461578
9	13	0.415839850903	0.216809027485	-0.0717266446722	0.973575438292	1.03218102455	-0.324158608913	4.7657661438
10	13	0.480869218707	-0.733552309539	0.396460485274	-0.552014576607	-4.12783765793	2.16925120354	-3.06279301643
11	13	0.490524381399	0.990143410284	0.0120337531688	0.139539298606	5.60852622986	0.0970928817987	0.898395776749
12	13	0.49487708509	-0.246002375205	-0.947104832547	-0.206095287574	-1.43908977509	-5.44768857956	-1.18284583092
13	13	0.499295145273	-0.766368806516	0.640025672439	-0.0551904975292	-4.30179786682	3.81179666519	-0.397877693176
14	13	0.499957889318	0.135742074215	-0.610647736036	0.780181665871	0.76874768734	-3.60597658157	4.41045761108
15	13	0.499908156693	-0.490104326271	0.510886406593	-0.706252666494	-2.66676497459	3.01840734482	-4.16108083725
16	13	0.499762952328	-0.155338892601	-0.899318108528	0.408774715606	-0.883222460747	-5.19549894333	2.37024450302
17	13	0.499506246299	0.550334060981	-0.0499324483235	-0.833450161634	3.10120630264	-0.234036147594	-4.86226940155
18	13	0.499874785542	-0.932033573235	-0.238203843881	0.273079378795	-5.35898685455	-1.43778824806	1.6155667305
19	13	0.49993366003	0.923038883949	0.205729125589	0.325076522688	5.36652565002	1.20016908646	1.79166340828
20	13	0.499935075641	0.497516660988	-0.71960440518	0.484403418738	2.72485876083	-4.28679895401	2.92894649506
21	13	0.499849915504	0.89282496487	-0.0149093831072	0.450156964181	5.25919675827	0.0184612218291	2.51671552658
22	13	0.49934270978	0.217561746295	-0.925149580689	0.311070956374	1.25033795834	-5.3858628273	1.83826851845
23	13	0.496596217155	-0.861336849083	-0.450556781658	-0.234728393925	-5.02166938782	-2.49989271164	-1.48051404953
24	13	0.496293883771	-0.272847061622	-0.241465971717	0.931261867289	-1.43093013763	-1.35461771488	5.43939065933
25	13	0.498512089252	-0.0837686628124	-0.631755579013	0.770628120118	-0.45622086525	-3.65856671333	4.51852846146
26	13	0.499699607491	-0.845138973346	0.336459827503	0.415373205935	-4.93651676178	2.07576704025	2.20605278015
27	13	0.499732263386	0.720158578663	-0.0508581016176	0.691942970972	4.24830245972	-0.400904774666	3.895819664
28	13	0.496485590935	-0.0261697545133	0.9806546397	0.193988715093	-0.22071249783	5.66329479218	1.17647981644
29	13	0.493144889362	0.0299046213242	0.127321941414	-0.991410528922	0.167812183499	0.708575069904	-5.72923231125
0	14	0.499636655673	-0.254925617909	-0.187078277696	-0.94869101785	-1.41905474663	-0.969733953476	-5.56230354309
1	14	0.499902144074	-0.413853887949	-0.48157831055	0.772533035046	-2.31122493744	-2.70313215256	4.51670980453
2	14	0.499845657498	0.116937251754	-0.243878799525	-0.962729874001	0.600901126862	-1.33767008781	-5.55396080017
3	14	0.488258179277	-0.373011040953	0.550438784534	0.746913587912	-2.00065588951	3.06732940674	4.36810493469
4	14	0.460319936275	-0.492197050768	0.679996281705	-0.54345848055	-2.60330486298	3.61461734772	-2.98118019104
5	14	0.400534320623	0.669751888846	0.195763363697	-0.716316349681	3.17149114609	0.958118498325	-3.33822035789
6	14	0.440349429846	0.836661604901	0.547195800958	0.0239606823429	4.31718730927	2.77928733826	0.102506637573
7	14	0.488632112741	-0.775626445609	-0.56210945473	-0.287117707177	-4.4214091301	-3.19400501251	-1.61176967621
8	14	0.467136919498	-0.953735673693	-0.171427209594	0.246983757634	-5.24190807343	-0.927851915359	1.39593458176
9	14	0.434645675123	0.0157099524501	0.61625254812	0.787391893742	0.0560183301568	3.11650705338	4.03065776825
10	14	0.460420623422	-0.954425727644	0.0587074500505	0.292617439192	-5.14759778976	0.32799577713	1.64256834984
11	14	0.476056240499	0.071104857017	0.635126973825	-0.769127964924	0.318510949612	3.54580307007	-4.28682899475
12	14	0.483526358381	-0.0689159116761	-0.332635976721	-0.940533839959	-0.404116511345	-1.85313773155	-5.36969137192
13	14	0.499285154045	0.248593125911	-0.462323623566	0.851151176256	1.43539297581	-2.77213287354	4.84767961502
14	14	0.499742880464	0.410580767407	0.911765198796	0.0103757264701	2.36194467545	5.28091192245	-0.00397086143494
15	14	0.499708667397	-0.911932596825	-0.275900763234	0.303739539235	-5.3319272995	-1.71158099174	1.72963261604
16	14	0.499626345932	-0.653268575641	0.0601083065097	0.754736483528	-3.88589334488	0.468008816242	4.34620285034
17	14	0.499768752605	0.630583412188	-0.0118537616782	0.776030958537	3.57680583	-0.0674044936895	4.58990097046
18	14	0.499952401966	0.149199404673	0.321231204787	-0.935173807758	0.988982439041	1.8982899189	-5.37709856033
19	14	0.499996110797	-0.90005459679	-0.269707054582	0.342286177791	-5.15431165695	-1.58249759674	1.99598503113
20	14	0.49998728931	0.527167747709	-0.350627586353	-0.77405068404	3.19667315483	-1.90438449383	-4.45711708069
21	14	0.499900192022	-0.975770673389	-0.134897839622	-0.172261910532	-5.5999622345	-0.84256374836	-0.971904039383
22	14	0.499132066965	0.743554457107	0.633186946437	0.214944318783	4.24035835266	3.71568489075	1.13259005547
23	14	0.492989808321	-0.705035395767	-0.634624139136	0.316507966316	-3.97284603119	-3.72309303284	1.84547305107
24	14	0.486676767468	-0.792063117145	0.167986363217	-0.586870173234	-4.4969625473	1.07679224014	-3.35735607147
25	14	0.497219711542	-0.135652887915	-0.510815997294	-0.848920085114	-0.803505301476	-2.8486456871	-4.9706363678
26	14	0.499399468303	0.725481065927	-0.651181843247	0.222799079906	4.26123094559	-3.71409130096	1.21525120735
27	14	0.499872773886	-0.901601729072	-0.16314581235	0.400621724382	-5.22959280014	-0.87619137764	2.27839660645
28	14	0.499434007332	-0.367963027101	0.178416253004	-0.9125627931	-2.09467482567	0.881856918335	-5.31756639481
29	14	0.499592460692	0.526793626042	0.409071983738	0.745082940137	2.92897129059	2.24978995323	4.35866069794
0	15	0.499937474728	-0.755095445178	-0.615099264932	-0.226900337047	-4.4483757019	-3.58356928825	-1.12748622894
1	15	0.499989256263	0.652387703761	-0.240486761987	-0.718718582819	3.7689306736	-1.21862077713	-4.23625469208
2	15	0.499990433455	0.757439183211	-0.142586669447	0.637145921617	4.32230997086	-0.860762357712	3.77012848854
3	15	0.49863819778	-0.993079261813	0.0818632078127	-0.0842139831839	-5.71022605896	0.496081262827	-0.674476146698
4	15	0.498439230025	0.720289313633	-0.0150805320987	0.693509828494	4.15577507019	-0.111882425845	3.97149944305
5	15	0.48082062602	0.0892480027059	-0.994463963233	0.0554636804078	0.533245027065	-5.56317996979	0.26965379715
6	15	0.470632426441	0.367438697199	0.627784660392	0.686203485839	1.96066117287	3.51428222656	3.76982355118
7	15	0.493654489517	0.641679365793	-0.625123761003	-0.444373575885	3.67044973373	-3.58295965195	-2.56520175934
8	15	0.491272062063	-0.677468746769	0.205981929532	0.706121478116	-3.88931751251	1.26063799858	4.02391815186
9	15	0.491041705012	0.922790320992	-0.36669484283	-0.118291655352	5.28522825241	-1.98088502884	-0.700525283813
10	15	0.496983766556	-0.683031969435	-0.667413692962	-0.296692249944	-3.94018554688	-3.83445954323	-1.7112903595
11	15	0.490268677473	0.939958364961	0.330866685828	-0.0836989148647	5.36014556885	1.96534705162	-0.332514286041
12	15	0.491701020859	0.150258548454	-0.0865614954305	-0.984849976456	0.800138473511	-0.629342913628	-5.65852117538
13	15	0.499811753631	-0.0822863095272	0.973904758768	0.211514737343	-0.523487627506	5.60846710205	1.27095389366
14	15	0.499970638193	0.0567076713614	0.00266045877706	-0.998387280552	0.292725086212	-0.150931432843	-5.81127023697
15	15	0.499933358282	0.0229452985428	-0.50807306402	0.861008289677	0.137027144432	-2.81820702553	5.06411981583
16	15	0.499895498157	0.92025392625	-0.260609090718	-0.291917133887	5.33407354355	-1.51782667637	-1.84091377258
17	15	0.499884486198	0.813392113436	-0.410294837731	-0.412372908823	4.79109954834	-2.34317159653	-2.40345048904
18	15	0.499959141016	-0.75645701713	-0.457452767524	-0.467450261224	-4.45388126373	-2.69566774368	-2.52967834473
19	15	0.499996706843	0.338730282774	0.937335061424	0.0816380925614	2.0704228878	5.34572267532	0.442822933197
20	15	0.499990776181	-0.857264417011	-0.212957623788	-0.468771553955	-5.02316522598	-1.31923532486	-2.65851593018
21	15	0.499920293689	0.224648021592	0.885739544037	0.406200352688	1.34474563599	5.16054677963	2.28265094757
22	15	0.498766280711	0.290174858884	-0.768515104526	0.570248266448	1.59071946144	-4.51839542389	3.17819023132
23	15	0.489175483584	-0.22967766161	0.947456820951	0.222651620679	-1.27259624004	5.37289047241	1.22733545303
24	15	0.472050671466	-0.182761111544	-0.188140550976	-0.964987828517	-0.982324004173	-1.06644463539	-5.32145261765
25	15	0.495829863474	0.316266749629	-0.0642116758413	0.946494692941	1.8678034544	-0.389132738113	5.45025110245
26	15	0.496058396995	0.00167572615885	0.516542869707	0.856259689403	-0.138927400112	3.0880279541	4.89157581329
27	15	0.498765230179	0.986277459738	0.00689360234331	-0.16495226782	5.67043209076	-0.0308152325451	-1.07501888275
28	15	0.499950096011	0.574590953471	0.66949749438	0.470763572515	3.2670416832	3.81246232986	2.88068270683
29	15	0.49998178333	0.0114516297831	-0.173202207962	-0.984819707019	-0.00683263549581	-0.977901041508	-5.70457363129
0	16	0.499855294824	0.625732519462	0.751912175592	0.207573828515	3.57010364532	4.44079494476	1.05704283714
1	16	0.49999538064	-0.0267388607353	-0.891764504973	0.451709088902	-0.301591098309	-5.13591003418	2.56916999817
2	16	0.499982520938	0.294489806916	0.95320436073	0.0683900600028	1.59613072872	5.5265789032	0.267422199249
3	16	0.499849028885	0.0639522523072	-0.721568508252	0.689383055582	0.454411894083	-4.14002227783	3.97823476791
4	16	0.4990478158	-0.196906622992	0.677000124799	-0.709153448023	-1.1854994297	3.88965368271	-4.12374830246
5	16	0.496751084924	-0.963842515627	0.220281917599	-0.149944929387	-5.53988027573	1.25498831272	-0.863357782364
6	16	0.492393888533	0.785175741522	0.0612911677718	0.61623246237	4.49949502945	0.292846798897	3.52358627319
7	16	0.495158903301	0.783443918468	0.195314105091	-0.589972903589	4.46490240097	1.23301291466	-3.43445205688
8	16	0.497722640634	-0.707788229522	-0.1158021572	0.696868482957	-4.14014625549	-0.654176950455	4.01476955414
9	16	0.497455477715	-0.550743792269	-0.810172568596	0.20075279418	-3.16022062302	-4.76696491241	1.09911346436
10	16	0.49979890883	0.0398736748252	0.902934962285	0.427923525806	0.242742747068	5.1844291687	2.47338223457
11	16	0.498471289873	0.476531929332	-0.813287923161	-0.333886319526	2.62923717499	-4.74759626389	-1.90254473686
12	16	0.499467268586	0.302636486934	0.794990822693	0.525738289085	1.63891017437	4.59297513962	3.01924848557
13	16	0.499877691269	0.402782095774	-0.91528080572	-0.00525642505119	2.2209444046	-5.28586816788	0.00116443634033
14	16	0.499958984554	0.18335727904	0.805611345186	-0.563356431338	0.973109543324	4.8076543808	-3.16146564484
15	16	0.499990925193	-0.139791122941	-0.484343249021	-0.863637689702	-0.78648853302	-2.81511116028	-4.99271202087
16	16	0.499979004264	0.608555064071	0.681420509268	0.406604013189	3.52036380768	3.90057349205	2.38918232918
17	16	0.499985530972	-0.953368940206	-0.0872246489237	-0.288928234119	-5.51488304138	-0.58802318573	-1.5349445343
18	16	0.499992907047	0.742933583894	0.446843370369	-0.498378061595	4.32792758942	2.62047529221	-2.74244070053
19	16	0.499984428287	-0.0367370141808	-0.793974848128	0.606839626532	-0.207764208317	-4.55994033813	3.5158662796
20	16	0.499936342239	-0.652769856741	-0.448564837683	-0.610476126089	-3.84603643417	-2.48314785957	-3.59974598885
21	16	0.499756790698	0.8008758538	-0.156791257181	0.577939761976	4.58212757111	-0.954414129257	3.40782761574
22	16	0.495370224118	-0.308419040752	0.777419226844	-0.548176104034	-1.86923539639	4.39163160324	-3.15933394432
23	16	0.446647740901	0.760106104437	0.0325000411206	-0.648985714269	3.99747800827	0.115918785334	-3.39692974091
24	16	0.427621025592	0.314712881784	0.0205077592605	-0.94896534913	1.58563184738	0.0415466055274	-4.77261209488
25	16	0.489420026541	-0.568826669976	0.371985438849	0.733527813248	-3.28033494949	2.18550372124	4.13738059998
26	16	0.475818023086	0.0484344925341	-0.980631708365	-0.189777639572	0.31085652113	-5.38794851303	-1.1156232357
27	16	0.469260200858	-0.920134008192	-0.131937914858	0.368708277085	-5.02318429947	-0.685432732105	2.06979203224
28	16	0.496227733791	-0.654022231336	-0.100488910582	-0.749771231623	-3.69652986526	-0.564998984337	-4.34240722656
29	16	0.499523103237	0.721716259116	-0.499094223007	0.479615051775	4.08613395691	-2.88549399376	2.88815832138
0	17	0.499852295965	0.277677466072	0.0915523351245	0.956301937031	1.54693412781	0.381785750389	5.63462734222
1	17	0.49998216331	0.646238110085	0.744910973846	-0.165782828175	3.66818976402	4.31150341034	-1.03468751907
2	17	0.499971106648	-0.0324479333206	-0.965887983965	-0.256919314288	-0.222841024399	-5.6188454628	-1.33417701721
3	17	0.499853562564	-0.380401998324	-0.302852606742	-0.873827567808	-2.27855682373	-1.71426916122	-5.07843494415
4	17	0.499404922128	0.962753232339	0.175840631897	-0.205393003275	5.62596511841	0.983303189278	-1.16354846954
5	17	0.499264970422	0.903591868918	-0.15867083544	0.397926249958	5.22676849365	-0.940248608589	2.37388324738
6	17	0.499740824103	-0.884950123	-0.313949703633	-0.343946018135	-5.12324428558	-1.7734413147	-1.99552512169
7	17	0.498961344361	-0.300537119211	-0.939192885375	-0.166114912146	-1.78743124008	-5.49950504303	-0.929591417313
8	17	0.49985472858	0.995512460924	0.0374763167965	-0.0868934164573	5.7505235672	0.303535729647	-0.474227666855
9	17	0.499595671892	-0.996575947334	-0.0826684820967	0.00151765024158	-5.76017093658	-0.393813192844	0.105618000031
10	17	0.499987136573	0.518348852265	0.226412647099	-0.82465252112	3.1040058136	1.13808858395	-4.77235603333
11	17	0.499901473522	-0.576770076551	0.613413632799	-0.539499762643	-3.35481476784	3.69507908821	-2.9647693634
12	17	0.499978512526	-0.44913682425	-0.818877480469	-0.357373453244	-2.49444174767	-4.81271314621	-1.97028112411
13	17	0.499977715313	-0.231859218586	0.646218731448	-0.727078162155	-1.41025078297	3.78607654572	-4.11219167709
14	17	0.499989405274	0.979796434826	-0.0496408986185	0.193738812547	5.64559841156	-0.448250472546	1.19391894341
15	17	0.499968752265	-0.887544876261	-0.100629395168	0.449597394844	-5.2016582489	-0.530230283737	2.59405326843
16	17	0.499972879887	-0.986507339797	0.0955963573111	0.132908257812	-5.7401714325	0.487030416727	0.814357995987
17	17	0.499858029187	0.211994697179	0.632775389229	-0.744750666434	1.49519264698	3.68633079529	-4.23559999466
18	17	0.499945439398	-0.7203959443	-0.351215932914	-0.598061077068	-4.22624349594	-2.16055512428	-3.33865308762
19	17	0.499758154154	-0.457525109992	0.550153863052	-0.698571041982	-2.65289545059	3.3108458519	-3.95258235931
20	17	0.499528959394	0.916482172719	-0.400050991616	0.00443071050284	5.36020755768	-2.27207827568	0.117845535278
21	17	0.499180629849	0.591338944631	-0.371001577488	-0.71601402365	3.25159335136	-2.13422203064	-4.3228597641
22	17	0.496479161084	0.497561393583	0.528770273503	0.68762973865	2.80609202385	2.97852706909	4.01162672043
23	17	0.440013032407	-0.538987136624	0.202645164653	-0.817574341449	-2.76120567322	0.983661174774	-4.21528625488
24	17	0.401070505381	-0.343180335668	-0.724306782914	-0.598002459389	-1.6314085722	-3.38999390602	-2.86108398438
25	17	0.474478937685	-0.173060256852	-0.479266404562	0.860438179625	-0.934890985489	-2.68513965607	4.7600903511
26	17	0.425673751161	-0.32771478945	0.188279405228	-0.925826054042	-1.60878586769	0.914874792099	-4.60899400711
27	17	0.419382765889	-0.85161815749	0.0263335402643	-0.523500772196	-4.14270782471	0.0977349802852	-2.6305975914
28	17	0.490565375425	0.00381249166577	0.017449985261	0.999840468736	0.0675849467516	0.108930073678	5.66900730133
29	17	0.499783199281	-0.0227742903931	0.408166908323	-0.912623200805	-0.206920981407	2.37212777138	-5.23835277557
0	18	0.499536457472	-0.0256927589915	0.116444396984	0.992864836998	-0.109068877995	0.698920667171	5.78745126724
1	18	0.499879270792	-0.921950744422	-0.238898331267	0.304851459201	-5.33591794968	-1.46451640129	1.79066085815
2	18	0.499976143241	0.0172616650772	0.814468300556	-0.579951224076	0.154475867748	4.70645332336	-3.38965916634
3	18	0.499976322055	-0.0205400805867	0.999769720387	-0.00621379813067	-0.0446262992918	5.84497451782	0.0682754516602
4	18	0.499896749854	-0.572376562131	0.328065368292	0.751503948926	-3.42238044739	1.75620484352	4.28960132599
5	18	0.499693781137	0.939130242174	0.29898642869	-0.169238009011	5.50668716431	1.63529753685	-1.13424420357
6	18	0.499772414565	0.201925866981	0.955340401748	-0.215756022005	1.17930960655	5.55070400238	-1.16041254997
7	18	0.499418437481	-0.714562150921	-0.633188084161	0.297445427848	-4.16685199738	-3.67071151733	1.82538127899
8	18	0.499899446964	0.558306663509	-0.190078378978	-0.807566640796	3.20458388329	-1.08434271812	-4.76528263092
9	18	0.499964691699	0.624524501608	-0.446185325538	-0.641005305879	3.6632437706	-2.59233093262	-3.65013408661
10	18	0.499995715916	-0.329320873603	0.674823282528	0.66042509005	-1.88885402679	3.87682294846	3.78245353699
11	18	0.499998196959	0.120923111254	-0.95587758486	-0.267723073204	0.736160814762	-5.46782398224	-1.56142115593
12	18	0.499999433756	0.199045361263	0.962402327832	0.184831554509	1.13889026642	5.54409503937	1.01721978188
13	18	0.499998293817	0.688552628227	-0.380646856039	0.617254606422	3.8763551712	-2.29872059822	3.56465649605
14	18	0.499996900558	0.0131237678601	0.87888058103	-0.476861291159	-0.0119122192264	5.04354858398	-2.83047389984
15	18	0.499801743776	0.513060850693	-0.21522201989	0.830932034308	2.96541213989	-1.19782781601	4.85453939438
16	18	0.499695040286	0.505269422409	-0.377484257441	-0.776020905751	3.02469015121	-2.07387781143	-4.45775794983
17	18	0.499413713813	-0.985369646087	-0.0862301122089	-0.147006898881	-5.7146024704	-0.471809267998	-0.803113698959
18	18	0.499931268394	0.704644726669	0.375695787548	0.601937276131	4.07008504868	2.13937950134	3.49734020233
19	18	0.499417074025	0.296858669946	-0.702321769607	-0.647007775853	1.71192646027	-4.05762386322	-3.82776546478
20	18	0.498744506389	0.0583734752765	-0.480556397082	0.875018906429	0.18142914772	-2.76229953766	5.1393198967
21	18	0.498492874205	0.109955578993	-0.190791964017	0.975452816447	0.643680810928	-1.03644502163	5.71260452271
22	18	0.49813311547	-0.273035620419	-0.670521275505	-0.689820823893	-1.61834156513	-3.84838843346	-3.9931743145
23	18	0.462054908276	-0.143773710263	0.966174378302	-0.214093883494	-0.783463418484	5.25632476807	-1.11626172066
24	18	0.4421165362	-0.638036129604	-0.397467796582	-0.65949165878	-3.3442132473	-2.01817035675	-3.43123197556
25	18	0.469978135079	-0.233209194573	-0.464309006593	-0.854418292151	-1.23985278606	-2.57547235489	-4.68645048141
26	18	0.411472789943	0.762580669274	0.245268995311	-0.598593219799	3.66633653641	1.19446229935	-2.92086982727
27	18	0.420250128955	0.401758945451	-0.310370155379	-0.861545191154	1.96117925644	-1.49234080315	-4.25372743607
28	18	0.480788782239	-0.218454662815	-0.933243937556	-0.285189960043	-1.29944777489	-5.21578025818	-1.62812232971
29	18	0.493367664516	0.0774009537659	-0.825046746275	-0.559738294935	0.509855687618	-4.78243637085	-3.2519569397
0	19	0.499951809645	0.0501107063386	0.691358887748	-0.720771673585	0.376679360867	4.0206580162	-4.13012504578
1	19	0.499963127077	-0.405435283827	-0.592187718243	-0.69637341778	-2.36914420128	-3.47604489326	-4.04638671875
2	19	0.499961674213	0.187765537074	-0.471440383809	0.861677473073	1.14307534695	-2.57742118835	5.04870033264
3	19	0.499873913825	-0.0121129224619	-0.742499473404	-0.669737119401	-0.210562556982	-4.34442138672	-3.87063360214
4	19	0.499631240964	0.856633246578	-0.251347922813	-0.450559321904	4.98705339432	-1.38690114021	-2.63610100746
5	19	0.499964125454	0.0402313243275	0.608799283459	0.792303523281	0.0784930884838	3.50758481026	4.55770730972
6	19	0.4999576509	0.38784477163	-0.583041142235	-0.713890369441	2.23403382301	-3.44022989273	-4.06680583954
7	19	0.499093607068	-0.837322143703	-0.502236939511	0.215985379727	-4.92752742767	-2.88021707535	1.19802308083
8	19	0.499296344817	-0.0282850855173	0.618658393861	0.785150778922	-0.14813297987	3.58907842636	4.56358909607
9	19	0.499732509255	-0.868287120255	0.384871736993	0.312971600731	-5.08930873871	2.25941729546	1.78740310669
10	19	0.499952957034	-0.443278114504	-0.887012035856	-0.129283260506	-2.38152360916	-5.19244813919	-0.928442001343
11	19	0.499998174608	-0.369198708433	0.372879812111	0.851265504652	-2.0044593811	2.34695482254	4.89104747772
12	19	0.499998196959	-0.888456437998	-0.431603354069	0.156088764925	-5.10887670517	-2.67141795158	0.850515127182
13	19	0.499984800816	-0.608039098497	0.0151056344389	-0.793763361782	-3.48291993141	0.214630156755	-4.71913146973
14	19	0.499912798405	-0.989156517373	-0.130269462135	0.0678177806651	-5.75291728973	-0.758927941322	0.445871829987
15	19	0.499401718378	0.174419985348	-0.98441338338	-0.0225379531793	1.18625867367	-5.73593139648	-0.251973390579
16	19	0.498787298799	-0.762358152448	-0.646658074001	0.0253649901482	-4.56748056412	-3.61262559891	0.193835496902
17	19	0.496950685978	-0.242663942191	-0.879108058712	0.410223393126	-1.27923536301	-5.17378902435	2.33542728424
18	19	0.499102607369	0.231730985194	0.972159051159	0.0347495287822	1.22043967247	5.64572286606	0.163495779037
19	19	0.498386591673	0.0150772778552	-0.991385711046	-0.130103987743	-0.00856736116111	-5.72789525986	-0.683204174042
20	19	0.498325005174	0.796335819188	0.447094912459	-0.407376241736	4.49450302124	2.65434241295	-2.40785074234
21	19	0.49850454554	-0.231888648205	0.428427256118	0.873314228127	-1.41999304295	2.42854404449	5.06868028641
22	19	0.498895063996	0.516452910444	-0.558629812787	-0.64900625849	3.02815198898	-3.27749252319	-3.68914079666
23	19	0.492628365755	0.331676750649	0.942440616122	-0.0423818140612	1.81260681152	5.45408010483	-0.274482011795
24	19	0.496036276221	0.588657080934	-0.783150975567	0.200393090035	3.32621669769	-4.51696205139	1.10105490685
25	19	0.495280057192	-0.626528526945	0.711490256148	0.318188026693	-3.51010513306	4.1356754303	1.78261423111
26	19	0.468171849847	-0.0402142274415	-0.975270239056	0.217326428957	-0.196387201548	-5.32567358017	1.15934562683
27	19	0.458250433207	-0.593885815842	-0.444041846877	0.670914656245	-3.16595554352	-2.38433408737	3.59939312935
28	19	0.486775107682	0.534705731423	0.641978349136	0.549503030041	2.9720928669	3.67730808258	3.04969787598
29	19	0.498298272491	-0.452676883886	-0.796055363898	-0.401720669626	-2.61490130424	-4.62332344055	-2.27501559258
0	20	0.499509949237	-0.416003002592	-0.303901139903	0.857079692328	-2.36802124977	-1.85773563385	4.90327453613
1	20	0.499971754849	0.735697612295	0.345405036796	-0.582618557737	4.22958993912	2.12279653549	-3.31717157364
2	20	0.499943599105	-0.583714485405	-0.749347256207	-0.312659701821	-3.43916654587	-4.31331586838	-1.72485089302
3	20	0.499536536634	0.772599466504	0.17023034725	-0.611646706223	4.52653503418	1.19375872612	-3.40826034546
4	20	0.497623756528	0.00135042089856	-0.938809460541	-0.344434279887	-0.176571458578	-5.51770114899	-1.94706749916
5	20	0.49982598424	-0.180365995555	-0.857334027367	-0.482127030113	-0.997032642365	-4.97854137421	-2.77510023117
6	20	0.499110221863	0.0481098158132	0.929651095925	-0.365286579917	0.220406830311	5.44569540024	-1.97144031525
7	20	0.496476978064	0.917248621829	-0.0845942186624	0.389228446959	5.28058815002	-0.537264287472	2.27141952515
8	20	0.495907023549	0.983324794019	-0.0400335070999	-0.177396921553	5.65426588058	-0.352264225483	-1.13791799545
9	20	0.499735884368	-0.239028896657	0.709157311234	0.663295631288	-1.42975747585	4.22418022156	3.8327896595
10	20	0.499952021986	-0.380855536246	0.425376805159	0.820977243378	-2.20704364777	2.49912595749	4.77860498428
11	20	0.499981760979	-0.196261422382	-0.874549773595	-0.443445766232	-1.04604053497	-5.00827598572	-2.68409466743
12	20	0.499991565943	0.102306608452	0.817858759536	0.566251187475	0.725645542145	4.70182323456	3.19559121132
13	20	0.499987766147	-0.417133154265	-0.617921216723	-0.666463278461	-2.41384601593	-3.60877418518	-3.79751682281
14	20	0.499685056508	0.780071437131	0.123715082011	0.613337697729	4.5543794632	0.834855437279	3.47389483452
15	20	0.499408818781	-0.633859127953	-0.439777219409	0.63625356832	-3.83340811729	-2.43827342987	3.58305025101
16	20	0.498752459884	0.996777609107	0.0264515522207	-0.0757278902882	5.69927024841	0.166798993945	-0.56294131279
17	20	0.494817331433	-0.236932181838	0.129988523239	0.962790800245	-1.42292833328	0.785226821899	5.52690601349
18	20	0.483457610011	0.886106325569	-0.211512232767	-0.412405328744	4.94097757339	-1.295768857	-2.37063908577
19	20	0.482402801514	-0.0480577511712	0.926693739845	0.37273202852	-0.28039431572	5.17602825165	2.05380630493
20	20	0.498439133167	-0.124748349154	-0.992109505305	0.0125131477968	-0.761107087135	-5.68313598633	0.128690242767
21	20	0.497916057706	-0.25269537394	0.74954976439	-0.611817128473	-1.33214330673	4.34095191956	-3.59176087379
22	20	0.499513819814	-0.760186261216	0.480431818242	-0.437380973842	-4.40916919708	2.79034566879	-2.51582765579
23	20	0.498831635341	0.279157792803	-0.01159426975	0.960175244227	1.68059587479	-0.19490365684	5.53185033798
24	20	0.498970299959	-0.0514614550668	0.962365601996	0.266841088922	-0.350855976343	5.6111536026	1.45923948288
25	20	0.481589853764	0.00176233522672	-0.991354953851	0.131195463527	0.0472633950412	-5.54834651947	0.695104837418
26	20	0.417063362896	0.786877817311	0.292157188628	0.543569202362	3.8393304348	1.44138097763	2.65441918373
27	20	0.395439285785	0.420862512476	0.534516869765	0.732916408282	1.96522665024	2.48229289055	3.39638328552
28	20	0.452388077974	0.78942349718	-0.466812363092	0.398618564249	4.17717266083	-2.52951359749	2.07839250565
29	20	0.495898626745	-0.190521447062	0.751638238199	0.631459845981	-1.02235126495	4.45479011536	3.54193258286
0	21	0.499895786867	-0.05136447648	0.365902399778	-0.929234698229	-0.237477824092	2.15920853615	-5.30165195465
1	21	0.499962821603	0.457334113642	-0.744075962127	0.487028203582	2.50146126747	-4.29370498657	2.90550017357
2	21	0.499461844563	0.220070083614	0.923690063397	-0.313633265263	1.33505868912	5.28302097321	-1.81579375267
3	21	0.498258575797	-0.82119410746	-0.560530767076	0.106983629744	-4.70004081726	-3.18740177155	0.671246290207
4	21	0.487740114331	0.9698133152	-0.0559415353277	0.237345061642	5.4920873642	-0.285765647888	1.33548665047
5	21	0.496428817511	-0.378451597081	0.874459745089	0.303470827076	-2.15969514847	4.99024963379	1.83885931969
6	21	0.492113467306	-0.407727175711	-0.0714378067845	-0.91030499831	-2.30710887909	-0.594597697258	-5.22306585312
7	21	0.453595735133	-0.605721489773	0.583310076255	-0.541156938204	-3.25508975983	3.12236166	-2.87886142731
8	21	0.453640118241	-0.691507595174	0.571112821024	-0.442320462423	-3.68083429337	3.02802610397	-2.32134866714
9	21	0.497247673571	0.256824764	-0.638575257109	0.725439647114	1.45943415165	-3.77154350281	4.09635829926
10	21	0.499855935574	0.791168104751	0.589751570922	-0.162006526473	4.51288127899	3.50014901161	-1.03904128075
11	21	0.499881580472	-0.367146725082	-0.914387747944	0.170582322269	-2.09356403351	-5.38676548004	1.04953098297
12	21	0.499924093485	-0.806991447893	-0.587292059604	0.0620712473925	-4.65689182281	-3.41793489456	0.322288274765
13	21	0.499855220318	0.559426382742	0.765537643292	0.317795907769	3.22028517723	4.48152542114	1.7843105793
14	21	0.498919680715	0.77183154057	-0.576101974428	0.269040123479	4.4793639183	-3.45649194717	1.56588983536
15	21	0.49716322124	0.955289578392	-0.208590617273	0.209551367929	5.56004333496	-1.24012553692	1.10794067383
16	21	0.492671728134	-0.600608612722	0.620479503082	0.504256363946	-3.52956485748	3.444419384	2.89831066132
17	21	0.47746309638	-0.565809920709	0.814888272013	-0.125762624669	-3.12649798393	4.55943489075	-0.823188066483
18	21	0.434612214565	0.51101723697	0.859381098992	0.018041901651	2.62936401367	4.37536048889	0.136457920074
19	21	0.378695935011	0.88015204861	0.312652324215	0.357184679809	3.90987253189	1.47035741806	1.63220822811
20	21	0.432245433331	0.656980892126	0.744375902655	0.119501560357	3.29916286469	3.76170635223	0.613832235336
21	21	0.492160819471	-0.442619337292	-0.601228307065	0.665291398591	-2.50207281113	-3.46963477135	3.80654716492
22	21	0.497771583498	0.313859624515	-0.801733818479	0.508640364507	1.8919403553	-4.61497211456	3.00475859642
23	21	0.498999536037	-0.621198212509	-0.649178300252	-0.438953659578	-3.56116390228	-3.7168507576	-2.6734457016
24	21	0.498007252812	-0.190225707069	0.957405996224	-0.217227849882	-1.13454604149	5.5608959198	-1.22264719009
25	21	0.471204504371	0.185627956039	-0.857434902312	-0.479945465895	1.04520988464	-4.74495792389	-2.609197855
26	21	0.45512253046	0.809293577084	0.32926801677	-0.486442678249	4.30261707306	1.77508425713	-2.54634904861
27	21	0.448417663574	-0.576530936422	0.78633066804	0.222027385355	-3.00593471527	4.14966773987	1.15924072266
28	21	0.479728743434	0.670433495844	0.610546977432	-0.421605640378	3.70443964005	3.4101228714	-2.38293123245
29	21	0.498733080924	-0.76596312466	-0.156958819658	0.623429563457	-4.37208032608	-1.07717037201	3.63246297836
0	22	0.49995765835	0.114451928048	-0.767908416317	0.630251870537	0.619076371193	-4.41721010208	3.65346622467
1	22	0.499901466072	-0.270965606069	0.331248394955	-0.90379872824	-1.44352245331	1.96928024292	-5.20823574066
2	22	0.499472372234	-0.664469347012	-0.213833455441	0.716069647601	-3.75981903076	-1.28371345997	4.13484096527
3	22	0.478396058083	0.741949611761	0.250530682668	-0.62188837475	4.15052700043	1.37059152126	-3.41554093361
4	22	0.415550917387	0.317255554414	0.6928295963	-0.647561629256	1.50493133068	3.40659236908	-3.21017122269
5	22	0.4697145354	0.321196845963	0.178437642016	-0.930049780418	1.74032258987	0.893627762794	-5.12444448471
6	22	0.494153931737	0.445340331686	0.598041891738	0.66634667006	2.51269412041	3.36310315132	3.86317896843
7	22	0.430691540241	-0.316290065592	0.703115426219	-0.636858926153	-1.63063240051	3.5624666214	-3.22262334824
8	22	0.378406077623	-0.641893961234	0.745378524401	-0.179952765731	-2.86302042007	3.38761663437	-0.856843471527
9	22	0.46264514327	-0.4294965286	0.871262252075	-0.237560139817	-2.36057329178	4.68412494659	-1.29083943367
10	22	0.498327881098	0.870721066474	-0.374490825928	-0.318749816775	5.00539731979	-2.23482680321	-1.76376438141
11	22	0.499718874693	-0.965748815482	0.237602710701	0.104279323272	-5.55848503113	1.36360418797	0.675446271896
12	22	0.499296762049	0.679154435314	0.463356246621	-0.569254109963	3.94915390015	2.57808351517	-3.34861803055
13	22	0.499774746597	0.20095316133	0.464002095395	0.862739753588	1.18334031105	2.65563821793	5.03607606888
14	22	0.499700561166	-0.726488862982	-0.413746227621	-0.548660178154	-4.12949800491	-2.3837761879	-3.18707561493
15	22	0.493570506573	0.337654725846	0.932964664132	0.124764664851	1.89065694809	5.36385583878	0.783770084381
16	22	0.481624022126	0.572303008778	0.513583779176	-0.639297245349	3.22881031036	2.83731508255	-3.61674332619
17	22	0.498165026307	0.0443372155683	-0.929958898419	0.364980353673	0.26699629426	-5.37275314331	2.14591813087
18	22	0.492132883519	0.515068012009	-0.359477190591	-0.778126655789	2.92632484436	-2.0767493248	-4.47750234604
19	22	0.448152687401	-0.164561770271	0.290694458157	0.942558303641	-0.783249497414	1.58869886398	4.92226648331
20	22	0.440414115787	0.22750552621	0.965998580847	0.122833128048	1.19051861763	4.9953584671	0.698747634888
21	22	0.488756656647	-0.714377765804	0.69367641682	-0.092072995353	-4.04605722427	3.91539478302	-0.555039405823
22	22	0.499431937933	0.956661906	-0.155779712221	-0.246029833291	5.53069114685	-0.823258817196	-1.43182492256
23	22	0.498163618147	-0.528727891533	-0.367637979173	0.765041915835	-3.16442346573	-2.00208854675	4.43227100372
24	22	0.49473066628	0.984328253422	0.0998755897549	0.145336699034	5.66536092758	0.496130883694	0.83029794693
25	22	0.446156218648	-0.855808999444	-0.16842339158	-0.489105834804	-4.48407030106	-0.834967374802	-2.56832361221
26	22	0.454984769225	-0.920537840899	0.388790696388	-0.0381035152609	-4.90516805649	2.05428218842	-0.223029375076
27	22	0.48659305647	0.582320332976	-0.10759782827	0.805807506266	3.34654331207	-0.651889801025	4.5461769104
28	22	0.491699464619	0.622394982929	-0.429844566928	0.654108655735	3.53848028183	-2.50480031967	3.7886762619
29	22	0.499682933092	-0.30975982317	0.904981423652	-0.291646146543	-1.6745903492	5.22864151001	-1.78293395042
0	23	0.499959155917	0.875415085764	-0.060433637029	0.479579193807	5.1380033493	-0.291393578053	2.62609863281
1	23	0.499819368124	-0.776353593342	-0.0464417288901	0.628584333183	-4.51317596436	-0.253229737282	3.59244155884
2	23	0.499265592545	0.547375156856	-0.00091907270648	-0.836886845973	3.25235652924	-0.0762271881104	-4.74516010284
3	23	0.47394169867	-0.57647651149	0.805975479983	-0.134455782198	-3.25222992897	4.4063835144	-0.682061433792
4	23	0.380642130971	-0.53656702844	0.364873087117	-0.760896480665	-2.43650388718	1.70719671249	-3.3897190094
5	23	0.443479225039	-0.602905463806	0.699621322267	0.383451440397	-3.14400029182	3.64454460144	1.93387651443
6	23	0.492038741708	-0.145579651845	-0.912990518264	-0.381123180258	-0.821878910065	-5.18466949463	-2.2066590786
7	23	0.466902852058	0.945907258052	0.273576903633	-0.174399360562	5.18719863892	1.531873703	-0.870223522186
8	23	0.434303075075	0.213430911146	0.976815670894	-0.0166850610996	1.05762600899	5.01083707809	-0.13608956337
9	23	0.463589549065	-0.399551575388	0.867035577686	0.297670699988	-2.17182302475	4.73067188263	1.71680033207
10	23	0.496289491653	-0.917918547274	0.330227697363	-0.219943648382	-5.30600070953	1.81677389145	-1.25575637817
11	23	0.49917730689	0.679365054292	0.519695450451	-0.518053821323	4.0060634613	2.8993461132	-2.98600292206
12	23	0.497226312757	0.477421904633	0.736219287438	0.47963474205	2.76484107971	4.20725870132	2.91467928886
13	23	0.499313473701	-0.867482733656	-0.497462381324	0.00221042422289	-4.94450044632	-2.92266964912	-0.200408935547
14	23	0.496777616441	0.110517939962	0.49823054019	0.859972158717	0.756268620491	2.89211940765	4.87542057037
15	23	0.450652532279	-0.392330908656	-0.737213106184	-0.550084806356	-2.04745054245	-3.85167002678	-2.89796447754
16	23	0.426155891269	-0.484338828432	0.275756870343	-0.830285521812	-2.43514752388	1.37353444099	-4.15400886536
17	23	0.496265277267	-0.696243856328	-0.348828056102	0.627346379445	-4.05050563812	-2.01078939438	3.58922362328
18	23	0.499474257231	0.22581495368	0.956937963365	-0.182420779972	1.34644532204	5.49341106415	-1.06824827194
19	23	0.495124801993	-0.153744337533	-0.973009828646	0.172088791135	-0.965587973595	-5.57892465591	1.03470420837
20	23	0.497447520494	0.255548069849	-0.244770238617	-0.935298195382	1.43543195724	-1.32629024982	-5.43220853806
21	23	0.499648809433	0.535937870046	-0.785196327402	0.310221415903	3.10133934021	-4.47103834152	1.93884372711
22	23	0.499183990061	-0.714720263239	-0.377013548313	-0.589097385586	-4.25238847733	-2.03067874908	-3.44047617912
23	23	0.498465850949	0.223082757993	-0.91479813288	0.336717179788	1.3152525425	-5.31365156174	1.92755126953
24	23	0.486055880785	0.38569769535	0.692124032246	-0.610083282667	2.12409806252	3.95695495605	-3.41741418839
25	23	0.400492966175	-0.841843517521	0.0740497548904	-0.534617738022	-4.01408863068	0.321457922459	-2.51246953011
26	23	0.398389846087	-0.931630508791	-0.362149826908	-0.0302009595891	-4.39206123352	-1.70351696014	-0.136632204056
27	23	0.481811121106	-0.5382005849	0.786538243033	-0.30281631835	-3.00351691246	4.40501022339	-1.71781730652
28	23	0.497020438313	0.0405302171462	-0.990817807281	-0.128985946025	0.316012918949	-5.77928829193	-0.739266872406
29	23	0.499515041709	-0.963289992185	-0.268404187669	0.00561987529189	-5.59219408035	-1.6049053669	0.0660362243652
0	24	0.499462604523	-0.903391307486	0.425047811519	-0.0567318559696	-5.27288627625	2.35597324371	-0.323960781097
1	24	0.497795514762	0.684524673676	-0.386491226987	0.6181023399	4.05315208435	-2.25077486038	3.45230197906
2	24	0.497161448002	-0.733463368988	0.605195862755	-0.309466402146	-4.29106473923	3.43649721146	-1.73528265953
3	24	0.494367241859	0.854301622454	-0.511542005932	0.0921602628029	4.85036945343	-2.93341565132	0.568382740021
4	24	0.433657832444	-0.800148216148	-0.0781514098103	-0.594689153542	-4.07741832733	-0.371306717396	-3.03558492661
5	24	0.451440431178	-0.811044089205	0.279559393338	0.513861879266	-4.30443286896	1.50430655479	2.71289730072
6	24	0.487955965102	-0.808049172954	-0.0145351290675	0.588935704566	-4.5563325882	-0.0263530910015	3.38083934784
7	24	0.496890380979	0.140728060045	0.108168628328	-0.984121517376	0.814477086067	0.524646341801	-5.68559551239
8	24	0.495069016702	0.0369457607335	0.0731137796894	0.996639044982	0.171791002154	0.350821375847	5.6802740097
9	24	0.49795537442	0.491284906366	0.31822746253	-0.810783832392	2.7128200531	1.75948286057	-4.75602149963
10	24	0.499845288694	0.641851600025	-0.133082912747	0.755192334362	3.69112658501	-0.744056522846	4.37240982056
11	24	0.496931746602	-0.724766559004	-0.627346730879	0.284867537997	-4.15385818481	-3.67285823822	1.58856773376
12	24	0.494897201657	-0.29154600228	0.83946215163	-0.458589385545	-1.70637595654	4.79480361938	-2.69708347321
13	24	0.497170656919	0.535951326807	0.39399573787	0.746674985408	3.14417457581	2.26230335236	4.23739624023
14	24	0.477679565549	-0.299812127384	-0.798984121435	-0.521284051135	-1.67507839203	-4.43735027313	-2.88258838654
15	24	0.404890373349	-0.861888782937	-0.199849389584	-0.466055734145	-4.12342739105	-0.866032004356	-2.22100353241
16	24	0.390216886997	-0.846461093904	0.462777980185	-0.263325193559	-3.89697170258	2.07693934441	-1.24547934532
17	24	0.497961908579	0.95433506299	0.0488655241939	0.294714689308	5.53146076202	0.373374044895	1.62652111053
18	24	0.499549552798	-0.715942621951	-0.254550388421	0.650100193684	-4.15993595123	-1.47335040569	3.74088859558
19	24	0.498917832971	0.924122647429	-0.316872808851	-0.213515703217	5.33500289917	-1.74704265594	-1.42026591301
20	24	0.499847566709	-0.236847633496	0.148941441196	0.960062313395	-1.37383925915	0.89254629612	5.50879096985
21	24	0.499941822141	0.266846271706	0.284951627294	-0.920649573605	1.52600908279	1.65244412422	-5.31921863556
22	24	0.499788060784	-0.747041970552	-0.478563143501	-0.46141696102	-4.40159320831	-2.82859277725	-2.56628108025
23	24	0.499739564955	0.543795791687	0.606811625825	0.579711814359	3.14193916321	3.53764820099	3.23268508911
24	24	0.495623126626	-0.570497231063	-0.803568688755	-0.169735888376	-3.18031215668	-4.67686462402	-0.983460664749
25	24	0.463448598981	-0.918524360482	0.392937278605	-0.0437412195046	-4.96308994293	2.15391969681	-0.227968215942
26	24	0.437768146396	-0.418628928145	-0.790484391748	0.447084160894	-2.1756067276	-4.08981752396	2.287525177
27	24	0.481366150081	-0.163788334519	0.65848275851	0.73455689924	-0.854441046715	3.72275090218	4.12837791443
28	24	0.498506098986	-0.137637120053	-0.791424334116	-0.595569934225	-0.829872488976	-4.60051250458	-3.44888544083
29	24	0.499458685517	-0.411247798676	0.787814289296	-0.458501792435	-2.26507997513	4.66250896454	-2.63537240028
0	25	0.495088525116	0.662339808406	0.505947857763	-0.552560171769	3.75267410278	2.87389230728	-3.26599740982
1	25	0.490058586001	0.471904207472	-0.293097644857	0.831504774219	2.62545394897	-1.6895904541	4.80874061584
2	25	0.480858102441	-0.304410316861	0.94132116307	-0.145769773773	-1.66066360474	5.31831932068	-0.867791891098
3	25	0.436582148075	-0.52095799355	0.446921238675	-0.727230482981	-2.67139577866	2.26788949966	-3.74342870712
4	25	0.439051136374	-0.873339594535	0.385917805282	-0.297229541236	-4.49066591263	2.01194643974	-1.53674864769
5	25	0.496282845736	0.916176751595	-0.398748669249	-0.0402449824008	5.33321237564	-2.2616174221	-0.265867948532
6	25	0.49837449193	0.935186359859	-0.335962544836	-0.112051955811	5.40930891037	-1.95747423172	-0.62486410141
7	25	0.499601751566	-0.171746704566	0.96057064732	-0.218648350045	-1.05413079262	5.61352920532	-1.0623319149
8	25	0.499840945937	-0.129015300228	-0.0709954343087	-0.989097922662	-0.713030695915	-0.506884038448	-5.68796014786
9	25	0.49980766885	0.352435604325	-0.205894431462	0.912905596377	1.88941764832	-1.13707363605	5.32262897491
10	25	0.4970371034	0.0262942175585	-0.0196872953171	-0.999460366661	0.122857540846	-0.0856717824936	-5.69848775864
11	25	0.471138700843	-0.690573517191	0.21507063862	0.690545319119	-3.73851394653	1.18640017509	3.85362935066
12	25	0.460879206657	0.322967155298	-0.701955338765	-0.634784151485	1.7488142252	-3.83471345901	-3.32339906693
13	25	0.4616407305	-0.819027290733	-0.525423746009	0.23048684163	-4.41071271896	-2.84126138687	1.19704318047
14	25	0.471846875735	0.0819545829202	0.173291951314	-0.981454709066	0.465667426586	1.01027905941	-5.41409397125
15	25	0.46490354836	0.145522091772	0.908454076144	0.391834802364	0.778298914433	4.9622335434	2.09866952896
16	25	0.448458909988	-0.683124161942	0.727042203078	-0.0689276019815	-3.59122419357	3.81304621696	-0.30634355545
17	25	0.498366564512	0.379359432624	-0.796126681209	-0.471453845404	2.16726875305	-4.66450166702	-2.7099852562
18	25	0.499732747674	-0.782517421632	-0.356942821246	-0.510155179532	-4.51357555389	-2.01236367226	-3.02858996391
19	25	0.499824633822	0.298857166946	0.104233689315	0.948588283597	1.78591895103	0.697168588638	5.44575738907
20	25	0.499869093299	-0.654594334443	-0.738932991649	-0.159638000388	-3.75205087662	-4.23388004303	-1.17575955391
21	25	0.499636597931	0.132636557589	0.429468182224	0.893288656621	0.697319865227	2.52045702934	5.16676044464
22	25	0.49915792793	0.826265899353	0.144668948887	-0.54438548731	4.84188699722	0.872940659523	-3.05542516708
23	25	0.49865193665	-0.91362589357	-0.353607811848	-0.200622137358	-5.22339773178	-2.17122364044	-1.18968343735
24	25	0.499220535159	-0.745917561879	0.609327751639	0.268936204262	-4.23847866058	3.61134290695	1.54428291321
25	25	0.4982329458	0.938034051089	-0.32407048749	0.122761712825	5.36339521408	-1.90007066727	0.666575670242
26	25	0.483119562268	-0.800185843681	-0.361371927692	0.478657440606	-4.55625486374	-2.00488615036	2.65903019905
27	25	0.485388450325	-0.589945526599	0.00174246347465	0.807441167806	-3.4074318409	-0.057858094573	4.58050918579
28	25	0.498547226191	0.981753978731	-0.17796155714	0.0669985777959	5.71008682251	-0.913419663906	0.335383653641
29	25	0.498597294092	0.551774277142	-0.711472846679	0.435145418824	3.02952289581	-4.17729520798	2.60900712013
0	26	0.485031507909	0.0827516736258	0.640464137193	0.763516764375	0.394770205021	3.57372450829	4.36639356613
1	26	0.479732573032	0.150354626493	-0.977103086837	-0.150542498934	0.861698508263	-5.43884325027	-0.964704751968
2	26	0.488526914269	-0.439640020881	-0.34891553077	0.827631925693	-2.54123234749	-1.9409558773	4.73730659485
3	26	0.401755727828	0.427469943371	0.109462363006	-0.897378091219	1.96192121506	0.559570193291	-4.25671100616
4	26	0.407647579908	0.377955091296	0.275452194937	-0.883898205263	1.77254605293	1.31431508064	-4.2396030426
5	26	0.492553904653	-0.00470748937337	-0.8842971653	0.466900806368	-0.0388705432415	-5.03879213333	2.7307574749
6	26	0.490938402712	-0.78643225142	-0.201818666819	-0.583775247548	-4.59182262421	-1.02429306507	-3.28549146652
7	26	0.49942663312	-0.160041782198	-0.743381007206	-0.649439224313	-0.798378825188	-4.33628082275	-3.72729349136
8	26	0.499856673181	-0.214691919004	0.762291465533	0.610589142952	-1.27088522911	4.34349918365	3.51968717575
9	26	0.498577699065	0.906554502719	-0.412303765058	-0.0903578381687	5.19415378571	-2.44162845612	-0.727967500687
10	26	0.479665236548	-0.289448280265	-0.143624654756	0.946357042346	-1.6439139843	-0.716385960579	5.26233577728
11	26	0.395736591658	-0.0108254075663	-0.0701542084933	0.997477417079	-0.0340760312974	-0.374799847603	4.67901134491
12	26	0.403403542936	0.453861263653	-0.703131979393	0.547371330004	2.12107610703	-3.28563451767	2.63122606277
13	26	0.426273360848	-0.0109657116538	-0.779459559906	0.626356565894	-0.0541900880635	-3.88554167747	3.11497092247
14	26	0.471294522285	-0.109781832357	-0.701197451805	-0.704464394321	-0.555205225945	-3.8348441124	-3.94488167763
15	26	0.496888943017	-0.420312825938	-0.431722676289	0.798093139383	-2.41695833206	-2.46056866646	4.57348632812
16	26	0.492057379335	0.347492013878	0.442511643268	-0.826699912824	2.02945017815	2.44652175903	-4.77302885056
17	26	0.49715846777	0.879313670587	0.462240694729	-0.114634239456	5.10116434097	2.80283522606	-0.605024814606
18	26	0.499574527144	0.63816620743	0.598546855407	0.484237084059	3.74639129639	3.38088726997	2.81913709641
19	26	0.499937996268	-0.938715526906	-0.145749483824	-0.312362365707	-5.35219526291	-0.89594078064	-1.86786913872
20	26	0.499408725649	0.380765174193	-0.15426830775	0.911712219588	2.30364632607	-0.738130092621	5.32757520676
21	26	0.498698689044	0.329240791114	-0.723018058174	0.607326427073	1.93842077255	-4.25760984421	3.45558738708
22	26	0.495646204799	-0.197067584379	-0.18449219939	-0.962874340478	-1.22433423996	-1.10440409184	-5.51359510422
23	26	0.495758339763	-0.287976699393	0.879609892626	0.378623635555	-1.60923981667	5.02839612961	2.19986009598
24	26	0.499000549316	0.679703915146	-0.733079124413	-0.0244455534842	3.8868393898	-4.19633960724	-0.150766372681
25	26	0.48682577908	-0.202545409355	0.884643999481	-0.419976608076	-1.29339826107	5.01243448257	-2.35171985626
26	26	0.495468527079	0.754246278122	0.436825833078	-0.490199697566	4.38071537018	2.39948606491	-2.84791564941
27	26	0.490927919745	-0.133597666343	0.983513996531	0.121868298483	-0.731297075748	5.64056062698	0.68642449379
28	26	0.479166254401	-0.991842302451	0.102843780969	0.0753127066599	-5.53597736359	0.481173217297	0.420628547668
29	26	0.495023749769	0.385423361936	0.516871497383	-0.76439040239	2.19505357742	2.95297956467	-4.39599657059
0	27	0.437357500196	0.603746580005	0.12841152445	0.786765878468	3.11323404312	0.704014182091	4.0289144516
1	27	0.42430485785	0.872080225777	0.466448817489	-0.147991825694	4.33358764648	2.30274128914	-0.728252887726
2	27	0.488796703517	-0.0904669576997	-0.849843965213	0.519211868466	-0.467647194862	-4.84299659729	2.94077205658
3	27	0.440152546391	-0.330262035784	0.128883185045	-0.935048721903	-1.64212369919	0.675732016563	-4.83456754684
4	27	0.431714166887	-0.16239567576	-0.188946431078	-0.968466256861	-0.847784996033	-0.954594969749	-4.91918373108
5	27	0.459819108248	0.114946837689	0.801723572461	-0.586537754852	0.614692628384	4.34266853333	-3.13353300095
6	27	0.447034973651	0.280586491215	0.0388268473791	-0.95904311523	1.5326846838	0.202834397554	-5.00459718704
7	27	0.491463083774	-0.278217892785	0.35686137747	0.891764969824	-1.60032939911	2.06977462769	5.03573703766
8	27	0.498761206865	0.664606101238	-0.668490064459	-0.333795991462	3.71785545349	-3.84846591949	-2.02153921127
9	27	0.499713048339	-0.143898189721	0.798654625247	0.584332183409	-0.899778842926	4.56039905548	3.34709310532
10	27	0.499059863389	0.0883169465001	-0.517130551064	-0.851337835479	0.510487616062	-3.00713348389	-4.84850168228
11	27	0.483977913857	0.515578205855	0.638126387901	0.571816252578	2.9277946949	3.5446267128	3.21523523331
12	27	0.496918067336	-0.504144532235	0.512966539083	-0.694768753183	-2.96259737015	2.87467980385	-4.03935003281
13	27	0.497055694461	0.136124125305	0.940512140694	-0.311299109727	0.913267016411	5.43457794189	-1.70262622833
14	27	0.497859761119	-0.784420311848	-0.596610813656	0.169529677015	-4.47543764114	-3.41472816467	1.12273359299
15	27	0.499858573079	0.59349936389	0.402623797415	-0.696887783518	3.47191095352	2.22458362579	-4.00826978683
16	27	0.499705120921	-0.72821000096	0.661264026975	0.18011130206	-4.20882511139	3.75427627563	1.17471456528
17	27	0.499896615744	0.244043920154	-0.940151900559	-0.237817091292	1.47801733017	-5.39861249924	-1.38429260254
18	27	0.499963775277	-0.974835195977	0.209852715834	-0.0752208637405	-5.6194858551	1.17090129852	-0.390943527222
19	27	0.499025374651	0.667072484074	0.638346521898	-0.384093763255	3.92753434181	3.64137887955	-2.23033094406
20	27	0.499538652599	0.470880581436	-0.587450393472	0.658159185331	2.70932674408	-3.50799703598	3.73322868347
21	27	0.49705709517	-0.721734815053	0.69178178113	0.0231694634507	-4.14028739929	3.9481959343	0.00709176063538
22	27	0.471685543656	0.562630881257	0.818829287174	0.113864348773	3.13287305832	4.50170135498	0.668806314468
23	27	0.461069241166	0.857023083206	-0.451814011476	-0.247740860348	4.55027198792	-2.49133968353	-1.34161639214
24	27	0.466051489115	-0.984927605471	-0.072281583122	-0.157140016299	-5.32686901093	-0.383068621159	-0.878353834152
25	27	0.446474701166	-0.361168441425	0.931695753054	-0.0387347474357	-1.86830067635	4.92718029022	-0.204334497452
26	27	0.492386270314	-0.379375175639	-0.214482425872	0.900039868617	-2.15779709816	-1.21303594112	5.13327789307
27	27	0.47157561779	-0.209269254267	-0.966624748456	-0.147793690292	-1.14290761948	-5.30578708649	-0.819794178009
28	27	0.412569765002	-0.668746623732	0.114642457628	0.734598570756	-3.20200777054	0.484485685825	3.62466716766
29	27	0.459366738796	-0.223882326357	-0.97316403579	0.0531832999171	-1.24818348885	-5.1970448494	0.318341732025
0	28	0.436544537544	-0.419973274804	0.797664360749	0.432844101313	-2.08955192566	4.12668800354	2.20235300064
1	28	0.39628058672	0.700161400754	0.702132424675	-0.129553352382	3.24944114685	3.33440566063	-0.597797632217
2	28	0.482997521758	0.0151573525353	0.902508350719	-0.430405543118	0.136602535844	5.01038265228	-2.49513196945
3	28	0.496455878019	-0.639755276311	0.132243179617	0.757116191795	-3.67242980003	0.653889298439	4.37198972702
4	28	0.494310051203	0.869019272878	0.0151068804282	0.49454755639	4.9750161171	0.134791776538	2.81800365448
5	28	0.453127045184	-0.133982627864	-0.251367820922	-0.958573353497	-0.733388364315	-1.34169566631	-5.05334329605
6	28	0.390402538702	0.277866029216	-0.379485723065	-0.882485725549	1.25120306015	-1.69540214539	-4.10269355774
7	28	0.444591894746	0.729170878172	0.668246311676	-0.147501516457	3.82293224335	3.43634605408	-0.856055736542
8	28	0.492149084806	-0.288012210118	0.574303071504	0.766306041268	-1.6921608448	3.26360368729	4.31649494171
9	28	0.499900981784	-0.0654152785714	-0.789955815328	-0.609664375832	-0.275916099548	-4.58640384674	-3.44796276093
10	28	0.499795153737	-0.356018144649	0.894759538972	0.269548600627	-1.9764611721	5.23270750046	1.61906909943
11	28	0.499543979764	-0.905838535476	-0.325696758748	0.270884050818	-5.28645801544	-1.91176128387	1.4403924942
12	28	0.499650966376	0.472307178188	-0.0572450961199	0.879573151252	2.82767963409	-0.353125929832	4.99043655396
13	28	0.499053925276	-0.564242354573	-0.352741421421	-0.746461020362	-3.36813020706	-2.08066487312	-4.26556158066
14	28	0.499917667359	0.493159818241	0.366945357385	-0.788761369722	2.99522185326	2.06769657135	-4.53272724152
15	28	0.499978937209	-0.479324810388	0.679039512912	0.556015346956	-2.79497051239	3.7779302597	3.32096385956
16	28	0.49999255687	0.609805693499	-0.528891199489	-0.590263598131	3.51086044312	-2.99017310143	-3.39153623581
17	28	0.499979920685	-0.67453687748	0.339640658866	0.655472519457	-3.87774896622	2.03227806091	3.69552469254
18	28	0.499753981829	0.944231048093	-0.206663588614	-0.256355005722	5.40371465683	-1.28231739998	-1.45557165146
19	28	0.492171615362	0.162636119025	0.981859347796	0.0974767353506	0.833746552467	5.71268939972	0.603593111038
20	28	0.495405435562	-0.584202507738	0.807264239382	-0.0838562923566	-3.38581681252	4.59619045258	-0.560158729553
21	28	0.48864851892	0.533744016432	-0.714679617531	0.452051290462	3.02096176147	-4.09367275238	2.50612163544
22	28	0.466263890266	0.260280819949	0.647267183236	0.716448943242	1.39239096642	3.56659221649	3.87886309624
23	28	0.427147448063	0.865966493864	-0.500004234356	-0.00988924322934	4.35119771957	-2.51126861572	-0.0610554218292
24	28	0.432699307799	0.133834534027	-0.882884126904	-0.450115469589	0.648560464382	-4.49103975296	-2.29326963425
25	28	0.447048924863	-0.464044081223	0.61832515107	-0.634300479454	-2.49189066887	3.18146038055	-3.343105793
26	28	0.475270107388	0.231361152704	0.364312528375	-0.902080040068	1.33421957493	1.98745393753	-5.00109481812
27	28	0.431064233184	0.862909935534	-0.168588775368	0.476407669939	4.33799362183	-0.852448761463	2.44475340843
28	28	0.382147183642	0.241276753432	0.0688299027139	0.968012382537	1.09054028988	0.282489776611	4.35109519958
29	28	0.450307153165	0.685803078398	-0.485550643035	0.542139014192	3.5983479023	-2.50945615768	2.90038347244
0	29	0.481934359297	-0.167936994363	-0.304705577833	0.937524227293	-0.940135538578	-1.7269974947	5.22714471817
1	29	0.46985514462	-0.425922502661	0.901058266929	0.0817558641672	-2.27448558807	4.95746660233	0.344512939453
2	29	0.494686501101	-0.0097546521167	-0.325387611884	0.945530406066	-0.0902047231793	-1.90314340591	5.3516793251
3	29	0.494646027684	0.335990231537	0.324420788376	-0.884229447814	1.98650515079	1.90929818153	-5.03196048737
4	29	0.495926231146	-0.715090093271	-0.610800264307	-0.339954696434	-4.0885720253	-3.58605527878	-1.9430949688
5	29	0.481481455266	-0.679401817527	0.321731818087	0.659470854224	-3.73125934601	1.84175348282	3.73635053635
6	29	0.452336832881	-0.853714531538	0.33668442796	-0.397259480202	-4.48704910278	1.73203825951	-2.22398209572
7	29	0.4473439008	0.94739912112	0.110831952341	-0.300251867007	4.99457168579	0.635956823826	-1.60304546356
8	29	0.486551553011	0.811909302036	-0.435420740268	-0.388859954497	4.57818508148	-2.48453426361	-2.20134067535
9	29	0.4981206581	-0.395425432144	0.58117421444	-0.711249084417	-2.35503458977	3.43215322495	-4.04153203964
10	29	0.499523296952	-0.243915941204	0.880001941395	0.407555636408	-1.46359229088	5.09267473221	2.41888284683
11	29	0.499933987856	0.619528268992	-0.769836058328	-0.153418275367	3.58310842514	-4.3813252449	-0.881199598312
12	29	0.499963149428	-0.760406895883	0.640258223284	-0.10886119699	-4.33810567856	3.75203132629	-0.568596363068
13	29	0.49982586503	0.0517315701498	-0.704000612888	-0.7083127711	0.456834256649	-4.16934108734	-4.00363731384
14	29	0.499953091145	-0.193535619705	0.922842934267	-0.333023846861	-1.22570753098	5.44200944901	-1.71020078659
15	29	0.499989760108	-0.108082689412	0.0127368209141	-0.99406031288	-0.577953219414	-0.0516416206956	-5.75565338135
16	29	0.499975018203	-0.482368370607	-0.442516785376	0.755975958413	-2.86567735672	-2.38412356377	4.40508985519
17	29	0.499877989292	0.581383159131	-0.781688774206	-0.225734983021	3.42593407631	-4.40899181366	-1.41157078743
18	29	0.499080851674	-0.886148627105	0.413466073551	-0.209252041092	-5.08834171295	2.36515522003	-1.12813138962
19	29	0.462313614786	0.855456466557	0.153235125626	0.49468498067	4.65488481522	0.758558988571	2.67614817619
20	29	0.429656505585	0.825774589034	-0.396047081441	0.401550790545	4.16744279861	-2.02016925812	2.04626369476
21	29	0.442413926125	0.810546602266	-0.569965902595	0.134733349373	4.27271604538	-2.96241140366	0.680394649506
22	29	0.482670262456	-0.477633286172	-0.82640025436	0.298209764319	-2.70233559608	-4.65417003632	1.57412672043
23	29	0.488402053714	0.459216540274	0.6182445488	0.637882314395	2.53801393509	3.55609464645	3.60067152977
24	29	0.486713312566	-0.270439790951	-0.619587988313	-0.736867046494	-1.57587957382	-3.50751328468	-4.12951946259
25	29	0.483704149723	0.559063876622	0.772090187069	0.30219914773	3.22727918625	4.27892065048	1.75764727592
26	29	0.492836460471	-0.6291558648	0.770624699688	-0.101491231242	-3.67049074173	4.36299228668	-0.658464670181
27	29	0.482137507759	0.0772546794473	-0.214597867062	0.97364237272	0.469747155905	-1.24757027626	5.43754386902
28	29	0.47865884006	0.117736972472	0.979989715302	-0.16049349898	0.697876811028	5.44175004959	-0.897448062897
29	29	0.49309881404	-0.10685420857	-0.342594261202	-0.933387031356	-0.569980084896	-1.9648308754	-5.32613658905
