0	0	0.49996419996	0.699321277489	0.0526231426611	0.712867838879	4.01668453217	0.291774749756	4.05853033066
1	0	0.499991700053	-0.759045835358	-0.059355432864	-0.648325807303	-4.33793544769	-0.341751366854	-3.70815777779
2	0	0.499987766147	0.739835136528	0.0798292321214	0.668035376651	4.22081232071	0.45371094346	3.82921981812
3	0	0.499999806285	-0.638932580305	-0.116655543041	-0.760366123721	-3.66830253601	-0.65841794014	-4.3355050087
4	0	0.499998234212	0.665441256633	0.0940636004672	0.74049981299	3.80524873734	0.543374598026	4.23203706741
5	0	0.499999560416	-0.621524832931	-0.124551844314	-0.773429841762	-3.5633649826	-0.704166352749	-4.41474485397
6	0	0.499998182058	0.687537545102	0.102553830759	0.718870527892	3.91681623459	0.549283146858	4.13084411621
7	0	0.499999482185	-0.582768398996	0.150196210156	-0.798637647239	-3.34165763855	0.82838177681	-4.5656208992
8	0	0.49999987334	0.65662239932	-0.0738621976672	0.750594031729	3.74561738968	-0.447791159153	4.2974691391
9	0	0.499999515712	-0.704952335041	0.263105785718	-0.658648275517	-4.0166478157	1.4765740633	-3.79364013672
10	0	0.499999906868	0.603657430941	-0.0697355990489	0.794188045928	3.46659064293	-0.429546654224	4.52767133713
11	0	0.499999150634	-0.624790848498	0.195887950976	-0.755820287036	-3.57503700256	1.11592817307	-4.31946897507
12	0	0.499999463558	0.66872332629	-0.214883700284	0.711782346106	3.81709909439	-1.24367260933	4.07191324234
13	0	0.499999910593	-0.702085964994	0.37057887314	-0.608067920992	-4.01744651794	2.09465003014	-3.48836231232
14	0	0.500000290573	0.754301720241	-0.258998221941	0.603281721813	4.29012203217	-1.51474392414	3.46397805214
15	0	0.49999961257	-0.668017329313	0.356724908976	-0.653069817901	-3.818359375	2.0494492054	-3.72964644432
16	0	0.499987013638	0.614277941852	-0.457791549173	0.642720396176	3.52203583717	-2.60673999786	3.67196559906
17	0	0.49996304512	-0.666853044903	0.402089299161	-0.62740036022	-3.79776549339	2.32153248787	-3.58846950531
18	0	0.499206885695	0.600305322192	-0.558152604055	0.572799433253	3.42038536072	-3.18147468567	3.2816836834
19	0	0.499441549182	-0.594571089079	0.622238952117	-0.509218918051	-3.40723991394	3.55951309204	-2.90049171448
20	0	0.498327702284	0.642151612427	-0.725823620476	0.246619907177	3.6608133316	-4.12746143341	1.44727182388
21	0	0.47397916019	-0.747844890483	0.598715621289	-0.286823333436	-4.08085727692	3.31083631516	-1.56648397446
22	0	0.348375484347	-0.682891418965	0.392043386386	0.616410004052	-2.83137559891	1.6390376091	2.53195548058
23	0	0.394144102931	-0.717665201493	0.650233457184	0.249305254107	-3.34032821655	3.00522089005	1.18276393414
24	0	0.489847984165	0.391977404599	-0.45369350308	0.800322384759	2.23335981369	-2.58492660522	4.50080680847
25	0	0.499206066132	-0.552421573555	0.402643849648	-0.729868711078	-3.139149189	2.29227495193	-4.1825056076
26	0	0.499932803214	0.520846694311	-0.382180525016	0.763319570903	2.97925329208	-2.17441320419	4.36747980118
27	0	0.499987505376	-0.538625418895	0.26294328958	-0.800464542991	-3.09101676941	1.50454378128	-4.56838607788
28	0	0.49998729676	0.607003745031	-0.112314961619	0.786722189159	3.4716091156	-0.647629439831	4.49638748169
29	0	0.49999102205	-0.734040948848	0.0286213553931	-0.678501807979	-4.17685890198	0.173563346267	-3.90077209473
0	1	0.500000156462	-0.72376139047	0.115103322252	-0.680382741456	-4.1265668869	0.639835715294	-3.90688610077
1	1	0.499997913837	0.805087544783	-0.0201310600467	0.592814292723	4.58406209946	-0.118901193142	3.41525888443
2	1	0.499999970198	-0.730610008386	0.00186820660245	-0.682792446832	-4.17920398712	-0.00239616353065	-3.90128278732
3	1	0.50000012666	0.727906776682	0.116449495109	0.675715353939	4.15775489807	0.647356629372	3.87072706223
4	1	0.500000998378	-0.774045658265	-0.0897248842873	-0.626739789754	-4.40430641174	-0.518628060818	-3.60871553421
5	1	0.499999821186	0.709360403155	0.0980694754191	0.697990111983	4.04884767532	0.542141199112	4.00093078613
6	1	0.499999783933	-0.702900449791	0.0810412220117	-0.706656407329	-4.00780057907	0.430202096701	-4.05553293228
7	1	0.499998159707	0.591243405599	0.0114747551853	0.80641153596	3.38888502121	0.0436413101852	4.60461425781
8	1	0.49999961257	-0.525898743487	0.0125172036479	-0.850455073012	-3.03091192245	0.0909914150834	-4.84757041931
9	1	0.499997604638	0.548212259096	-0.192613154803	0.813857169025	3.15620517731	-1.07201051712	4.6468296051
10	1	0.499999493361	-0.60530280499	0.00354961584932	-0.795987383379	-3.46910333633	0.0437897741795	-4.54502344131
11	1	0.49999973923	0.623302391576	-0.149070779815	0.76764056124	3.57426834106	-0.833537578583	4.38429546356
12	1	0.499999500811	-0.644115629742	0.10478572072	-0.757716971075	-3.6954164505	0.603932261467	-4.32084655762
13	1	0.499999575317	0.715559294015	-0.151477011161	0.681930796957	4.08068084717	-0.889245390892	3.90612268448
14	1	0.499997273088	-0.581785718556	0.368239481818	-0.725206909589	-3.35051631927	2.08231019974	-4.13988494873
15	1	0.499999135733	0.558005211085	-0.419768490514	0.715838388725	3.20687127113	-2.3830063343	4.08976078033
16	1	0.499996758997	-0.596063716173	0.434820829058	-0.675010290943	-3.40726470947	2.47723126411	-3.8649289608
17	1	0.499983526766	0.603510521253	-0.4227933347	0.676033169948	3.44922924042	-2.41358184814	3.867882967
18	1	0.499965116382	-0.522032354982	0.474513244403	-0.708744947945	-3.00689458847	2.70879459381	-4.03907489777
19	1	0.499262697995	0.619144329444	-0.492177154037	0.611900276485	3.52546477318	-2.81856799126	3.49548053741
20	1	0.495997548103	-0.593283355833	0.515386786197	-0.618377975275	-3.38760948181	2.95404243469	-3.51667451859
21	1	0.416223317385	0.0711038863305	-0.636533073276	0.767964767404	0.366854637861	-3.07070970535	3.74841022491
22	1	0.344720976427	-0.41135139771	-0.203833010996	0.888393004942	-1.66351270676	-0.849025726318	3.65716958046
23	1	0.440315768123	-0.393335794927	-0.380150643162	0.837121521006	-1.98531365395	-1.95591521263	4.29896831512
24	1	0.497976586223	-0.207957387458	0.616133372209	-0.759692959459	-1.19180583954	3.47362756729	-4.37029075623
25	1	0.499844599515	0.433189477487	-0.27037024223	0.859794631706	2.48214912415	-1.58740162849	4.90137147903
26	1	0.499988920987	-0.541629206829	0.330711021535	-0.772831173378	-3.08515977859	1.88121175766	-4.4304189682
27	1	0.499998420477	0.568610953258	-0.290325244307	0.7696706025	3.24214076996	-1.64409923553	4.41306209564
28	1	0.499999437481	-0.55956360579	0.0908281117968	-0.823795378224	-3.20527076721	0.549374222755	-4.70313549042
29	1	0.4999980703	0.618512359229	-0.121439839715	0.776334223651	3.54472923279	-0.693632781506	4.43212938309
0	2	0.500000096858	0.531432711881	-0.0782855848673	0.84347533452	3.0639796257	-0.462372511625	4.80642175674
1	2	0.499999776483	-0.705709827984	0.0978951239792	-0.701705196923	-4.0170416832	0.548557460308	-4.03422307968
2	2	0.500000312924	0.683104988559	0.0283308923823	0.729770467437	3.90612077713	0.140294104815	4.17239046097
3	2	0.500000342727	-0.695669663489	0.0314479512539	-0.717673146817	-3.97203612328	0.155625462532	-4.10972070694
4	2	0.499999172986	0.656997400079	0.160539712816	0.736601260451	3.76428794861	0.873139977455	4.21602296829
5	2	0.499999392778	-0.606157765493	0.0448095464267	-0.794081146912	-3.47990322113	0.230776682496	-4.53088855743
6	2	0.499988645315	0.6267160128	-0.00184992807265	0.779245543501	3.58386659622	-0.0290752798319	4.45410966873
7	2	0.499991029501	-0.652463896919	0.0597642248661	-0.755459529454	-3.72040772438	0.332564651966	-4.32788181305
8	2	0.499963954091	0.629978165897	-0.0752185614604	0.772961628093	3.60238790512	-0.423941016197	4.41854047775
9	2	0.499991640449	-0.618958360877	0.0352465296239	-0.784632544348	-3.55001735687	0.216714441776	-4.47718000412
10	2	0.499987311661	0.724649828331	0.0525436648904	0.68711119157	4.12567710876	0.282971948385	3.9481921196
11	2	0.499999538064	-0.745049483023	0.00233730664086	-0.667005101063	-4.24772548676	0.0179668944329	-3.82695770264
12	2	0.49999897182	0.737279421215	0.0484715162532	0.673846842513	4.20917224884	0.245514079928	3.86207127571
13	2	0.499988272786	-0.709065398656	0.117159577405	-0.695341566319	-4.0526676178	0.667771875858	-3.97731661797
14	2	0.499991506338	0.613560251011	-0.262324543989	0.744801753489	3.51971197128	-1.48875820637	4.25301074982
15	2	0.49996227026	-0.608349417546	0.2618867448	-0.749217137464	-3.47396707535	1.50530171394	-4.28347492218
16	2	0.499985970557	0.580024872941	-0.323956751442	0.747410977953	3.32203817368	-1.8475509882	4.27058172226
17	2	0.499982461333	-0.605776750147	0.31646000605	-0.729991502383	-3.45729970932	1.81255483627	-4.17680263519
18	2	0.499950349331	0.576713755656	-0.336465053549	0.744441073408	3.29064083099	-1.93857598305	4.25428104401
19	2	0.499362595379	-0.587452260649	0.470108091856	-0.658709513693	-3.34983944893	2.66526889801	-3.78706407547
20	2	0.450547099113	0.491217420595	-0.139630870384	0.859772449977	2.54802584648	-0.787039995193	4.45210981369
21	2	0.270371764898	0.462276269706	-0.5213926147	0.717251972325	1.47086775303	-1.67509996891	2.34004998207
22	2	0.42596597597	0.419941102805	-0.457913931892	0.783558741355	2.05657052994	-2.27207350731	3.88649129868
23	2	0.497911866754	-0.138208555708	0.56105025052	-0.816162368356	-0.790386080742	3.1817779541	-4.68435668945
24	2	0.499477826059	0.209467059287	-0.450976302022	0.867608163913	1.22186255455	-2.58092594147	4.94818639755
25	2	0.499959431589	-0.468833519849	0.341116187318	-0.814760625838	-2.66184329987	1.94509768486	-4.6714091301
26	2	0.499996956438	0.453545332545	-0.218684688475	0.863987059135	2.61282634735	-1.27216720581	4.92422389984
27	2	0.499999314547	-0.482964157177	0.22009770642	-0.847527357972	-2.76677823067	1.26825475693	-4.83925914764
28	2	0.500000070781	0.498706079528	-0.294179964797	0.815322264233	2.86421823502	-1.65807652473	4.66224622726
29	2	0.499999761581	-0.578450609822	0.237431100915	-0.780398208811	-3.29723978043	1.33878624439	-4.47518062592
0	3	0.499999735504	-0.464614143357	0.0879323587662	-0.881136537703	-2.65830492973	0.515844762325	-5.03473424911
1	3	0.499998994172	0.43853955038	-0.130690507326	0.889158621421	2.54434084892	-0.746055245399	5.06705904007
2	3	0.500000238419	-0.606127670046	0.0975157234872	-0.789366791344	-3.45666885376	0.554877996445	-4.52077579498
3	3	0.499999459833	0.604723342143	-0.0320846968436	0.795789074878	3.45626807213	-0.197077766061	4.55008172989
4	3	0.499999646097	-0.605035826236	0.0826020063702	-0.791901861037	-3.46345925331	0.445701003075	-4.52716493607
5	3	0.499988593161	0.619011927968	-0.0151706850096	0.785235049746	3.5269241333	-0.103445142508	4.49805259705
6	3	0.499961797148	-0.542100167113	0.137201109726	-0.829037553013	-3.11918783188	0.745889663696	-4.73416900635
7	3	0.499267749488	0.605157200499	-0.0165618876877	0.79593370739	3.45957136154	-0.108167380095	4.53995227814
8	3	0.499618187547	-0.725815702016	0.0904968694176	-0.681910465775	-4.13433074951	0.506964862347	-3.91750073433
9	3	0.49923222512	0.712355244587	-0.174783732784	0.679706298532	4.06343698502	-0.962212264538	3.89370346069
10	3	0.499975569546	-0.633670149647	-0.0216424241353	-0.773300554069	-3.64260530472	-0.112407021224	-4.40593576431
11	3	0.499988228083	0.702679068066	-0.0192636752627	0.711246116417	4.02477550507	-0.110162839293	4.05878925323
12	3	0.49998704344	-0.728230467083	0.0513915319091	-0.683402734308	-4.163438797	0.288530796766	-3.90663218498
13	3	0.499963283539	0.735645961226	-0.0445216748343	0.675901501849	4.19391775131	-0.271264016628	3.87618088722
14	3	0.499260999262	-0.702293085122	0.130588916222	-0.699807800435	-4.00373506546	0.754164338112	-3.99920248985
15	3	0.499706879258	0.595730727779	-0.165683802205	0.78590952257	3.41381883621	-0.95409655571	4.48723983765
16	3	0.499249890447	-0.593520671754	0.203171808608	-0.778751840054	-3.38093876839	1.17151999474	-4.44804143906
17	3	0.499667976052	0.572698053071	-0.218877121819	0.790006168047	3.26490449905	-1.25883567333	4.51743507385
18	3	0.499837122858	-0.465301949181	0.299445162256	-0.832962598734	-2.67621612549	1.71784353256	-4.75109386444
19	3	0.498820595443	0.502089346611	-0.429330420539	0.750720772338	2.86553144455	-2.44422316551	4.28364419937
20	3	0.497948274016	-0.494624597186	0.495565716422	-0.713975579811	-2.83093690872	2.81917405128	-4.09228515625
21	3	0.452085100114	0.316286059537	-0.514708063922	0.796893178209	1.68201398849	-2.6624712944	4.14422702789
22	3	0.497810728848	-0.484046232159	0.420681800188	-0.767284867649	-2.73930716515	2.40295410156	-4.41338443756
23	3	0.498879935592	0.234326996412	-0.377894994925	0.895704321505	1.36798286438	-2.17314100266	5.09600019455
24	3	0.499954216182	-0.383784976775	0.341603805225	-0.857913708865	-2.18037939072	1.96859943867	-4.90552043915
25	3	0.499985489994	0.452020332782	-0.296787688895	0.841186475445	2.59204959869	-1.70946955681	4.80045747757
26	3	0.499998554587	-0.612843332663	0.305839018903	-0.728618929295	-3.47290039062	1.73737239838	-4.19771766663
27	3	0.499999742955	0.471065701806	-0.226493219344	0.852524443153	2.70989489555	-1.30850362778	4.86138439178
28	3	0.499999642372	-0.555337962787	0.258678977665	-0.790370124436	-3.15828895569	1.47255969048	-4.53231477737
29	3	0.499999735504	0.470632779468	-0.170230529018	0.865751900882	2.70600509644	-0.987596392632	4.93901348114
0	4	0.50000025332	0.404182951132	-0.14301945591	0.903427682355	2.3309648037	-0.839924931526	5.15332365036
1	4	0.499999448657	-0.501542174076	0.2143871168	-0.838148919807	-2.85274219513	1.21901297569	-4.80237960815
2	4	0.500000145286	0.526447757771	-0.199910269137	0.826370765838	3.00395441055	-1.1360616684	4.72988557816
3	4	0.500000145286	-0.47468488371	0.147595595254	-0.86769222737	-2.72841238976	0.829758644104	-4.95612621307
4	4	0.499998144805	0.594362691839	-0.00526998690815	0.804179841695	3.37769937515	-0.054272711277	4.61329603195
5	4	0.499986834824	-0.513051073598	0.0931392104597	-0.853289917528	-2.94619822502	0.513151109219	-4.87336397171
6	4	0.499254960567	0.585593452589	0.106504497326	0.803577687803	3.33300447464	0.559529364109	4.60254907608
7	4	0.497928861529	-0.561880342745	0.00484225245435	-0.827204347805	-3.22419452667	0.0185509715229	-4.72724056244
8	4	0.446493439376	0.6841131317	0.120692549175	0.719320882228	3.50966906548	0.600639343262	3.70238995552
9	4	0.497597880661	-0.76823724067	0.0405650494554	-0.638878719955	-4.3787946701	0.228194147348	-3.67193174362
10	4	0.499314516783	0.653405837023	0.0618929493491	0.754473375915	3.74720263481	0.332381606102	4.29593801498
11	4	0.499979525805	-0.808193550597	0.0494533001991	-0.586836907389	-4.59987926483	0.27332419157	-3.38565826416
12	4	0.49998345226	0.745031008367	-0.0937205368039	0.66041294472	4.25372838974	-0.531515717506	3.78297042847
13	4	0.499306954443	-0.586931590575	0.127876031047	-0.79947422014	-3.39660143852	0.722836911678	-4.53386926651
14	4	0.497786201537	0.760160200883	-0.171571711844	0.626673452995	4.32901000977	-0.974125146866	3.61283874512
15	4	0.44571724534	-0.579760133758	0.145175578421	-0.801749486271	-2.9707326889	0.744678258896	-4.11215925217
16	4	0.497924122959	0.505597524568	-0.275806029079	0.817497509155	2.90075397491	-1.5602350235	4.67861795425
17	4	0.498441360891	-0.504121439297	0.153371339295	-0.849905175137	-2.87522816658	0.889998555183	-4.85127687454
18	4	0.474535368383	0.43432504993	-0.285169386974	0.854423882939	2.37882184982	-1.55468511581	4.6747713089
19	4	0.498287949711	-0.459315493301	0.365606154386	-0.80954395649	-2.63108801842	2.09325528145	-4.62817907333
20	4	0.497624821961	0.568625120713	-0.404905266809	0.716042734063	3.2184176445	-2.30867242813	4.08622026443
21	4	0.497250035405	-0.619751265051	0.311162798324	-0.720476288581	-3.51364278793	1.80052924156	-4.13736486435
22	4	0.470007397234	0.303119599982	-0.30511876023	0.90278516285	1.67141866684	-1.6679122448	4.87922716141
23	4	0.498770240694	-0.394345877411	0.403813881643	-0.825485116741	-2.23634457588	2.2969918251	-4.73260307312
24	4	0.49963138625	0.387152151855	-0.449155746869	0.805215701765	2.21842265129	-2.54568243027	4.60834312439
25	4	0.499994300306	-0.473852733144	0.381336228743	-0.793754538847	-2.70912194252	2.16966581345	-4.54321575165
26	4	0.499998569489	0.558234315175	-0.264801354047	0.786291734826	3.18056583405	-1.52880644798	4.49799537659
27	4	0.499999344349	-0.481506762285	0.328316716635	-0.812624988203	-2.75551056862	1.85317826271	-4.65421676636
28	4	0.50000038743	0.508461664591	-0.235124849758	0.828361660549	2.90652227402	-1.35385489464	4.73304271698
29	4	0.499999597669	-0.506539897846	0.31921582367	-0.800948556281	-2.88538336754	1.79702734947	-4.59774112701
0	5	0.499999310821	-0.435094823571	0.282979901086	-0.854760124294	-2.47807145119	1.61063241959	-4.89384698868
1	5	0.499997932464	0.383495490597	-0.279327603619	0.880288190622	2.20440125465	-1.58901572227	5.02994823456
2	5	0.49999954924	-0.436143434355	0.246980279127	-0.865320545458	-2.49193906784	1.4021217823	-4.95089960098
3	5	0.499997727573	0.364773462271	-0.11976472709	0.923361647117	2.10829401016	-0.694753050804	5.26879835129
4	5	0.499999005347	-0.439989974334	0.0719191152225	-0.895118128155	-2.5136487484	0.423852920532	-5.11814928055
5	5	0.499957412481	0.433800821715	-0.133527814069	0.891059577104	2.49551415443	-0.750741481781	5.0877661705
6	5	0.499589923769	-0.51309895555	0.0922979825881	-0.853352532207	-2.9451611042	0.517791390419	-4.87417316437
7	5	0.443967044353	0.714483118617	0.0374016475404	0.698652266849	3.63024282455	0.184665039182	3.5922203064
8	5	0.236752077937	0.600281615086	0.0164003182083	0.799620542603	1.70230269432	0.0637018755078	2.26093149185
9	5	0.446002017707	0.554552080663	0.176322456774	0.813254192162	2.85437631607	0.882033109665	4.17241382599
10	5	0.499633654952	-0.600683511238	-0.0128350701667	-0.799383875432	-3.45445823669	-0.082576200366	-4.55601119995
11	5	0.499956078827	0.774018585111	0.00790775663028	0.633113494792	4.4090886116	0.0319608300924	3.64002203941
12	5	0.499959588051	-0.741012686349	0.0949907837222	-0.664738256518	-4.23711395264	0.529524326324	-3.80034279823
13	5	0.49966660887	0.730816533924	-0.074701274558	0.678473959207	4.15986299515	-0.437101066113	3.89967727661
14	5	0.444523729384	-0.552793176363	0.136900697381	-0.82199629149	-2.83918952942	0.696012675762	-4.19727993011
15	5	0.234320761636	-0.553707845667	0.104890184057	-0.826078489573	-1.55067062378	0.309745073318	-2.31359243393
16	5	0.446161936969	-0.483393503679	0.177935819213	-0.857128674612	-2.48811483383	0.904356658459	-4.39874267578
17	5	0.473870303482	0.444833307518	-0.0422325112928	0.894617093237	2.41993236542	-0.248976916075	4.89791584015
18	5	0.331628955901	0.0263974460245	-0.209660611839	0.977417824007	0.124525219202	-0.830793976784	3.87484741211
19	5	0.42717791535	0.244937726726	-0.210306815711	0.946454728601	1.22692239285	-1.06335532665	4.69833850861
20	5	0.496356919408	-0.404192592621	0.492021092507	-0.771066529295	-2.32561039925	2.79301834106	-4.41346502304
21	5	0.417643565685	0.420482302374	-0.518197920406	0.74475871843	2.04116678238	-2.49935293198	3.63081455231
22	5	0.318453386426	0.326480087417	-0.401400983931	0.855738279277	1.25452685356	-1.53261184692	3.25672364235
23	5	0.471595104784	0.281685337735	-0.148295501724	0.947977750094	1.54762268066	-0.841198325157	5.14496660233
24	5	0.499745309353	-0.400308311117	0.361459659333	-0.842080857594	-2.28278207779	2.06006145477	-4.8191113472
25	5	0.499978806823	0.489409416866	-0.351459463446	0.798094398074	2.78728818893	-2.00558280945	4.57053184509
26	5	0.499999407679	-0.509940818208	0.281871603905	-0.812716900795	-2.90495753288	1.6027919054	-4.65635442734
27	5	0.499999463558	0.396672559739	-0.202709468165	0.895298694217	2.29551696777	-1.17814064026	5.10249853134
28	5	0.50000044331	-0.49834175341	0.194981293466	-0.844770851774	-2.83980894089	1.12856173515	-4.83181238174
29	5	0.499999824911	0.44237205712	-0.284793487401	0.850411449014	2.54090237617	-1.62121367455	4.85778808594
0	6	0.499987147748	0.336216549711	-0.313755339506	0.887984244585	1.94295430183	-1.78158068657	5.07326459885
1	6	0.499982956797	-0.338525631508	0.259341210002	-0.904512318107	-1.94006896019	1.48810088634	-5.16773080826
2	6	0.499958150089	0.433346466614	-0.239711443013	0.868763065491	2.46089339256	-1.36984527111	4.97488355637
3	6	0.49998005107	-0.438608619184	0.157949628672	-0.884688868462	-2.48207211494	0.912169456482	-5.06942558289
4	6	0.499984804541	0.29739195888	-0.213359583893	0.930610396866	1.72953391075	-1.20278549194	5.31596803665
5	6	0.499984540045	-0.496741262186	0.086125201416	-0.863614826253	-2.81609940529	0.518981218338	-4.94960927963
6	6	0.499329663813	0.52641940054	-0.186624739484	0.829490097197	2.9806189537	-1.04627203941	4.75709676743
7	6	0.496337847784	-0.291850253747	0.166077069002	-0.941935155167	-1.70469141006	0.933873534203	-5.3678278923
8	6	0.44470237568	0.570427468786	0.0961367602337	0.815702290169	2.9128139019	0.480772256851	4.18084716797
9	6	0.497969122604	-0.389425747043	-0.0393324150183	-0.920217663745	-2.26361942291	-0.223536372185	-5.25317907333
10	6	0.499311514199	0.670925485981	0.0148985157741	0.741375091629	3.80409693718	0.0744738653302	4.25863933563
11	6	0.499987415969	-0.660516636917	0.0492675225283	-0.749193221793	-3.79086923599	0.275496035814	-4.27080631256
12	6	0.499984867871	0.748978799697	-0.000354192548493	0.662593866673	4.26828622818	-0.0269364789128	3.80427861214
13	6	0.499281935394	-0.655913410402	0.114469458884	-0.746106119153	-3.76310586929	0.638344585896	-4.24562644958
14	6	0.497421808541	0.757535444198	-0.0640554963387	0.649643705559	4.31086301804	-0.378551065922	3.7380399704
15	6	0.445072233677	-0.503415626726	0.147915539174	-0.851289433764	-2.58185005188	0.753340005875	-4.35732364655
16	6	0.496954841539	0.397510914262	-0.0918858943513	0.912985243836	2.25250387192	-0.524469077587	5.22253513336
17	6	0.495882861316	-0.152921165181	0.110881103894	-0.981998216923	-0.901486337185	0.633969128132	-5.60878515244
18	6	0.394293962978	0.0107196539131	-0.21922162492	0.975616199223	0.079267218709	-1.02500331402	4.52801895142
19	6	0.388202611357	0.614356935298	-0.326649320551	0.718237967135	2.83958649635	-1.50254952908	3.34737181664
20	6	0.399827517569	0.689881741532	-0.298472163761	0.659528278515	3.24719190598	-1.41065657139	3.11550188065
21	6	0.372162092477	0.501777336824	-0.298985647309	0.81168164138	2.23855781555	-1.34294438362	3.61194515228
22	6	0.417537014931	0.321451243376	-0.369397905745	0.871902681131	1.57600772381	-1.78590893745	4.23296022415
23	6	0.498351417482	-0.340143738607	0.274110578983	-0.899536340331	-1.9518995285	1.56915593147	-5.14719390869
24	6	0.499513823539	0.315429307409	-0.356541304336	0.879421770443	1.82495176792	-2.02160072327	5.020840168
25	6	0.499993141741	-0.418271216488	0.337398907507	-0.843333366274	-2.3879506588	1.91220498085	-4.8304142952
26	6	0.499999057502	0.417496002196	-0.136193308129	0.898414420505	2.3982770443	-0.8248488307	5.12540626526
27	6	0.499997679144	-0.498520076897	0.299059658276	-0.813659052504	-2.83174705505	1.68807387352	-4.67149448395
28	6	0.499999817461	0.485993923255	-0.248498810165	0.837889162065	2.7790286541	-1.42248857021	4.78881502151
29	6	0.499996494502	-0.525013505556	0.242062309671	-0.815945253813	-2.96889591217	1.39112758636	-4.68500041962
0	7	0.499940056354	-0.369329861828	0.277484346027	-0.886903540906	-2.0947201252	1.58852815628	-5.07637500763
1	7	0.499232849106	0.253670772724	-0.290346277867	0.922686392007	1.47072327137	-1.66001033783	5.26009273529
2	7	0.499330256134	-0.278083947463	0.280949691796	-0.918551353405	-1.58840537071	1.61652302742	-5.24816846848
3	7	0.499190581962	0.241125153192	-0.184289025258	0.952835880762	1.39192640781	-1.06573987007	5.43239116669
4	7	0.499954603612	-0.249244350781	0.252811715277	-0.93486014474	-1.43147802353	1.44663727283	-5.34274339676
5	7	0.499973542988	0.329285250451	-0.22481346724	0.917076948125	1.89398598671	-1.27635526657	5.24161243439
6	7	0.499951582402	-0.407650827802	0.0782998972608	-0.909774658188	-2.32756543159	0.477433383465	-5.2011218071
7	7	0.499313097447	0.40936276108	-0.0371234466051	0.911616136075	2.32089424133	-0.229540094733	5.21128988266
8	7	0.499659849331	-0.375164707689	0.00153973328461	-0.926956887523	-2.16449999809	-0.000413028756157	-5.29284477234
9	7	0.499250791967	0.4628048026	0.00650979106124	0.886436313172	2.63678956032	0.0295891743153	5.06286907196
10	7	0.499968137592	-0.554119045709	0.105220456151	-0.825760703104	-3.17716741562	0.592018783092	-4.71705436707
11	7	0.499988123775	0.677999251413	-0.10414944569	0.727646829201	3.86085367203	-0.599326908588	4.1741566658
12	7	0.499988332391	-0.691410545065	0.132500847274	-0.710207704579	-3.9481086731	0.742737233639	-4.06760120392
13	7	0.499969556928	0.649239530368	-0.0692617819278	0.75742381648	3.71009516716	-0.407388031483	4.33054161072
14	7	0.499312467873	-0.63853583429	0.161028727297	-0.752556800058	-3.63424062729	0.902283906937	-4.31200313568
15	7	0.499217271805	0.435039977013	-0.136188605525	0.89005217944	2.4911468029	-0.77249121666	5.08397006989
16	7	0.497296398506	-0.310036355829	0.0401824547279	-0.949875164638	-1.78567552567	0.240194261074	-5.42154979706
17	7	0.415175680071	-0.0209362415164	-0.169846515648	0.985248108302	-0.070526137948	-0.816535770893	4.7590045929
18	7	0.382548187859	0.209123380861	-0.300350013652	0.930621986027	0.950453042984	-1.37042891979	4.25101327896
19	7	0.421098068357	0.922344054601	0.0379704832364	0.384499268328	4.56739425659	0.157354533672	1.93649816513
20	7	0.34240924567	0.80250739527	-0.203300570368	0.560937392786	3.28793668747	-0.831419229507	2.30472278595
21	7	0.438948951662	0.75232998793	-0.197172215719	0.628587867055	3.83365678787	-1.01639544964	3.22640442848
22	7	0.498086430132	-0.613839207705	0.289129178115	-0.734578617608	-3.4977889061	1.64695692062	-4.21548700333
23	7	0.499178405851	0.441039657638	-0.221246139185	0.869789725328	2.52716684341	-1.27337574959	4.9576215744
24	7	0.499979771674	-0.443056300687	0.228094755062	-0.866991290115	-2.51663661003	1.30786621571	-4.96443223953
25	7	0.49999095872	0.369609390831	-0.226684954869	0.901111996061	2.11924982071	-1.30944156647	5.14566802979
26	7	0.499986138195	-0.389133535653	0.329074434975	-0.860398226216	-2.22398090363	1.85349440575	-4.92996931076
27	7	0.499987829477	0.376355197774	-0.242220324563	0.894251686874	2.16922211647	-1.39765369892	5.10167121887
28	7	0.499960403889	-0.469274546842	0.291660725488	-0.833495903345	-2.66055774689	1.6526337862	-4.78308963776
29	7	0.499974433333	0.283316425711	-0.213308554182	0.935003349531	1.65977120399	-1.22970664501	5.33222055435
0	8	0.49919134751	0.309299197145	-0.331551946882	0.891295300764	1.77365899086	-1.88117051125	5.08933830261
1	8	0.496995609254	-0.357383995881	0.387230428678	-0.849899567357	-2.02424740791	2.21462249756	-4.86280822754
2	8	0.444229196757	0.0551792891282	-0.649215547557	0.75860030244	0.308133840561	-3.30231189728	3.89790463448
3	8	0.496993185952	-0.224499107712	0.243829748868	-0.943476128052	-1.27759492397	1.41852903366	-5.38619852066
4	8	0.499337024987	0.181650268679	-0.426915113935	0.885859280802	1.06079173088	-2.40004515648	5.07219743729
5	8	0.499982185662	-0.331376730683	0.309610956495	-0.891252219061	-1.88476538658	1.76932668686	-5.09928131104
6	8	0.499984711409	0.305475076012	-0.313321628719	0.899174362909	1.75972402096	-1.75861537457	5.14840936661
7	8	0.499979075044	-0.297305234125	0.155704232563	-0.942000949959	-1.71749532223	0.873425841331	-5.38413763046
8	8	0.499958764762	0.387682298859	0.125277359441	0.913240394619	2.22039008141	0.671710908413	5.22648143768
9	8	0.499989505857	-0.42569131394	0.0208190115142	-0.904628915078	-2.45093250275	0.122168429196	-5.16467952728
10	8	0.49998755753	0.536765469177	-0.18744834629	0.822645700513	3.06532764435	-1.05273067951	4.70987081528
11	8	0.499999072403	-0.540332033156	0.202729861456	-0.81666510714	-3.10485863686	1.14172410965	-4.66317892075
12	8	0.499999284744	0.625018994063	-0.119294184283	0.771440311791	3.56250333786	-0.681090295315	4.41971588135
13	8	0.499988328665	-0.57345588555	0.0555745734946	-0.817349260787	-3.27938985825	0.329045236111	-4.67137718201
14	8	0.499979313463	0.480540488479	-0.102253091423	0.870990897901	2.75698447227	-0.585070431232	4.97481822968
15	8	0.499792441726	-0.353158419106	0.118356725633	-0.928046774959	-2.03389883041	0.664869129658	-5.30022764206
16	8	0.476013861597	0.398922833977	0.0339488885991	0.916355850909	2.17602491379	0.154745340347	5.03889608383
17	8	0.333800567314	0.237315416252	-0.179008524286	0.954797015832	0.935283780098	-0.735912084579	3.81046676636
18	8	0.415924739093	0.208912802297	-0.453538344977	0.866405453972	1.03585076332	-2.17233085632	4.19834136963
19	8	0.495297566056	-0.525501935177	0.400026138693	-0.750884015336	-3.0081577301	2.26529121399	-4.28567647934
20	8	0.476115755737	0.746790193522	-0.231513108192	0.623462980132	4.07979154587	-1.28393483162	3.45130372047
21	8	0.498478859663	-0.564394901204	0.257273157111	-0.784390794263	-3.24389123917	1.47949647903	-4.47035074234
22	8	0.499356128275	0.616385214099	-0.257811521454	0.744044680948	3.50378370285	-1.47685372829	4.25977134705
23	8	0.499974701554	-0.500687004643	0.239372109623	-0.831873497905	-2.85440397263	1.37240576744	-4.76064109802
24	8	0.49998832494	0.371850097122	-0.144849313458	0.916922124098	2.14009165764	-0.857480764389	5.2323346138
25	8	0.499986087903	-0.320347736024	0.228425852819	-0.919347027944	-1.83828055859	1.29940152168	-5.25466442108
26	8	0.499963864684	0.353538268192	-0.25715928911	0.899377447431	2.03693628311	-1.47498512268	5.13453912735
27	8	0.499254129827	-0.41950112685	0.262086459985	-0.869096940545	-2.38950920105	1.49452280998	-4.96414661407
28	8	0.499640844762	0.347828605649	-0.221923431949	0.910914513796	2.00765752792	-1.26389849186	5.20278120041
29	8	0.499262098223	-0.374068381301	0.16534088843	-0.912543279371	-2.11873936653	0.972132325172	-5.21158313751
0	9	0.498610623181	-0.265554066599	0.312246325772	-0.912131169161	-1.51734423637	1.81296265125	-5.19518709183
1	9	0.445063710213	0.180869277043	-0.69836976478	0.692507022536	0.926177978516	-3.55228900909	3.57877206802
2	9	0.241131490096	0.152706920358	-0.607693059717	0.77935212943	0.436411380768	-1.7287197113	2.2664232254
3	9	0.445170074701	0.128811571158	-0.568192416032	0.812751473391	0.664953112602	-2.90020370483	4.17551708221
4	9	0.499635864049	-0.251581561872	0.318919963242	-0.913781579357	-1.44347476959	1.83531737328	-5.22026443481
5	9	0.499957926571	0.342133038013	-0.292639085504	0.892920685131	1.94290542603	-1.6687964201	5.11071920395
6	9	0.499998994172	-0.365690572763	0.198141970347	-0.909400992181	-2.08264541626	1.14406180382	-5.19987487793
7	9	0.499996233732	0.316751714178	-0.127428003456	0.939909812429	1.82517552376	-0.73116338253	5.36862468719
8	9	0.499999742955	-0.459719488772	-0.00339369545891	-0.888057697717	-2.62316203117	-0.00903658941388	-5.08058261871
9	9	0.499997664243	0.55250001217	-0.059559030007	0.831382257747	3.14637994766	-0.341821193695	4.76141166687
10	9	0.499998953193	-0.542867559451	0.147063996166	-0.826841577285	-3.10600566864	0.831206679344	-4.72699546814
11	9	0.499999150634	0.549822915271	-0.144786216979	0.822637048288	3.14276504517	-0.821543455124	4.70423412323
12	9	0.499999877065	-0.500556929962	0.07216198973	-0.86269079461	-2.88977527618	0.426791369915	-4.91545248032
13	9	0.49999897927	0.543456458742	-0.0945671017122	0.834093604295	3.10388231277	-0.542816758156	4.76996231079
14	9	0.499994229525	-0.487605232651	0.0807975428304	-0.869317487552	-2.77168059349	0.471486270428	-4.97882509232
15	9	0.499739982188	0.314372158962	-0.0496691715814	0.947999535371	1.81364130974	-0.309514820576	5.41076612473
16	9	0.499071557075	-0.301933668021	0.264840382141	-0.915803271507	-1.74580907822	1.49508142471	-5.23493242264
17	9	0.476411610842	0.457674356357	-0.388897022623	0.799558183829	2.5038125515	-2.12791013718	4.40273571014
18	9	0.498206552118	-0.453329469429	0.399534825514	-0.796783731855	-2.59029889107	2.27323627472	-4.56769609451
19	9	0.498880617321	0.549791316042	-0.294523531067	0.781655549748	3.11730718613	-1.70083379745	4.46482086182
20	9	0.499807216227	-0.447121659364	0.336341786032	-0.82882834453	-2.59043979645	1.92304623127	-4.72087001801
21	9	0.499626755714	0.525852381758	-0.419535175595	0.739911825178	3.00167298317	-2.36648392677	4.24675989151
22	9	0.499980539083	-0.557913413713	0.300386111419	-0.773628338975	-3.17373752594	1.72716188431	-4.43144989014
23	9	0.4999916628	0.415009752851	-0.368992612288	0.831631743691	2.38950514793	-2.08790874481	4.75594425201
24	9	0.499997936189	-0.429431284086	0.320661883899	-0.844253947852	-2.44260144234	1.8094496727	-4.84323310852
25	9	0.499985972419	0.251095563336	-0.154753564937	0.955511565714	1.4810667038	-0.909191071987	5.44914293289
26	9	0.499203767627	-0.524389152514	0.288487314324	-0.801118646768	-2.9634540081	1.63278841972	-4.59936618805
27	9	0.497177504003	0.49821154432	-0.278285042277	0.82118371413	2.84187221527	-1.58025455475	4.69938230515
28	9	0.444805076346	-0.440494260084	0.0223425572348	-0.897477362929	-2.24856495857	0.134018778801	-4.59593772888
29	9	0.49763179943	0.269285081413	-0.304512123268	0.913650869704	1.55285346508	-1.72505199909	5.22786331177
0	10	0.498759888113	0.282546667811	-0.475317948068	0.833210794909	1.62580060959	-2.67067289352	4.77737998962
1	10	0.49719594419	-0.300728570984	0.331588925202	-0.894209769169	-1.71146059036	1.9335269928	-5.10051441193
2	10	0.445234246552	-0.0371478450867	-0.530370601347	0.846951629571	-0.149672150612	-2.72543048859	4.34159135818
3	10	0.496574221179	-0.248959615679	0.148364480371	-0.957082593471	-1.42713999748	0.89062333107	-5.45816278458
4	10	0.499220218509	0.384832904265	-0.219452886558	0.896517744597	2.16768789291	-1.26340353489	5.12792491913
5	10	0.499977666885	-0.211998364221	0.270416533241	-0.939112129683	-1.24740982056	1.5433652401	-5.36233329773
6	10	0.499964289367	0.378313394552	-0.238257394285	0.894490016474	2.14657926559	-1.34524857998	5.12543821335
7	10	0.499986879528	-0.339371923204	0.202972879651	-0.918492628096	-1.95464122295	1.13184523582	-5.25333595276
8	10	0.499988548458	0.486381124529	-0.0514319520042	0.872231710049	2.77435851097	-0.307495117188	4.98977279663
9	10	0.499997362494	-0.583736856231	0.0952912704734	-0.806331728539	-3.32563018799	0.536628961563	-4.61900949478
10	10	0.499999694526	0.571568887234	-0.0569875307933	0.818572799744	3.26577615738	-0.342807650566	4.67980861664
11	10	0.499997947365	-0.581419997983	0.0598712246249	-0.811397696822	-3.3321762085	0.36828070879	-4.63190460205
12	10	0.500000342727	0.690831181074	-0.138289677773	0.709667699898	3.91694140434	-0.792755842209	4.09047412872
13	10	0.499999571592	-0.5620397229	0.186900408178	-0.805716815826	-3.20325803757	1.06606185436	-4.6153178215
14	10	0.499996395782	0.328234472561	-0.211526882746	0.920607684575	1.9086946249	-1.19301700592	5.25670146942
15	10	0.499990068376	-0.348429561417	0.11142207669	-0.930688971438	-1.99744272232	0.653891921043	-5.31716251373
16	10	0.499735292047	0.393161736065	-0.297856971099	0.869887966385	2.24126434326	-1.68981409073	4.977850914
17	10	0.4998514615	-0.446252546876	0.373649563506	-0.813169519903	-2.53761315346	2.12752795219	-4.65952634811
18	10	0.499561149627	0.35240433512	-0.339368673046	0.872146827286	2.03532385826	-1.94984185696	4.96870231628
19	10	0.499969318509	-0.468517672015	0.349740770105	-0.811278364519	-2.6729798317	2.00040841103	-4.64115333557
20	10	0.499973837286	0.480205049702	-0.368203421344	0.796134003012	2.74345302582	-2.09187316895	4.55798053741
21	10	0.499993655831	-0.456126933723	0.301587173374	-0.837253484429	-2.61861276627	1.73893666267	-4.77566337585
22	10	0.499994337559	0.408011143165	-0.310656180877	0.858498482431	2.35444498062	-1.77068185806	4.8997836113
23	10	0.49999942258	-0.418743554091	0.291116502226	-0.860177317789	-2.4018163681	1.65917134285	-4.91562366486
24	10	0.499999005347	0.441153109778	-0.227136132989	0.868212595407	2.51556277275	-1.30610334873	4.96484231949
25	10	0.499963242561	-0.38400022035	0.136890255112	-0.913129174228	-2.20006656647	0.793848931789	-5.21648645401
26	10	0.499470431358	0.479524363225	-0.206590197392	0.852863925498	2.7397403717	-1.17146420479	4.87854528427
27	10	0.445048809052	-0.477491124428	-0.102149583735	-0.872678456612	-2.44454097748	-0.478389501572	-4.47533321381
28	10	0.23587648198	-0.424053672144	0.145386344908	-0.893891097313	-1.20106625557	0.402525186539	-2.51933956146
29	10	0.444781437516	-0.36155541481	0.0892546289363	-0.928068582183	-1.8577337265	0.484113514423	-4.74586725235
0	11	0.499210875481	-0.37304041003	0.349514819523	-0.859465091449	-2.12350225449	2.02338504791	-4.89776039124
1	11	0.4992938824	0.295951864542	-0.541833934995	0.786656520192	1.70261442661	-3.06156301498	4.50907230377
2	11	0.499359559268	-0.316068868465	0.527957273442	-0.78826492235	-1.8008184433	3.00549983978	-4.51683139801
3	11	0.499385982752	0.254166012256	-0.423743925608	0.869391007386	1.47590100765	-2.39303874969	4.97214794159
4	11	0.499932222068	-0.350843740683	0.281262519525	-0.893196543172	-2.00149393082	1.61544263363	-5.10604286194
5	11	0.499243754894	0.277638798009	-0.293684558297	0.914694527183	1.59198760986	-1.65983510017	5.2253613472
6	11	0.499543052167	-0.320455697854	0.0166933296843	-0.947116401746	-1.84988188744	0.13252826035	-5.41029834747
7	11	0.499230846763	0.367096306247	0.0559264523246	0.928500152865	2.0938501358	0.281038433313	5.30431079865
8	11	0.499956838787	-0.450787552725	0.128207830738	-0.883376100223	-2.58166599274	0.712783634663	-5.05132865906
9	11	0.499979820102	0.559333689672	-0.0711825796287	0.825880659633	3.18836259842	-0.423338413239	4.72653341293
10	11	0.49996336922	-0.538880315286	0.175964459445	-0.823798831517	-3.09753036499	0.99779689312	-4.70059967041
11	11	0.499986581504	0.624325854526	-0.288083827191	0.726102565676	3.56261301041	-1.61708498001	4.17013263702
12	11	0.499986682087	-0.558562701302	0.234988930064	-0.795479673821	-3.20494747162	1.34513258934	-4.5391869545
13	11	0.499999340624	0.50420942758	-0.261336952056	0.823089211829	2.87975740433	-1.48897922039	4.70933198929
14	11	0.499999713153	-0.370021609832	0.20019072474	-0.907197708322	-2.13150119781	1.15608239174	-5.17813634872
15	11	0.499996233732	0.415975870129	-0.124693806594	0.900786062319	2.36875343323	-0.739330768585	5.15098810196
16	11	0.499996531755	-0.378175850279	0.250023417554	-0.891331204963	-2.16560220718	1.43831014633	-5.09203147888
17	11	0.49998652935	0.382875515376	-0.348451841307	0.855562770354	2.193379879	-1.98898744583	4.89029073715
18	11	0.499995741993	-0.363676897535	0.407523052063	-0.837653911969	-2.07804322243	2.32549023628	-4.79137039185
19	11	0.49999165535	0.397318758359	-0.402060262929	0.824915358827	2.27888727188	-2.28511571884	4.71918010712
20	11	0.499999471009	-0.507659875045	0.271871677285	-0.817537303344	-2.89452958107	1.57814860344	-4.67114496231
21	11	0.499999441206	0.556305891525	-0.3460035774	0.755516564664	3.17212533951	-1.96169114113	4.33325767517
22	11	0.499994888902	-0.510193816982	0.250585386732	-0.82274493804	-2.92248272896	1.43541574478	-4.69980573654
23	11	0.499995160848	0.510180218763	-0.174412251763	0.842197429834	2.90594053268	-1.01241612434	4.81858825684
24	11	0.499981548637	-0.429344259901	0.290647078128	-0.855095189125	-2.46115732193	1.62826824188	-4.89719629288
25	11	0.499984767288	0.401858049526	-0.0924252249845	0.91102562303	2.30970978737	-0.560516834259	5.20070362091
26	11	0.499233882874	-0.509415471138	0.250116953667	-0.823369532624	-2.89681577682	1.41060042381	-4.71222114563
27	11	0.498177256435	0.426472272727	-0.194385414472	0.883366125248	2.46530866623	-1.12110674381	5.04531431198
28	11	0.446698077023	-0.499346236589	0.220383975597	-0.837904671967	-2.55597662926	1.12764012814	-4.31332540512
29	11	0.498018462211	0.398444164755	-0.360731030697	0.84327656855	2.28132224083	-2.06070947647	4.8273434639
0	12	0.499956924468	0.398412200639	-0.452029980577	0.798083087806	2.2852127552	-2.5743894577	4.56481742859
1	12	0.499974966049	-0.349276897712	0.431264806211	-0.831875180329	-2.0239367485	2.47844314575	-4.73918819427
2	12	0.499946765602	0.512164072679	-0.401590803098	0.759218538712	2.91207098961	-2.30091238022	4.35048103333
3	12	0.499970588833	-0.417823120133	0.284957868674	-0.862683518657	-2.39787197113	1.65275609493	-4.92123317719
4	12	0.499271146953	0.41892792889	-0.309751563779	0.853553372164	2.38355755806	-1.76893723011	4.87623977661
5	12	0.497554048896	-0.300269137728	0.326908040775	-0.896085697801	-1.7326374054	1.86148285866	-5.12264108658
6	12	0.443776428699	0.560687981785	-0.177281047884	0.808826568025	2.8475587368	-0.899381279945	4.14357662201
7	12	0.49683666788	-0.298256955433	0.0136735801221	-0.954387668478	-1.73144638538	0.0866523385048	-5.44338035583
8	12	0.499293703586	0.452861247519	-0.116404076413	0.883949535602	2.58310818672	-0.65494453907	5.04974603653
9	12	0.499265149236	-0.508100789293	0.143927126445	-0.849187005431	-2.90310502052	0.817568600178	-4.8473610878
10	12	0.499544635415	0.64241370427	-0.162005239464	0.749038673869	3.65533661842	-0.919398188591	4.29942083359
11	12	0.499195240438	-0.665556898759	0.210660462291	-0.716000128591	-3.78741168976	1.20561921597	-4.09641313553
12	12	0.499966919422	0.589479121928	-0.288275193827	0.754593783061	3.37135076523	-1.63702058792	4.31806898117
13	12	0.499986432493	-0.457683686389	0.337805651342	-0.822443302079	-2.62951946259	1.92341065407	-4.69778442383
14	12	0.499999646097	0.447137787426	-0.370928812496	0.813928507374	2.54966259003	-2.10006189346	4.66668558121
15	12	0.500000081956	-0.402280406556	0.303529683043	-0.863736190056	-2.30072259903	1.73769068718	-4.93727397919
16	12	0.499999463558	0.363269475805	-0.357623356251	0.860314374524	2.08459877968	-2.03225827217	4.92011117935
17	12	0.499999530613	-0.421477109608	0.305786812678	-0.853727984354	-2.39437627792	1.76187467575	-4.8839597702
18	12	0.499999266118	0.275477810328	-0.488513405101	0.827929120791	1.60538911819	-2.75769209862	4.74550914764
19	12	0.499999679625	-0.35567060694	0.358134792117	-0.863271620079	-2.04697942734	2.05160737038	-4.92852592468
20	12	0.499999009073	0.463718747943	-0.334708090203	0.820326408912	2.65697526932	-1.91307985783	4.68713903427
21	12	0.499994307756	-0.61630408447	0.289335301055	-0.732430446547	-3.50995254517	1.66159653664	-4.19617033005
22	12	0.499987639487	0.642402515577	-0.206430913322	0.738041520516	3.65178918839	-1.18568634987	4.23712491989
23	12	0.499631419778	-0.493072598488	0.0930817902763	-0.86499433116	-2.83676481247	0.553020656109	-4.92915630341
24	12	0.499841563404	0.440869283821	-0.138304661731	0.886851788704	2.53300333023	-0.797905445099	5.06290054321
25	12	0.499482247978	-0.436499296512	0.176509550954	-0.88222034808	-2.50207400322	1.0106959343	-5.03352022171
26	12	0.499951086938	0.543354644504	-0.218314730383	0.810619768322	3.10170078278	-1.26522088051	4.63404607773
27	12	0.499257199466	-0.638713274022	0.320512335061	-0.699512113306	-3.61275482178	1.83185899258	-4.02549314499
28	12	0.499679662287	0.477555529466	-0.397346527351	0.78361754286	2.74628186226	-2.25831580162	4.47892618179
29	12	0.499228969216	-0.401356019008	0.431862552692	-0.807717822998	-2.30804347992	2.45387983322	-4.6085729599
0	13	0.499985903502	-0.556378870788	0.42135796067	-0.716170385537	-3.17636537552	2.40849637985	-4.09850740433
1	13	0.499996654689	0.559509818276	-0.508252098482	0.654697309939	3.19447660446	-2.88680315018	3.76317715645
2	13	0.499998472631	-0.676740672149	0.381666366247	-0.629565602249	-3.84143924713	2.19501161575	-3.62242603302
3	13	0.499955289066	0.587524761016	-0.336496811078	0.735924283692	3.35164761543	-1.92901432514	4.21142244339
4	13	0.499531753361	-0.480907389019	0.329512706695	-0.812495821105	-2.76219439507	1.87721180916	-4.64059352875
5	13	0.445558547974	0.436955548216	-0.115392840154	0.892050638319	2.25812840462	-0.60992616415	4.56192970276
6	13	0.235761942342	0.528220285642	-0.191658436365	0.827194278031	1.49860370159	-0.536681056023	2.32610964775
7	13	0.444660738111	0.633636873715	-0.201075700227	0.747042753158	3.22887682915	-1.0224840641	3.83553957939
8	13	0.498895466328	-0.515017330376	0.0424374473576	-0.856128619119	-2.93156337738	0.263682335615	-4.89246988297
9	13	0.49763328582	0.407674228819	-0.153275501026	0.900171285891	2.35107970238	-0.861724615097	5.14260435104
10	13	0.444556057453	-0.525144957366	-0.066575115334	-0.84840469575	-2.69250822067	-0.316749513149	-4.3372335434
11	13	0.497830972075	0.626337043545	-0.158486101872	0.763271945899	3.58733081818	-0.906722426414	4.36351633072
12	13	0.499214276671	-0.683510177541	0.184130532566	-0.706335461502	-3.87126517296	1.06819140911	-4.05856180191
13	13	0.499987229705	0.476069949767	-0.331265457244	0.814629117922	2.72318553925	-1.88166570663	4.66303920746
14	13	0.499997276813	-0.433802334579	0.321872726672	-0.841554206417	-2.47610425949	1.84861016273	-4.80971479416
15	13	0.500000089407	0.387701407361	-0.395096193766	0.832818477462	2.21398925781	-2.24441671371	4.76923751831
16	13	0.500000186265	-0.362923151204	0.386631354901	-0.847822494233	-2.08410024643	2.19866704941	-4.84846448898
17	13	0.50000012666	0.409583880517	-0.229682001793	0.882885736023	2.33507633209	-1.33896183968	5.04397153854
18	13	0.500000156462	-0.385333208093	0.31546658657	-0.867178846316	-2.20771288872	1.809227705	-4.95401096344
19	13	0.499999128282	0.463576168169	-0.269097374806	0.844205981487	2.64413332939	-1.55083274841	4.82631111145
20	13	0.499999254942	-0.441735592763	0.397101448199	-0.804475049908	-2.54701519012	2.24515295029	-4.60089349747
21	13	0.499995075166	0.595691672998	-0.384943263546	0.704961073089	3.39929389954	-2.17520928383	4.05079746246
22	13	0.49961502105	-0.591218460513	0.251780686895	-0.766203117754	-3.39810037613	1.42884218693	-4.36534500122
23	13	0.499051168561	0.653581695791	-0.150249359098	0.741792489189	3.73321962357	-0.856213867664	4.24915790558
24	13	0.471063703299	-0.568826645694	0.0972516806368	-0.816687429658	-3.0967464447	0.535358786583	-4.42853832245
25	13	0.49770148471	0.483338006639	-0.262651968424	0.835103774881	2.77633571625	-1.4946038723	4.7720451355
26	13	0.499154731631	-0.510379528094	0.377057145925	-0.772878157286	-2.91568231583	2.14748430252	-4.41259670258
27	13	0.49995175004	0.520826707991	-0.460221272616	0.718982559229	2.98961114883	-2.60889434814	4.11630153656
28	13	0.499952472746	-0.595677968093	0.35252239383	-0.721731058066	-3.3936662674	2.02544641495	-4.13035774231
29	13	0.499989710748	0.5632011006	-0.331300976681	0.756996818443	3.21966576576	-1.91034221649	4.32182598114
0	14	0.499999642372	0.623288949747	-0.371848932792	0.687923873917	3.56737661362	-2.14104413986	3.92218923569
1	14	0.499999843538	-0.543539524251	0.475414881992	-0.691769813997	-3.13143205643	2.70566964149	-3.94516563416
2	14	0.499998345971	0.605561639081	-0.4548905445	0.652969902674	3.4711098671	-2.59463119507	3.7288646698
3	14	0.499990008771	-0.639294707456	0.396355079036	-0.658942279977	-3.64981627464	2.26861476898	-3.77050018311
4	14	0.499266527593	0.62280589966	-0.373248391493	0.687603410112	3.55512332916	-2.11291837692	3.93691015244
5	14	0.498258031905	-0.661032315357	0.102275478958	-0.743354561738	-3.77925157547	0.616915881634	-4.25831604004
6	14	0.44737315923	0.698474210132	-0.2175263398	0.681774206958	3.57334971428	-1.11782979965	3.53039646149
7	14	0.498089015484	-0.561320545368	0.278994671812	-0.779154168601	-3.21659708023	1.57531738281	-4.465528965
8	14	0.498916510493	0.443982140357	-0.053547789402	0.894434174936	2.57296133041	-0.315823614597	5.08950853348
9	14	0.445476863533	-0.547413005143	-0.0529580365631	-0.835185277746	-2.80143141747	-0.260579973459	-4.28292369843
10	14	0.234342003241	-0.53722211829	0.0463982056897	-0.842163643319	-1.51358747482	0.108639590442	-2.35565400124
11	14	0.44563376531	-0.536294544732	0.029248807303	-0.843523958499	-2.75253248215	0.153411135077	-4.32135772705
12	14	0.499677076936	0.530923576868	-0.197220003142	0.824150730077	3.02699184418	-1.11815297604	4.72250318527
13	14	0.499962344766	-0.313164078826	0.265243716484	-0.91190681026	-1.82155156136	1.52127242088	-5.20195198059
14	14	0.499999795109	0.37408134497	-0.333313470914	0.865427800254	2.13121271133	-1.90495598316	4.95102930069
15	14	0.499999877065	-0.296790204447	0.343086174785	-0.891183174895	-1.72237765789	1.97003531456	-5.08336687088
16	14	0.500000108033	0.43223438137	-0.391940656723	0.812130507474	2.45203304291	-2.22377061844	4.66189622879
17	14	0.500000096858	-0.357109462336	0.275822367666	-0.892409577159	-2.05570936203	1.58481693268	-5.09406661987
18	14	0.500000678003	0.442352146794	-0.364083006142	0.819614630705	2.52472066879	-2.04921722412	4.7038898468
19	14	0.500000219792	-0.557655683793	0.17324678612	-0.811791653956	-3.16972589493	1.0158135891	-4.648832798
20	14	0.499999806285	0.535711041322	-0.204352664789	0.819300719272	3.06872940063	-1.18603515625	4.6762137413
21	14	0.49997869879	-0.583679038078	0.212141990456	-0.783782212348	-3.35635757446	1.21786785126	-4.46632671356
22	14	0.499805308878	0.762976160918	-0.119857520658	0.635217720638	4.34140539169	-0.697534739971	3.65608787537
23	14	0.468223571777	-0.835582518979	0.081352909586	-0.54330797719	-4.49797058105	0.445056796074	-2.95421218872
24	14	0.311054781079	-0.864247751711	-0.0690764884891	-0.498301377081	-3.20399427414	-0.237746581435	-1.87613677979
25	14	0.415003336966	-0.825330944444	0.0428625206676	-0.563020103074	-3.98190069199	0.220189362764	-2.73219251633
26	14	0.497046180069	0.516335594986	-0.483909427651	0.706561546633	2.96970820427	-2.7464427948	4.03459119797
27	14	0.49913931638	-0.511215135455	0.443595580961	-0.736126378982	-2.94187998772	2.52208805084	-4.19166564941
28	14	0.499970175326	0.629843582792	-0.372735582161	0.681443502432	3.59724211693	-2.13097453117	3.89930844307
29	14	0.499989122152	-0.675147139199	0.345992473237	-0.651510206286	-3.8481221199	1.97686350346	-3.73726463318
0	15	0.499998927116	-0.741446399531	0.471829174574	-0.477110539229	-4.23785686493	2.66098666191	-2.77020406723
1	15	0.499999530613	0.712906447667	-0.357687976904	0.603178006937	4.06969261169	-2.06642460823	3.44402980804
2	15	0.499999396503	-0.692468361003	0.47268526413	-0.545028632353	-3.95212173462	2.6898522377	-3.13568115234
3	15	0.499987579882	0.653342076252	-0.465703373489	0.596878965386	3.74224948883	-2.64672923088	3.41692638397
4	15	0.499975807965	-0.6566924556	0.367860678716	-0.65835669649	-3.7549996376	2.09589123726	-3.76803064346
5	15	0.499277979136	0.612679070559	-0.233812700048	0.754954288547	3.51413249969	-1.33762788773	4.29622364044
6	15	0.499675817788	-0.624360822027	0.278254206134	-0.729895993061	-3.582477808	1.58125209808	-4.16653251648
7	15	0.499271444976	0.650265324359	-0.222092359076	0.726519092644	3.71443462372	-1.2599145174	4.1487736702
8	15	0.499220833182	-0.697752282276	0.0451069553749	-0.714917558293	-3.96340870857	0.272979527712	-4.10144090652
9	15	0.498099725693	0.619998921189	-0.0350665826362	0.783818647716	3.55709910393	-0.194842934608	4.47977828979
10	15	0.446240879595	-0.622191404355	-0.152639154981	-0.767840572458	-3.18403720856	-0.756571888924	-3.95441675186
11	15	0.498101305217	0.536828473169	-0.0752582832845	0.840328138998	3.0563492775	-0.422123968601	4.8214006424
12	15	0.499233797193	-0.409885794642	0.0901510113544	-0.90767088226	-2.34803271294	0.53459084034	-5.1763677597
13	15	0.499987795949	0.310015626755	-0.268538209789	0.912018388549	1.78608131409	-1.52072906494	5.21463155746
14	15	0.499997455627	-0.313706170651	0.388444839713	-0.866428903601	-1.80900430679	2.20070385933	-4.95701789856
15	15	0.499999698251	0.378464026419	-0.383489849035	0.842437247749	2.15108132362	-2.18791246414	4.82380104065
16	15	0.499997414649	-0.393159101286	0.291702849285	-0.871972114689	-2.24813055992	1.67575013638	-4.98208618164
17	15	0.499999538064	0.354491548134	-0.238064745382	0.904246050203	2.03907155991	-1.35387635231	5.16685676575
18	15	0.499997567385	-0.362231968148	0.166525845501	-0.917091677005	-2.09839892387	0.97015607357	-5.23011922836
19	15	0.500000473112	0.492027056795	-0.224412403621	0.841158991204	2.81919288635	-1.27353584766	4.80858612061
20	15	0.499998383224	-0.62169811005	0.297334982991	-0.724626364308	-3.54785227776	1.67204082012	-4.16111564636
21	15	0.499991968274	0.706830729042	-0.194529119719	0.68010936037	4.02667570114	-1.10886979103	3.90445590019
22	15	0.499531902373	-0.663457037676	0.0858381653939	-0.743274221617	-3.80464506149	0.525772035122	-4.22920131683
23	15	0.496375538409	0.647420894989	-0.341735737565	0.681221601538	3.72307419777	-1.91283750534	3.88146710396
24	15	0.416208431125	-0.879990512798	-0.163721144599	-0.445883487245	-4.2628364563	-0.76676261425	-2.16827440262
25	15	0.370294347405	-0.764440348982	0.185285708613	-0.617495068022	-3.3974840641	0.826806306839	-2.7160654068
26	15	0.418380111456	-0.703337065031	0.607487475449	-0.369155712576	-3.43769407272	2.9322988987	-1.81112456322
27	15	0.497496165335	0.713352404136	-0.306593312868	0.630181630975	4.0725736618	-1.77166724205	3.60212469101
28	15	0.499451220036	-0.668583142345	0.352967585388	-0.654530721539	-3.8293967247	2.0046749115	-3.73257160187
29	15	0.499990969896	0.691636762504	-0.261539674136	0.673227738292	3.97093319893	-1.52051782608	3.82456445694
0	16	0.499999552965	0.811302731076	-0.260701885627	0.523280427093	4.63969516754	-1.50247788429	2.98489427567
1	16	0.499999858439	-0.739971876334	0.337360032957	-0.581919092656	-4.23323154449	1.92497229576	-3.32571363449
2	16	0.499999783933	0.673424691545	-0.420655965738	0.607904386648	3.86279535294	-2.39274263382	3.46993923187
3	16	0.499999389052	-0.72574158739	0.389805016134	-0.566878468218	-4.14121389389	2.23024702072	-3.24980521202
4	16	0.49998767674	0.711678842369	-0.293417614126	0.638294077244	4.07252693176	-1.68480229378	3.64175438881
5	16	0.499992012978	-0.722888620519	0.209885051778	-0.658316266975	-4.12851953506	1.20986819267	-3.76548075676
6	16	0.499966211617	0.736293286356	-0.288381806708	0.612134078472	4.20361614227	-1.63176012039	3.51460361481
7	16	0.499979346991	-0.740905162984	0.152631509143	-0.654036055489	-4.22916412354	0.886863946915	-3.74370908737
8	16	0.499959565699	0.705505227576	-0.0896451219484	0.70301218053	4.02908039093	-0.513370156288	4.02347278595
9	16	0.499254651368	-0.676833304216	-0.0149576252266	-0.735984339339	-3.85394001007	-0.0728394389153	-4.21082401276
10	16	0.499670419842	0.578309232125	0.0686092575218	0.812927550167	3.2987408638	0.387379556894	4.65493869781
11	16	0.49922946468	-0.409238676838	-0.0142810911786	-0.912315600993	-2.36403107643	-0.0628033280373	-5.19671487808
12	16	0.49996948801	0.368489537177	-0.121967827815	0.921596066598	2.12093877792	-0.688760757446	5.26438903809
13	16	0.499987095594	-0.365673355239	0.0832947922332	-0.927008616387	-2.09261226654	0.514448523521	-5.29620599747
14	16	0.499998986721	0.42801936122	-0.265225891298	0.86397607201	2.42715287209	-1.51688981056	4.9507522583
15	16	0.499984897673	-0.284346256287	0.458135580948	-0.842175157556	-1.6614420414	2.57472229004	-4.82936668396
16	16	0.49998017028	0.41985730955	-0.285535627509	0.861504059793	2.39668941498	-1.62019634247	4.93254709244
17	16	0.499957054853	-0.461944453087	0.0786710969825	-0.883412803146	-2.6392250061	0.471778810024	-5.04995775223
18	16	0.499989133328	0.542369091525	-0.124713634681	0.830832280237	3.08124518394	-0.695399284363	4.76682138443
19	16	0.499988019466	-0.486725682589	0.100706635981	-0.867730536156	-2.80480337143	0.582189083099	-4.94803333282
20	16	0.499999471009	0.613066843335	-0.131852438961	0.778950563221	3.50496721268	-0.761719584465	4.45274734497
21	16	0.49999216944	-0.714381939167	0.123030356143	-0.688855555584	-4.07190752029	0.712651669979	-3.9493727684
22	16	0.499962717295	0.717665330108	-0.214928073657	0.662391422887	4.1102809906	-1.21173810959	3.78489971161
23	16	0.499226473272	-0.801894224681	0.239454385714	-0.547382178725	-4.57441139221	1.35220932961	-3.13904118538
24	16	0.497562512755	0.899386710825	-0.0256276713949	0.436402070172	5.13587522507	-0.170551240444	2.50581622124
25	16	0.417818933725	-0.940621700234	0.322244878922	-0.106719515825	-4.56843662262	1.56593692303	-0.554448127747
26	16	0.305160954595	-0.831892327219	0.498144542043	-0.244555047274	-3.04456329346	1.80079507828	-0.902858257294
27	16	0.467471152544	-0.886906321611	0.30335684133	-0.348384562667	-4.77241611481	1.64522302151	-1.88911163807
28	16	0.499757856131	0.787040087312	-0.289235391299	0.544895209544	4.51222658157	-1.65061855316	3.09958362579
29	16	0.499980211258	-0.862971607047	0.237810794272	-0.445786980023	-4.91979885101	1.3655359745	-2.57396125793
0	17	0.499998748302	-0.887632413624	0.171712298786	-0.427344807771	-5.06621932983	0.99352991581	-2.45706152916
1	17	0.500000163913	0.782419497313	-0.236609343815	0.576051862808	4.47668600082	-1.35513210297	3.28861880302
2	17	0.499999783933	-0.711759917316	0.292208944538	-0.638757976728	-4.07518768311	1.68524801731	-3.63879871368
3	17	0.499999754131	0.724076750796	-0.416079210045	0.550082675536	4.14979362488	-2.35450220108	3.15033817291
4	17	0.499999769032	-0.789024559886	0.310148530143	-0.530328325801	-4.50766944885	1.76116096973	-3.04583215714
5	17	0.499998256564	0.743659091944	-0.154961296745	0.650352328727	4.25949668884	-0.908446848392	3.70426535606
6	17	0.49999973923	-0.753084127571	0.251349918135	-0.608019338059	-4.3030796051	1.43079054356	-3.48098516464
7	17	0.499997496605	0.761873245152	-0.230198882571	0.605440032361	4.33990764618	-1.30706715584	3.48572134972
8	17	0.499986290932	-0.636961567847	0.167730739319	-0.752426979961	-3.65660619736	0.951528549194	-4.29090929031
9	17	0.499989196658	0.650147239837	-0.0668838289534	0.756858718624	3.70109558105	-0.375157296658	4.34279823303
10	17	0.499959640205	-0.462216430754	-0.084713737599	-0.882711478232	-2.66938996315	-0.453007042408	-5.03662061691
11	17	0.49998838827	0.555127044977	-0.0962813944165	0.826174229218	3.15141296387	-0.540127038956	4.74047660828
12	17	0.499987117946	-0.486165948378	0.16276641005	-0.858574263764	-2.76603555679	0.930158436298	-4.91644954681
13	17	0.499999251217	0.349817871842	-0.261054131119	0.899710062834	2.0233104229	-1.46199893951	5.1443362236
14	17	0.499987568706	-0.395812977693	0.115030587069	-0.911098266231	-2.2694940567	0.683543622494	-5.20267438889
15	17	0.49996612221	0.417859814475	-0.178693508173	0.89076473077	2.38593482971	-1.03648626804	5.09232997894
16	17	0.499263834208	-0.445209111466	0.111901695819	-0.888406921146	-2.53879642487	0.656844675541	-5.07111167908
17	17	0.499598052353	0.485364134829	-0.00850260419991	0.874270760316	2.77813124657	-0.0460483431816	4.99709749222
18	17	0.499267660081	-0.504610276254	-0.152468391059	-0.849777534904	-2.89010572433	-0.835191249847	-4.85367488861
19	17	0.499978616834	0.623018599149	-0.0198451117481	0.781955239546	3.54550051689	-0.114686191082	4.48470258713
20	17	0.499987948686	-0.600620224415	0.130123202327	-0.788874703765	-3.44075775146	0.730428934097	-4.50638437271
21	17	0.499999068677	0.611968577733	-0.084342661861	0.786371906453	3.5291929245	-0.497427016497	4.47204780579
22	17	0.499990127981	-0.786150766303	0.129679078497	-0.604276682689	-4.48297119141	0.754430472851	-3.46834611893
23	17	0.499953195453	0.820609695049	-0.132132177417	0.556004330993	4.68839263916	-0.762408494949	3.18086242676
24	17	0.499114356935	-0.836185215915	0.0788856451282	-0.542744267292	-4.77569532394	0.472275316715	-3.09151649475
25	17	0.495714515448	0.792355210443	-0.244162578107	0.559068739903	4.53356647491	-1.38331437111	3.16359090805
26	17	0.466402217746	-0.932881631164	0.303818944346	-0.193457776512	-5.01804637909	1.6315895319	-1.06175994873
27	17	0.497994244099	0.940790543342	-0.292847537846	0.170743881694	5.36835861206	-1.66425561905	1.00565028191
28	17	0.499601632357	-0.882045280641	0.191622881925	-0.430437909601	-5.05165719986	1.0991204977	-2.43729281425
29	17	0.499982655048	0.891187699853	-0.199395176049	0.407462939908	5.09552669525	-1.13501787186	2.32979536057
0	18	0.49999794364	0.906204512152	-0.15995344517	0.391418289728	5.17669534683	-0.906410336494	2.2518081665
1	18	0.500000305474	-0.809791991116	0.154027654697	-0.566138156913	-4.63242435455	0.896288156509	-3.22971725464
2	18	0.49999935925	0.715538388852	-0.329360225001	0.616057348196	4.11790132523	-1.85422158241	3.50852179527
3	18	0.499998629093	-0.79835001143	0.298814200842	-0.522826292975	-4.5675907135	1.70545113087	-2.98690152168
4	18	0.499999955297	0.875151911564	-0.170026458415	0.452990215264	4.98974609375	-0.987608790398	2.61153578758
5	18	0.499999247491	-0.801726151061	0.178658263548	-0.57036514933	-4.58772134781	1.02097010612	-3.25577878952
6	18	0.499999508262	0.740890011225	-0.24772894606	0.624269461492	4.2342543602	-1.41217362881	3.57255458832
7	18	0.499999813735	-0.633490144497	0.201232577826	-0.747124947011	-3.64103865623	1.15376567841	-4.25462007523
8	18	0.499999538064	0.652266910696	-0.178784511821	0.736602997241	3.7151927948	-1.01350831985	4.22587585449
9	18	0.499998178333	-0.529756815029	0.0708159870655	-0.845188034053	-3.04060697556	0.413592964411	-4.82447528839
10	18	0.499999318272	0.437445426775	-0.0387429868242	0.898409972989	2.51437330246	-0.232274591923	5.12962388992
11	18	0.499998103827	-0.487729665014	0.145152794461	-0.860842866106	-2.7829990387	0.832965552807	-4.92453718185
12	18	0.499999195337	0.450471735976	-0.18062037518	0.874329168652	2.57728791237	-1.03474187851	4.99687957764
13	18	0.499997701496	-0.482567916789	0.190195782001	-0.854958344129	-2.74835538864	1.08935558796	-4.89321708679
14	18	0.499991431832	0.477363055218	-0.131855465211	0.868756956695	2.72638630867	-0.772497057915	4.96567153931
15	18	0.499261721969	-0.461553087606	0.24235467639	-0.853365664972	-2.6313867569	1.36593544483	-4.87822675705
16	18	0.497502464801	0.408188329994	-0.22588300589	0.884510686712	2.3458096981	-1.27720046043	5.05600309372
17	18	0.445068929344	-0.596721862299	-0.133039640446	-0.791342829073	-3.03988337517	-0.656233787537	-4.06867456436
18	18	0.498001296073	0.471046816878	0.223439434807	0.853340327936	2.7125043869	1.25252890587	4.88290691376
19	18	0.499313186854	-0.60931081986	0.0111655564716	-0.792852858448	-3.47180485725	0.0581744089723	-4.53301906586
20	18	0.499992161989	0.649092134077	-0.0712490705154	0.75736581084	3.71343374252	-0.412954092026	4.32768392563
21	18	0.499998010695	-0.760971301234	0.168092760901	-0.626631871541	-4.33358001709	0.955115318298	-3.60627055168
22	18	0.499997213483	0.758460489693	-0.278841540609	0.589054395455	4.34018516541	-1.56795310974	3.37527084351
23	18	0.499979764223	-0.813351632028	0.171518335203	-0.555914187053	-4.6480178833	0.995690226555	-3.17642307281
24	18	0.499187141657	0.846755663791	-0.244697648223	0.472364167556	4.832259655	-1.3708332777	2.71246147156
25	18	0.497769013047	-0.870811707475	0.182790971371	-0.456370935654	-4.97480869293	1.0482596159	-2.62171196938
26	18	0.444927096367	0.879596094519	-0.146932265324	0.452461733093	4.5097413063	-0.74912405014	2.30776071548
27	18	0.497676596045	-0.933189889176	0.225859349278	-0.2795428144	-5.34251689911	1.27755224705	-1.59394264221
28	18	0.499236240983	0.980379074735	-0.0119031868118	0.19676174416	5.58979606628	-0.0993240103126	1.16628098488
29	18	0.499985679984	-0.94089138957	0.114629827089	-0.318721501902	-5.37529993057	0.656175673008	-1.834679842
0	19	0.499999389052	-0.898855199347	0.0580286001034	-0.434386938314	-5.13721942902	0.341059595346	-2.48609733582
1	19	0.499999403954	0.817729056875	-0.13672580279	0.559129005145	4.69131755829	-0.767195343971	3.17714929581
2	19	0.499993413687	-0.872259227061	0.0904069724386	-0.480614627474	-4.98064470291	0.543491601944	-2.7566614151
3	19	0.499994322658	0.881768857072	-0.24980295483	0.400102694888	5.03879833221	-1.40336883068	2.31033635139
4	19	0.499981567264	-0.863118818136	0.117436238298	-0.491156426929	-4.93599224091	0.676405787468	-2.80396151543
5	19	0.499994575977	0.890738852625	-0.102868816804	0.442721473336	5.07297229767	-0.614026010036	2.56821250916
6	19	0.499991051853	-0.722186876396	0.308765295317	-0.618958890371	-4.14502811432	1.74101114273	-3.53407073021
7	19	0.499999731779	0.655536766123	-0.192702905035	0.730162405669	3.74660682678	-1.11127984524	4.17329740524
8	19	0.499999642372	-0.556575084461	0.136776917737	-0.81946095095	-3.20364665985	0.788838267326	-4.669485569
9	19	0.499999832362	0.545137641309	-0.125720200789	0.828866324048	3.11258506775	-0.727317273617	4.74011230469
10	19	0.499999523163	-0.434477649473	0.159912474725	-0.886373043665	-2.50052714348	0.917651474476	-5.05945301056
11	19	0.500000044703	0.415352694972	-0.316753552432	0.852730511827	2.37338924408	-1.78654325008	4.88545560837
12	19	0.500000223517	-0.378350638516	0.248982368144	-0.891548414102	-2.17048430443	1.42545998096	-5.09370708466
13	19	0.499999407679	0.486416582633	-0.214582728858	0.846967036322	2.76961541176	-1.23678982258	4.84625768661
14	19	0.499962612987	-0.527201817649	0.257092849644	-0.809914507914	-2.99952149391	1.45331549644	-4.64482164383
15	19	0.499715477228	0.490832198137	-0.148230683169	0.858551930776	2.80625319481	-0.861714184284	4.90721130371
16	19	0.446412086487	-0.514985367657	0.116427038862	-0.849255447861	-2.647742033	0.581268548965	-4.3611240387
17	19	0.235243860632	-0.496850402621	-0.00428999129559	-0.867825600792	-1.4183921814	-0.00963288731873	-2.42894911766
18	19	0.44500034675	-0.501351932869	-0.00941895962584	-0.86519218825	-2.57471680641	-0.0484548136592	-4.42494678497
19	19	0.499662708491	0.556987063771	-0.0926413897325	0.825338102658	3.1995806694	-0.525480985641	4.71027946472
20	19	0.499958276749	-0.652075793394	0.059346448724	-0.755827466221	-3.7297604084	0.359656989574	-4.31793689728
21	19	0.499999187887	0.707986125444	-0.135751503967	0.693056401276	4.05451536179	-0.792641639709	3.95307588577
22	19	0.499999374151	-0.719090424628	0.242987393724	-0.651049988633	-4.11787605286	1.39170670509	-3.71369695663
23	19	0.499960124493	0.783462608488	-0.283925763547	0.552786126721	4.48442173004	-1.59462499619	3.16748142242
24	19	0.499657586217	-0.825498714125	0.118059671702	-0.551918279183	-4.72509813309	0.697800159454	-3.14432573318
25	19	0.445255674422	0.88680831042	-0.0213596228717	0.461643571472	4.53885316849	-0.125667005777	2.36975002289
26	19	0.233009904623	0.884622139971	-0.0633635632171	0.461983471923	2.46582794189	-0.199858039618	1.28239154816
27	19	0.445523172617	0.913760527789	-0.101413373971	0.393391694669	4.67905330658	-0.518090128899	2.02410316467
28	19	0.499640747905	-0.921120225406	-0.0244004438411	-0.388512739416	-5.26937103271	-0.127270877361	-2.21705079079
29	19	0.499964684248	0.896606193311	-0.0961301311271	0.432268819146	5.13156223297	-0.534217119217	2.46251797676
0	20	0.499997869134	0.92417156289	0.0111627253648	0.381814504581	5.27693080902	0.0612544566393	2.1986758709
1	20	0.49999384582	-0.897604960657	-0.00189302627107	-0.440796723055	-5.13086080551	0.00132228340954	-2.52221918106
2	20	0.499983459711	0.892898216147	-0.0617009107289	0.446010956386	5.10748910904	-0.345070213079	2.54556965828
3	20	0.499586641788	-0.906854239871	0.100112668849	-0.409381046415	-5.17347574234	0.575062632561	-2.35404896736
4	20	0.499799065292	0.819683824448	0.00177378408921	0.572813478916	4.70042514801	-0.0211520045996	3.25632333755
5	20	0.499443292618	-0.771976658426	0.191516714635	-0.606113344896	-4.42913627625	1.0827422142	-3.44011592865
6	20	0.499977141619	0.796354610473	-0.296001361547	0.527449076539	4.53595781326	-1.6900677681	3.04383897781
7	20	0.499988853931	-0.641572903681	0.266035872745	-0.719450570696	-3.68856906891	1.52192020416	-4.09610080719
8	20	0.499999701977	0.689980780569	-0.130311911973	0.712000932614	3.92810916901	-0.779009580612	4.08232069016
9	20	0.499999821186	-0.564239493353	0.263043649058	-0.782586629601	-3.23577737808	1.48528170586	-4.47353029251
10	20	0.499998923391	0.572508460271	-0.190760644094	0.797398545009	3.24639225006	-1.1163443327	4.57401132584
11	20	0.499998953193	-0.306168429914	0.340738531469	-0.888908401185	-1.78103756905	1.93621206284	-5.07727479935
12	20	0.499999474734	0.254469420974	-0.309067405691	0.91636382105	1.48182845116	-1.77629995346	5.22894620895
13	20	0.499996580184	-0.388425543486	0.315261894757	-0.865872701315	-2.22222399712	1.7984688282	-4.95137119293
14	20	0.499980766326	0.431269143003	-0.263585901146	0.862861170184	2.46999597549	-1.5087313652	4.93014144897
15	20	0.499250270426	-0.453426722903	0.201813054641	-0.868144975182	-2.59886837006	1.14445877075	-4.95270442963
16	20	0.498325739056	0.570207054136	-0.00271713363409	0.821496520138	3.2556874752	-0.0453883558512	4.71228504181
17	20	0.445060547441	-0.614306769603	-0.0830272289119	-0.784686989875	-3.13465166092	-0.39610272646	-4.03111982346
18	20	0.497315593064	0.64660952104	-0.237440427941	0.724926320725	3.69589996338	-1.34486424923	4.14808273315
19	20	0.499233350158	-0.636865794501	0.207478594853	-0.74253255314	-3.63662385941	1.18122935295	-4.23846673965
20	20	0.499985136092	0.685226662694	-0.230861236849	0.690773124878	3.92659473419	-1.31337022781	3.94370269775
21	20	0.499997623265	-0.774911774311	0.306606255962	-0.552724475521	-4.41581630707	1.74238872528	-3.18741703033
22	20	0.499997884035	0.694149394328	-0.330396835423	0.63952681687	3.99569821358	-1.86391949654	3.64112329483
23	20	0.499991126359	-0.826652145402	0.132454328952	-0.546902259316	-4.71918392181	0.788750648499	-3.13096308708
24	20	0.499232545495	0.839008589739	-0.238149558926	0.489233455446	4.78740215302	-1.34700238705	2.80167579651
25	20	0.498244717717	-0.830030906658	0.213802677438	-0.515108832299	-4.75768280029	1.21915149689	-2.94226145744
26	20	0.446094073355	0.845420595514	-0.164195348956	0.508236071193	4.34324121475	-0.832413375378	2.60093355179
27	20	0.498372152448	-0.875644103578	0.146900205924	-0.460073617337	-5.01877260208	0.817964434624	-2.63507771492
28	20	0.499233186245	0.89475043859	0.104940603482	0.434061196589	5.10975265503	0.562464356422	2.48372626305
29	20	0.499991416931	-0.891561909406	0.00453430364846	-0.45287614398	-5.09869098663	0.021960735321	-2.58623790741
0	21	0.499998420477	-0.901706672517	-0.0841564504571	-0.424078729229	-5.15577507019	-0.461535930634	-2.4269425869
1	21	0.499992489815	0.915800342352	-0.00210288741152	0.401628324216	5.23518419266	0.00550729455426	2.29688978195
2	21	0.499606505036	-0.925615460112	-0.0954607083967	-0.366228443944	-5.28766345978	-0.50325345993	-2.10602879524
3	21	0.498770177364	0.888187054987	-0.147701515696	0.435095412081	5.08572769165	-0.81454628706	2.48464250565
4	21	0.466847091913	-0.889986998656	0.0458947026026	-0.453670385298	-4.78425645828	0.253484129906	-2.44730210304
5	21	0.498223647475	0.85089649618	-0.162555822354	0.499550555406	4.86077022552	-0.945527851582	2.87273025513
6	21	0.499126501381	-0.719233616285	0.38757662394	-0.576617174372	-4.12410497665	2.19458246231	-3.28019142151
7	21	0.499972738326	0.692345452549	-0.429204796406	0.580035358472	3.96603679657	-2.43019747734	3.32558441162
8	21	0.49998883903	-0.673361698347	0.355132224017	-0.648432823555	-3.85440158844	2.02019357681	-3.70907902718
9	21	0.499999046326	0.599704183152	-0.288452537991	0.746424829461	3.41972160339	-1.66092157364	4.27014350891
10	21	0.499991521239	-0.505045292653	0.377169555854	-0.776319765629	-2.88997149467	2.13457226753	-4.44761133194
11	21	0.499992474914	0.419088882881	-0.333489818026	0.844481527044	2.38178157806	-1.92031407356	4.83008289337
12	21	0.499981593341	-0.310821173738	0.46943892088	-0.826448605492	-1.78834533691	2.65592217445	-4.73692846298
13	21	0.49998338148	0.387864659869	-0.398470358217	0.831133189836	2.20662474632	-2.27537918091	4.75815010071
14	21	0.499959036708	-0.417886824983	0.313834461426	-0.852571716823	-2.38723731041	1.79110980034	-4.87601947784
15	21	0.499282550067	0.460826010624	-0.259686068221	0.84864747328	2.62640810013	-1.47084462643	4.85151863098
16	21	0.498939301819	-0.528745923593	0.245891599773	-0.812382341909	-3.02158880234	1.38700449467	-4.64226579666
17	21	0.498639047146	0.574205616064	-0.273195452856	0.771785044568	3.28566122055	-1.53293466568	4.40798950195
18	21	0.499225318432	-0.695204713201	0.211988772479	-0.686841442464	-3.95897960663	1.22367882729	-3.92699050903
19	21	0.49995341152	0.645646017288	-0.211349635943	0.733806889956	3.71032333374	-1.22080171108	4.17587566376
20	21	0.499985709786	-0.785405302963	0.232469303456	-0.573669358628	-4.47506284714	1.34636151791	-3.29502439499
21	21	0.499999582767	0.727145208606	-0.37439547582	0.575402357735	4.1792216301	-2.11402630806	3.27983188629
22	21	0.499999679625	-0.817978212105	0.233412319415	-0.525766425009	-4.67277050018	1.34538269043	-3.00855350494
23	21	0.499987155199	0.827785773774	-0.155112810523	0.53917597197	4.73441076279	-0.908401489258	3.07332181931
24	21	0.499974563718	-0.834234348659	0.286125816362	-0.471365111913	-4.77340173721	1.61584234238	-2.70031762123
25	21	0.499249503016	0.868124000655	-0.19131281909	0.457995769345	4.94899225235	-1.10017240047	2.62317419052
26	21	0.499709904194	-0.844825152111	0.172046700381	-0.506626484945	-4.83619070053	0.980561733246	-2.88886451721
27	21	0.499238148332	0.879807190688	-0.0954344614757	0.465651769863	5.02418851852	-0.542805194855	2.65493440628
28	21	0.499977052212	-0.865043131049	0.01030794886	-0.501591594442	-4.95463514328	0.0521407350898	-2.85305500031
29	21	0.499986827374	0.856380533088	0.0281006534111	0.515579999443	4.90840053558	0.159148067236	2.92712402344
0	22	0.499999478459	0.9020471254	-0.00611781712361	0.431594202777	5.1584854126	-0.012098480016	2.46502184868
1	22	0.499978944659	-0.921130814006	-0.112570699359	-0.372620263989	-5.26286888123	-0.614321291447	-2.14882445335
2	22	0.499779984355	0.93127836252	-0.0673689510147	0.358025188976	5.31895446777	-0.34943985939	2.06911993027
3	22	0.466742455959	-0.893648246009	-0.0746088516827	-0.442522690554	-4.80443286896	-0.376713305712	-2.39196038246
4	22	0.302954636514	-0.863617721946	0.126445363296	-0.488032786236	-3.1232407093	0.452024996281	-1.78478300571
5	22	0.41842828691	-0.872279004087	0.172343170627	-0.457632134543	-4.2362909317	0.849150359631	-2.23633527756
6	22	0.497633069754	0.791023835617	-0.384111692552	0.476171711812	4.51288890839	-2.19364190102	2.74060869217
7	22	0.499126508832	-0.800177893331	0.336857015482	-0.496228465673	-4.55418205261	1.94827985764	-2.83612632751
8	22	0.499969653785	0.756877050613	-0.395437202355	0.520352331838	4.30763721466	-2.25792622566	3.0097720623
9	22	0.499982304871	-0.482807394851	0.346151516526	-0.80441043447	-2.79707384109	1.98635780811	-4.57626199722
10	22	0.499971043319	0.473524999387	-0.333922378735	0.815027557777	2.7049305439	-1.92488741875	4.65517950058
11	22	0.499507587403	-0.298724350035	0.362243963231	-0.882917365215	-1.73579597473	2.07936835289	-5.02935409546
12	22	0.499823354185	0.345527627804	-0.388634051214	0.854151176702	1.95878148079	-2.23567128181	4.88340425491
13	22	0.49960649386	-0.253711639777	0.47056464382	-0.845103141532	-1.46953582764	2.66663765907	-4.83477926254
14	22	0.499284040183	0.373291847894	-0.29141853493	0.880754468507	2.12331652641	-1.67284488678	5.02974796295
15	22	0.497954394668	-0.355734463913	0.104308982468	-0.928747881484	-2.05170512199	0.625811755657	-5.30637693405
16	22	0.446054369211	0.534867000221	-0.149891566867	0.831534611581	2.73994898796	-0.780986845493	4.26704692841
17	22	0.498321767896	-0.564465886352	0.185184719074	-0.804415864442	-3.24779701233	1.07525634766	-4.59333610535
18	22	0.499231696129	0.746946795048	-0.315469986276	0.585277005465	4.24999904633	-1.7924489975	3.3653409481
19	22	0.499977245927	-0.715991651427	0.35613585686	-0.600435847152	-4.09836196899	2.0210313797	-3.43627214432
20	22	0.499996900558	0.787791468979	-0.364034992154	0.496853223691	4.50623321533	-2.06907725334	2.84623908997
21	22	0.49999910593	-0.835878678432	0.302803485326	-0.45783936508	-4.77382659912	1.73759150505	-2.62295293808
22	22	0.499999642372	0.904457900762	-0.228715185299	0.360062869181	5.15456008911	-1.32216393948	2.09220170975
23	22	0.499999001622	-0.842242354857	0.280191290493	-0.460565583188	-4.81853437424	1.59163570404	-2.63326883316
24	22	0.499986797571	0.847867043423	-0.249176282579	0.468009248708	4.84897518158	-1.42183434963	2.67307400703
25	22	0.499990060925	-0.856373972863	0.217863677048	-0.468144247884	-4.89437675476	1.2426019907	-2.68003869057
26	22	0.49996227026	0.850181409656	-0.202715918931	0.485898988359	4.87005376816	-1.14219677448	2.76843309402
27	22	0.499987244606	-0.940966304736	0.0323649642521	-0.336949436028	-5.37247276306	0.196552366018	-1.94763803482
28	22	0.499987259507	0.931041125589	0.0445962155652	0.362178961315	5.31843709946	0.239914298058	2.08370137215
29	22	0.499999120831	-0.928383552042	-0.0202686905407	-0.371070290485	-5.30236339569	-0.113853573799	-2.134516716
0	23	0.499997004867	-0.858303366921	-0.127882761862	-0.496952039488	-4.91138982773	-0.712584495544	-2.84031367302
1	23	0.499992020428	0.835342130922	0.0495918270075	0.547488972492	4.78069257736	0.292117446661	3.12236166
2	23	0.499492324889	-0.83959989921	-0.0469314471131	-0.541174138812	-4.79402923584	-0.253250598907	-3.09602451324
3	23	0.498196989298	0.712744337788	0.0349871408771	0.700550789682	4.09755992889	0.191447973251	3.99407339096
4	23	0.418629199266	-0.692963355158	0.13678169175	-0.707878914229	-3.38503742218	0.674226343632	-3.43321990967
5	23	0.364367999136	-0.589699895231	0.406463800278	-0.697883380392	-2.58023071289	1.75791335106	-3.04459619522
6	23	0.416423134506	-0.447739180218	0.555700643312	-0.70051868035	-2.18822002411	2.67965173721	-3.39597439766
7	23	0.497616678476	0.735320872175	-0.529039357634	0.423580657039	4.19910430908	-3.00788998604	2.45380401611
8	23	0.499503523111	-0.672685583396	0.438409001755	-0.596063463962	-3.84753084183	2.50399208069	-3.39876890182
9	23	0.499961957335	0.597835298766	-0.415782083789	0.685359915919	3.40801525116	-2.38640189171	3.92200064659
10	23	0.49911044538	-0.529413704396	0.476776342574	-0.701716074178	-3.01157522202	2.70793008804	-4.0219745636
11	23	0.497796081007	0.382482574383	-0.508357472675	0.771543751364	2.18066358566	-2.89769434929	4.42430448532
12	23	0.469527885318	-0.235333198689	0.476984022824	-0.846820245132	-1.27373194695	2.57893562317	-4.58425092697
13	23	0.49895381555	0.206485478628	-0.446425851858	0.870670836716	1.18834114075	-2.55428791046	4.97584247589
14	23	0.499335922301	-0.316839362061	0.400787637797	-0.859640673792	-1.82062733173	2.28448367119	-4.91139602661
15	23	0.446173079312	0.426157153871	-0.335455426792	0.840154591037	2.19792842865	-1.70764327049	4.31270885468
16	23	0.23465145193	0.526685592346	-0.193857893024	0.827660198468	1.48656713963	-0.561650633812	2.31201171875
17	23	0.444660965353	0.576276819751	-0.180324282483	0.797112401212	2.95601892471	-0.93206012249	4.0716047287
18	23	0.499466262758	-0.747922272906	0.354817029439	-0.560996568002	-4.26755905151	2.01980352402	-3.22337436676
19	23	0.499965012074	0.72103427446	-0.292370101064	0.628195271439	4.13498353958	-1.69157385826	3.56802034378
20	23	0.499999061227	-0.83929204692	0.37313991968	-0.395418082943	-4.78621768951	2.12350058556	-2.29785704613
21	23	0.500000238419	0.823129532312	-0.343171171134	0.452428248829	4.70042848587	-1.96168076992	2.59749698639
22	23	0.499999925494	-0.830930197399	0.295189960554	-0.471612016639	-4.748503685	1.69876921177	-2.69371199608
23	23	0.499999150634	0.827776978004	-0.321278116273	0.45996265793	4.73353672028	-1.82989490032	2.63301157951
24	23	0.499990239739	-0.889244982871	0.179315119862	-0.420819971279	-5.07069253922	1.04273617268	-2.42685556412
25	23	0.499990567565	0.832333432295	-0.187823696347	0.521481846831	4.7662653923	-1.08125221729	2.96649336815
26	23	0.499964937568	-0.873715586996	0.129296759435	-0.468938611164	-4.99087047577	0.74890267849	-2.68729233742
27	23	0.499988496304	0.948176293215	-0.0462292373894	0.314363761581	5.40985012054	-0.265499472618	1.83316969872
28	23	0.499985426664	-0.906283302451	0.0200033042472	-0.422197161903	-5.18341064453	0.112762436271	-2.40952253342
29	23	0.499996826053	0.935493568959	-0.0261231601692	0.352376734389	5.33787441254	-0.13463781774	2.04619789124
0	24	0.499960839748	0.767285954883	0.207896406326	0.606672356116	4.39907598495	1.15643203259	3.46459245682
1	24	0.49998228997	-0.762913404438	-0.062779274243	-0.643445335716	-4.37070083618	-0.360225200653	-3.66831684113
2	24	0.499954387546	0.801793788612	-0.0768400232181	0.592640136486	4.57750606537	-0.416323632002	3.40055274963
3	24	0.499130681157	-0.692264099045	0.0519687447465	-0.719770565349	-3.95936965942	0.300700902939	-4.10185003281
4	24	0.497215040028	0.58805659161	-0.275778147684	0.760352456644	3.36727762222	-1.55989015102	4.34191894531
5	24	0.4148844257	-0.475489979676	0.273720108749	-0.83605417366	-2.30466985703	1.33603906631	-4.04231452942
6	24	0.319504592568	-0.442203241935	0.43428210288	-0.784764517508	-1.71069741249	1.6631052494	-2.97566866875
7	24	0.470285870135	-0.591969557455	0.527565157212	-0.609300457855	-3.21604537964	2.8543856144	-3.30191087723
8	24	0.499788925052	0.672042994721	-0.396619279118	0.62534099552	3.82530975342	-2.28762555122	3.58083319664
9	24	0.499182499945	-0.508427680758	0.541965980222	-0.669159300705	-2.9315776825	3.06786108017	-3.81954526901
10	24	0.497596815228	0.495958236742	-0.417824263538	0.761215023635	2.82018327713	-2.4148952961	4.34862613678
11	24	0.416370267048	0.00642517386101	0.476879606354	-0.878945139462	0.0212382152677	2.32557702065	-4.25529432297
12	24	0.30894452706	0.076965384747	0.535841192353	-0.8408035122	0.248317956924	1.96814680099	-3.1205933094
13	24	0.469016000628	-0.138626577764	0.497190853574	-0.856495141294	-0.763408184052	2.68566823006	-4.63055992126
14	24	0.499003872275	0.429463951401	-0.41400262889	0.802597369619	2.42580151558	-2.37548923492	4.58928775787
15	24	0.498049177229	-0.415294237606	0.390964865845	-0.82138734461	-2.38841724396	2.24424529076	-4.69319629669
16	24	0.444606363773	0.669024381968	-0.200582623873	0.715662621165	3.40518450737	-1.04488933086	3.67399168015
17	24	0.49761158973	-0.683817443871	0.418304386167	-0.597842072767	-3.91281700134	2.39412236214	-3.41682434082
18	24	0.499194815755	0.741492235174	-0.430588497776	0.514570510969	4.22982883453	-2.45163249969	2.94555068016
19	24	0.499987512827	-0.733561474462	0.380829553356	-0.562900003976	-4.20687484741	2.16992783546	-3.2067861557
20	24	0.499995879829	0.790545016289	-0.309811018073	0.528257238758	4.51380062103	-1.79150629044	3.01754951477
21	24	0.49999961257	-0.674560929005	0.384770949849	-0.630014975388	-3.88168048859	2.19871234894	-3.57684230804
22	24	0.50000013411	0.717620360981	-0.441983227931	0.538211709026	4.11212730408	-2.5171649456	3.07324147224
23	24	0.499990209937	-0.744569618717	0.420525363051	-0.518434665039	-4.26542711258	2.38695025444	-2.96664357185
24	24	0.499975524843	0.81934692547	-0.196617623421	0.538527739196	4.6829662323	-1.15625119209	3.0713596344
25	24	0.499341845512	-0.81960319698	0.330741902488	-0.467825174012	-4.67168331146	1.86687254906	-2.70221185684
26	24	0.49974142015	0.741583344066	-0.226290743721	0.631543065127	4.26990127563	-1.2773617506	3.5845477581
27	24	0.499296121299	-0.850483463894	-0.00282542250443	-0.525994196385	-4.85420799255	0.0116016427055	-3.00820064545
28	24	0.499963380396	0.828211217723	-0.0299366795902	0.559615916546	4.73923015594	-0.163249194622	3.19365286827
29	24	0.499971114099	-0.828132654871	0.0154392107677	-0.560319495205	-4.73879718781	0.06840929389	-3.19976758957
0	25	0.499651789665	-0.748974551811	-0.170848067125	-0.640193766526	-4.28118515015	-0.966204464436	-3.66482877731
1	25	0.499256156385	0.750881974652	0.0835200197735	0.655134082795	4.28604316711	0.488460749388	3.73960566521
2	25	0.49993442744	-0.781405773199	0.0271152914274	-0.623433860631	-4.45730304718	0.128435865045	-3.57965278625
3	25	0.499286010861	0.736022860199	0.0654548179982	0.673784844046	4.18715524673	0.342438578606	3.87212181091
4	25	0.49282374233	-0.546494049277	0.309014560846	-0.778366401696	-3.10796642303	1.71386194229	-4.4290728569
5	25	0.423101388849	-0.0319418833842	0.156523763812	0.987157549456	-0.159093350172	0.779020249844	4.87171411514
6	25	0.439194202423	-0.73914456096	0.673538663104	0.00331471069816	-3.79733347893	3.46169114113	-0.00486373901367
7	25	0.496841855347	0.517064536975	-0.426957542932	0.741856806356	2.97774934769	-2.44125461578	4.21118545532
8	25	0.499107167125	-0.610585372389	0.383743317028	-0.692767327218	-3.48580646515	2.20284199715	-3.94586586952
9	25	0.497919298708	0.675753073739	-0.498106787748	0.543366737417	3.84569454193	-2.85256457329	3.13364434242
10	25	0.418091617525	-0.337826203661	0.646251635887	-0.684275002637	-1.64924490452	3.14309120178	-3.32587432861
11	25	0.368282239884	0.0713739662301	0.660898152183	-0.747073884824	0.276753604412	2.90704441071	-3.30279541016
12	25	0.415462624282	0.0917960384883	0.465860515126	-0.880083784514	0.428525805473	2.27371454239	-4.25030469894
13	25	0.497951954603	0.183031730915	-0.560285733683	0.807823793974	1.07642912865	-3.20937204361	4.61482095718
14	25	0.499413758516	-0.396989867696	0.529717489818	-0.749532138022	-2.27136421204	3.02080726624	-4.28255987167
15	25	0.499231830239	0.487314870705	-0.525064295341	0.697733260313	2.79443478584	-2.98609232903	3.98447012901
16	25	0.499506659806	-0.612426856335	0.496874126106	-0.614857258594	-3.50171852112	2.83161711693	-3.52247476578
17	25	0.499165281653	0.663023645459	-0.53880336889	0.519702391022	3.78957271576	-3.05867910385	2.97712826729
18	25	0.499956309795	-0.750355770769	0.467624596448	-0.467218850295	-4.29029846191	2.6708753109	-2.6739025116
19	25	0.499951690435	0.850872319241	-0.344750778673	0.396438137614	4.84588098526	-1.99443101883	2.28690338135
20	25	0.499991893768	-0.789879947394	0.401531445115	-0.463532272111	-4.51265525818	2.29391765594	-2.65786170959
21	25	0.499987065792	0.69101255189	-0.393313972236	0.606469927016	3.96468734741	-2.26950263977	3.43956255913
22	25	0.499989673495	-0.725060157986	0.51530637625	-0.456888504886	-4.14021492004	2.93254256248	-2.63590621948
23	25	0.499965690076	0.696832121937	-0.444707125623	0.562726013489	3.99390172958	-2.53992843628	3.20694494247
24	25	0.499172665179	-0.752294830641	0.322242021222	-0.574641251172	-4.29042673111	1.8516163826	-3.27854084969
25	25	0.498187184334	0.687431848889	-0.364598823518	0.628096450414	3.95487427711	-2.07920646667	3.58004236221
26	25	0.45388507098	-0.789622747311	0.145075628062	-0.596195420204	-4.1223154068	0.776390910149	-3.11418271065
27	25	0.49846445024	0.778152294404	-0.109302778665	0.618491640437	4.4615149498	-0.611976802349	3.53136134148
28	25	0.499231748283	-0.76610442583	-0.0407014107499	-0.641426070476	-4.37868738174	-0.222545295954	-3.6563501358
29	25	0.499203197658	0.781196574901	0.0841850204743	0.618582891528	4.45847845078	0.483071804047	3.53153657913
0	26	0.445716183633	0.618729263896	0.147610179407	0.771612164843	3.17862462997	0.770166814327	3.94871926308
1	26	0.498172447085	-0.670693469709	-0.290656294957	-0.682414234825	-3.84274435043	-1.64134776592	-3.91341567039
2	26	0.499211132526	0.635414803704	0.217147982994	0.74100929867	3.63390302658	1.22870051861	4.22879362106
3	26	0.499521415681	-0.53121862806	-0.156656135346	-0.832625740931	-3.04034399986	-0.900721430779	-4.75901031494
4	26	0.452930727974	0.151558471262	0.134076923378	0.979312722477	0.820741653442	0.695884406567	5.11247110367
5	26	0.272062660893	0.147152423814	0.0614622564333	0.987202388166	0.502201676369	0.185727789998	3.21139574051
6	26	0.433996357955	0.0703168298719	-0.0272161895378	0.997153359551	0.377355158329	-0.129240781069	5.01387882233
7	26	0.498671703041	-0.593960173365	0.268915778402	-0.758218712894	-3.36751079559	1.53956127167	-4.35187911987
8	26	0.499662898481	0.582918300347	-0.397464329835	0.708680719103	3.33667588234	-2.25886130333	4.05473709106
9	26	0.468105912209	-0.628949911644	0.527360066803	-0.571238451598	-3.38564372063	2.8374171257	-3.09808397293
10	26	0.305772006512	-0.443648181922	0.704234314951	-0.554283610007	-1.62397122383	2.560526371	-2.04613757133
11	26	0.416695490479	-0.226742091947	0.787535709752	-0.573040600311	-1.11650979519	3.80494880676	-2.79130530357
12	26	0.496795877814	0.507669281863	-0.559855711173	0.654853787436	2.88027000427	-3.20443534851	3.74915623665
13	26	0.499116264284	-0.455321450464	0.619384021405	-0.63956689312	-2.59978199005	3.51438832283	-3.67213058472
14	26	0.499955996871	0.514248955501	-0.5166679813	0.684545256988	2.94164443016	-2.96295905113	3.90622210503
15	26	0.499980024993	-0.682977487263	0.469272038769	-0.55975486199	-3.87680721283	2.68928623199	-3.23072195053
16	26	0.499951086938	0.620666227313	-0.478938041828	0.620799312471	3.55606555939	-2.73523283005	3.54241609573
17	26	0.499964140356	-0.664735574707	0.500273846814	-0.554844747577	-3.80490255356	2.8603489399	-3.16665077209
18	26	0.499270737171	0.73517113217	-0.507919805037	0.448933044089	4.20284986496	-2.88256716728	2.57327198982
19	26	0.499622896314	-0.805968560296	0.461617361459	-0.370572653354	-4.60278987885	2.63549137115	-2.13477230072
20	26	0.499259829521	0.756968479973	-0.495336618628	0.426192860773	4.32988262177	-2.8222925663	2.42374563217
21	26	0.499968230724	-0.722715366605	0.559242108228	-0.40611668675	-4.12965345383	3.18736028671	-2.34109210968
22	26	0.499956607819	0.680270742884	-0.560504653	0.472298899365	3.89600896835	-3.19529128075	2.70032691956
23	26	0.499127216637	-0.699833941404	0.480191855116	-0.528817772715	-3.98766756058	2.74967551231	-3.01943492889
24	26	0.497286960483	0.720086177484	-0.440684844066	0.535978325315	4.11163377762	-2.52751970291	3.06204223633
25	26	0.422509819269	-0.714437291573	0.525947774359	-0.461474045918	-3.51012134552	2.57361745834	-2.28252220154
26	26	0.275396514684	-0.742523099424	0.306060378813	-0.59580742807	-2.44345092773	1.03425848484	-1.94590950012
27	26	0.451551124454	-0.892518792607	0.0977177326895	-0.440297001536	-4.62345838547	0.52276545763	-2.32395982742
28	26	0.49877140671	0.730619450785	0.0657075122114	0.679615877517	4.18269062042	0.367859899998	3.86630868912
29	26	0.497656859457	-0.748313184265	-0.179788827851	-0.6385165273	-4.27760601044	-1.01550292969	-3.65892839432
0	27	0.23505994305	0.664715923162	0.199334897036	0.720012736219	1.86319935322	0.556301891804	2.02853155136
1	27	0.44634110108	0.571783757974	0.269389950365	0.774914439638	2.95276260376	1.37052416801	3.97010421753
2	27	0.499688230455	-0.606739424033	-0.261947640948	-0.750500302948	-3.4678030014	-1.48820376396	-4.29650211334
3	27	0.499361325055	0.469097421467	0.286080809559	0.835527007089	2.70500230789	1.61137783527	4.76410913467
4	27	0.498092543334	-0.486357539436	-0.212608075165	-0.847498761184	-2.76523900032	-1.21475100517	-4.85592460632
5	27	0.458323216066	0.246342601877	0.155694249428	0.956595328859	1.3174226284	0.80313038826	5.05140542984
6	27	0.497946880758	-0.356006774994	0.132587048098	-0.925029648625	-2.05018472672	0.746669709682	-5.29055404663
7	27	0.499221611768	0.534098081547	-0.182262033593	0.825542119094	3.04330515862	-1.05308997631	4.71367073059
8	27	0.499554101378	-0.561244269721	0.199762877786	-0.803180964892	-3.21390533447	1.17123007774	-4.5761551857
9	27	0.49894040823	0.613449630613	-0.380810111025	0.691854905339	3.50515842438	-2.17052507401	3.96463465691
10	27	0.468371652067	-0.568171652292	0.486665921845	-0.663579124179	-3.06398963928	2.62748003006	-3.58530855179
11	27	0.497792206705	0.593040086572	-0.527715038411	0.608128517629	3.39365196228	-3.00670099258	3.48878908157
12	27	0.499101020396	-0.619796832637	0.463071755217	-0.633574333266	-3.52462100983	2.65231466293	-3.62092661858
13	27	0.499964773655	0.565734620347	-0.451463962367	0.690017847613	3.23631715775	-2.60669803619	3.92767286301
14	27	0.499988928437	-0.52595189701	0.58033977809	-0.62175585562	-3.02675127983	3.28935050964	-3.56535458565
15	27	0.499994903803	0.637959855877	-0.407967185148	0.653123264118	3.64013600349	-2.35319519043	3.72826766968
16	27	0.499988041818	-0.648328707622	0.400133622805	-0.647736806716	-3.71009635925	2.29981470108	-3.69217538834
17	27	0.499265305698	0.689858367221	-0.498040641048	0.525405512951	3.94272470474	-2.82248735428	3.01351046562
18	27	0.498189009726	-0.77808956557	0.322411468806	-0.539098759721	-4.44752216339	1.88121557236	-3.07742071152
19	27	0.446860015392	0.794387598926	-0.389036078808	0.466475371331	4.07829427719	-2.02689552307	2.38343882561
20	27	0.498381569982	-0.832352177113	0.468057851602	-0.296836151452	-4.75096035004	2.69762921333	-1.72085642815
21	27	0.499234229326	0.674306329957	-0.61682688789	0.405999462752	3.86435842514	-3.51334047318	2.30737447739
22	27	0.49913649261	-0.686397104814	0.547424056062	-0.478733660136	-3.9030752182	3.15118980408	-2.72543859482
23	27	0.497231423855	0.56239647366	-0.619431973501	0.547735553547	3.23321437836	-3.53683996201	3.11525988579
24	27	0.405054301023	-0.426038212832	0.821898492557	-0.378119437664	-2.02431631088	3.85774803162	-1.79079842567
25	27	0.322885014117	-0.433245316535	0.827444547274	-0.357259033317	-1.70042645931	3.1762983799	-1.40263593197
26	27	0.415645763278	-0.499752370199	0.739166737954	-0.451530842781	-2.45318222046	3.54660272598	-2.20859909058
27	27	0.494836680591	0.671236583263	0.0534379949895	0.739314432418	3.83895349503	0.272911787033	4.19914054871
28	27	0.498677410185	-0.707827892768	-0.0193348521769	-0.706120271421	-4.0390124321	-0.121823176742	-4.03151607513
29	27	0.443744048476	0.515285534158	0.30415561649	0.801230415826	2.66488957405	1.52631282806	4.08130168915
0	28	0.445753283799	0.790289014959	0.130285567753	0.598722760275	4.03678131104	0.679818272591	3.08942556381
1	28	0.498150117695	-0.639095054466	-0.0593089313445	-0.766837637326	-3.67314958572	-0.360193192959	-4.37702560425
2	28	0.499258264899	0.679584926826	0.153639293122	0.717327885168	3.86838626862	0.875695347786	4.10559463501
3	28	0.499957747757	-0.619328779083	-0.16811827848	-0.766921187502	-3.53164458275	-0.960406184196	-4.39306592941
4	28	0.499435547739	0.506198110596	0.169539366357	0.845588479158	2.90706443787	0.960197925568	4.82108449936
5	28	0.499669626355	-0.522984314581	-0.0320677911586	-0.85173884699	-2.97827243805	-0.197014823556	-4.87683486938
6	28	0.499361403286	0.497023069013	-0.0574540869212	0.865833180679	2.83808255196	-0.343559086323	4.9437417984
7	28	0.499953549355	-0.507685639274	0.309594736853	-0.803994023976	-2.91193008423	1.73368024826	-4.6058011055
8	28	0.499974220991	0.597847034622	-0.278087757646	0.751828519172	3.41474580765	-1.58286833763	4.30295372009
9	28	0.499593697488	-0.626928583388	0.235997977531	-0.742472562411	-3.58158802986	1.36841630936	-4.23527574539
10	28	0.499810084701	0.546218251243	-0.31363846495	0.776708784109	3.14639139175	-1.79871726036	4.42237997055
11	28	0.499450393021	-0.657460421319	0.335128500231	-0.674859009521	-3.74144220352	1.93005728722	-3.86003637314
12	28	0.499976105988	0.605447654741	-0.453477857864	0.654057313846	3.46656632423	-2.58759880066	3.73833417892
13	28	0.499988347292	-0.653867296871	0.521787670612	-0.547900707136	-3.73329973221	2.96666693687	-3.1542429924
14	28	0.499999202788	0.656308484202	-0.461321207971	0.597027567739	3.73955655098	-2.64884114265	3.4184243679
15	28	0.499999642372	-0.557302859151	0.4880309865	-0.671743462489	-3.21858930588	2.77460861206	-3.82577562332
16	28	0.499959975481	0.687471568168	-0.383254382008	0.616845946434	3.92144036293	-2.20855474472	3.52509093285
17	28	0.499657854438	-0.711202500301	0.428498746108	-0.557296894078	-4.05775403976	2.46481180191	-3.18707227707
18	28	0.444508045912	0.70136234778	-0.575747973115	0.420244129727	3.58604717255	-2.94127702713	2.15629768372
19	28	0.234534658492	0.681047637825	-0.617222977581	0.39396689069	1.91835570335	-1.72207140923	1.09903216362
20	28	0.445361793041	0.760415415722	-0.61222280581	0.216683251728	3.8857254982	-3.14306974411	1.13243794441
21	28	0.498940825462	-0.649107873104	0.719416533434	-0.247181755993	-3.70313286781	4.10865020752	-1.42153644562
22	28	0.497466057539	0.53651445812	-0.768372375119	0.348935709525	3.08692741394	-4.3869972229	1.98371434212
23	28	0.416406333447	-0.580548347055	0.777408997441	-0.242072029425	-2.80445623398	3.7687048912	-1.17578101158
24	28	0.329133987427	-0.606423872771	0.623085888944	-0.493977794575	-2.39041805267	2.47121334076	-1.92314577103
25	28	0.402653329074	-0.515175228294	0.762959825189	-0.390495568861	-2.42110824585	3.56468915939	-1.83828318119
26	28	0.496545620263	0.595639808578	-0.389870458658	0.702292135726	3.4035358429	-2.23317623138	4.00641822815
27	28	0.499201767147	-0.741128861104	0.191963931864	-0.643333397316	-4.21661376953	1.09259915352	-3.69310283661
28	28	0.499138891697	0.787856492846	-0.084015019106	0.610101322114	4.47125530243	-0.482285141945	3.51718354225
29	28	0.497467204928	-0.655394960835	0.067573280674	-0.752257467262	-3.75908660889	0.378825426102	-4.29303884506
0	29	0.499686308205	-0.83810343164	-0.164131374446	-0.520234110566	-4.77184867859	-0.915252566338	-3.02009010315
1	29	0.49929177016	0.761717689901	0.174711601514	0.623908660934	4.34230709076	0.976791024208	3.57643842697
2	29	0.499972045422	-0.676014973439	-0.100565083351	-0.729993438119	-3.87279939651	-0.578189969063	-4.16587781906
3	29	0.49997715652	0.64110393559	0.0452201314553	0.766120671619	3.66609549522	0.281102567911	4.37753725052
4	29	0.499991163611	-0.631717956993	-0.136946675496	-0.763005917987	-3.60323309898	-0.774740576744	-4.37077236176
5	29	0.499973393977	0.567799192496	0.111439300743	0.815588964645	3.25151824951	0.62262660265	4.66105556488
6	29	0.499989748001	-0.559858892457	0.0729718982391	-0.825368476866	-3.20419931412	0.399092495441	-4.71916103363
7	29	0.499990254641	0.49875621165	-0.142787145445	0.854900036517	2.87373590469	-0.829006195068	4.87313079834
8	29	0.499992638826	-0.637619689629	0.261328872158	-0.724671202666	-3.64366364479	1.47746539116	-4.1517868042
9	29	0.499995112419	0.73617927681	-0.273780885445	0.618937879888	4.18881702423	-1.56029653549	3.56486845016
10	29	0.499982021749	-0.661582412911	0.268972879786	-0.699973071529	-3.7765827179	1.5298871994	-4.01094579697
11	29	0.499993391335	0.638074914944	-0.2762630334	0.718706573851	3.64509820938	-1.58632731438	4.10884380341
12	29	0.499991096556	-0.552032983216	0.411213164087	-0.725371159561	-3.18634271622	2.33679533005	-4.13387393951
13	29	0.499999463558	0.702385242317	-0.448921840293	0.552380441981	4.00251197815	-2.56261920929	3.17873096466
14	29	0.499998949468	-0.661407078602	0.442466091227	-0.605610794561	-3.79310750961	2.51923179626	-3.45724821091
15	29	0.499997675419	0.716920378828	-0.418425398534	0.557624745041	4.08123922348	-2.39778137207	3.20674419403
16	29	0.49999102205	-0.680709245566	0.467591518831	-0.563908764357	-3.88588428497	2.66635107994	-3.23657608032
17	29	0.499240942299	0.609991436478	-0.501737901831	0.613326605724	3.49019050598	-2.86112689972	3.49644231796
18	29	0.497620031238	-0.485434169837	0.642404299087	-0.593018029464	-2.8021812439	3.66037607193	-3.38736534119
19	29	0.444670572877	0.571122095996	-0.756035063481	0.319735100126	2.93740558624	-3.85033106804	1.64997410774
20	29	0.497523739934	-0.508121946895	0.844130762044	-0.171041935367	-2.92726254463	4.81369161606	-0.985562801361
21	29	0.497627481818	0.551985103533	-0.825774492943	0.115796944186	3.15940618515	-4.70292234421	0.671632528305
22	29	0.439383506775	-0.322993252656	0.94138456587	0.0973162775721	-1.68596506119	4.80556583405	0.479174613953
23	29	0.308914780617	-0.565233744112	0.823628623539	-0.046332547992	-2.11129808426	3.02625703812	-0.195915222168
24	29	0.406490817666	-0.821743660351	0.547495349924	-0.158070232758	-3.87324643135	2.61641073227	-0.765420198441
25	29	0.495784468949	0.637693416685	-0.372577000663	0.674190985473	3.62505817413	-2.14487504959	3.84579706192
26	29	0.499072220176	-0.460062533432	0.387300966735	-0.79896209328	-2.66345024109	2.20272064209	-4.54280853271
27	29	0.499943010509	0.623583093182	-0.290941605567	0.725601204552	3.55814766884	-1.65115106106	4.16049480438
28	29	0.499951090664	-0.585777537252	0.123345124427	-0.801030996361	-3.37403964996	0.710878252983	-4.56160593033
29	29	0.499262884259	0.66392097226	-0.0842997561585	0.743035997583	3.80507969856	-0.464150488377	4.23226928711
