0	0	0.499970603734	0.341209466904	-0.350401084054	0.872235736478	1.96187317371	-2.01028728485	4.9797372818
1	0	0.499988518655	-0.417214326136	0.349723732545	-0.838823889122	-2.3640859127	1.98290467262	-4.81430864334
2	0	0.499988283962	0.389095418263	-0.170506973981	0.905280137477	2.24147248268	-0.991880655289	5.16527843475
3	0	0.499999593943	-0.520438545581	0.148935739744	-0.840810243575	-2.97124862671	0.876841187477	-4.80591011047
4	0	0.499998338521	0.643138172834	-0.238480709504	0.727667672663	3.64136123657	-1.37764489651	4.18945789337
5	0	0.50000031665	-0.443744262196	0.421911428768	-0.790621133061	-2.53521561623	2.39853835106	-4.52991390228
6	0	0.499998599291	0.270633819172	-0.448932807544	0.851596541933	1.58431267738	-2.54937505722	4.86692857742
7	0	0.499999888241	-0.395641735541	0.392088597275	-0.830502347369	-2.24784183502	2.22727441788	-4.76183652878
8	0	0.500000074506	0.333819287428	-0.307892662645	0.890935907701	1.9096736908	-1.76127898693	5.09292507172
9	0	0.499999407679	-0.248273040206	0.262500109466	-0.932445274554	-1.43879055977	1.48313689232	-5.33112287521
10	0	0.500000489876	0.332978089532	-0.18874584821	0.923850960207	1.90031433105	-1.08861720562	5.28070259094
11	0	0.499998727813	-0.344539810376	0.173958371304	-0.92251330837	-1.97891426086	0.978292346001	-5.27401542664
12	0	0.499999821186	0.445200129958	-0.0633495548483	0.893187370144	2.54470229149	-0.38268584013	5.10558891296
13	0	0.499999519438	-0.399376924937	0.15946716548	-0.902811328552	-2.30596041679	0.889638841152	-5.15608596802
14	0	0.500000007451	0.55654606634	-0.15815682844	0.815624235576	3.1674079895	-0.911450505257	4.67134809494
15	0	0.49999986589	-0.555656313468	0.193525866257	-0.808575166817	-3.18092751503	1.1020578146	-4.62078666687
16	0	0.49998768419	0.533511673908	-0.247007376727	0.808920669563	3.05226588249	-1.42305588722	4.62050628662
17	0	0.499965585768	-0.446888627295	0.457707615333	-0.768631442019	-2.58469867706	2.58365750313	-4.39849662781
18	0	0.49923363328	0.52148674624	-0.40798110551	0.74940175543	2.98914265633	-2.32475185394	4.27159023285
19	0	0.499609187245	-0.620295999594	0.344754231681	-0.70454055428	-3.55188989639	1.97606635094	-4.02163076401
20	0	0.498385816813	0.649974112115	-0.392540420118	0.650727033521	3.69144105911	-2.23772716522	3.72342991829
21	0	0.480302006006	-0.613236210892	0.333461231729	-0.716062117826	-3.40728998184	1.86203813553	-3.95722579956
22	0	0.351421512663	-0.853717956798	0.193716756941	0.483362667488	-3.5217089653	0.814135551453	2.04464101791
23	0	0.391236886382	-0.644188695934	0.417971139463	0.640563073091	-2.97917938232	1.92922854424	2.92459225655
24	0	0.492562741041	0.750169324462	-0.454128724654	0.480638207055	4.22585201263	-2.59339809418	2.77209043503
25	0	0.499201521277	-0.385452516786	0.550512619539	-0.740514829718	-2.2478017807	3.12513160706	-4.21906423569
26	0	0.499966580421	0.464093535841	-0.402912061441	0.788846664908	2.65164351463	-2.31348323822	4.5058131218
27	0	0.49998960644	-0.529544730614	0.339651890964	-0.777315232865	-3.01071691513	1.96208000183	-4.44659519196
28	0	0.499987632036	0.506393392222	-0.441817576909	0.740515334782	2.88504862785	-2.51349234581	4.2476439476
29	0	0.499988470227	-0.438409529341	0.398700308704	-0.805503040604	-2.49362850189	2.27470445633	-4.61501407623
0	1	0.499999376014	-0.328594253185	0.202818427893	-0.922437261867	-1.86736512184	1.19223022461	-5.27117538452
1	1	0.499997869134	0.138437318762	-0.283326138254	0.94897914	0.858411848545	-1.61653411388	5.41969060898
2	1	0.499999389052	-0.407398593362	0.171140458492	-0.897071529809	-2.31883144379	1.00895094872	-5.12907552719
3	1	0.499999191612	0.478445753956	-0.295196145441	0.827012029077	2.73457050323	-1.66499269009	4.73675441742
4	1	0.499999910593	-0.493190828902	0.202925177037	-0.845922087909	-2.82479977608	1.17744445801	-4.82949542999
5	1	0.499999813735	0.421150812242	-0.33873543745	0.841362167419	2.41659140587	-1.9231133461	4.81139039993
6	1	0.500000230968	-0.404071876634	0.300414629881	-0.863988986427	-2.30488491058	1.72256064415	-4.94057750702
7	1	0.499998208135	0.367580220176	-0.284380710758	0.8854447431	2.11266207695	-1.63726043701	5.05354452133
8	1	0.500000048429	-0.445540806502	0.324552459771	-0.834361486766	-2.52965593338	1.829854846	-4.79057455063
9	1	0.499997925013	0.35851945705	-0.11409878765	0.926523213726	2.05645704269	-0.684639453888	5.29149246216
10	1	0.499999672174	-0.357387384516	0.207363485641	-0.910645179096	-2.04109430313	1.16558539867	-5.21179628372
11	1	0.499999370426	0.299663383815	0.0164580292693	0.953903029491	1.73980379105	0.0391609631479	5.4484577179
12	1	0.499999511987	-0.442505726941	0.158434524457	-0.882659154535	-2.51666045189	0.878310680389	-5.05808925629
13	1	0.500000050291	0.380296823546	-0.0405668679319	0.923974380179	2.18362283707	-0.259736269712	5.27812671661
14	1	0.499998163432	-0.51853784946	0.169330294874	-0.8381203672	-2.95554184914	0.95848441124	-4.79975271225
15	1	0.499999903142	0.565190303314	-0.226029454043	0.793391836954	3.21927976608	-1.29077887535	4.54465579987
16	1	0.499997999519	-0.496192798552	0.300087409557	-0.814702555103	-2.8382165432	1.70882356167	-4.65935134888
17	1	0.499984998256	0.517671495306	-0.327199578015	0.790542003371	2.95384073257	-1.87462258339	4.52173566818
18	1	0.499980017543	-0.609125436793	0.305533205366	-0.731857679245	-3.46554040909	1.758289814	-4.19440889359
19	1	0.499279007316	0.686285233623	-0.269260616012	0.675656198652	3.88760018349	-1.55121302605	3.88418579102
20	1	0.497546132654	-0.535799124726	0.274722934568	-0.798402534543	-3.07990407944	1.57660007477	-4.55372333527
21	1	0.417697828263	0.302982121466	-0.229960192154	0.924835198344	1.47133803368	-1.12053000927	4.50007915497
22	1	0.345262148883	-0.10470829143	-0.201045158618	0.973969721245	-0.435382336378	-0.813524842262	4.00757312775
23	1	0.440587947145	0.405603012624	-0.106584313201	0.907813846738	2.05188345909	-0.562974750996	4.65133094788
24	1	0.498592883348	-0.401522841309	0.386180824569	-0.830447938551	-2.32180309296	2.22063469887	-4.72703027725
25	1	0.49978107959	0.422126220379	-0.546939459937	0.722956901366	2.41105937958	-3.10587978363	4.14729738235
26	1	0.499988961965	-0.42366346172	0.418453827183	-0.803371436958	-2.42706203461	2.40534162521	-4.58345031738
27	1	0.499998763204	0.423514879276	-0.425201322299	0.799899357761	2.42929697037	-2.42179369926	4.57331514359
28	1	0.500000230968	-0.429224452796	0.411019487122	-0.804257017581	-2.44114971161	2.34214353561	-4.6097984314
29	1	0.499997932464	0.242428853839	-0.375696922484	0.894471952194	1.42867994308	-2.13383054733	5.10996246338
0	2	0.499999023974	0.353302814565	-0.282743450834	0.891758522376	2.02443170547	-1.6080031395	5.09864425659
1	2	0.500000238419	-0.38643497575	0.290304729166	-0.875437704089	-2.19879102707	1.66429746151	-5.00862026215
2	2	0.500000093132	0.394560594167	-0.387331307783	0.833244499257	2.26688742638	-2.17944288254	4.77554416656
3	2	0.499999850988	-0.469514164909	0.287544135377	-0.834790284539	-2.68045449257	1.63958835602	-4.77614021301
4	2	0.499999940395	0.504050610351	-0.192833929851	0.841871758466	2.87316846848	-1.10975337029	4.81620168686
5	2	0.499999694526	-0.462279670156	0.220113486582	-0.858980535044	-2.63784909248	1.25411987305	-4.91497993469
6	2	0.4999878034	0.445243547925	-0.196343474263	0.873617435234	2.54587030411	-1.13211297989	4.99222803116
7	2	0.499990686774	-0.401907878772	0.310907036696	-0.861282109134	-2.30383849144	1.75212228298	-4.93065786362
8	2	0.499961804599	0.424848662355	-0.163335606947	0.890407262773	2.42781257629	-0.95177167654	5.08750009537
9	2	0.499990154058	-0.465047139539	0.155467827987	-0.871527918353	-2.64005684853	0.882983803749	-4.99380779266
10	2	0.499987140298	0.38220724731	-0.206126510708	0.900793806421	2.19741487503	-1.16953241825	5.14645576477
11	2	0.499999124557	-0.408494008398	0.248475588506	-0.878289546231	-2.33124637604	1.38268780708	-5.03505897522
12	2	0.499999430031	0.427608215051	-0.0801090198439	0.900407551812	2.43480849266	-0.481572121382	5.15064048767
13	2	0.499986965209	-0.262916888717	0.109437736973	-0.958591722974	-1.53920817375	0.622503697872	-5.47129917145
14	2	0.499991122633	0.426492604575	-0.0824357270714	0.900726600665	2.44071555138	-0.494562625885	5.14724111557
15	2	0.499962892383	-0.518118282786	0.226990393013	-0.824638591459	-2.94412994385	1.29186892509	-4.72776317596
16	2	0.499982725829	0.382610221165	-0.28865705074	0.877659686734	2.20907974243	-1.6448264122	5.01019048691
17	2	0.499982953072	-0.419485350657	0.305559236245	-0.854789795054	-2.4049050808	1.75002145767	-4.88219547272
18	2	0.499940212816	0.438088983393	-0.370077292943	0.819219653009	2.51524734497	-2.11124801636	4.67958641052
19	2	0.499607432634	-0.461475710771	0.320026656363	-0.8274195475	-2.66146612167	1.82141900063	-4.72061729431
20	2	0.455684714019	0.510359524498	-0.0744026505171	0.856736483028	2.66583490372	-0.43495336175	4.50012254715
21	2	0.279289543629	0.388415367065	-0.322261445375	0.863296625415	1.29460608959	-1.07417368889	2.88625574112
22	2	0.419909998775	0.236566025886	-0.349609567904	0.906537183697	1.16182541847	-1.70625638962	4.42531108856
23	2	0.49820253998	-0.322842644026	0.33423183229	-0.885472591039	-1.86575865746	1.92107176781	-5.05489444733
24	2	0.499354884028	0.470999387286	-0.485236218985	0.73668540705	2.6742401123	-2.75628590584	4.22653150558
25	2	0.499978281558	-0.406080998687	0.520599825511	-0.751048629706	-2.33743572235	2.97002124786	-4.28928565979
26	2	0.4999955073	0.449132246097	-0.499825840785	0.740577041502	2.5711171627	-2.83564472198	4.2473320961
27	2	0.49999968335	-0.438081911138	0.386091917773	-0.811798786747	-2.50604701042	2.20177507401	-4.64414215088
28	2	0.499999903142	0.298086807064	-0.275298903197	0.913977444663	1.74101793766	-1.58069562912	5.21266317368
29	2	0.500000078231	-0.40148141727	0.226057157163	-0.887530750612	-2.27046251297	1.3140308857	-5.08004283905
0	3	0.499999623746	-0.388013682157	0.259403836155	-0.88439529185	-2.21903896332	1.4908452034	-5.05344867706
1	3	0.499999858439	0.456754872887	-0.290268266606	0.840903870544	2.61266708374	-1.65044796467	4.81016159058
2	3	0.499999977648	-0.471104629404	0.243318524862	-0.847854069763	-2.69191861153	1.3945029974	-4.84741258621
3	3	0.499999776483	0.435015243787	-0.230098275582	0.870526576991	2.49254083633	-1.31569373608	4.97371101379
4	3	0.499999877065	-0.46950167514	0.164042781014	-0.867558725988	-2.68055009842	0.939522922039	-4.96150922775
5	3	0.499987894669	0.378836172969	-0.0780624599835	0.922165606814	2.19467997551	-0.466595828533	5.25913047791
6	3	0.49997561425	-0.519847130883	0.0947847195563	-0.84898458022	-2.95463514328	0.562027454376	-4.86282062531
7	3	0.499260358512	0.443313422156	-0.200557927639	0.873641647014	2.53580236435	-1.14269793034	4.98546600342
8	3	0.499712273479	-0.370237411925	0.154854252959	-0.915939091398	-2.12690186501	0.877558350563	-5.2351231575
9	3	0.49924114719	0.391688065858	-0.0181067553566	0.919919890249	2.24726510048	-0.133948192	5.24621725082
10	3	0.499970458448	-0.495848977458	0.109542710688	-0.861472104069	-2.81695365906	0.625572085381	-4.93595695496
11	3	0.499986965209	0.415849000263	-0.110566927013	0.902687411916	2.38067722321	-0.644312560558	5.15752601624
12	3	0.499987576157	-0.43509636264	0.188278401219	-0.880478505616	-2.47469902039	1.05850875378	-5.04370117188
13	3	0.499970633537	0.327069266187	-0.152001341978	0.932695709839	1.89261174202	-0.867590785027	5.32518529892
14	3	0.499254081398	-0.419488213681	0.172208519084	-0.891276536513	-2.3879570961	0.987021327019	-5.09006881714
15	3	0.499647900462	0.398817656018	-0.207154905324	0.893325988903	2.29653954506	-1.18654727936	5.10012865067
16	3	0.499261707067	-0.412393880331	0.231884210066	-0.881000000333	-2.34817194939	1.33889257908	-5.02829170227
17	3	0.499615304172	0.424441015726	-0.274675089173	0.862788166097	2.42242193222	-1.58926224709	4.92468118668
18	3	0.499802194536	-0.390006863487	0.482695180018	-0.784155602939	-2.24945664406	2.73551249504	-4.48892307281
19	3	0.498871855438	0.565602803654	-0.329207963464	0.756118764012	3.18923020363	-1.89979124069	4.33272981644
20	3	0.498491577804	-0.406761043073	0.459230949424	-0.78971665104	-2.33917427063	2.60382866859	-4.52896213531
21	3	0.454973727465	0.334634646287	-0.570618556041	0.749942742485	1.77363562584	-2.94684267044	3.95461273193
22	3	0.497364509851	-0.479993932188	0.26290421958	-0.836951131423	-2.7373175621	1.52533185482	-4.78282928467
23	3	0.498802453279	0.485673711934	-0.417087037003	0.768218360298	2.75935840607	-2.35701084137	4.40155267715
24	3	0.499960556626	-0.488197303755	0.450087546824	-0.747719595036	-2.79987621307	2.56875419617	-4.27175474167
25	3	0.499986045063	0.518349686642	-0.48406305595	0.704979829656	2.96062469482	-2.75363659859	4.04221725464
26	3	0.499999530613	-0.551761065505	0.315925548081	-0.77184893254	-3.14814472198	1.83704102039	-4.40592765808
27	3	0.500000730157	0.567039946655	-0.246455572857	0.785955055653	3.21992874146	-1.4196562767	4.50655078888
28	3	0.500000111759	-0.465383187775	0.135831246025	-0.874624697307	-2.64618206024	0.817995607853	-5.00354242325
29	3	0.500000044703	0.279540197817	-0.299759659555	0.912141120829	1.63502550125	-1.69594109058	5.21018695831
0	4	0.500000067055	0.446540742206	-0.296475726192	0.844217690723	2.56257987022	-1.67885291576	4.82751655579
1	4	0.500000007451	-0.600477863083	0.220684307238	-0.76858621669	-3.41349411011	1.25809645653	-4.41146183014
2	4	0.499999627471	0.560555053872	-0.113786235017	0.820262594721	3.19546318054	-0.675699353218	4.69321918488
3	4	0.500000201166	-0.400426771609	0.234711631564	-0.885758912226	-2.31909036636	1.32429659367	-5.05593824387
4	4	0.499998122454	0.495219941853	-0.164156253047	0.853117772513	2.82532119751	-0.937116026878	4.8808093071
5	4	0.499992035329	-0.477992123738	0.120696287972	-0.870032146368	-2.73748612404	0.696276307106	-4.97075653076
6	4	0.499259725213	0.515221148141	-0.189208665015	0.83591102971	2.94751119614	-1.07166707516	4.76977491379
7	4	0.498010598123	-0.545778187618	0.203178964944	-0.812923414673	-3.10968804359	1.15509951115	-4.66401815414
8	4	0.445550659671	0.339428576187	-0.0881844505666	0.936489051909	1.74834132195	-0.447492361069	4.7970457077
9	4	0.498189499602	-0.391796449253	0.108382682198	-0.913645848539	-2.24933385849	0.607705831528	-5.2297668457
10	4	0.499243628234	0.508265437059	-0.0691406232407	0.858420537796	2.88809347153	-0.404671669006	4.90740299225
11	4	0.499988513067	-0.371261912367	0.094679936614	-0.923688422591	-2.14293193817	0.544476807117	-5.27251529694
12	4	0.499989321455	0.36056220682	-0.128821832471	0.923796422645	2.08361268044	-0.734796106815	5.27316331863
13	4	0.499286558479	-0.521577264053	0.107627365984	-0.846388508732	-2.951359272	0.63055306673	-4.84738874435
14	4	0.498108319938	0.404568034704	-0.298640670643	0.864371711206	2.32869720459	-1.68477058411	4.95091104507
15	4	0.445123627782	-0.536725387436	0.231397502857	-0.811406836398	-2.73123884201	1.18786036968	-4.16478204727
16	4	0.49749436602	0.335091053726	-0.375841543294	0.863977499735	1.93399178982	-2.13329529762	4.94004058838
17	4	0.498256370425	-0.424396494317	0.359896637705	-0.830880271628	-2.41738891602	2.06460165977	-4.74142169952
18	4	0.471681952477	0.405676000764	-0.579697679151	0.706666528987	2.21124458313	-3.12993192673	3.86069822311
19	4	0.498045280576	-0.388468477745	0.367922935731	-0.84482244002	-2.23738741875	2.10995817184	-4.82123851776
20	4	0.497728962451	0.394809689486	-0.300255771858	0.86831548446	2.25551557541	-1.72545683384	4.93285179138
21	4	0.497413665056	-0.496637224456	0.178688440982	-0.849365591688	-2.82688808441	1.06205546856	-4.85704565048
22	4	0.471016574651	0.464440019873	-0.299329602986	0.833485006894	2.52589559555	-1.62086367607	4.52477836609
23	4	0.499009467661	-0.437004586046	0.25353044882	-0.862988588161	-2.52390360832	1.47844290733	-4.91466188431
24	4	0.499663121998	0.629537931498	-0.357141527997	0.690023131341	3.5654335022	-2.04269361496	3.97189617157
25	4	0.499995388091	-0.562526732907	0.421068695794	-0.711522893649	-3.2176156044	2.40605854988	-4.06673812866
26	4	0.499998219311	0.552433317947	-0.492317373929	0.672637370765	3.15435004234	-2.77252054214	3.88271856308
27	4	0.500001166016	-0.464371089535	0.252650018983	-0.848838888784	-2.66820144653	1.47141933441	-4.83872127533
28	4	0.500000692904	0.431170499527	-0.329809258289	0.839832038853	2.47142839432	-1.86522579193	4.80613517761
29	4	0.499999765307	-0.406770050637	0.263422533477	-0.87472664002	-2.3331053257	1.50969052315	-4.99659633636
0	5	0.49999986589	-0.518480077429	0.189323826871	-0.833867434241	-2.97630047798	1.08680689335	-4.75914669037
1	5	0.499998234212	0.618115837825	-0.110432309541	0.778291408175	3.52410936356	-0.651320576668	4.45442152023
2	5	0.499999806285	-0.604438698231	0.130455128935	-0.785897779241	-3.4436674118	0.754114866257	-4.50079011917
3	5	0.49999833107	0.535472701205	-0.149611000865	0.831195244623	3.05815696716	-0.856141805649	4.75390338898
4	5	0.499999284744	-0.530391813731	0.11600797884	-0.839777752011	-3.03855085373	0.674832105637	-4.79542350769
5	5	0.499964773655	0.571476419574	-0.13785474923	0.808956593388	3.2656121254	-0.792543888092	4.62473773956
6	5	0.49962861836	-0.617205672561	0.199146873806	-0.761181765685	-3.50878858566	1.12127625942	-4.373711586
7	5	0.445741090924	0.50780375563	-0.000901714477153	0.861472305231	2.59561109543	-0.0213079992682	4.42241430283
8	5	0.233743266203	0.366718644239	-0.0403239169396	0.929457593271	1.04004454613	-0.112653821707	2.59160041809
9	5	0.444581720978	0.277889741182	0.0984792458343	0.955551741083	1.44617545605	0.474710464478	4.88417339325
10	5	0.499376066029	-0.562329747976	0.114633817721	-0.818928777352	-3.18705368042	0.642470002174	-4.70160198212
11	5	0.499965243042	0.488474410255	-0.106418126541	0.866064623957	2.78738546371	-0.608324229717	4.95380115509
12	5	0.499963101	-0.439035918632	0.0942855983439	-0.893508639072	-2.51899003983	0.547393679619	-5.10265874863
13	5	0.499677442014	0.546231543103	-0.0831802171899	0.833493942862	3.11154055595	-0.480974704027	4.77289485931
14	5	0.446060009301	-0.457004119384	0.113743738007	-0.882161888164	-2.35327935219	0.603446364403	-4.51885223389
15	5	0.233449196443	-0.448647106354	0.278769270284	-0.849119230677	-1.2714881897	0.768048524857	-2.36322951317
16	5	0.444809749722	-0.486848980239	0.264433786019	-0.832497953902	-2.49174189568	1.36353826523	-4.2587556839
17	5	0.471859958023	0.460582023605	-0.427177797134	0.778063833608	2.50393390656	-2.32510089874	4.23974084854
18	5	0.326650824398	0.369768211676	-0.590973542061	0.716953096247	1.4599313736	-2.30184578896	2.80459403992
19	5	0.429435431957	0.560802366721	-0.474233247139	0.678677782742	2.77949976921	-2.37070775032	3.40798711777
20	5	0.495508566499	-0.393950001625	0.440536041687	-0.806679237488	-2.26419973373	2.49453544617	-4.60897541046
21	5	0.417340155691	0.481534367342	-0.436328796557	0.760093306353	2.34062123299	-2.10774230957	3.69359636307
22	5	0.318734843284	0.447966877017	-0.496695722498	0.743383505566	1.70265412331	-1.88176453114	2.84925413132
23	5	0.471423350275	0.570482770511	-0.385309742808	0.725317730824	3.08091068268	-2.08418774605	3.96391224861
24	5	0.499833509326	-0.484312781495	0.287367834408	-0.826353954083	-2.79326462746	1.65878641605	-4.70457363129
25	5	0.499983258545	0.595438889819	-0.359625410687	0.718416378209	3.38212323189	-2.04287981987	4.13292646408
26	5	0.499999627471	-0.485853678318	0.255053759602	-0.835998674029	-2.80141973495	1.49493873119	-4.75616025925
27	5	0.500000420958	0.478509685413	-0.355747944187	0.802790060459	2.738915205	-2.01939201355	4.59361028671
28	5	0.500000130385	-0.465461794898	0.337164690659	-0.818330794278	-2.67053937912	1.91693878174	-4.67757129669
29	5	0.500000476837	0.555756887253	-0.188286546494	0.809742217425	3.16370415688	-1.10054326057	4.63399124146
0	6	0.499986641109	0.625416872224	-0.205733537476	0.752680176101	3.56649971008	-1.18690800667	4.30761528015
1	6	0.499970465899	-0.603108179282	0.186258966733	-0.775608226745	-3.44853258133	1.07689058781	-4.43116903305
2	6	0.499942768365	0.518256846464	-0.257390930529	0.815573264627	2.9860329628	-1.45422887802	4.65354156494
3	6	0.49996336177	-0.537735414451	0.114007998061	-0.83536985846	-3.08323907852	0.683118402958	-4.76648426056
4	6	0.499985449016	0.617117662178	-0.183836462932	0.765094730033	3.52008605003	-1.0456174612	4.38171291351
5	6	0.49998896569	-0.641060307873	0.17667485504	-0.746878622847	-3.6530046463	1.0119407177	-4.28014087677
6	6	0.499250534922	0.518817986168	-0.139219965118	0.843472405323	2.98145604134	-0.800262451172	4.80250120163
7	6	0.498338766396	-0.45767767437	0.076994354507	-0.885778197834	-2.62786436081	0.446279585361	-5.06785297394
8	6	0.445901988074	0.418183807678	-0.0240345596843	0.908044405818	2.14517498016	-0.126148015261	4.65689325333
9	6	0.497992105782	-0.386035138276	0.1499231673	-0.910219707501	-2.2179710865	0.847129702568	-5.20740842819
10	6	0.499271128327	0.450627259776	-0.104559458814	0.886567759576	2.57846283913	-0.598329842091	5.05784702301
11	6	0.499984938651	-0.502420817455	0.117704720829	-0.856573943616	-2.8656668663	0.670677781105	-4.90108251572
12	6	0.499991621822	0.482158210151	-0.190665176986	0.855084937692	2.76414203644	-1.06877350807	4.88923883438
13	6	0.499249842018	-0.570234501621	0.0718888115764	-0.818330380672	-3.23612809181	0.434808433056	-4.68301200867
14	6	0.498345766217	0.485633579323	-0.216225025493	0.846998680628	2.78847742081	-1.22325634956	4.84988212585
15	6	0.445748981088	-0.593104920382	0.27610394551	-0.756302297162	-3.01998639107	1.41859793663	-3.89376831055
16	6	0.496874608099	0.535438581602	-0.452475607147	0.713141886492	3.05372619629	-2.57208800316	4.08306837082
17	6	0.496097132564	-0.454707471392	0.465639547058	-0.759223898251	-2.60433006287	2.66171765327	-4.33723163605
18	6	0.394735131413	0.316253589877	-0.579195967025	0.751342597403	1.47222816944	-2.68002748489	3.50473999977
19	6	0.388537929393	0.248989854195	-0.142378093876	0.957983575481	1.17207157612	-0.672190010548	4.44545984268
20	6	0.398583419621	0.594763718414	0.191459598367	0.780768430106	2.78496265411	0.879942536354	3.68450903893
21	6	0.371857188642	0.587738823523	-0.227776848907	0.776325178276	2.60600042343	-1.02233326435	3.46095490456
22	6	0.417832098901	0.326731572408	-0.484615401182	0.811415055646	1.61839663982	-2.34275269508	3.93861150742
23	6	0.498174503446	-0.387898394855	0.293443521133	-0.873742373457	-2.24878168106	1.69616675377	-4.98264789581
24	6	0.499511748552	0.532228471869	-0.287999835059	0.79610862873	3.02058362961	-1.64540314674	4.55950117111
25	6	0.499994061887	-0.448171539412	0.224617906185	-0.865268205519	-2.59349060059	1.31514763832	-4.92436695099
26	6	0.499993950129	0.641147608867	-0.36651084106	0.674239977329	3.6355111599	-2.07656741142	3.89568424225
27	6	0.499998852611	-0.523151179454	0.333987680801	-0.784069558463	-2.99611020088	1.91906309128	-4.47506284714
28	6	0.500000145286	0.527785557362	-0.311482971569	0.790202989024	3.02379584312	-1.78152441978	4.512840271
29	6	0.499996855855	-0.589543530471	0.317005002911	-0.742930853989	-3.37738132477	1.79392576218	-4.25062894821
0	7	0.499927282333	-0.629206779632	0.289458966606	-0.721326788021	-3.60668134689	1.65630877018	-4.11468982697
1	7	0.499246627092	0.642899232716	-0.347806763377	0.682430239601	3.66225337982	-1.97181749344	3.91027116776
2	7	0.499006323516	-0.652000676965	0.305203899489	-0.694079027902	-3.72249031067	1.76010704041	-3.96236824989
3	7	0.4992178455	0.571493305649	-0.349250018178	0.742576478487	3.27777051926	-1.9564357996	4.24586439133
4	7	0.499940678477	-0.629147044529	0.223356429931	-0.744503795537	-3.59741806984	1.28393483162	-4.253428936
5	7	0.499975264072	0.657078730787	-0.272909879475	0.702686088686	3.75254392624	-1.53898310661	4.0289182663
6	7	0.499971747398	-0.647834551362	0.178057648788	-0.74067932857	-3.6890308857	1.01742351055	-4.24851083755
7	7	0.499233618379	0.501596494633	-0.130308507114	0.855231342705	2.8822259903	-0.742169618607	4.87176322937
8	7	0.499687824398	-0.507419470305	0.106201268792	-0.855129681196	-2.89338064194	0.609387397766	-4.89391326904
9	7	0.499244008213	0.455344815373	-0.130641655449	0.880678066591	2.60390090942	-0.73944991827	5.02579164505
10	7	0.49997574836	-0.434386184005	0.0495212970499	-0.899364377927	-2.49468564987	0.293942630291	-5.13577413559
11	7	0.499988086522	0.478820747375	-0.0357938488302	0.877182701761	2.74437403679	-0.221507906914	5.01040649414
12	7	0.49998767674	-0.527606478327	0.151724533617	-0.835829569904	-3.00864958763	0.859975039959	-4.78453159332
13	7	0.499974131584	0.452625559436	-0.175516760325	0.874256238062	2.61021351814	-0.991190552711	4.98928785324
14	7	0.499248277396	-0.501971933972	0.140599800313	-0.85337909141	-2.85436320305	0.824175477028	-4.87491321564
15	7	0.499159835279	0.439225827276	-0.376051337002	0.815883609709	2.53464198112	-2.11280846596	4.66497993469
16	7	0.49768512696	-0.556064827315	0.360329940363	-0.748968785665	-3.17206263542	2.06629252434	-4.2837600708
17	7	0.414485152811	0.432058836111	-0.523011775412	0.73469983321	2.09041452408	-2.5204076767	3.53760790825
18	7	0.377974707633	0.38934858177	-0.506669002458	0.76921661697	1.76020646095	-2.27496337891	3.48815846443
19	7	0.417901731096	0.211502409731	0.159467124332	0.964280543688	1.05546450615	0.772168815136	4.74940776825
20	7	0.34599811025	0.458446643349	0.234422585323	0.85724717946	1.90578854084	0.948049902916	3.55078911781
21	7	0.440445423126	0.501100532514	-0.239497733934	0.831588294624	2.57816171646	-1.21032977104	4.26619529724
22	7	0.497709497809	-0.651039441651	0.31451527298	-0.69081675463	-3.69655394554	1.80249989033	-3.96961688995
23	7	0.49921785295	0.538775811689	-0.429651533163	0.724651767948	3.07220864296	-2.42845869064	4.15459442139
24	7	0.499976672232	-0.476263267047	0.322538695064	-0.818011057779	-2.73698782921	1.8538787365	-4.66487169266
25	7	0.499995615333	0.463788740058	-0.336973457353	0.819358830815	2.66366696358	-1.92310452461	4.67891073227
26	7	0.499987013638	-0.572981917219	0.289948413253	-0.766564831043	-3.27207994461	1.68525159359	-4.37537288666
27	7	0.499988421798	0.511433878228	-0.467210126944	0.721214313142	2.94475364685	-2.63574719429	4.13279008865
28	7	0.499962843955	-0.615555132715	0.26426837292	-0.742464885138	-3.51499223709	1.53536057472	-4.240234375
29	7	0.499979801476	0.742889173967	-0.255041125377	0.618926247277	4.22102355957	-1.47393894196	3.56480407715
0	8	0.499263122678	0.657242120834	-0.364472004662	0.659691558548	3.75621914864	-2.0735411644	3.76705288887
1	8	0.49578306824	-0.561354339695	0.398626487742	-0.725243565002	-3.22545909882	2.27285337448	-4.11770248413
2	8	0.439515471458	0.762727208766	-0.609427411394	0.216438063311	3.87685132027	-3.06012225151	1.1422457695
3	8	0.495686605573	-0.66446010466	0.161206668794	-0.729729524722	-3.79440021515	0.94735211134	-4.15086174011
4	8	0.499277345836	0.678383320783	-0.225580488988	0.699220646914	3.86617231369	-1.28053879738	3.99999904633
5	8	0.499982617795	-0.650506278073	0.191226269181	-0.735033397992	-3.72251749039	1.10220038891	-4.19647598267
6	8	0.499985009432	0.649403034578	-0.161626993337	0.743069588737	3.71792793274	-0.920532882214	4.24371147156
7	8	0.499989323318	-0.670917280209	0.123517440435	-0.731172650627	-3.8151049614	0.705366134644	-4.20059347153
8	8	0.499962002039	0.485578859887	-0.155418013201	0.860266477322	2.80139183998	-0.879091501236	4.90569496155
9	8	0.499990839511	-0.553951031865	0.108148012009	-0.825495161582	-3.15138816833	0.618158936501	-4.72982645035
10	8	0.499987021089	0.505821627081	-0.0828217428068	0.858653038483	2.89709973335	-0.464732497931	4.90659570694
11	8	0.499998867512	-0.54688520943	0.0740619316304	-0.833925295209	-3.12673616409	0.416216373444	-4.76826858521
12	8	0.499999523163	0.558950483027	-0.101100250819	0.823014639486	3.19601154327	-0.571119427681	4.70583724976
13	8	0.499988015741	-0.557497862655	0.13681417143	-0.818827219645	-3.16833925247	0.772690057755	-4.6961274147
14	8	0.499978240579	0.4171462703	-0.136311760204	0.898558898017	2.4089884758	-0.770200788975	5.12765789032
15	8	0.499795015901	-0.498141179523	0.13520538185	-0.856489853987	-2.85221838951	0.791263580322	-4.89090585709
16	8	0.476660698652	0.658329104308	-0.210570269926	0.7226776265	3.60029029846	-1.15788650513	3.99099779129
17	8	0.335934523493	0.499823680657	-0.509424796348	0.700473172306	2.00103187561	-2.01971030235	2.83837080002
18	8	0.417569898069	0.383448057909	-0.286247283	0.878083185046	1.87541222572	-1.40411829948	4.25323581696
19	8	0.496761087328	-0.416868446608	0.190607099755	-0.888757352569	-2.38745594025	1.08375096321	-5.08090591431
20	8	0.478207200766	0.492621242243	-0.0603089022171	0.868151569718	2.72088170052	-0.331548780203	4.78656959534
21	8	0.498285714537	-0.560296128007	-0.0674652253655	-0.825540242694	-3.20608019829	-0.339353710413	-4.72054481506
22	8	0.499438714236	0.559111387566	-0.252571134767	0.789684923357	3.20320367813	-1.43262565136	4.50818538666
23	8	0.499977186322	-0.53505988036	0.408714746807	-0.739366742674	-3.06381416321	2.32052326202	-4.23261213303
24	8	0.499989636242	0.582519985786	-0.385579161962	0.715541177027	3.31559443474	-2.19947814941	4.10531806946
25	8	0.49998549372	-0.499153024455	0.433023498798	-0.750557731068	-2.87992334366	2.4619679451	-4.28263616562
26	8	0.499974116683	0.596559352971	-0.410811946448	0.689456657839	3.41183567047	-2.33480930328	3.94953346252
27	8	0.499238960445	-0.607585522229	0.395578961344	-0.688735884443	-3.4694814682	2.26207566261	-3.9284183979
28	8	0.499651938677	0.573663372463	-0.380591703818	0.725300137928	3.3026137352	-2.16626119614	4.13506698608
29	8	0.499240748584	-0.698734327003	0.368490698405	-0.613176112921	-3.98434686661	2.09436416626	-3.51108884811
0	9	0.498897828162	-0.778175302974	0.285649559923	-0.559327745384	-4.44248867035	1.65143847466	-3.18448519707
1	9	0.446423277259	0.851360961214	-0.390228187347	0.350580198416	4.36596155167	-2.013692379	1.81745433807
2	9	0.241596877575	0.800472626982	-0.469263273776	0.372874715337	2.31476449966	-1.33650588989	1.096378088
3	9	0.445901691914	0.867163790876	-0.302238219077	0.395827006056	4.44054889679	-1.5687482357	2.04890727997
4	9	0.499546557665	-0.678818281096	0.204884836946	-0.705143917821	-3.89085888863	1.19126188755	-4.01694965363
5	9	0.499960258603	0.666084665008	-0.259435856187	0.699302692377	3.8181886673	-1.45959210396	3.99673867226
6	9	0.499999910593	-0.723077827527	0.0918984849582	-0.684626265784	-4.12245178223	0.541764378548	-3.92451119423
7	9	0.499996416271	0.678416975371	-0.0224106614988	0.734335188984	3.87648510933	-0.152207612991	4.19964885712
8	9	0.49999954924	-0.587265761742	0.145929105176	-0.796130404738	-3.35392999649	0.815922796726	-4.5580534935
9	9	0.499997805804	0.510667685466	-0.0733098823268	0.856647054611	2.93545007706	-0.417177081108	4.88825845718
10	9	0.499999985099	-0.560139587901	-0.0395164653504	-0.827455189743	-3.20574855804	-0.203749760985	-4.72982311249
11	9	0.499999269843	0.638971967207	0.0316374657082	0.76857914094	3.63711166382	0.174851030111	4.40759944916
12	9	0.500000141561	-0.617925264232	-0.056890107358	-0.784175926377	-3.51721334457	-0.304542660713	-4.49760627747
13	9	0.499999355525	0.474214684477	-0.00234802049943	0.880406110739	2.73091340065	-0.00951702706516	5.02340984344
14	9	0.49999364838	-0.462636485336	-0.0306226095788	-0.886019039422	-2.65706324577	-0.157462731004	-5.06047153473
15	9	0.499731481075	0.528484565489	-0.107465136097	0.842113595998	3.01854467392	-0.601123094559	4.81443595886
16	9	0.499141108245	-0.53239630774	0.0691270849006	-0.843667954611	-3.054261446	0.405418336391	-4.81425046921
17	9	0.477242544293	0.658407231279	-0.0832227365437	0.748046719077	3.60200285912	-0.463444411755	4.13503837585
18	9	0.498452290893	-0.475333688976	0.180979341125	-0.860990338047	-2.7299246788	1.02713084221	-4.92547702789
19	9	0.498896420002	0.431953063105	-0.186675639164	0.882365432809	2.48826503754	-1.04955720901	5.02611637115
20	9	0.499842762947	-0.602858341286	0.00185835995513	-0.797846079667	-3.43110561371	0.0408834964037	-4.5734539032
21	9	0.499672986567	0.628476894139	-0.102961230652	0.770983643481	3.58377528191	-0.57660150528	4.41249227524
22	9	0.499980639666	-0.582579607396	0.174801017077	-0.793754121548	-3.33794260025	1.00711631775	-4.53165006638
23	9	0.499992869794	0.513248766454	-0.341098568324	0.787545218017	2.95035648346	-1.93760180473	4.49763441086
24	9	0.499997273088	-0.567717442511	0.296591020764	-0.767939237095	-3.25640869141	1.71459436417	-4.37581777573
25	9	0.499990344048	0.718421180613	-0.383119556762	0.580594878098	4.08207511902	-2.1833782196	3.35807657242
26	9	0.49924903363	-0.698583958056	0.284721348468	-0.656440558827	-3.98632049561	1.64914762974	-3.73894357681
27	9	0.498225517571	0.738288632638	-0.401323793553	0.542096954101	4.2178478241	-2.28525590897	3.12649202347
28	9	0.445627778769	-0.717353609799	0.305561158598	-0.626127923722	-3.6792550087	1.5655002594	-3.20702171326
29	9	0.498284250498	0.741620151327	-0.335879962086	0.580675642864	4.24692440033	-1.9206340313	3.32543373108
0	10	0.499000996351	0.834076216168	-0.366648295605	0.412172164213	4.75551509857	-2.07479429245	2.38758850098
1	10	0.498177632689	-0.774217724589	0.346540467642	-0.529619315376	-4.44188785553	1.98833322525	-3.01306414604
2	10	0.447749957442	0.813256126999	-0.455092411334	0.362636690153	4.19104719162	-2.33097863197	1.88895106316
3	10	0.497707627714	-0.712076943757	0.267535600995	-0.64913105639	-4.08210420609	1.54115056992	-3.69872570038
4	10	0.49924467504	0.651899610743	-0.340719639826	0.67744890918	3.74053239822	-1.91416847706	3.86488008499
5	10	0.499979659915	-0.756184110115	0.164627797717	-0.633311360886	-4.30685472488	0.966699004173	-3.63457942009
6	10	0.499957539141	0.696143927513	-0.169842290141	0.697522206575	3.98234033585	-0.960676550865	3.98695516586
7	10	0.499989770353	-0.702634821124	0.0836114286958	-0.706621141161	-4.00746107101	0.482305824757	-4.04910612106
8	10	0.499988075346	0.57884849583	-0.0451737048577	0.814182875812	3.32034111023	-0.266541421413	4.64640712738
9	10	0.499997384846	-0.574667006022	0.043285135605	-0.817241842557	-3.28912639618	0.25286796689	-4.66908740997
10	10	0.500000186265	0.618629888788	-0.0533785907871	0.783867199686	3.52881002426	-0.291217386723	4.48850059509
11	10	0.499998237938	-0.583609431126	-0.0374109708055	-0.811172269721	-3.34530472755	-0.198540896177	-4.63188552856
12	10	0.499999660999	0.533138571334	-0.0210150916421	0.845766888497	3.06775832176	-0.0919537693262	4.8243560791
13	10	0.499999374151	-0.539263118972	-0.117771267456	-0.833861629456	-3.08500528336	-0.655345380306	-4.76852416992
14	10	0.499995991588	0.573594915441	0.104476598158	0.812449083585	3.2739443779	0.581007182598	4.65103197098
15	10	0.4999910146	-0.588675630239	0.0478232144797	-0.806953494645	-3.35860562325	0.26554903388	-4.61922454834
16	10	0.499733585864	0.512992053905	-0.0360642888721	0.857635423533	2.94790029526	-0.213798031211	4.89042663574
17	10	0.499852783978	-0.540120024416	0.0612785525946	-0.839354095848	-3.09966015816	0.346755027771	-4.79053735733
18	10	0.499575350434	0.534553081453	-0.0114093738336	0.845057885176	3.05702805519	-0.0886050462723	4.82493829727
19	10	0.499976459891	-0.56672648272	0.11729223818	-0.815514331355	-3.228733778	0.668477416039	-4.67073822021
20	10	0.499975156039	0.570813395909	-0.12947190371	0.81080767954	3.27325344086	-0.73184210062	4.62933778763
21	10	0.499995060265	-0.647344207701	0.0984734695278	-0.755809799193	-3.69593334198	0.575819313526	-4.32374858856
22	10	0.499995775521	0.715456618847	-0.116973166428	0.688795401323	4.06676197052	-0.692958593369	3.95970058441
23	10	0.499998778105	-0.575056754677	0.289012013667	-0.765363825156	-3.3061003685	1.6481924057	-4.36452627182
24	10	0.499999471009	0.598280908133	-0.353644359575	0.719024076026	3.43172454834	-2.00899291039	4.10808992386
25	10	0.4999582991	-0.639669462269	0.366233095561	-0.675793088716	-3.67254447937	2.0821325779	-3.85489416122
26	10	0.499601982534	0.712440988271	-0.289680315378	0.639150336864	4.07794809341	-1.65977263451	3.64738130569
27	10	0.445604816079	-0.824043290467	0.23032441809	-0.517593776883	-4.21329641342	1.18702673912	-2.66644382477
28	10	0.233649782836	-0.744313363178	0.217782260249	-0.631322821158	-2.09935617447	0.640412807465	-1.72809159756
29	10	0.445437639952	-0.813138890293	0.383751106541	-0.43765309701	-4.16183233261	1.95134067535	-2.26304531097
0	11	0.499214075506	-0.795184277611	0.141371314002	-0.589657626269	-4.54091739655	0.843966722488	-3.35764050484
1	11	0.499276027083	0.804624688133	-0.340318271416	0.486582557628	4.58519124985	-1.92709755898	2.80367422104
2	11	0.49960847199	-0.757157688947	0.286257741809	-0.587170111061	-4.33698940277	1.65157294273	-3.33991503716
3	11	0.49929446727	0.789573951822	-0.238678203942	0.565336793042	4.49295091629	-1.37312173843	3.24352216721
4	11	0.49994071573	-0.723293441152	0.225578162281	-0.652656947169	-4.13359260559	1.31003749371	-3.72654724121
5	11	0.499204799533	0.719537901565	-0.295893415472	0.628261326912	4.10312128067	-1.67013883591	3.60002112389
6	11	0.499686039984	-0.645724872356	0.162635952929	-0.74604888314	-3.7033700943	0.938539028168	-4.25497579575
7	11	0.499331086874	0.702672437944	-0.158526520018	0.69362871005	3.99385309219	-0.881523370743	3.98541617393
8	11	0.499955084175	-0.602957230452	0.0285892643682	-0.797261081584	-3.45306539536	0.176472738385	-4.55305242538
9	11	0.499979928136	0.638231666603	-0.0907821365312	0.764472984108	3.64439487457	-0.505037605762	4.37570524216
10	11	0.499961532652	-0.621594306192	0.0177917068215	-0.783137263625	-3.55524492264	0.112050332129	-4.47483730316
11	11	0.49999102205	0.666495717327	-0.0648677036372	0.742681385124	3.80409097672	-0.341508179903	4.2549943924
12	11	0.499986842275	-0.660506322028	-0.158008600541	-0.73400591327	-3.76937413216	-0.868533730507	-4.21149015427
13	11	0.499999109656	0.576137799382	0.11122964566	0.809748851218	3.30700826645	0.637093186378	4.61987686157
14	11	0.499999821186	-0.60518309453	-0.0879741705175	-0.791210444456	-3.45726251602	-0.493954986334	-4.52621889114
15	11	0.499996297061	0.620667898881	-0.0345345453573	0.78331266074	3.54745340347	-0.187900498509	4.47929620743
16	11	0.499996930361	-0.625060022188	0.0846720803468	-0.775970751686	-3.57161283493	0.46287637949	-4.44071865082
17	11	0.499987863004	0.643200187	-0.0403095230281	0.7646362938	3.67067432404	-0.233638316393	4.37669420242
18	11	0.499995574355	-0.589364979646	0.033380168708	-0.807176984994	-3.36917829514	0.195570364594	-4.61458969116
19	11	0.499993417412	0.522639772116	-0.108910655791	0.84556852925	3.01456356049	-0.623709917068	4.8182220459
20	11	0.499999605119	-0.626996009167	0.153797713696	-0.763689902873	-3.57937932014	0.883176326752	-4.36995601654
21	11	0.499998018146	0.589740685139	-0.23709550462	0.772004952044	3.38598060608	-1.33746778965	4.40823793411
22	11	0.499993801117	-0.643928697336	0.252471985237	-0.722228308374	-3.69516849518	1.431884408	-4.12108421326
23	11	0.499995902181	0.713099900743	-0.269428904246	0.64722221618	4.07376766205	-1.53966784477	3.70476078987
24	11	0.499980181456	-0.744805873077	0.254477439619	-0.616851233406	-4.24785423279	1.46410632133	-3.53509545326
25	11	0.499984890223	0.748491085979	-0.261740634382	0.609305288442	4.27577161789	-1.50784158707	3.48302102089
26	11	0.499250404537	-0.773691004152	0.301921733223	-0.556996855559	-4.41654872894	1.72276711464	-3.1803188324
27	11	0.49836614728	0.860775665798	-0.25921543071	0.438032662768	4.91774559021	-1.49484658241	2.52609395981
28	11	0.445458292961	-0.850718052076	0.296122511834	-0.434269793859	-4.34895133972	1.51608800888	-2.24408483505
29	11	0.497109092772	0.717587458576	-0.201916619755	0.666556762745	4.11545085907	-1.15162789822	3.79238891602
0	12	0.499958500266	0.785421356423	-0.21818748767	0.579230103758	4.48481750488	-1.24626374245	3.31906151772
1	12	0.499975927174	-0.719911719152	0.316393860948	-0.617755648604	-4.12747192383	1.80325770378	-3.52120399475
2	12	0.499963738024	0.727405152778	-0.381195197557	0.570589138585	4.16100740433	-2.15604400635	3.27404260635
3	12	0.499977372587	-0.738035006193	0.311769491906	-0.598418009046	-4.2177939415	1.77540528774	-3.42734384537
4	12	0.499211363494	0.685891262433	-0.348855489223	0.638633716427	3.92382049561	-1.96534132957	3.65093374252
5	12	0.497796364129	-0.670310875982	0.309860575908	-0.674292038391	-3.83637952805	1.76968955994	-3.85703706741
6	12	0.445075392723	0.598008153302	-0.160490421644	0.785257329253	3.06100344658	-0.825717449188	4.01932001114
7	12	0.497443128377	-0.536559223053	-0.00783240339019	-0.843826317209	-3.085293293	-0.0237403810024	-4.8145904541
8	12	0.49921592325	0.56894938555	-0.025950445587	0.821962998593	3.2640786171	-0.164126738906	4.68161582947
9	12	0.499229051173	-0.688358853435	0.0559043427413	-0.723212827154	-3.90978169441	0.322087109089	-4.14690923691
10	12	0.499679651111	0.588657820518	-0.038196456192	0.807479412169	3.38502311707	-0.219609707594	4.60354423523
11	12	0.499279946089	-0.680566650657	-0.0305623658065	-0.732048479139	-3.86959433556	-0.164600536227	-4.19480419159
12	12	0.499968424439	0.708118780216	0.0516944329454	0.704198465425	4.03698253632	0.297170996666	4.03755998611
13	12	0.499987244606	-0.692931146684	-0.129145676025	-0.709343231673	-3.94902038574	-0.715109825134	-4.07260036469
14	12	0.499999515712	0.597053106107	0.0350646590031	0.801434999346	3.4289188385	0.207618206739	4.57006835938
15	12	0.499999478459	-0.648997096478	-0.0366912436713	-0.759905600322	-3.71153926849	-0.209799855947	-4.34329271317
16	12	0.49999987334	0.666829472825	0.104109236287	0.737902243587	3.81672239304	0.563281059265	4.21997022629
17	12	0.500000171363	-0.716848958553	0.0437279123352	-0.695855904842	-4.08296632767	0.244561985135	-3.99477720261
18	12	0.499998480082	0.632111674379	-0.0265284441668	0.774423058001	3.62355494499	-0.163772061467	4.41911506653
19	12	0.500000059605	-0.687333857069	0.141613331515	-0.712402858826	-3.91659212112	0.81618142128	-4.08552074432
20	12	0.499999038875	0.715437425875	-0.207412501991	0.667180143345	4.07684707642	-1.17717278004	3.83143424988
21	12	0.499993547797	-0.628958042371	0.164569722944	-0.759821417984	-3.61293840408	0.954999923706	-4.32721662521
22	12	0.499986231327	0.750272716744	-0.202362818124	0.62939664787	4.28278875351	-1.16673004627	3.6043817997
23	12	0.499606147408	-0.810502127144	0.267168162657	-0.5212556712	-4.61627626419	1.52547264099	-3.00032305717
24	12	0.499828919768	0.746449779328	-0.261720013798	0.611813175175	4.27730464935	-1.50514221191	3.48203825951
25	12	0.49943972379	-0.773052193989	0.287603760728	-0.565397543489	-4.41469144821	1.64896059036	-3.22564601898
26	12	0.49995098263	0.760119092436	-0.373632754499	0.531617842139	4.35491847992	-2.12088322639	3.03730249405
27	12	0.499227836728	-0.782248044671	0.362816600878	-0.506411009691	-4.4740858078	2.06253814697	-2.88294887543
28	12	0.49967071414	0.786442283921	-0.383456104622	0.48422097217	4.50163650513	-2.16965126991	2.78013753891
29	12	0.499283641577	-0.802077685876	0.169445568069	-0.572677557865	-4.57121324539	0.995197355747	-3.2732963562
0	13	0.499986350536	-0.734531232597	0.197729726994	-0.649127740435	-4.20690917969	1.15094518661	-3.69643783569
1	13	0.49999782443	0.723037479471	-0.254570140176	0.642192219675	4.13321352005	-1.4595887661	3.66968679428
2	13	0.49999922514	-0.706455971425	0.263803711298	-0.656755329132	-4.0494093895	1.50321114063	-3.74591159821
3	13	0.499959789217	0.70634119492	-0.180960947523	0.684350240616	4.04153299332	-1.0450592041	3.90562438965
4	13	0.499628722668	-0.709792377618	0.132185882036	-0.691897155121	-4.04618883133	0.779826045036	-3.96498370171
5	13	0.445242319256	0.55117280773	-0.168665437816	0.817166143514	2.83378815651	-0.860939025879	4.17868709564
6	13	0.233963493258	0.55324343401	-0.177040615983	0.81398914183	1.57137918472	-0.496048897505	2.26127386093
7	13	0.44536486268	0.652981072515	-0.289547100077	0.699841550477	3.33895897865	-1.46547198296	3.59919285774
8	13	0.498969383538	-0.657869485285	0.267922064141	-0.703864694297	-3.75494885445	1.5072555542	-4.03043556213
9	13	0.498236604035	0.636214583947	-0.106712740936	0.764096456015	3.64890646935	-0.619590163231	4.36806106567
10	13	0.445245020092	-0.655251593674	0.151387197503	-0.740085985153	-3.35008192062	0.766931056976	-3.79687070847
11	13	0.497662961483	0.494452836054	0.00812632097854	0.869166471871	2.85838842392	0.0368248894811	4.95565223694
12	13	0.499284788966	-0.628282468253	0.071498791597	-0.774692882945	-3.58604192734	0.389797031879	-4.42539358139
13	13	0.499989926815	0.664091993882	-0.0396922723856	0.746596508948	3.79914331436	-0.217947140336	4.26684856415
14	13	0.4999980703	-0.664360712844	-0.0068208438942	-0.747380973345	-3.80073165894	-0.0401986241341	-4.27032136917
15	13	0.499999932945	0.720927503374	0.0540435294197	0.690900015781	4.10888051987	0.294971227646	3.96449375153
16	13	0.50000038743	-0.716951823519	-0.0253752885795	-0.696660733415	-4.09506034851	-0.135987788439	-3.98719215393
17	13	0.499999396503	0.66767382372	-0.121325609862	0.734501028938	3.83761525154	-0.6702516675	4.18556070328
18	13	0.50000038743	-0.681421981558	0.0473474470833	-0.73035765369	-3.89332675934	0.297488331795	-4.17696094513
19	13	0.500000447035	0.626781645881	-0.330413954916	0.705670877097	3.602237463	-1.84144425392	4.0421833992
20	13	0.499999061227	-0.710229556113	0.220906624529	-0.668411730046	-4.05864572525	1.26993465424	-3.8206679821
21	13	0.499994799495	0.689731930234	-0.21717498802	0.690727796599	3.95339345932	-1.25035333633	3.93703603745
22	13	0.499601811171	-0.780811962765	0.258358872106	-0.568843890718	-4.45662546158	1.47568690777	-3.25527381897
23	13	0.498988315463	0.796523958387	-0.309868256413	0.519163988912	4.55768251419	-1.77147674561	2.96505355835
24	13	0.469323664904	-0.793307226242	0.372611799328	-0.481481143758	-4.29745340347	2.01070308685	-2.59819459915
25	13	0.497788250446	0.819730786062	-0.353983943224	0.450263041257	4.68846464157	-2.02070593834	2.57984733582
26	13	0.499107375741	-0.831205155807	0.304781791763	-0.464979621457	-4.74095153809	1.76211547852	-2.64554023743
27	13	0.499966785312	0.84686489341	-0.311670543523	0.430907559239	4.83119297028	-1.7832480669	2.48305869102
28	13	0.499951295555	-0.769974333613	0.322647723236	-0.55048884845	-4.40578126907	1.84192728996	-3.14264583588
29	13	0.499989010394	0.762755989713	-0.303263126481	0.571169656297	4.3595457077	-1.724573493	3.27216291428
0	14	0.500000171363	0.76884796351	-0.315968180267	0.5559108904	4.38207817078	-1.80063533783	3.20059370995
1	14	0.500000327826	-0.706915658026	0.304467947372	-0.638411717828	-4.05205345154	1.72849810123	-3.64432501793
2	14	0.499998301268	0.810781458486	-0.145238371889	0.567044303301	4.61246871948	-0.861598610878	3.26880002022
3	14	0.499990165234	-0.715053486564	0.157716696789	-0.68104622083	-4.08397531509	0.911993741989	-3.89587402344
4	14	0.499274268746	0.613898261468	-0.19263524164	0.76551981571	3.52354001999	-1.08903646469	4.35832118988
5	14	0.498266980052	-0.58150056903	0.0555047218539	-0.811650364424	-3.3348274231	0.337896436453	-4.64205026627
6	14	0.446203954518	0.618357651714	-0.146206691081	0.772177063924	3.17371058464	-0.753866553307	3.96229720116
7	14	0.49823769927	-0.720092144279	0.130677597132	-0.681462155482	-4.11336231232	0.769238352776	-3.90822505951
8	14	0.498944967985	0.701878657063	-0.31759300994	0.637574333546	4.00481081009	-1.78555846214	3.65757799149
9	14	0.446232996881	-0.711679094928	0.17261555901	-0.680967498953	-3.64351058006	0.886712670326	-3.5046544075
10	14	0.233401944861	-0.615455573124	0.0984912151435	-0.781993553714	-1.73220205307	0.293808490038	-2.16890835762
11	14	0.444779358804	-0.634900425143	0.190441765614	-0.748754555287	-3.24565672874	0.958140969276	-3.83728551865
12	14	0.499673761427	0.60614803044	-0.0366543838736	0.79450677866	3.48012208939	-0.22189642489	4.53187656403
13	14	0.499962389469	-0.700000063757	0.0950360017177	-0.707790978409	-3.99644780159	0.528071224689	-4.05351161957
14	14	0.500000394881	0.708478059326	1.96503394011e-05	0.705732838309	4.04514408112	-0.0127416178584	4.03995609283
15	14	0.500000141561	-0.639385838183	0.0671179537956	-0.765950997264	-3.67532205582	0.368893116713	-4.36404466629
16	14	0.499999515712	0.736343940166	-0.0620577425255	0.673755473724	4.2058763504	-0.355372935534	3.85665178299
17	14	0.500000156462	-0.837941742961	0.0511603320246	-0.543356472153	-4.76913833618	0.310556799173	-3.14055252075
18	14	0.500000052154	0.700482767225	-0.130531224402	0.701630595311	4.01868915558	-0.74707454443	3.99870252609
19	14	0.499999955297	-0.633757695971	0.150805084726	-0.758689006918	-3.6498169899	0.87855130434	-4.31358385086
20	14	0.50000037998	0.776287120898	-0.25069658377	0.578385277141	4.42733383179	-1.42674171925	3.32527494431
21	14	0.499982155859	-0.748914441921	0.347250343289	-0.564397340327	-4.28604078293	1.96758651733	-3.23185801506
22	14	0.499809503555	0.808529508344	-0.283699559833	0.515552707187	4.620408535	-1.639300704	2.9413690567
23	14	0.46876989305	-0.819555808311	0.395020333204	-0.415074949159	-4.42590713501	2.13022112846	-2.25062036514
24	14	0.307809427381	-0.920469936567	0.362448923798	-0.146170699918	-3.37518692017	1.35533761978	-0.569880962372
25	14	0.416371583939	-0.864718844951	0.501925830683	-0.0182148203161	-4.18953847885	2.42608165741	-0.12318944931
26	14	0.497934445739	0.809656991587	-0.524018524609	0.264310691879	4.64251995087	-2.96742224693	1.54434657097
27	14	0.499214589596	-0.835263158273	0.248009946495	-0.4907407899	-4.75681591034	1.45118618011	-2.80790305138
28	14	0.499976031482	0.729905106773	-0.254649573901	0.634343857555	4.1856584549	-1.47099685669	3.60645747185
29	14	0.49999012053	-0.70360924633	0.365712860125	-0.609252109079	-4.03550100327	2.07969141006	-3.4747300148
0	15	0.499999351799	-0.694565060087	0.292823589369	-0.657140565493	-3.9726858139	1.68485093117	-3.75101280212
1	15	0.500000707805	0.675972939414	-0.302907857927	0.67179417591	3.86931324005	-1.73028755188	3.83591079712
2	15	0.499999955297	-0.700427299425	0.315200373586	-0.640351717973	-4.00380325317	1.78858172894	-3.66900706291
3	15	0.499988004565	0.64255390749	-0.245743486805	0.725764848049	3.68379020691	-1.40894901752	4.13889408112
4	15	0.499975711107	-0.716127708512	0.247145964844	-0.652748019654	-4.07539272308	1.41068232059	-3.75456953049
5	15	0.499255232513	0.616142172288	-0.141531118192	0.774814665653	3.53489971161	-0.818211913109	4.40813684464
6	15	0.499701999128	-0.700620859375	0.130711572046	-0.701459119509	-3.98924946785	0.763207376003	-4.02547550201
7	15	0.499255985022	0.637059537678	-0.184479101185	0.748413392905	3.64692497253	-1.05767714977	4.26268005371
8	15	0.49922631681	-0.663391957276	0.241966913856	-0.708069999096	-3.78403186798	1.38027894497	-4.04512548447
9	15	0.498347960413	0.679324056373	-0.243346877147	0.692315768863	3.88697242737	-1.37869513035	3.97265791893
10	15	0.445762939751	-0.642709754501	0.18388842186	-0.743713130028	-3.29448032379	0.936133265495	-3.81506729126
11	15	0.497944481671	0.67872669478	-0.00202637339675	0.734388158676	3.87889122963	-0.0198802147061	4.20681858063
12	15	0.499239638448	-0.661786359426	0.0297173260957	-0.749103260577	-3.7813076973	0.170935377479	-4.27266836166
13	15	0.499990880489	0.729695577229	-0.0733138173875	0.679830455888	4.16731357574	-0.412312090397	3.89197444916
14	15	0.49999794364	-0.738761513885	0.0488653020123	-0.672193132858	-4.21365308762	0.279402554035	-3.85354375839
15	15	0.499999806285	0.673395285175	-0.0216404631916	0.738965818057	3.85712170601	-0.135345220566	4.21777391434
16	15	0.49999859184	-0.657247053431	0.16204923506	-0.736047794761	-3.78796195984	0.913840889931	-4.18575954437
17	15	0.500000327826	0.842357635432	-0.161335992323	0.514202597825	4.80082416534	-0.923635482788	2.96581339836
18	15	0.499998234212	-0.810990408483	0.257078590878	-0.525552238566	-4.62713623047	1.45018613338	-3.0303902626
19	15	0.500000156462	0.764432900757	-0.138941593995	0.629553471675	4.36878490448	-0.80592674017	3.59907341003
20	15	0.499998636544	-0.80618445932	0.158355641169	-0.570079037029	-4.59759235382	0.934166908264	-3.26856422424
21	15	0.499993771315	0.760963268774	-0.363354151733	0.537502245572	4.35457515717	-2.06725955009	3.0757496357
22	15	0.499490410089	-0.835491288681	0.405818134142	-0.370494195015	-4.75579023361	2.3159031868	-2.15810704231
23	15	0.498219326138	0.704644182274	-0.544533437538	0.454928468872	4.05906105042	-3.08729124069	2.60175418854
24	15	0.417691454291	-0.806621596121	0.474023435249	-0.353077022058	-3.92216563225	2.29731798172	-1.71175169945
25	15	0.366193115711	-0.666131462888	0.623636607419	-0.409079767329	-2.94079732895	2.71731281281	-1.78625464439
26	15	0.417490139604	-0.789074080661	0.457283598226	-0.410187525435	-3.82123756409	2.2314915657	-1.99984288216
27	15	0.498090706766	0.650881850806	-0.397610975923	0.646728944857	3.75080823898	-2.26170039177	3.68568634987
28	15	0.49947360903	-0.78015047574	0.2799020996	-0.559481947736	-4.44091129303	1.62106537819	-3.20486783981
29	15	0.499993890524	0.734903637178	-0.430239803571	0.524223573951	4.19774627686	-2.43121814728	3.02776384354
0	16	0.499999552965	0.598552679987	-0.278622938894	0.751068536955	3.43882441521	-1.60707569122	4.27560663223
1	16	0.5	-0.671503187044	0.282457011867	-0.685055841692	-3.83453702927	1.62909197807	-3.9151391983
2	16	0.499999590218	0.639429374917	-0.346759108319	0.68621293728	3.66501760483	-1.97374272346	3.91894435883
3	16	0.499999761581	-0.574969155468	0.318164431064	-0.753778392544	-3.30934476852	1.81611156464	-4.29401874542
4	16	0.499987334013	0.656183834879	-0.369704386086	0.657830861052	3.75338506699	-2.09414505959	3.76990246773
5	16	0.499991349876	-0.714972027169	0.267761329082	-0.645847405363	-4.06811237335	1.52738118172	-3.71654605865
6	16	0.499963343143	0.626715656785	-0.270259010158	0.730881353551	3.59159445763	-1.53834366798	4.17306852341
7	16	0.499979123473	-0.609388101816	0.294160309949	-0.736285171259	-3.48564076424	1.65844249725	-4.21726942062
8	16	0.499961044639	0.569503796417	-0.21941909278	0.792162033672	3.28161764145	-1.25076043606	4.51221132278
9	16	0.499254055321	-0.661367067532	0.065948140219	-0.747157576945	-3.7690372467	0.410589039326	-4.2685251236
10	16	0.499702148139	0.610172789691	-0.173881986166	0.772951629539	3.49814343452	-0.976187705994	4.41703414917
11	16	0.499240010977	-0.638701378688	0.00423938826595	-0.769443030022	-3.64852380753	0.0463425517082	-4.39036560059
12	16	0.499973729253	0.678937411932	-0.0353704831505	0.733343657231	3.88292312622	-0.194620132446	4.19166040421
13	16	0.499986506999	-0.758648266413	0.0189539869017	-0.65122465728	-4.32395553589	0.119488507509	-3.73807477951
14	16	0.499999843538	0.685326335775	-0.101246163918	0.721163662275	3.93426561356	-0.564795076847	4.10974502563
15	16	0.49998793751	-0.739368573687	-0.0249809559284	-0.672837323642	-4.22282552719	-0.106058508158	-3.85394096375
16	16	0.499991841614	0.772655787986	-0.206562920519	0.600278929464	4.40817546844	-1.1622903347	3.45143771172
17	16	0.4999627918	-0.78648641673	0.181089161201	-0.590462388298	-4.49637842178	1.05223464966	-3.36986589432
18	16	0.499992445111	0.742178169187	-0.298445922668	0.600084657715	4.25455141068	-1.6803650856	3.42999458313
19	16	0.499987669289	-0.758505161966	0.135784687644	-0.637363662184	-4.3356180191	0.798646807671	-3.64031171799
20	16	0.500000193715	0.712128832833	-0.309263116124	0.630260938385	4.08683156967	-1.75010824203	3.5957672596
21	16	0.499991238117	-0.671718807662	0.372926394097	-0.640093546303	-3.86058521271	2.12633419037	-3.6414680481
22	16	0.499975465238	0.738732479413	-0.372402995751	0.561774271942	4.22978830338	-2.12451052666	3.20731520653
23	16	0.499165728688	-0.788382303415	0.308158472775	-0.532439385583	-4.49173259735	1.78502905369	-3.03676557541
24	16	0.498112410307	0.774548851005	-0.349827267501	0.526967703298	4.42726945877	-2.01786613464	3.01037311554
25	16	0.417675644159	-0.716689349134	0.49809625276	-0.488115252603	-3.47728347778	2.4181573391	-2.37890648842
26	16	0.305341623724	-0.698737095996	0.487411691595	-0.52363757846	-2.56090474129	1.76926875114	-1.91388344765
27	16	0.467757970095	-0.627557162043	0.394265989054	-0.67136155553	-3.40025901794	2.12965202332	-3.60089373589
28	16	0.499760828912	0.751484351584	-0.374841390947	0.542922831494	4.28548955917	-2.14015769958	3.12063074112
29	16	0.499982103705	-0.6437295513	0.316544137739	-0.69671520268	-3.69613480568	1.82198905945	-3.96384239197
0	17	0.499998860061	-0.602569417046	0.411245300176	-0.683949852492	-3.4571993351	2.34011888504	-3.90632200241
1	17	0.500000484288	0.67996188687	-0.411726278867	0.606739897893	3.88431119919	-2.33853673935	3.48298716545
2	17	0.499999783933	-0.738661155158	0.33695004082	-0.583818779976	-4.2054901123	1.92218220234	-3.36324167252
3	17	0.499999769032	0.663889940439	-0.259573197996	0.70133579822	3.79316496849	-1.49663507938	4.007563591
4	17	0.500000357628	-0.638164206686	0.364895054256	-0.677936608161	-3.64591526985	2.06570339203	-3.88974237442
5	17	0.49999795109	0.616195257795	-0.220599327601	0.756068344088	3.52919960022	-1.28155779839	4.31161117554
6	17	0.499999828637	-0.615970487552	0.305867677819	-0.725965097047	-3.52452325821	1.71670508385	-4.16218566895
7	17	0.499997381121	0.590663024509	-0.140780735357	0.79454262065	3.39566993713	-0.826142311096	4.52568149567
8	17	0.499987013638	-0.710432572457	0.210757503931	-0.671466182714	-4.03712415695	1.19715511799	-3.86784029007
9	17	0.499991476536	0.645304277128	-0.139383631805	0.751102252097	3.69260549545	-0.794558763504	4.29153013229
10	17	0.499962702394	-0.627732544177	0.163897421302	-0.76097929556	-3.59045290947	0.927405714989	-4.35036420822
11	17	0.499991774559	0.597603097007	-0.163160477514	0.785015411966	3.4298043251	-0.899651050568	4.48580932617
12	17	0.499987274408	-0.668226140524	-0.0498278847497	-0.742287684811	-3.82932186127	-0.250918090343	-4.23885726929
13	17	0.499999456108	0.727373510574	-0.0409809761698	0.685017033152	4.15690469742	-0.236849024892	3.91769838333
14	17	0.499987274408	-0.74199042842	0.138998868208	-0.655842602131	-4.23490905762	0.779306769371	-3.76039123535
15	17	0.499976575375	0.706473137786	-0.123762475463	0.696834668521	4.04861164093	-0.700274944305	3.9757976532
16	17	0.499240972102	-0.710535559093	0.201894375039	-0.674075574838	-4.06745672226	1.15812385082	-3.83446550369
17	17	0.499706991017	0.786998992898	-0.331214493196	0.520508928525	4.49625778198	-1.86564767361	3.00218582153
18	17	0.499273359776	-0.756497121439	0.219601122212	-0.616025528998	-4.32736158371	1.25339174271	-3.50640439987
19	17	0.499972820282	0.76532043463	-0.127344267846	0.630926358448	4.37966489792	-0.749382972717	3.59802722931
20	17	0.499987825751	-0.806599031525	0.270996617523	-0.525317842487	-4.59661531448	1.55075597763	-3.02615118027
21	17	0.499999560416	0.746981873844	-0.372644055984	0.550594667326	4.26664304733	-2.11743497849	3.16219854355
22	17	0.499989286065	-0.728236200289	0.303687599762	-0.61436624121	-4.16691684723	1.74747490883	-3.50230193138
23	17	0.499964624643	0.777328620654	-0.340503957799	0.528977570635	4.43207454681	-1.95323181152	3.03811073303
24	17	0.49912263453	-0.694983472413	0.480983245699	-0.534465237813	-3.98145723343	2.71593523026	-3.05921721458
25	17	0.497494295239	0.681272433231	-0.462732267729	0.567227220893	3.89160966873	-2.64049100876	3.24819374084
26	17	0.467645436525	-0.562232709286	0.332922634138	-0.757005218138	-3.05671072006	1.81109511852	-4.06072473526
27	17	0.497668981552	0.75028749188	-0.448211743814	0.485978304285	4.25901651382	-2.55947613716	2.80655765533
28	17	0.49956934154	-0.74319170704	0.441260409806	-0.502946654551	-4.23600387573	2.5158135891	-2.8926627636
29	17	0.499983027577	0.690023775457	-0.348655966481	0.634276127835	3.93454933167	-2.00616812706	3.63102698326
0	18	0.499997913837	0.609111365654	-0.434421527606	0.663521876492	3.4838848114	-2.4711561203	3.79970097542
1	18	0.499999962747	-0.649704006624	0.380917168798	-0.657865346626	-3.71534657478	2.17445516586	-3.7620100975
2	18	0.499999754131	0.680155570022	-0.254174912786	0.68759254961	3.88612532616	-1.46807670593	3.92820954323
3	18	0.499998539686	-0.653910632042	0.201221769432	-0.729322072071	-3.72799539566	1.16340279579	-4.17569255829
4	18	0.500000044703	0.5483073929	-0.292751875058	0.783361565653	3.15432834625	-1.67222166061	4.46560049057
5	18	0.499998748302	-0.576669665353	0.266342015906	-0.772343205852	-3.30663824081	1.50450718403	-4.41473770142
6	18	0.499999798834	0.628134311977	-0.0744078814296	0.774539058601	3.59541249275	-0.459879040718	4.4224729538
7	18	0.499999769032	-0.686770384678	0.0744573935242	-0.723050852485	-3.90822410583	0.449244141579	-4.14897060394
8	18	0.499999403954	0.612034806068	-0.224799119282	0.758207591713	3.51026391983	-1.267791152	4.33151006699
9	18	0.49999858439	-0.638840300521	0.0642468824893	-0.766652077882	-3.64928126335	0.392868638039	-4.38390922546
10	18	0.499999128282	0.682132136358	-0.06071418565	0.728704011385	3.87971591949	-0.356294989586	4.18470478058
11	18	0.499997783452	-0.60208699192	0.00250120288827	-0.798426576552	-3.46134924889	0.0438460931182	-4.55126571655
12	18	0.500000074506	0.765517239214	-0.090563135764	0.637009948829	4.3551197052	-0.505956947803	3.6706199646
13	18	0.499997377396	-0.711847026628	0.0824649431363	-0.697476410952	-4.07143974304	0.473092585802	-3.98511433601
14	18	0.499991200864	0.723340751784	-0.0673021461613	0.687203447263	4.14084863663	-0.399233162403	3.92176914215
15	18	0.499267563224	-0.765131655583	0.0424118263552	-0.642475514405	-4.36013555527	0.273367494345	-3.6756298542
16	18	0.49830404669	0.722594246419	-0.251555584458	0.643876807293	4.14269161224	-1.42063438892	3.68958067894
17	18	0.44563253969	-0.78783910982	0.263248236188	-0.556785329532	-4.0337433815	1.34251666069	-2.86246228218
18	18	0.497942969203	0.834477857755	-0.128679003591	0.535806325972	4.76524543762	-0.750026345253	3.07881212234
19	18	0.499250896275	-0.785715941968	0.185678848292	-0.590062559255	-4.48216152191	1.0673314333	-3.37028980255
20	18	0.499991394579	0.741766843558	-0.288592169804	0.605389551715	4.24279260635	-1.64977431297	3.45883226395
21	18	0.499997965991	-0.701468051158	0.341023731694	-0.625815777706	-4.01743507385	1.94344973564	-3.572940588
22	18	0.499997839332	0.700056607232	-0.294903434414	0.650348146028	4.00752449036	-1.69298505783	3.70893216133
23	18	0.499977856874	-0.688401071918	0.363984056019	-0.627391083094	-3.94790744781	2.06838130951	-3.58038568497
24	18	0.499250546098	0.738069264575	-0.283984407344	0.612051155603	4.20368480682	-1.65787029266	3.49001646042
25	18	0.497396767139	-0.662882944869	0.424833117018	-0.616524958203	-3.79783582687	2.41531467438	-3.52409648895
26	18	0.446083247662	0.655066033769	-0.307494195735	0.690170856376	3.36217188835	-1.57856011391	3.54408788681
27	18	0.497205644846	-0.537375706985	0.514377080727	-0.66831397439	-3.10190749168	2.92661714554	-3.80577373505
28	18	0.499235868454	0.626588590315	-0.497487111564	0.599911087008	3.57892799377	-2.82949376106	3.43179607391
29	18	0.499984122813	-0.580829102073	0.406223986675	-0.705421595101	-3.33571815491	2.31789755821	-4.02388572693
0	19	0.499999351799	-0.609941213188	0.363110868088	-0.704359435183	-3.49061965942	2.07213187218	-4.02562904358
1	19	0.500000283122	0.636716447347	-0.376018117075	0.673203194666	3.64268875122	-2.14662957191	3.84777402878
2	19	0.499994069338	-0.636493046413	0.315154760792	-0.703956020372	-3.63895177841	1.79244756699	-4.02911090851
3	19	0.499994482845	0.526872630625	-0.156522651094	0.835407619544	3.04751515388	-0.93337905407	4.74913930893
4	19	0.499980017543	-0.602180326612	0.334755067638	-0.724788175215	-3.44468212128	1.88054800034	-4.15798139572
5	19	0.499992951751	0.634669646574	-0.163649143653	0.755257173087	3.62056827545	-0.96331012249	4.31903123856
6	19	0.49999191612	-0.664202617151	0.170309347883	-0.727893954772	-3.78331756592	0.97159320116	-4.17430734634
7	19	0.499999806285	0.60385874816	-0.182592238109	0.775896054155	3.45569443703	-1.05367362499	4.43158769608
8	19	0.499999977648	-0.573606184355	0.272268571322	-0.772557939795	-3.27798128128	1.539727211	-4.4236125946
9	19	0.500000439584	0.548694744544	-0.212813757673	0.808482765342	3.14270877838	-1.19835412502	4.62345743179
10	19	0.499999884516	-0.52355164578	0.123714161215	-0.842964103931	-3.002846241	0.711828112602	-4.81376695633
11	19	0.499999821186	0.619713186235	-0.15038987902	0.770284655887	3.54014778137	-0.85089802742	4.40806674957
12	19	0.50000026077	-0.707909426979	0.11439894192	-0.696977133974	-4.03562259674	0.660253047943	-3.99564933777
13	19	0.499999925494	0.655489618535	-0.151728803873	0.739805197378	3.76282930374	-0.862681865692	4.21703720093
14	19	0.49996073544	-0.7529333161	0.220689498419	-0.619989973141	-4.29282522202	1.2385931015	-3.56746387482
15	19	0.499690622091	0.751323023821	-0.187800150092	0.632649047658	4.29485654831	-1.05902147293	3.62332248688
16	19	0.445552073419	-0.741368968786	0.0956323075117	-0.664248834309	-3.79855012894	0.510503470898	-3.40209245682
17	19	0.233112636954	-0.752709364293	0.182134486747	-0.632657602218	-2.08226585388	0.523505091667	-1.77701103687
18	19	0.444681100547	-0.702996752705	0.268034212079	-0.658751263256	-3.60048913956	1.36655604839	-3.3668050766
19	19	0.499685019255	0.738034937031	-0.293637434994	0.607520772066	4.21316814423	-1.68187844753	3.48152399063
20	19	0.499959990382	-0.69341570829	0.352040003514	-0.628683140718	-3.96392154694	2.00347208977	-3.59938573837
21	19	0.500000409782	0.715126645938	-0.318836933931	0.622042514489	4.09133815765	-1.81825017929	3.55473899841
22	19	0.500000223517	-0.750063025839	0.270738456047	-0.603412086129	-4.28068828583	1.55593180656	-3.45505046844
23	19	0.499961867929	0.71832108805	-0.320469924037	0.617506147541	4.10502910614	-1.84137225151	3.52652621269
24	19	0.499554432929	-0.701243844425	0.416308961924	-0.578743396401	-4.01240062714	2.35517048836	-3.32314252853
25	19	0.444459505379	0.653110383016	-0.168234476709	0.73833866785	3.35072565079	-0.893027305603	3.76093244553
26	19	0.235819101334	0.700660879305	-0.311134362205	0.642082347419	1.96892273426	-0.873847007751	1.8199467659
27	19	0.445115312934	0.69104634734	-0.195033265713	0.696000697624	3.5390920639	-1.02894043922	3.55748200417
28	19	0.49955817312	-0.645077900903	0.462105745745	-0.608549736271	-3.68614006042	2.62015962601	-3.49913358688
29	19	0.499969348311	0.594560042634	-0.246052019685	0.765478124646	3.40901970863	-1.448969841	4.3563170433
0	20	0.499997764826	0.638179693248	-0.318214560998	0.701046483691	3.65222215652	-1.83520174026	3.99720573425
1	20	0.499993920326	-0.686142224449	0.410938154023	-0.600282168148	-3.91336941719	2.3316848278	-3.45505094528
2	20	0.499986059964	0.667978436538	-0.299763596963	0.681136252343	3.81892490387	-1.72709918022	3.88799715042
3	20	0.499590806663	-0.671174985498	0.347409086789	-0.654851941479	-3.83239507675	1.95836353302	-3.75802111626
4	20	0.499817103148	0.682262865864	-0.172977242642	0.710349389661	3.88849711418	-1.02731013298	4.064432621
5	20	0.499459266663	-0.544672469763	0.324311219129	-0.773404249942	-3.1309568882	1.81799805164	-4.41780281067
6	20	0.499974664301	0.57713396977	-0.190151872227	0.794203151861	3.30033946037	-1.10837984085	4.53534221649
7	20	0.499989636242	-0.52794851824	0.367625689429	-0.76558586361	-3.02753305435	2.05550575256	-4.39455986023
8	20	0.499999370426	0.486019411611	-0.22905634192	0.843396895752	2.79647898674	-1.30780220032	4.81236076355
9	20	0.499999769032	-0.533325474211	0.100237104558	-0.839950273187	-3.03538799286	0.586770296097	-4.80984783173
10	20	0.499999828637	0.339859037795	-0.141720578205	0.929737119912	1.99727678299	-0.809841632843	5.29778385162
11	20	0.499999009073	-0.58325320089	0.217176662517	-0.782719618324	-3.32345938683	1.2294844389	-4.48750448227
12	20	0.499999657273	0.604132703048	-0.166384321338	0.779320174717	3.45890283585	-0.948991477489	4.45225572586
13	20	0.499996267259	-0.676111266538	0.119456565191	-0.727051362899	-3.85148239136	0.693735361099	-4.16759777069
14	20	0.499979794025	0.662667350269	-0.125497178786	0.738324075867	3.78743720055	-0.722531437874	4.22273540497
15	20	0.499245613813	-0.727539505437	0.133341673068	-0.67298310993	-4.13595962524	0.772387862206	-3.8587372303
16	20	0.498305544257	0.60590646252	-0.223597927247	0.763466649964	3.48042964935	-1.26919174194	4.3667049408
17	20	0.44603215158	-0.613642129047	0.26188872677	-0.744887664182	-3.16153979301	1.33359527588	-3.81440615654
18	20	0.497957292944	0.478230995502	-0.31572614314	0.819519443015	2.75771713257	-1.81166982651	4.67687034607
19	20	0.499293044209	-0.640804938296	0.401232399245	-0.654508665223	-3.64740943909	2.27514147758	-3.75814175606
20	20	0.499989524484	0.543157451312	-0.369875490139	0.75377191834	3.14831447601	-2.10511541367	4.28522443771
21	20	0.499997898936	-0.768398364265	0.238817655265	-0.593742436861	-4.37174129486	1.38629603386	-3.41523194313
22	20	0.499998606741	0.751995823411	-0.257810830822	0.60665958913	4.29763555527	-1.4857032299	3.46499180794
23	20	0.499986581504	-0.702500921008	0.383916645992	-0.599249918577	-4.02300596237	2.18513989449	-3.42423129082
24	20	0.499307669699	0.69586602936	-0.405728435771	0.592583247814	3.97984671593	-2.31987571716	3.37281656265
25	20	0.497064441442	-0.675927194553	0.540897927615	-0.500551555353	-3.87263202667	3.06474876404	-2.8755030632
26	20	0.445494227111	0.736222705892	-0.272043501978	0.619651886433	3.76996636391	-1.40347480774	3.17647600174
27	20	0.498003453016	-0.65406938229	0.437386132454	-0.617160120461	-3.75049829483	2.48449993134	-3.53873300552
28	20	0.499232567847	0.597055535646	-0.459334507784	0.657675069707	3.42785978317	-2.60607123375	3.74773550034
29	20	0.49999063462	-0.633629972026	0.366481917802	-0.681325225185	-3.62635231018	2.08642315865	-3.89678287506
0	21	0.499998614192	-0.668922826711	0.385496231199	-0.635558736574	-3.8236913681	2.18973875046	-3.64255833626
1	21	0.49999576062	0.635313869266	-0.363595647508	0.681303524599	3.64186429977	-2.0858464241	3.88197469711
2	21	0.49959141016	-0.680012694418	0.343306430917	-0.647860656254	-3.88059329987	1.95636677742	-3.70722985268
3	21	0.498854786158	0.727113327811	-0.310021407338	0.612529946624	4.14552927017	-1.78238677979	3.51263618469
4	21	0.467050135136	-0.681397765157	0.296776850031	-0.669044532841	-3.66740441322	1.59184622765	-3.60406494141
5	21	0.497865621001	0.563207366509	-0.207829510266	0.79975268488	3.22878241539	-1.20384025574	4.56636476517
6	21	0.499171152711	-0.56164445657	0.247118105737	-0.789612655813	-3.19930124283	1.40426468849	-4.51348590851
7	21	0.499972958118	0.516442857158	-0.122693999684	0.847486258138	2.95871424675	-0.735581755638	4.83744287491
8	21	0.499989833683	-0.564264672367	0.168480754247	-0.808220028808	-3.20640134811	0.960166454315	-4.635389328
9	21	0.499999329448	0.498809206752	-0.0125001121324	0.866621672044	2.85643768311	-0.101411804557	4.95168924332
10	21	0.499992251396	-0.485040423701	0.0955350709539	-0.869257635914	-2.76688933372	0.554520189762	-4.97242641449
11	21	0.49999473989	0.55517708465	-0.228723697064	0.799664851723	3.16690564156	-1.29803693295	4.57949495316
12	21	0.499981757253	-0.522094364157	0.171234689051	-0.835521487564	-2.99012994766	0.985007047653	-4.77184534073
13	21	0.499981898814	0.561511920125	-0.201409980129	0.802582321922	3.2049074173	-1.12648427486	4.59937620163
14	21	0.499949939549	-0.432331156025	0.0874378660927	-0.897465537557	-2.51464438438	0.515053391457	-5.11050987244
15	21	0.499228037894	0.60663842016	-0.165342236764	0.777593577602	3.45975637436	-0.931503653526	4.44521093369
16	21	0.498890917748	-0.557217110816	0.175474839596	-0.811614238467	-3.18843603134	1.01693284512	-4.62534475327
17	21	0.498949885368	0.606781316514	-0.224727632202	0.762439456779	3.4476993084	-1.29173803329	4.36424016953
18	21	0.499213553965	-0.460864288667	0.320263695183	-0.827668576774	-2.65913248062	1.82971978188	-4.709171772
19	21	0.499966211617	0.584192953113	-0.371169015413	0.721770154226	3.34677505493	-2.11432695389	4.12535572052
20	21	0.499987751245	-0.665780843001	0.304657930445	-0.681116300282	-3.79751682281	1.75280547142	-3.89732646942
21	21	0.500000007451	0.667988294127	-0.3060254399	0.678336250722	3.84019160271	-1.74866902828	3.85824537277
22	21	0.499999605119	-0.770392505947	0.29881662317	-0.563208675802	-4.39382839203	1.71708905697	-3.22996139526
23	21	0.499988682568	0.72951837754	-0.400880080215	0.554164324112	4.17527341843	-2.27668237686	3.17280435562
24	21	0.499968454242	-0.791906885822	0.317639736498	-0.521525149906	-4.51115655899	1.84279561043	-2.99082565308
25	21	0.499281853437	0.742051565163	-0.438772560514	0.506791983737	4.23421192169	-2.50347137451	2.89764809608
26	21	0.499687328935	-0.773387273286	0.394901732053	-0.495908003102	-4.41553401947	2.24278187752	-2.85959649086
27	21	0.49930267036	0.742933631237	-0.24743426239	0.621953298385	4.23907136917	-1.4490853548	3.54024839401
28	21	0.499973781407	-0.732439912858	0.331674805187	-0.5945785042	-4.17637681961	1.90394759178	-3.40955734253
29	21	0.499987944961	0.735662747262	-0.27410435842	0.619408688174	4.18961715698	-1.59527659416	3.54858160019
0	22	0.499999374151	0.652047237761	-0.339550521664	0.677893681167	3.72706675529	-1.96131896973	3.86604881287
1	22	0.499981552362	-0.652521519686	0.443161034619	-0.614673867789	-3.72864627838	2.51134538651	-3.53222846985
2	22	0.499788090587	0.621288427569	-0.305711376629	0.721485442659	3.56307554245	-1.7679977417	4.10673570633
3	22	0.467236049473	-0.596282464691	0.455169352726	-0.661262491482	-3.22374200821	2.42929363251	-3.56435537338
4	22	0.303129807115	-0.705104414931	0.353244198475	-0.614854698517	-2.5575928688	1.2697006464	-2.23993992805
5	22	0.41706763953	-0.762067320299	0.23165192608	-0.604641037704	-3.68846607208	1.13506102562	-2.94296622276
6	22	0.497703861445	0.489119497471	-0.343542574521	0.801711055609	2.81799721718	-1.94133114815	4.58165407181
7	22	0.499170485884	-0.485133640789	0.222763201767	-0.845589679758	-2.7629134655	1.27375006676	-4.82940721512
8	22	0.499973900616	0.426354874697	-0.237583869	0.872797471361	2.45699334145	-1.34664297104	4.9838809967
9	22	0.499981392175	-0.493224523156	0.117993908412	-0.861862522294	-2.80392050743	0.676119506359	-4.93628883362
10	22	0.499978709966	0.409955292837	-0.10324866363	0.90624299795	2.35827064514	-0.603103339672	5.17397880554
11	22	0.499450884759	-0.529017594629	0.298539463573	-0.794364257292	-3.01272654533	1.66716551781	-4.55806398392
12	22	0.499782703817	0.434491465178	-0.194518695502	0.879420061056	2.50280237198	-1.09723854065	5.02189159393
13	22	0.499613247812	-0.4910289658	0.0187715503871	-0.87094097598	-2.80466270447	0.142493188381	-4.97588300705
14	22	0.499262779951	0.487770021763	-0.0945233278701	0.867839700842	2.78648138046	-0.536015570164	4.95364761353
15	22	0.497619628906	-0.619205029547	0.0631869542763	-0.782682911653	-3.52959728241	0.383511245251	-4.48518753052
16	22	0.4451559484	0.465765394314	-0.366882819409	0.805269889094	2.39806842804	-1.8703687191	4.12174034119
17	22	0.498265773058	-0.505137259602	0.274479449023	-0.818228196181	-2.90400600433	1.58060765266	-4.67474460602
18	22	0.499264150858	0.575825519602	-0.37615650724	0.725900305163	3.28297710419	-2.14097881317	4.15142917633
19	22	0.49997985363	-0.657353738239	0.327984889219	-0.678462950548	-3.75174570084	1.886054039	-3.87961912155
20	22	0.49999755621	0.695896776583	-0.339445171366	0.632854368696	3.98000240326	-1.9388628006	3.61724281311
21	22	0.499999657273	-0.777714709059	0.339933318684	-0.528777051469	-4.43082475662	1.9430501461	-3.04661393166
22	22	0.500000521541	0.749631333249	-0.355583279538	0.55822342796	4.28520154953	-2.02997398376	3.19328069687
23	22	0.500000067055	-0.718772832688	0.36222723698	-0.593428212828	-4.11750793457	2.0732228756	-3.38094639778
24	22	0.499988012016	0.726392631803	-0.411938294038	0.550145968236	4.15290927887	-2.35278964043	3.1464214325
25	22	0.49998665601	-0.684286305867	0.470426546281	-0.557181403276	-3.92393064499	2.67162919044	-3.18599796295
26	22	0.499961957335	0.730722046727	-0.322959089614	0.601450510734	4.18077087402	-1.87536239624	3.41956400871
27	22	0.499987006187	-0.745894886246	0.347050999983	-0.568503669366	-4.25417137146	1.98541939259	-3.26255345345
28	22	0.499987900257	0.661315794308	-0.431802644994	0.61335788572	3.7862341404	-2.45888566971	3.50754356384
29	22	0.499999023974	-0.638519184224	0.4275416903	-0.639922928511	-3.65697193146	2.42597532272	-3.66467142105
0	23	0.499997422099	-0.624817578851	0.423458786606	-0.655961621747	-3.57714033127	2.40722227097	-3.75403833389
1	23	0.499991707504	0.645453566107	-0.409478878132	0.644760996311	3.69259595871	-2.33285593987	3.68850183487
2	23	0.499461576343	-0.694601878459	0.312375220467	-0.648035455881	-3.95069026947	1.78340959549	-3.71912312508
3	23	0.498177759349	0.601727105858	-0.317787013435	0.732759103777	3.45719528198	-1.82068419456	4.18230438232
4	23	0.418308764696	-0.724584927936	0.325216230042	-0.607627423612	-3.52181625366	1.58355438709	-2.96015620232
5	23	0.363345764577	-0.763867366261	0.216940033018	-0.6078187796	-3.31713438034	0.943794071674	-2.65662908554
6	23	0.416052721441	-0.682277475614	0.136038627965	-0.718325092121	-3.28267550468	0.673217535019	-3.49166512489
7	23	0.497982915491	0.396540260976	-0.209816139255	0.893718640923	2.28271985054	-1.21174716949	5.10526371002
8	23	0.49946660921	-0.465120396212	0.273754602456	-0.841855946503	-2.63806915283	1.55278325081	-4.82191610336
9	23	0.499963210896	0.371540220211	-0.121340154155	0.920453383804	2.13281488419	-0.70710837841	5.25760650635
10	23	0.499221261591	-0.325199649036	0.0975515363602	-0.94060027962	-1.87040352821	0.565103292465	-5.36473274231
11	23	0.497831590474	0.540302029256	-0.0767993444281	0.83795917435	3.06875228882	-0.454727470875	4.80769348145
12	23	0.46878298372	-0.467523510661	0.0278932714691	-0.883540453169	-2.51638221741	0.165292620659	-4.77846050262
13	23	0.498919270933	0.448434672672	-0.12553040152	0.884956757497	2.55857372284	-0.703862190247	5.06546163559
14	23	0.499135073274	-0.408715357424	0.132569895345	-0.902982269734	-2.34405517578	0.763704180717	-5.15348768234
15	23	0.444604534656	0.562471179961	-0.329099179333	0.758498452125	2.86331272125	-1.68076694012	3.89336705208
16	23	0.23446973227	0.48134535526	-0.416430173389	0.771292784655	1.36394405365	-1.1381483078	2.16973161697
17	23	0.446312263608	0.57858480822	-0.355935987782	0.733859109297	2.95754885674	-1.83708024025	3.77268910408
18	23	0.499679617584	-0.574168978067	0.471858703682	-0.669088445862	-3.29188227654	2.67894005775	-3.8319773674
19	23	0.499964118004	0.673616067491	-0.386954224472	0.62968867052	3.84178066254	-2.22052574158	3.60473299026
20	23	0.499999858439	-0.712278591196	0.342157636237	-0.612851825883	-4.06461524963	1.97292542458	-3.50373268127
21	23	0.499999970198	0.735043203713	-0.340280314157	0.586447607611	4.20106124878	-1.9575483799	3.34711885452
22	23	0.500000439584	-0.729981553907	0.378690888721	-0.568964095312	-4.18335151672	2.15330696106	-3.2473089695
23	23	0.499999336898	0.790038252601	-0.312000970199	0.527726211233	4.50197315216	-1.8111641407	3.02376747131
24	23	0.499989129603	-0.701349417947	0.46105058985	-0.543637146951	-4.01466226578	2.62400913239	-3.11155939102
25	23	0.499985940754	0.695946478588	-0.4204258708	0.582151686507	3.98384714127	-2.41112613678	3.31659603119
26	23	0.499959647655	-0.731687220938	0.520390854796	-0.440258070864	-4.18438863754	2.94056391716	-2.55858039856
27	23	0.499988891184	0.680412570878	-0.36733762504	0.634114975869	3.89630222321	-2.11961579323	3.60810351372
28	23	0.499984249473	-0.595469146159	0.489309772238	-0.637175362648	-3.42040920258	2.76238107681	-3.65620613098
29	23	0.499997667968	0.582225672489	-0.356732002338	0.730585754585	3.3428940773	-2.05685400963	4.15716791153
0	24	0.499950751662	0.687679851231	-0.368677427834	0.625438547275	3.91270017624	-2.10683083534	3.5968644619
1	24	0.49997203052	-0.647153157734	0.358933445169	-0.672576815223	-3.69944787025	2.03736639023	-3.85395908356
2	24	0.499947384	0.635053953659	-0.179251383443	0.751382337746	3.63140392303	-1.05424261093	4.28910636902
3	24	0.499085023999	-0.658891003733	0.290483586309	-0.693888990606	-3.74723577499	1.65509653091	-3.97456645966
4	24	0.497295640409	0.683734562568	-0.28492816962	0.671805765164	3.90854263306	-1.63101816177	3.83364009857
5	24	0.411128990352	-0.692376405075	0.118886609678	-0.711674706404	-3.30783700943	0.582188665867	-3.42275261879
6	24	0.31477615796	-0.454875972606	0.182236750187	-0.871709594089	-1.72687387466	0.698194980621	-3.25982260704
7	24	0.469224393368	-0.36004087482	0.407714941943	-0.839129962863	-1.94466912746	2.19229269028	-4.54575443268
8	24	0.499782808125	0.36796993587	-0.360792648999	0.856987042332	2.10245418549	-2.04622888565	4.90721035004
9	24	0.499109765515	-0.332371651763	0.182488875758	-0.925325291629	-1.89150285721	1.04614841938	-5.2829375267
10	24	0.497944694012	0.147078484915	-0.178715968256	0.972845579712	0.862516880035	-1.01283848286	5.5636920929
11	24	0.416894227266	-0.206005504275	-0.0223567061891	-0.978295410342	-1.00175201893	-0.0864354968071	-4.74497270584
12	24	0.307019786444	-0.254360415695	0.100425102136	-0.96188127011	-0.950571656227	0.348507791758	-3.533192873
13	24	0.468280686066	-0.306307502299	0.0145833515523	-0.951820907468	-1.66179907322	0.0945460349321	-5.13471746445
14	24	0.499006327242	0.308558942707	-0.127700597783	0.942594258523	1.78044700623	-0.733267307281	5.37358617783
15	24	0.497810196131	-0.453247049953	0.137178393824	-0.880766257288	-2.58095502853	0.802634716034	-5.04325723648
16	24	0.445490084589	0.442377263547	-0.382242976554	0.811290739237	2.27596187592	-1.95824074745	4.15303659439
17	24	0.498055651784	-0.547478440126	0.488171202922	-0.679673623319	-3.1379263401	2.78536224365	-3.89213991165
18	24	0.499254509807	0.601032040857	-0.43326369532	0.671597391434	3.42428183556	-2.48383569717	3.83269906044
19	24	0.49998755008	-0.598154572541	0.519843983686	-0.609896171471	-3.42505741119	2.96125793457	-3.4908490181
20	24	0.499996118248	0.607013602676	-0.538903566426	0.584052593744	3.48192286491	-3.06317710876	3.34426355362
21	24	0.49999987334	-0.695159966315	0.479233367599	-0.53580593559	-3.98347020149	2.72531867027	-3.06556844711
22	24	0.499999657273	0.802619370237	-0.300804159937	0.515091257822	4.5705280304	-1.75022184849	2.9566617012
23	24	0.499990195036	-0.748485698477	0.455679912756	-0.48179349963	-4.28356599808	2.58149671555	-2.77124238014
24	24	0.499974116683	0.651729086125	-0.512914817771	0.558719596944	3.74467372894	-2.91098356247	3.1928422451
25	24	0.499317400157	-0.725160944927	0.352380478637	-0.591582286946	-4.13558769226	2.0294380188	-3.37284779549
26	24	0.499364957213	0.760292494221	-0.380223974367	0.526673573049	4.3281006813	-2.18337321281	3.02666640282
27	24	0.499229773879	-0.706577174386	0.419505854552	-0.569880280965	-4.02550888062	2.3805398941	-3.27440810204
28	24	0.499961920083	0.634238260848	-0.214081406164	0.742907113986	3.63416075706	-1.27621614933	4.22790050507
29	24	0.49996253103	-0.655333014913	0.366921337082	-0.660232816482	-3.73615765572	2.08344006538	-3.79317426682
0	25	0.499329946935	-0.519238929889	0.318370134019	-0.793114992578	-2.97718691826	1.8041305542	-4.53475093842
1	25	0.499172359705	0.603208103841	-0.234010495751	0.762482177719	3.42951202393	-1.34904766083	4.35919094086
2	25	0.499941401184	-0.52518637213	0.180163482273	-0.831697297209	-3.00815582275	1.04789924622	-4.74786186218
3	25	0.499395489693	0.466045946975	-0.318546229201	0.825426844227	2.6947479248	-1.81690621376	4.69824647903
4	25	0.494054205716	-0.694641441883	0.39679660328	-0.600021435321	-3.92469763756	2.24757051468	-3.44698953629
5	25	0.436096016318	0.020102769245	-0.546960091604	0.83691728197	0.130121931434	-2.75120353699	4.24153804779
6	25	0.468189373612	0.158137684263	0.702476372812	-0.693916002451	0.831937789917	3.79899835587	-3.79546284676
7	25	0.497850654647	0.217163428669	-0.334069446249	0.917190084078	1.23322558403	-1.93350112438	5.22818183899
8	25	0.499097794294	-0.284373483674	0.352208431248	-0.891673114286	-1.61958503723	1.98950707912	-5.09894323349
9	25	0.496955718845	0.323456221136	-0.125787833856	0.937845133197	1.82890272141	-0.744898557663	5.36071300507
10	25	0.417648572475	0.0920775963622	0.184389401211	-0.978530666341	0.4289085567	0.896475970745	-4.75753641129
11	25	0.367062461795	-0.100545331899	0.154847754296	-0.982808633063	-0.449371814728	0.675295650959	-4.32077932358
12	25	0.417947243899	-0.282722056876	-0.00852590568046	-0.959163983628	-1.36593997478	-0.0217062309384	-4.66499185562
13	25	0.498013714328	0.345305049103	-0.155686990362	0.925486890289	1.97824645042	-0.900087833405	5.29267454147
14	25	0.499423928559	-0.340666056205	0.26929091081	-0.900793563201	-1.94755375385	1.51968860626	-5.14922618866
15	25	0.499262776226	0.392606827868	-0.249341920839	0.885261817331	2.24241137505	-1.43134987354	5.05117464066
16	25	0.499707356095	-0.403227727962	0.390796438211	-0.827457275806	-2.32858920097	2.22939300537	-4.72430610657
17	25	0.499239951372	0.584483660802	-0.45914297177	0.669004171684	3.31796693802	-2.61247801781	3.84177160263
18	25	0.499959520996	-0.566583695359	0.405032572195	-0.71758729895	-3.25076913834	2.33493280411	-4.08318567276
19	25	0.499943070114	0.580542333635	-0.559164449164	0.591866300484	3.32380390167	-3.17694807053	3.39712452888
20	25	0.499984502792	-0.555228567178	0.533115814061	-0.638364133538	-3.20093536377	3.04342389107	-3.63140392303
21	25	0.499987587333	0.749697209316	-0.495049189524	0.439181504955	4.2689242363	-2.82033371925	2.55486130714
22	25	0.499990202487	-0.700913799906	0.342566782832	-0.625593993259	-4.02460289001	1.97137105465	-3.55103683472
23	25	0.4999589324	0.79022070847	-0.293256924905	0.53809999805	4.49993801117	-1.71403431892	3.08382081985
24	25	0.499203838408	-0.676120826369	0.46557087796	-0.571055501458	-3.87794995308	2.63472628593	-3.25764656067
25	25	0.497921586037	0.695974022993	-0.347738185465	0.628250199912	3.9796295166	-2.00160717964	3.5911192894
26	25	0.451380513608	-0.508205383398	0.357467049923	-0.783546167436	-2.67025852203	1.86932277679	-4.04656076431
27	25	0.498528368771	0.584338521199	-0.443601101735	0.679534072128	3.35869264603	-2.53152418137	3.88324689865
28	25	0.49916946888	-0.627235827549	0.358532345745	-0.691396972581	-3.57338619232	2.03997707367	-3.95620107651
29	25	0.4992332533	0.531181698981	-0.262407350642	0.805598153546	3.04541373253	-1.52185606956	4.58298015594
0	26	0.443131607026	0.25747293303	-0.0264544579746	0.965923314974	1.32930088043	-0.169767409563	4.92336368561
1	26	0.497314769775	-0.473846976499	0.268113335877	-0.83879930972	-2.70872974396	1.52264213562	-4.79873657227
2	26	0.499202113599	0.450761277783	-0.224201981459	0.864029942746	2.5700469017	-1.29626631737	4.92956924438
3	26	0.499680284411	-0.420122903189	0.347594669911	-0.838256936545	-2.39941596985	1.9769115448	-4.79916000366
4	26	0.446446679533	0.339014497686	-0.342882640743	0.876071152953	1.7320100069	-1.77359724045	4.50145292282
5	26	0.241928485222	0.188572939303	-0.422685017223	0.88644098663	0.568372428417	-1.22774863243	2.55659508705
6	26	0.445472870022	0.304995989113	-0.433701123181	0.84786837562	1.55307233334	-2.22101807594	4.35575580597
7	26	0.499275874346	-0.161530235522	0.42282306677	-0.891699858259	-0.945715248585	2.39422059059	-5.10160732269
8	26	0.499714197591	0.149724457773	-0.249499367115	0.95673018796	0.872739076614	-1.45658683777	5.46031236649
9	26	0.46717405878	0.0535463961694	0.275589472696	-0.959782905659	0.250225305557	1.47726035118	-5.1761674881
10	26	0.308253511321	0.00496905496332	0.221115990264	-0.97523485753	0.00579061126336	0.821753025055	-3.59758210182
11	26	0.416987981647	0.0140811911621	0.310185178143	-0.950571867518	0.0487802624702	1.48937797546	-4.62019062042
12	26	0.497832220048	0.311602657061	-0.139343678447	0.939939957332	1.79283380508	-0.811897993088	5.37028503418
13	26	0.499113634229	-0.432824029068	0.26055328249	-0.863003677191	-2.46362805367	1.47534048557	-4.93370914459
14	26	0.499962382019	0.318068390608	-0.254224328376	0.913346861689	1.84610247612	-1.45503020287	5.21213817596
15	26	0.499982662499	-0.374334562998	0.329146577852	-0.866911855516	-2.15873742104	1.86417412758	-4.95591259003
16	26	0.499949872494	0.518485198678	-0.368771154683	0.771479704351	2.9484333992	-2.10516571999	4.422082901
17	26	0.499942786992	-0.48963623413	0.391021937068	-0.779331895253	-2.82433915138	2.24304437637	-4.43676662445
18	26	0.499277584255	0.666813919181	-0.445828021728	0.597157075005	3.78214120865	-2.53896450996	3.44300365448
19	26	0.499467596412	-0.643900662004	0.472921757828	-0.601445715293	-3.6897649765	2.6967253685	-3.43431401253
20	26	0.49922041595	0.647766741914	-0.457021723814	0.609532109107	3.69597959518	-2.61047720909	3.4792599678
21	26	0.499961860478	-0.694115271404	0.42484565532	-0.581128349987	-3.96803808212	2.43952512741	-3.31480693817
22	26	0.499957025051	0.700055264718	-0.427673034662	0.571855227976	3.99812841415	-2.44587087631	3.2732667923
23	26	0.499162346125	-0.690286709914	0.468866653538	-0.551061084923	-3.9534163475	2.65505385399	-3.14738368988
24	26	0.497121483088	0.802480419418	-0.328916890633	0.497834164664	4.56456136703	-1.90797233582	2.8618786335
25	26	0.420277066529	-0.621076165581	0.474905905554	-0.623481176473	-3.04474401474	2.3136472702	-3.04727125168
26	26	0.270323358476	-0.670936591306	0.436250798377	-0.599607647852	-2.15808773041	1.41896104813	-1.94767653942
27	26	0.450201809406	-0.655512655522	0.483468533698	-0.580139065547	-3.39274311066	2.49460196495	-3.02079677582
28	26	0.498858712614	0.628736714428	-0.372071558051	0.682827137437	3.56890916824	-2.12965297699	3.91419839859
29	26	0.497282605618	-0.477768468587	0.352336770442	-0.804733552562	-2.74050855637	2.00283908844	-4.60001468658
0	27	0.236318758689	0.286191833115	-0.175209885006	0.942016842129	0.82838177681	-0.505453288555	2.65375375748
1	27	0.44565744698	0.171376401866	-0.21444409689	0.961584035949	0.903922855854	-1.10171365738	4.92618322372
2	27	0.499635417014	-0.304378963489	0.337101719559	-0.890907333709	-1.7548930645	1.90629673004	-5.09771490097
3	27	0.499238524586	0.362102375446	-0.329782693183	0.871851618668	2.06530189514	-1.87880623341	4.97900247574
4	27	0.498342778534	-0.323129829947	0.400047645377	-0.85764153026	-1.84698092937	2.27509474754	-4.9180970192
5	27	0.449374744669	0.284359993181	-0.307577823896	0.90803924834	1.47176003456	-1.60663211346	4.68851184845
6	27	0.498337373137	-0.349472606445	0.432037755952	-0.831391769731	-1.99153923988	2.45590615273	-4.77301454544
7	27	0.499256163836	0.315474231437	-0.337593010791	0.886852281028	1.80067610741	-1.93917798996	5.05851507187
8	27	0.499561429024	-0.38879837925	0.405650677504	-0.82721420934	-2.19862174988	2.28517436981	-4.7535777092
9	27	0.498817246407	0.30953778618	-0.252043790008	0.916875284238	1.75795197487	-1.45577800274	5.2438416481
10	27	0.468623934314	-0.201966385855	0.249393806014	-0.947107337373	-1.10090494156	1.34684610367	-5.11519575119
11	27	0.497315745801	0.421340368124	-0.133932043121	0.896958472848	2.39424824715	-0.779640316963	5.13064956665
12	27	0.499113634229	-0.479185449345	0.211627592252	-0.851818682193	-2.73755502701	1.19298458099	-4.86520767212
13	27	0.499963976443	0.620852773551	-0.290164271695	0.728248947137	3.51681184769	-1.64109182358	4.20041656494
14	27	0.499989394099	-0.513079658424	0.186283394158	-0.837882904213	-2.93063235283	1.07173871994	-4.79110193253
15	27	0.499995693564	0.518246299358	-0.148129360169	0.842305446888	2.96268129349	-0.872250437737	4.81230354309
16	27	0.49998999387	-0.535644337311	0.323831787449	-0.779883399839	-3.06480550766	1.84115314484	-4.46175479889
17	27	0.499241143465	0.566868802381	-0.395948520833	0.722415759613	3.23407077789	-2.24453735352	4.13393735886
18	27	0.497150056064	-0.535977855786	0.361100063329	-0.763108434216	-3.08742284775	2.07018852234	-4.34222269058
19	27	0.443622529507	0.860734263064	-0.236577443512	0.450741213569	4.37956190109	-1.23046481609	2.32198762894
20	27	0.497762620449	-0.665718953403	0.407955114559	-0.6248126916	-3.81648230553	2.33858680725	-3.56337547302
21	27	0.49921425432	0.678940929012	-0.480688974007	0.55495704805	3.874335289	-2.7304213047	3.18124485016
22	27	0.499114006758	-0.631634211492	0.48793255364	-0.602461655188	-3.62113022804	2.77150964737	-3.43223381042
23	27	0.497752182186	0.647957751174	-0.477093401424	0.593744590721	3.7025179863	-2.73405766487	3.39712905884
24	27	0.404195457697	-0.533831563561	0.58752477346	-0.608143488262	-2.51954746246	2.74487161636	-2.86042404175
25	27	0.314448095858	-0.671745914753	0.48768005545	-0.557607020696	-2.51470708847	1.84393262863	-2.11240291595
26	27	0.417684040964	-0.693916244841	0.550761017154	-0.463834611827	-3.36850166321	2.66795372963	-2.27644062042
27	27	0.49632447958	0.479536299437	-0.287444227075	0.829108408981	2.73281097412	-1.66970467567	4.72483158112
28	27	0.498927820474	-0.418446388808	0.393811583854	-0.818422296932	-2.40079927444	2.22717833519	-4.67853164673
29	27	0.446050560102	0.352068633824	-0.192821048637	0.915897221461	1.80807781219	-0.99623966217	4.69883728027
0	28	0.446279585361	0.458690160759	-0.177159989164	0.870756954989	2.33192610741	-0.933313250542	4.48003149033
1	28	0.498117584735	-0.288697846822	0.393097828418	-0.872999227109	-1.6696665287	2.22506570816	-5.0040230751
2	28	0.499274183065	0.379837884009	-0.215183788865	0.89967723039	2.16402578354	-1.24888205528	5.13341569901
3	28	0.499970532954	-0.365703477782	0.177825751105	-0.913585775164	-2.09687280655	1.04317927361	-5.21629905701
4	28	0.499300066382	0.295011986708	-0.279219321162	0.91378580553	1.70977127552	-1.60859119892	5.20540571213
5	28	0.499724306166	-0.338151505868	0.373468728043	-0.863814024112	-1.92754101753	2.12755942345	-4.94512271881
6	28	0.499307949096	0.268514053948	-0.310941911257	0.91171011328	1.55715894699	-1.79302310944	5.19236946106
7	28	0.49997029826	-0.356354647793	0.287160951699	-0.889128760538	-2.0337562561	1.64601564407	-5.08307170868
8	28	0.499971270561	0.412901279572	-0.234083265866	0.880180412171	2.34036660194	-1.36029744148	5.03606271744
9	28	0.49960083887	-0.338792689966	0.293295980438	-0.893978177074	-1.93354821205	1.65886044502	-5.11317205429
10	28	0.499826747924	0.366527550741	-0.267699386705	0.891063742336	2.08103084564	-1.52558088303	5.10162162781
11	28	0.499491292983	-0.359574202599	0.178239036583	-0.915935171649	-2.07724046707	1.01313090324	-5.22370910645
12	28	0.499952979386	0.578345353928	-0.0344635355978	0.81506374984	3.28493738174	-0.23455670476	4.67515182495
13	28	0.499991122633	-0.509003291356	0.228806424688	-0.829797125453	-2.92602992058	1.2805056572	-4.74275255203
14	28	0.499999623746	0.53328052469	-0.135265228945	0.835054010124	3.05114650726	-0.788538575172	4.76982498169
15	28	0.499999478459	-0.617128149703	0.125204853782	-0.776837557945	-3.51416945457	0.721953034401	-4.45144891739
16	28	0.499962132424	0.559238166005	-0.21733400734	0.800011626751	3.21121549606	-1.24595487118	4.56280851364
17	28	0.499707952142	-0.660827659708	0.255319096685	-0.705775433854	-3.76904654503	1.47115254402	-4.04165840149
18	28	0.445698276162	0.747570503537	-0.245770700304	0.617037361198	3.83353900909	-1.27407348156	3.16036224365
19	28	0.236162617803	0.798741287735	-0.339037140829	0.497057514183	2.23741984367	-0.960910499096	1.43051576614
20	28	0.445476442575	0.808455529317	-0.354915093565	0.469504987701	4.13571310043	-1.82224309444	2.42010307312
21	28	0.498909890652	-0.690926990769	0.390133075036	-0.608618170276	-3.95686244965	2.23753666878	-3.45512723923
22	28	0.497452303767	0.725731366031	-0.368470963708	0.580984623947	4.14320278168	-2.13008069992	3.31962227821
23	28	0.408986620605	-0.450391857599	0.623960185707	-0.638608535224	-2.16207885742	2.96620035172	-3.02201509476
24	28	0.325161866844	-0.487177340679	0.449466574911	-0.748757662243	-1.90373587608	1.77398121357	-2.89749526978
25	28	0.405278608203	-0.576469978039	0.450278951568	-0.681858658517	-2.71727323532	2.12487363815	-3.20521354675
26	28	0.497704014182	0.447815935475	-0.581972008442	0.6788000216	2.56849861145	-3.30976223946	3.89696121216
27	28	0.499113820493	-0.320584442568	0.47130217986	-0.821644613225	-1.86225128174	2.67232966423	-4.68908262253
28	28	0.499206081033	0.347432657517	-0.311150997412	0.884576511841	1.99779474735	-1.7996352911	5.03624296188
29	28	0.498207766563	-0.344089664765	0.308847060016	-0.886688105323	-1.97766947746	1.76499545574	-5.07387113571
0	29	0.499458022416	-0.346598207255	0.556108390057	-0.75538939709	-2.00166749954	3.123067379	-4.35335826874
1	29	0.499327566475	0.421537223231	-0.307499870183	0.853082762262	2.39714622498	-1.77592158318	4.86874055862
2	29	0.499974478036	-0.471835727658	0.241261180512	-0.848035429026	-2.6842083931	1.38015007973	-4.85561752319
3	29	0.499976694584	0.492251939993	-0.260837759539	0.830452702309	2.8082382679	-1.48415291309	4.75354480743
4	29	0.499988801777	-0.521741755915	0.352214372644	-0.777001014052	-2.96670389175	2.00314331055	-4.45988845825
5	29	0.499964624643	0.371338564185	-0.441714144038	0.816698405598	2.13606309891	-2.51045513153	4.67081165314
6	29	0.499990440905	-0.386555332177	0.408674920795	-0.826776743915	-2.19491028786	2.32833051682	-4.73818445206
7	29	0.499988313764	0.372089969078	-0.300815423283	0.878099730114	2.1208627224	-1.73137879372	5.01885318756
8	29	0.499994060025	-0.25247095454	0.292074661683	-0.922469950251	-1.46716380119	1.65959334373	-5.27111434937
9	29	0.499994846061	0.237362241805	-0.132942556206	0.962281374087	1.37365543842	-0.799837946892	5.49283504486
10	29	0.499981101602	-0.31918690066	0.289497945287	-0.902391634559	-1.83023881912	1.63071608543	-5.16513729095
11	29	0.499992329627	0.412051255946	-0.179738762143	0.893256816295	2.35425209999	-1.02808356285	5.10808134079
12	29	0.499991573393	-0.577015807145	0.0946976117061	-0.811224457621	-3.27628898621	0.537614226341	-4.65480041504
13	29	0.499999582767	0.527680994435	0.00149194446852	0.849441311812	3.01362466812	-0.038666319102	4.86007881165
14	29	0.499999728054	-0.513655364009	0.249193786538	-0.821011951055	-2.95180606842	1.38495695591	-4.69758176804
15	29	0.499997623265	0.636371029883	-0.054013389461	0.769489743976	3.62535762787	-0.346012026072	4.40838241577
16	29	0.499992616475	-0.631491627379	0.208155503227	-0.746920083427	-3.59955310822	1.19151520729	-4.2793970108
17	29	0.499276034534	0.619112438972	-0.306919571093	0.722841728728	3.52549552917	-1.76334214211	4.13047981262
18	29	0.498009264469	-0.570543038403	0.466848878126	-0.675672084907	-3.27590203285	2.65190887451	-3.87249612808
19	29	0.446171924472	0.721439797197	-0.390223528251	0.572057879082	3.70412111282	-1.99894618988	2.93970322609
20	29	0.497489474714	-0.563231475923	0.579289269907	-0.589231912154	-3.25270462036	3.28741550446	-3.36584734917
21	29	0.497710779309	0.742796607275	-0.48538574451	0.461144098137	4.22477531433	-2.76749825478	2.65543842316
22	29	0.435998156667	-0.781965689223	0.567863822445	-0.257022061379	-3.95684957504	2.87938737869	-1.3277118206
23	29	0.312514789402	-0.549295452211	0.755135864806	-0.3578328267	-2.06793689728	2.79408693314	-1.33673238754
24	29	0.406304113567	-0.426932508601	0.650818781889	-0.627824454956	-2.04115724564	3.07491803169	-2.94822216034
25	29	0.497823193669	0.573252860651	-0.455345298783	0.681206148411	3.25921225548	-2.61563897133	3.9089512825
26	29	0.499146170914	-0.471859686375	0.438997052916	-0.764611027847	-2.69716882706	2.51127266884	-4.35859298706
27	29	0.499961927533	0.464997838792	-0.38167623476	0.798811781171	2.65616846085	-2.1928229332	4.56310033798
28	29	0.49996060878	-0.495350083796	0.428446900605	-0.755686143743	-2.81833672523	2.43534421921	-4.33790206909
29	29	0.499306693673	0.444260063203	-0.334409851514	0.831145623494	2.52698874474	-1.93281626701	4.74126768112
