0	0	0.497711889446	-0.568936635769	-0.414790805162	-0.710112450555	-3.27142477036	-2.21831512451	-4.16089248657
1	0	0.496837891638	0.829086227454	-0.0211754743278	0.558719631598	4.70803689957	-0.130544617772	3.25552892685
2	0	0.499027282	-0.687043721206	-0.350604613627	-0.636433287984	-4.00625133514	-1.98842525482	-3.69682836533
3	0	0.499477635138	-0.00707532893546	0.170662471906	-0.985304146141	-0.0385970175266	1.03819692135	-5.71790981293
4	0	0.499941468239	0.457711444696	-0.604042632706	0.652405342765	2.62520313263	-3.33598136902	3.89117121696
5	0	0.499972028658	0.287904188046	-0.273275362964	-0.91784081109	1.7142124176	-1.41105127335	-5.32415485382
6	0	0.499955773354	-0.887960482804	-0.437461805401	0.14196249432	-5.1162519455	-2.50691723824	0.963070392609
7	0	0.499917596579	0.303782606406	-0.723507046773	-0.619881989829	1.78609621525	-4.22247886658	-3.55483794212
8	0	0.499989196658	-0.10746078338	0.852347369556	0.511816511697	-0.718995332718	4.87853193283	2.97691130638
9	0	0.49999595806	-0.616204441222	-0.223826447256	-0.755111785186	-3.51606035233	-1.22133111954	-4.50958156586
10	0	0.499999091029	0.33026813955	-0.81621555414	0.474041269489	1.93886828423	-4.75929260254	2.62838888168
11	0	0.499994769692	-0.553861234159	0.661175775979	0.506047751258	-3.17336511612	3.84029173851	2.89727187157
12	0	0.499991241843	0.410112727206	0.361484247595	-0.837339053027	2.44180893898	2.02099013329	-4.85798835754
13	0	0.499994382262	-0.380678060396	-0.625508570487	0.681045697865	-2.14131355286	-3.55224537849	3.99638223648
14	0	0.499975483865	0.517340226985	-0.344322459672	-0.783454614709	3.03971743584	-1.8748973608	-4.61342906952
15	0	0.499890714884	-0.846390515304	0.154628641975	-0.509620524198	-5.01275062561	0.949763596058	-2.89201307297
16	0	0.499910071492	-0.380494021959	-0.887507267319	0.259913735131	-2.15130281448	-5.15068387985	1.43653726578
17	0	0.499773472548	0.16563725754	0.983951799668	-0.0663562720884	0.857686042786	5.70202350616	-0.403340816498
18	0	0.49917767942	0.468326983444	-0.881214459872	0.0642721735367	2.66122317314	-5.08818531036	0.287763834
19	0	0.471202343702	0.0956661845247	0.930390407765	-0.353866740848	0.50062417984	5.11277770996	-1.93463265896
20	0	0.403491318226	0.802453674469	-0.327148536192	0.499041015949	3.79373121262	-1.51320362091	2.40186023712
21	0	0.459306098521	-0.685949707911	-0.292891698251	0.666098679861	-3.68148350716	-1.61001038551	3.55937170982
22	0	0.46541801095	0.592328767926	0.568926721052	0.570498919157	3.24658155441	3.12957620621	3.03848314285
23	0	0.458859972656	0.549189069113	-0.685172707579	0.478466014629	2.9155151844	-3.73158121109	2.55187940598
24	0	0.448755413294	0.16148091217	0.986665013603	-0.020397694388	0.867631852627	5.16182947159	-0.0947513580322
25	0	0.448461137712	-0.151014726151	0.631883408487	-0.760209122915	-0.7620896101	3.30705714226	-3.98725128174
26	0	0.496640250087	0.151756510115	-0.86231700242	0.483093519906	0.87158703804	-4.93964099884	2.72568082809
27	0	0.491696432233	-0.338636372405	0.89939639551	-0.276426357333	-1.83541297913	5.18238544464	-1.62901258469
28	0	0.499087676406	-0.981417540335	-0.162730243634	-0.101678312973	-5.69128322601	-0.9486297369	-0.686492681503
29	0	0.499758370221	0.0144739817273	-0.656012789677	0.754610975028	0.193956300616	-3.66357088089	4.46177577972
0	1	0.499948374927	0.438244192033	-0.585979218809	0.681594001788	2.56893420219	-3.22689771652	4.00139808655
1	1	0.499942205846	-0.627851231986	0.0721403588087	-0.77498296699	-3.59363555908	0.40059709549	-4.43451070786
2	1	0.499944522977	0.747955271839	0.0873099947612	0.657981668546	4.27457904816	0.564937233925	3.82402229309
3	1	0.499869450927	0.786323595435	-0.599275096615	0.150215051975	4.54919147491	-3.50743460655	0.917044401169
4	1	0.499946147203	-0.676624825263	-0.603141514164	-0.422373246938	-3.98587036133	-3.34755849838	-2.62109923363
5	1	0.499945506454	-0.714361234652	-0.559992816495	0.41963802485	-4.07701015472	-3.21048259735	2.56289291382
6	1	0.499854385853	0.744299487371	0.504725120518	-0.437345202119	4.31056118011	2.8425924778	-2.52524399757
7	1	0.499522477388	-0.186151713236	0.981412569162	0.0466573547216	-1.26278579235	5.63769960403	0.344042539597
8	1	0.499944388866	0.995030803541	0.0993153003494	0.0070831575543	5.75744915009	0.511055111885	-0.0214290618896
9	1	0.499978989363	-0.713805934973	-0.522640946035	0.466184007368	-4.14713907242	-3.0466094017	2.65188169479
10	1	0.49999961257	0.0142857657731	0.962614922458	0.270496632064	0.137976750731	5.54993057251	1.53291988373
11	1	0.499999195337	-0.480883516412	-0.852053850509	-0.206773498004	-2.70280218124	-4.93260812759	-1.24418759346
12	1	0.499983221292	0.436645412777	0.724682865189	-0.53308116493	2.67274856567	4.28430700302	-2.96687221527
13	1	0.499995686114	-0.756844472767	-0.281944706424	-0.589655515162	-4.39252710342	-1.57531261444	-3.40683197975
14	1	0.499997168779	0.585096966534	-0.355461640969	0.728909158642	3.3699631691	-1.94471812248	4.23688459396
15	1	0.499955154955	-0.456617363902	-0.222042572	-0.861508954801	-2.6656897068	-1.22890663147	-4.97654628754
16	1	0.49934014678	0.89358282791	0.179521701646	0.411438559572	5.17094326019	1.11248350143	2.43528461456
17	1	0.497515924275	0.457913462288	0.500034725903	0.735037777224	2.74285173416	2.86516880989	4.32818126678
18	1	0.493908426259	-0.0386996573243	0.0943553499052	0.994786109909	-0.425395041704	0.58852237463	5.74545049667
19	1	0.472870096564	0.987405734619	-0.10118112879	0.12162357674	5.44302558899	-0.586754739285	0.605038642883
20	1	0.425116926432	0.775853053902	-0.0281647824552	0.63028468471	3.85883998871	-0.165657103062	3.18821334839
21	1	0.468556009233	-0.619332863977	0.583543277982	0.52526569117	-3.38648629189	3.18901252747	2.89060497284
22	1	0.417970389128	0.9932302532	0.114084421721	0.0218725592674	4.88909053802	0.585726737976	0.0995707511902
23	1	0.405883714557	0.877041679377	-0.380945003587	0.292709406883	4.2282538414	-1.81824707985	1.38907694817
24	1	0.4022372365	0.813508529656	0.558660295974	-0.161562823319	3.82324838638	2.67146778107	-0.754935264587
25	1	0.389931827784	0.606560873774	0.713394579919	-0.350930306113	2.79144048691	3.28374910355	-1.62681877613
26	1	0.468007363379	-0.59126841581	0.478483496851	0.64919581307	-3.24989891052	2.65666031837	3.53213644028
27	1	0.455986857414	0.287172071757	0.944463444877	0.15975294205	1.56859660149	5.05591678619	0.834445953369
28	1	0.497736334801	0.331245998471	-0.884806592654	0.327709295096	1.92843818665	-5.05777454376	1.95534276962
29	1	0.49976634793	-0.097703512612	0.163387703002	-0.981712015884	-0.633674383163	1.02542102337	-5.60508060455
0	2	0.499961167574	-0.687931179265	-0.250802476328	-0.681064468654	-3.91773414612	-1.43259334564	-3.93423318863
1	2	0.499988086522	0.263641738182	0.360877561208	0.894572758195	1.60632419586	2.0230755806	5.10385417938
2	2	0.499983049929	-0.678683243924	-0.171741991978	-0.714068443924	-3.92740988731	-1.03649616241	-4.09988260269
3	2	0.499975904822	-0.208990800867	0.971094745339	0.115316263933	-1.28640127182	5.62564992905	0.602464437485
4	2	0.499956090003	0.164147131554	-0.324619976436	0.931492130993	1.07370865345	-1.91826701164	5.350461483
5	2	0.499872297049	-0.116200022368	0.712067445019	-0.692428702861	-0.594588875771	4.08718633652	-3.97542834282
6	2	0.494848623872	-0.646253622217	-0.489386922305	0.585539662234	-3.67338609695	-2.79630613327	3.39161396027
7	2	0.496213957667	0.776196193831	-0.630134386998	-0.0212161025213	4.490899086	-3.56756305695	-0.17246055603
8	2	0.498396083713	-0.759551262276	-0.622996687366	-0.18696793176	-4.45446634293	-3.4290471077	-1.08974885941
9	2	0.499617025256	0.87002089826	0.2230328442	0.439681688268	5.04927158356	1.36259245872	2.49418544769
10	2	0.499978770502	-0.0206619989371	-0.176047596689	-0.984164785745	-0.133781343699	-1.09538245201	-5.68234205246
11	2	0.499992538244	0.242681102847	-0.094164481254	0.965525210852	1.40723729134	-0.462972283363	5.54301548004
12	2	0.499913409352	-0.484915955003	0.591880564426	-0.643843081844	-2.97389984131	3.34221506119	-3.70991277695
13	2	0.499967247248	0.993164837784	0.00777221817611	0.116461142081	5.67469787598	0.0130581576377	0.7467918396
14	2	0.499768272042	-0.939923538402	0.295307398951	-0.171281295195	-5.36277484894	1.68811047077	-1.11955809593
15	2	0.499255865812	0.514658284552	-0.385297981911	0.76594537356	2.91355633736	-2.1589756012	4.50110530853
16	2	0.499789297581	0.65063548948	-0.268033208124	-0.710515066112	3.67929887772	-1.54565155506	-4.19833850861
17	2	0.499657332897	-0.874265040414	0.408538976227	-0.262214690689	-5.09610652924	2.33917474747	-1.44193840027
18	2	0.49972897768	0.998395998568	-0.0435084255226	-0.0362277097385	5.75714302063	-0.212796628475	-0.273215532303
19	2	0.495457664132	-0.968721815268	-0.0644413606698	-0.239635881408	-5.55395889282	-0.400009334087	-1.32941842079
20	2	0.480792284012	0.668965974932	-0.354250055984	-0.653445806643	3.73968267441	-1.94390892982	-3.67612743378
21	2	0.462107792497	0.879171966162	-0.429503689386	-0.20635705638	4.77761030197	-2.32558059692	-1.07516312599
22	2	0.386599630117	0.500001201341	0.803963462463	-0.32193407661	2.36675167084	3.63843631744	-1.49415385723
23	2	0.461130335927	0.518109284325	0.501419077412	-0.692922562992	2.82098221779	2.68496918678	-3.68929052353
24	2	0.481665611267	-0.964842029858	0.216456649064	0.149085131708	-5.40267038345	1.16549503803	0.912665367126
25	2	0.446489542723	0.0699605092161	0.939111427331	-0.336415300197	0.439109712839	4.91763019562	-1.77610337734
26	2	0.413285881281	0.879917876773	0.447736830258	0.158985096679	4.28135538101	2.19810795784	0.805773019791
27	2	0.369517147541	0.767674697313	0.634572725746	0.0894036623613	3.37108397484	2.79546451569	0.38521528244
28	2	0.478888969868	0.12739207083	0.567154215283	-0.813699794996	0.680642962456	3.13119578362	-4.5537571907
29	2	0.499733127654	0.492342937373	0.237840493858	0.837275540966	2.77586269379	1.34982705116	4.84984111786
0	3	0.49991632998	0.68199763844	0.707464468197	0.185400235707	3.93295669556	4.03027915955	1.19763183594
1	3	0.499990720302	-0.319165377692	-0.349720237869	-0.880811680728	-1.94507396221	-2.00009560585	-5.04313087463
2	3	0.499934121966	0.710058750987	-0.490392829578	-0.505303317667	4.25178194046	-2.82449293137	-2.92484378815
3	3	0.49993391335	0.870826343098	0.202307118077	0.448032711017	5.11740636826	1.09163558483	2.57678079605
4	3	0.499301552773	-0.988709650613	-0.0848450302487	0.123509301784	-5.71858644485	-0.373078525066	0.633848190308
5	3	0.497619360685	0.382396297167	-0.906456169368	0.179193428805	2.2316493988	-5.18577957153	1.08492732048
6	3	0.467489555478	-0.936706331639	0.179873385214	-0.300377784731	-5.0735206604	1.06705105305	-1.70660710335
7	3	0.449069872499	-0.435204665606	0.623037104237	0.649939740113	-2.32066702843	3.27232217789	3.36144566536
8	3	0.494199037552	0.898733163536	-0.0790347776809	0.431314507845	5.1916680336	-0.411355376244	2.41999173164
9	3	0.498156694695	0.375338751441	0.0586350663472	0.925031216047	2.16621184349	0.297901809216	5.38976144791
10	3	0.499799445271	-0.936367552333	0.202090749165	-0.287010689767	-5.4542298317	1.16545855999	-1.61273193359
11	3	0.499847622588	0.0753309826535	-0.310709632338	-0.947515048654	0.49447530508	-1.79899942875	-5.5157456398
12	3	0.499456137419	0.750076174661	0.207475423486	-0.627964713066	4.52699756622	1.22178781033	-3.48158693314
13	3	0.498919695616	-0.984091292943	-0.153702144137	-0.0891065544268	-5.63708305359	-0.837107658386	-0.567396402359
14	3	0.499236188829	0.506405666039	-0.2065869057	0.837182866402	2.96988248825	-1.15788006783	4.81142520905
15	3	0.495875820518	0.931196696261	-0.203902585136	-0.302153021906	5.34817409515	-1.13260018826	-1.89936614037
16	3	0.498197601177	0.0115127540866	-0.0600635510277	0.998128161276	-0.0229855943471	-0.242591500282	5.72872972488
17	3	0.499594859779	-0.674199170298	-0.335849769102	-0.657769269094	-3.85543489456	-1.90155506134	-3.894780159
18	3	0.499410197139	0.05026010765	-0.873277074398	0.484624672205	0.346220493317	-5.04409885406	2.82005834579
19	3	0.497208699584	-0.51113013396	0.818352846491	0.262763400797	-2.85202360153	4.82979297638	1.42633605003
20	3	0.49552231282	-0.675988085763	0.0772047667152	0.732857101967	-3.93725323677	0.408628374338	4.18184423447
21	3	0.475618675351	0.408097566419	0.52489521926	-0.746954740985	2.25925207138	2.88561725616	-4.12791061401
22	3	0.435703858733	0.942411463317	0.333931825332	-0.0187128254976	4.81272888184	1.75737082958	-0.118368625641
23	3	0.494334936142	-0.2893098636	-0.698949464454	0.654040861845	-1.68348312378	-3.92962217331	3.76548862457
24	3	0.497714336962	0.489494441547	-0.00236412846219	-0.872003212489	2.86431980133	-0.0465574190021	-4.96631622314
25	3	0.492902517319	-0.959079624462	0.0999259861235	0.26491710258	-5.45091629028	0.581308364868	1.55504989624
26	3	0.45441044867	0.785326174422	-0.150549367657	0.600497866495	4.20358800888	-0.781401753426	3.13677120209
27	3	0.41717030108	0.605223451217	0.740899489653	0.291157208959	3.01625204086	3.61164999008	1.41663956642
28	3	0.482315003872	-0.54442466295	0.652319742235	0.527333613817	-3.08251810074	3.64465093613	2.93642950058
29	3	0.499048873782	0.12405112195	-0.909417976077	-0.39695121102	0.667811870575	-5.18625831604	-2.35240459442
0	4	0.499929964542	-0.883003421029	0.378498957976	-0.27756710407	-5.16097211838	2.07613396645	-1.78568458557
1	4	0.499989207834	0.483980005034	0.000239307955841	0.875079023551	2.77479124069	0.117615021765	5.05862617493
2	4	0.499960049987	0.0106383055183	-0.999856052068	-0.0132174732251	-0.028488162905	-5.80690526962	-0.102874040604
3	4	0.499959252775	-0.166273579592	0.679076874713	0.714987898471	-1.10191774368	3.98481559753	4.04499483109
4	4	0.497294574976	0.622096394226	-0.360574353846	-0.694969216325	3.59872913361	-2.17010092735	-3.93105435371
5	4	0.484916746616	0.65867891953	0.558459836658	-0.504246657704	3.64735722542	3.31892323494	-2.84269237518
6	4	0.437635920942	0.364040207272	0.43992725047	-0.820937721014	1.8332337141	2.31528711319	-4.21031475067
7	4	0.385057032108	-0.0281212571931	0.999087842788	-0.0321352965895	-0.127477303147	4.52820396423	-0.1901242733
8	4	0.485382601619	-0.712183862024	-0.164975064468	-0.682332305241	-4.08636283875	-0.879247248173	-3.85294103622
9	4	0.497661419213	-0.610132181214	0.266084209958	-0.746282731046	-3.51220369339	1.44578182697	-4.33769798279
10	4	0.499842762947	0.737542227106	0.376088850279	0.560882019619	4.27407169342	2.11345362663	3.19495820999
11	4	0.499941468239	-0.887185349386	-0.265111077714	0.377648344771	-5.10054159164	-1.55551028252	2.25845766068
12	4	0.498790215701	-0.407270431623	-0.242131857462	-0.88062645834	-2.40576934814	-1.32300913334	-5.10223054886
13	4	0.490575030446	0.632169212883	-0.175441810799	0.754706735962	3.60280179977	-0.944105505943	4.27565813065
14	4	0.467346653342	-0.61932798919	-0.110509937977	-0.777316148947	-3.34489345551	-0.581762135029	-4.25773286819
15	4	0.46158426255	-0.676289162667	-0.064000093283	-0.73385077265	-3.72242355347	-0.336837619543	-3.91654872894
16	4	0.484654575586	0.468945765595	-0.579044732974	-0.666931080507	2.60829782486	-3.220225811	-3.8168296814
17	4	0.497665762901	0.777968129527	0.245667639309	0.578284532421	4.48565387726	1.37184679508	3.33448457718
18	4	0.498276785016	-0.739943016108	0.566502763937	-0.362710561418	-4.22336292267	3.24876093864	-2.0968272686
19	4	0.498037740588	0.383866056908	-0.897668594056	0.216420760556	2.19238352776	-5.20280456543	1.18122577667
20	4	0.497073151171	0.472721975741	-0.450601025315	0.75729297477	2.92635583878	-2.54201793671	4.35010957718
21	4	0.498768180609	-0.750537777391	-0.574385862667	0.32676279696	-4.37757873535	-3.266320467	1.84792351723
22	4	0.474796131253	0.886281500245	-0.252549888699	0.388231446488	4.9067864418	-1.42903864384	2.17345738411
23	4	0.493337146938	0.215300329911	0.46532002706	-0.858558699424	1.24428749084	2.62389969826	-4.9416885376
24	4	0.49838668853	-0.0230335908404	0.822698465151	0.5680111699	-0.203346669674	4.71322536469	3.31394767761
25	4	0.498784333467	0.458590242978	-0.731939996755	-0.503943280733	2.66934227943	-4.20402431488	-2.83667325974
26	4	0.496126741171	-0.941999284284	0.316553373128	-0.111495786332	-5.4152712822	1.81944108009	-0.628214597702
27	4	0.487733379006	-0.739799252778	0.660282233039	0.129322999976	-4.24708414078	3.70156955719	0.739674329758
28	4	0.496991217136	0.824680803192	-0.106891961536	0.555405870878	4.79496669769	-0.790298461914	3.07343888283
29	4	0.499807707965	-0.406870888029	0.606106151117	0.68344086361	-2.30735874176	3.513215065	4.01131868362
0	5	0.499936208129	-0.824680164414	0.498637781513	0.266951286323	-4.73437929153	2.90303564072	1.73747706413
1	5	0.49998255074	0.62353493126	-0.519701761873	-0.584049885031	3.53134965897	-3.09508323669	-3.38196873665
2	5	0.49995239079	0.203335847363	0.610209793839	-0.765701339087	1.0373442173	3.6770503521	-4.33731937408
3	5	0.499918177724	0.733038283834	-0.584772023301	0.347414097581	4.13742494583	-3.48534870148	1.99517917633
4	5	0.499904096127	-0.622993257343	0.771249714944	-0.130588202011	-3.58572053909	4.39138507843	-0.739517211914
5	5	0.49915330112	0.541172427825	-0.806032371044	0.239675239003	3.07364320755	-4.68741846085	1.31739330292
6	5	0.486456893384	-0.656164898523	0.205607036045	0.726067057974	-3.70524501801	1.23563873768	4.09083366394
7	5	0.431692704558	0.22677499037	0.973476148117	0.0302868418533	1.1285276413	4.91181659698	0.118225336075
8	5	0.495540425181	0.127713865634	-0.956170125344	-0.263491669554	0.716503322124	-5.48471355438	-1.51079130173
9	5	0.499623499811	0.340251421086	0.599744519871	0.72424821804	1.9387396574	3.42967033386	4.15749406815
10	5	0.499895215034	-0.329349625898	-0.615004789223	-0.716448137099	-1.93046617508	-3.53033447266	-4.08839082718
11	5	0.499381929636	0.452243517935	0.844222539576	-0.287687511298	2.55422925949	4.8874912262	-1.65237903595
12	5	0.48881277442	0.561008687442	-0.753220028073	0.343407690544	3.12223362923	-4.27467250824	2.05550575256
13	5	0.44874240458	0.837148478203	-0.546807841104	-0.0135502896239	4.4550037384	-2.86111187935	-0.123568296432
14	5	0.427813336253	0.0264606947612	-0.741748415908	-0.670156040882	0.0736655518413	-3.76923561096	-3.30983304977
15	5	0.42773411423	-0.316251476073	-0.711840982983	0.627110372126	-1.627358675	-3.6089091301	3.09970116615
16	5	0.464883513749	-0.417614239255	-0.6745238167	0.608782364951	-2.27848768234	-3.64673137665	3.33229589462
17	5	0.479288868606	-0.600685974953	0.323464163573	0.731127413232	-3.39145374298	1.85905051231	4.04832696915
18	5	0.448893144727	0.983821818282	-0.17692096774	-0.0281709255632	5.13847827911	-0.935921549797	-0.151886463165
19	5	0.462357088923	0.602180230026	0.798325170688	-0.00747612276727	3.23555850983	4.32362651825	-0.0567772388458
20	5	0.495238944888	-0.997044163261	0.0759033425357	-0.0119003823066	-5.72799777985	0.41409766674	-0.0310282707214
21	5	0.490761883557	0.463480595776	0.641613109844	-0.611161479983	2.73839187622	3.636906147	-3.43591618538
22	5	0.458689972758	0.429478455536	0.899535106628	-0.0799052449721	2.29381012917	4.86851644516	-0.410491466522
23	5	0.470366284251	-0.813931155172	0.34633222978	-0.466444060158	-4.49082994461	1.90903639793	-2.54078030586
24	5	0.49546803534	-0.184611806362	-0.726299428824	0.662123569013	-1.01082825661	-4.27109861374	3.68517041206
25	5	0.499763637781	0.0117816662969	0.999860303874	-0.0118560143744	0.006990022026	5.77725696564	-0.139521598816
26	5	0.499694854021	0.999783527334	-0.0159156174758	0.0134011787683	5.81762313843	-0.193058669567	0.196181535721
27	5	0.49945153296	0.853013021588	-0.0515715761023	-0.519335303575	4.92671203613	-0.393453866243	-3.04385089874
28	5	0.499838709831	-0.403587065296	0.838207476348	-0.366777462938	-2.50864076614	4.85325908661	-2.057492733
29	5	0.499845616519	-0.520888256658	0.349409824783	-0.778837722777	-2.92530536652	1.94571113586	-4.66523599625
0	6	0.49998665601	0.362276471356	-0.393911229019	-0.844742387923	2.04274201393	-2.24215483665	-4.88631057739
1	6	0.499934449792	0.328463888209	0.831469141676	0.448074257889	1.7081053257	4.87579679489	2.59239268303
2	6	0.49973423779	0.349996676881	-0.869602722597	0.348272064661	1.93528294563	-5.0333480835	1.97104930878
3	6	0.498555839062	0.387947173561	0.78813183843	-0.477854785243	2.09591412544	4.56267547607	-2.80343198776
4	6	0.498109415174	0.727146230519	-0.496871244555	0.473684838025	4.12247276306	-3.02933502197	2.71537470818
5	6	0.499668896198	0.0309123719835	0.931779351067	0.361706602351	0.148096606135	5.38569974899	2.0455083847
6	6	0.49478423968	0.0424960421734	-0.428885788552	-0.902358613179	0.217076867819	-2.465695858	-5.1689043045
7	6	0.448356121778	0.676773219741	0.342837121236	-0.651491149091	3.63413286209	1.80857634544	-3.42121934891
8	6	0.491151094437	-0.0248077116211	0.978538409029	-0.204565782814	-0.165788799524	5.60305166245	-1.00677680969
9	6	0.499842233956	-0.126875927332	-0.586949064576	-0.799620719252	-0.749900698662	-3.37172341347	-4.574842453
10	6	0.499984323047	0.0991776209854	0.128818812333	0.986696261818	0.547739386559	0.912710487843	5.67697477341
11	6	0.499941326678	0.376230979967	-0.722694347008	0.57979576621	2.16147112846	-4.19024324417	3.36102485657
12	6	0.49571576342	-0.29483164463	0.451215265919	-0.842305814492	-1.65735661983	2.62964582443	-4.7998957634
13	6	0.479203984141	-0.626675444877	-0.625962413622	-0.464164780569	-3.52951383591	-3.50196862221	-2.53856706619
14	6	0.451667025685	-0.862437092857	0.248780824193	0.440806490853	-4.59282779694	1.27772057056	2.308147192
15	6	0.44204287231	-0.595019589134	0.613613896824	0.519066155872	-3.06527042389	3.18372249603	2.72230577469
16	6	0.45424194634	-0.116854453179	0.869116362632	-0.48060564393	-0.60248696804	4.62639522552	-2.56402444839
17	6	0.418206304312	0.803997016892	0.410658585214	-0.430056186119	3.96166324615	1.98892807961	-2.09589481354
18	6	0.387153245509	0.808879170759	-0.119275086475	-0.575749894362	3.71395611763	-0.473356842995	-2.59804010391
19	6	0.452678315341	0.578710063187	0.547221360244	0.604684583613	3.04157280922	2.93284058571	3.16656541824
20	6	0.491844296455	-0.358795795099	-0.677778701922	-0.64178003135	-2.05709838867	-3.86034059525	-3.74288797379
21	6	0.475128605962	-0.0956674074779	-0.798470611862	-0.594384075442	-0.52481931448	-4.50888967514	-3.25372672081
22	6	0.425157032907	0.801277381255	0.137394680604	0.582303408913	4.03819131851	0.66203635931	2.8570022583
23	6	0.424919307232	0.539048374112	0.84184521233	0.0268977479341	2.71120524406	4.2190823555	0.136984109879
24	6	0.47916918993	0.138470482871	0.907197011902	0.397265033661	0.820367336273	5.14700889587	2.09350275993
25	6	0.49838816002	-0.468988768698	-0.194781917287	0.861457799044	-2.64751029015	-1.23075282574	4.96421384811
26	6	0.499942556024	-0.279524633396	0.136156439532	-0.950435375656	-1.57981491089	0.751822113991	-5.46689605713
27	6	0.499941569753	-0.161058403237	-0.0910475012554	0.982736253153	-1.05906271935	-0.502609014511	5.6585021019
28	6	0.49998266995	0.857226538967	0.440706542614	-0.266346398864	4.9728603363	2.48653960228	-1.59686970711
29	6	0.499981671572	0.0605887176405	-0.660273176727	0.748577544005	0.278548270464	-3.80234742165	4.3252954483
0	7	0.499940788373	0.17862202942	0.00245526152918	0.983914702755	0.97665899992	0.035217422992	5.7253112793
1	7	0.499652683735	0.80153104919	-0.480919428199	0.355337136766	4.62583446503	-2.92293977737	1.98734378815
2	7	0.482636526227	-0.683050637401	0.659567719531	0.313707268164	-3.81729650497	3.77604198456	1.65774655342
3	7	0.47566865012	-0.632722370611	0.040368297422	0.773325806043	-3.52653765678	0.14311337471	4.27662086487
4	7	0.490779101849	0.954745598104	0.038341037796	0.294942041293	5.46570587158	0.276835024357	1.58696937561
5	7	0.49912700057	-0.874703165814	-0.482605923451	0.044563374699	-5.10451316833	-2.75823354721	0.173969984055
6	7	0.498480573297	0.45068510219	-0.416273653587	0.789682964229	2.59161400795	-2.31490898132	4.56568431854
7	7	0.482667952776	0.33914676153	0.558464522622	-0.757031605097	1.8674685955	3.1464715004	-4.28840208054
8	7	0.49486907199	-0.0253934914205	-0.581424345799	-0.813204095357	-0.180705308914	-3.35286998749	-4.66333961487
9	7	0.499494668096	0.394672915814	0.221208129013	0.891796082735	2.12812066078	1.37704610825	5.15688800812
10	7	0.499971829355	0.2739083115	-0.68538054613	-0.674705672036	1.557305336	-3.98892211914	-3.90534734726
11	7	0.499962724745	-0.581632465286	-0.298083293693	-0.756868565437	-3.3622405529	-1.59211826324	-4.48418426514
12	7	0.499913706444	-0.0726663215981	0.163376986429	0.983883918972	-0.407704770565	0.940095484257	5.65707540512
13	7	0.498635500669	0.98844825145	-0.149806972963	0.02297661978	5.72254896164	-0.881832897663	0.051102399826
14	7	0.490544058383	0.333786277673	0.0571824864107	0.940912793029	1.92860388756	0.407732725143	5.40488910675
15	7	0.491646751761	-0.647850618682	-0.63103875266	-0.426707942878	-3.60234069824	-3.63818693161	-2.46898937225
16	7	0.489544853568	-0.695211922851	0.598753533273	0.397711690448	-3.8869035244	3.4151494503	2.33432221413
17	7	0.472018236294	0.27854286826	-0.320197225016	-0.905476453384	1.55646967888	-1.79114091396	-4.94868469238
18	7	0.473362132907	-0.524405698339	0.661649008343	-0.535928403155	-2.8151922226	3.67872190475	-2.9493265152
19	7	0.478687543422	-0.0318656721719	-0.318649618052	0.947336793254	-0.231397658587	-1.81813573837	5.32200050354
20	7	0.492624118924	0.125664962274	-0.584005414197	0.801963835497	0.731153428555	-3.27437567711	4.64113235474
21	7	0.461820537224	0.37733621071	0.0262539156122	-0.925704119037	1.99546432495	0.17679220438	-5.03224039078
22	7	0.412980377674	0.789471496375	-0.488803211523	-0.371222543518	3.88254308701	-2.3770339489	-1.79611945152
23	7	0.448053695261	0.759550580487	0.468635098652	-0.451069905884	3.98836565018	2.44182682037	-2.37918257713
24	7	0.491965316236	-0.522317060803	0.0998830305587	0.846881495961	-2.94515657425	0.481759607792	4.87902879715
25	7	0.499341797084	0.263491408307	-0.02592386501	-0.96431334688	1.54453206062	-0.201622575521	-5.49914073944
26	7	0.499901250005	0.168907748196	0.333663340249	0.92743676225	0.873983979225	1.99389374256	5.36484384537
27	7	0.499964952469	0.608987331046	-0.644856552981	0.461838128247	3.64869403839	-3.77841067314	2.49962878227
28	7	0.499967992306	-0.98112031815	0.0931282388911	-0.169499417207	-5.65805196762	0.541447043419	-1.00047898293
29	7	0.4997690171	0.0594138888495	0.937713094007	0.342292481862	0.382405132055	5.55385398865	1.84581899643
0	8	0.499635703862	-0.531792083487	-0.295524606163	-0.793638700602	-3.07745790482	-1.6703710556	-4.57662200928
1	8	0.497091483325	0.424786555848	0.361050689431	-0.830179969424	2.47799277306	2.12054824829	-4.76820325851
2	8	0.443118482828	-0.83578600282	-0.474523133269	0.276205636226	-4.34724807739	-2.44925069809	1.41478180885
3	8	0.404060073197	-0.848062535152	-0.305829903217	-0.432733181961	-4.0942735672	-1.43967413902	-2.01761603355
4	8	0.472976416349	-0.909876425985	0.200690999573	0.363108815822	-4.99361658096	1.14182651043	2.03196263313
5	8	0.495370194316	-0.418832670867	-0.870791096389	-0.257491864463	-2.36389255524	-5.10180521011	-1.52055454254
6	8	0.499578684568	-0.545658118169	0.282944720859	-0.788796236689	-3.05811214447	1.6366622448	-4.60291481018
7	8	0.499049868435	-0.271422563791	0.559514736132	0.78311752114	-1.5022342205	3.18738412857	4.5790605545
8	8	0.499274164438	-0.101855637484	-0.85310470683	0.511700877757	-0.668516814709	-4.97788619995	2.94622898102
9	8	0.499718055129	0.923402531206	-0.170158023968	-0.344055245916	5.30869483948	-1.02639400959	-2.11307024956
10	8	0.49994944036	0.192135396214	0.92561270005	-0.32607532723	1.01195299625	5.40710830688	-1.78146052361
11	8	0.499982357025	-0.693799783827	-0.593451983717	0.407990934929	-3.9991736412	-3.40668678284	2.45052719116
12	8	0.499971214682	-0.161330133889	-0.492242884577	-0.855376835367	-0.779399752617	-2.86468815804	-5.02751016617
13	8	0.499940603971	-0.731836158299	0.626885258396	-0.267265243181	-4.25831508636	3.58890247345	-1.51893019676
14	8	0.498828653246	0.0819065091432	-0.529787821585	0.84416597175	0.514174163342	-3.13730239868	4.85303878784
15	8	0.499119728804	0.474390896017	0.876547304494	0.0813517102553	2.64873147011	5.1250500679	0.415892124176
16	8	0.498164102435	0.524210094188	-0.6801427559	-0.512454494319	3.00188112259	-3.9192814827	-2.92173480988
17	8	0.45641785115	-0.374261477912	0.634595503214	0.676178152155	-2.0199637413	3.3418431282	3.58636236191
18	8	0.442360538989	-0.265964709706	-0.497559749822	0.825649482861	-1.40260601044	-2.60532665253	4.23764324188
19	8	0.481213063002	0.855387974564	0.342460347811	0.388628772929	4.7945728302	1.9467382431	2.17943191528
20	8	0.495744436979	-0.12668303164	0.205613352344	-0.970399174996	-0.819148302078	1.12273740768	-5.54749727249
21	8	0.467808485031	0.922611614693	0.369239143942	-0.111580746614	5.08431053162	2.00790810585	-0.499568939209
22	8	0.42544901371	0.589666413469	-0.745896889891	-0.309727865194	2.99741029739	-3.75442075729	-1.51122379303
23	8	0.458554565907	0.585423514755	-0.641882313519	0.495243782358	3.16121387482	-3.42823004723	2.63433551788
24	8	0.495714396238	-0.949440069252	0.311382119253	-0.0400590902149	-5.51038455963	1.78427410126	-0.331889629364
25	8	0.49864192307	-0.670095393577	0.646622039733	0.364488821829	-3.84112405777	3.72235894203	2.18111681938
26	8	0.49989657104	0.515625856472	-0.828552611376	0.218244235477	3.08323645592	-4.77859210968	1.12150335312
27	8	0.499921061099	-0.735474360295	0.327237094549	0.593290274065	-4.24576377869	2.01471161842	3.31751942635
28	8	0.498509570956	0.132702208625	-0.958339751609	0.252932884997	0.920490503311	-5.54404258728	1.36590480804
29	8	0.498937759548	0.384406952971	0.471373304487	0.793749647134	2.20857906342	2.74217796326	4.58114814758
0	9	0.495557099581	0.242251573785	-0.73049003075	0.638512717159	1.42735171318	-4.13956451416	3.74684667587
1	9	0.485858887434	-0.670042185138	0.213720681079	0.710891651811	-3.81686639786	1.23792922497	3.97957539558
2	9	0.418863579631	-0.374461801863	0.890109169021	0.259776877667	-1.89504754543	4.38223409653	1.27895689011
3	9	0.409536629915	-0.723415565074	0.689925068601	-0.0259484089004	-3.51064395905	3.31646561623	-0.136712551117
4	9	0.48129628785	-0.241950800839	0.0155999668642	-0.970163105363	-1.37472319603	0.0830280855298	-5.4057226181
5	9	0.497290730476	0.723100553516	-0.497444134523	0.479244115804	4.22586536407	-2.79375267029	2.76690912247
6	9	0.499513457529	0.0691867886002	0.109230324552	0.991605730359	0.403681099415	0.68632876873	5.76500177383
7	9	0.499925626442	-0.195874167133	-0.126053738401	-0.972493581308	-1.09451818466	-0.860731780529	-5.55869054794
8	9	0.499798074365	0.397056771494	0.612562680667	0.683456569553	2.293664217	3.61784553528	3.93131709099
9	9	0.499930009246	-0.49945892085	0.393471432551	0.771829656174	-2.94937133789	2.25973296165	4.4142537117
10	9	0.499988466501	0.674484798125	-0.678152403206	-0.291855401054	3.85496330261	-3.97053575516	-1.69367098808
11	9	0.499985456467	0.945112631826	-0.0970713277978	0.311992420553	5.50544309616	-0.387408167124	1.78657579422
12	9	0.499989844859	-0.631461908859	-0.321121448273	-0.705788121974	-3.81228089333	-1.79089689255	-4.00969696045
13	9	0.499985143542	0.890848054612	0.408743343836	0.198289239404	5.13891410828	2.29658651352	1.17019939423
14	9	0.499890141189	-0.578079695497	-0.301963853841	-0.758051249341	-3.33324766159	-1.60910201073	-4.4010887146
15	9	0.498622022569	0.640581448428	-0.151802984537	0.752735851289	3.73220729828	-0.920939326286	4.28781795502
16	9	0.477461561561	-0.969336239825	-0.101295716518	0.223889329752	-5.40074539185	-0.510476112366	1.16769719124
17	9	0.378693059087	-0.938941255751	0.121671603882	0.321846763318	-4.21784687042	0.532763957977	1.43420982361
18	9	0.375739276409	-0.875121771935	-0.446528151709	0.18647920532	-3.86476612091	-1.98560357094	0.883388161659
19	9	0.470571711659	0.316937864965	-0.850584981316	-0.419589775031	1.69668984413	-4.68855714798	-2.28648805618
20	9	0.496017403901	-0.00262071493509	0.371588338967	0.928393902499	-0.0119336731732	2.14044475555	5.31008720398
21	9	0.47098723799	-0.347803832258	0.71845805901	-0.60237074274	-1.90401828289	3.93655920029	-3.33466625214
22	9	0.414565168321	0.562126137233	0.647119337751	0.5150250174	2.80113077164	3.13375663757	2.47748184204
23	9	0.39878077805	0.751826148939	0.572403949677	0.327278413841	3.52657842636	2.68941140175	1.58572053909
24	9	0.456678003073	0.839730908295	0.356053837261	-0.409972763272	4.55038738251	1.89230847359	-2.14383006096
25	9	0.489349398762	0.613073327404	-0.161366218251	-0.773370570189	3.48242354393	-0.892273068428	-4.40919160843
26	9	0.497904077172	-0.571489753236	-0.787777184168	-0.229796801655	-3.49078941345	-4.46476078033	-1.25387835503
27	9	0.497152704746	0.467956938616	-0.195869340611	-0.86177230462	2.83796429634	-1.05650901794	-4.88087034225
28	9	0.485475957394	-0.975640569407	0.0984561106501	-0.196040489704	-5.51828956604	0.643426299095	-1.0261387825
29	9	0.494510516524	-0.0468395326749	-0.67149308912	-0.739528964573	-0.263726204634	-3.8012919426	-4.28094244003
0	10	0.484214536846	0.642417562451	0.341166415714	-0.686225292629	3.54538631439	2.02677178383	-3.88587713242
1	10	0.493063807487	0.791316344217	-0.611359568348	-0.00761062179209	4.45941734314	-3.61001396179	0.0257058143616
2	10	0.478100866079	0.61798860053	0.729981139712	-0.291920580432	3.39330768585	4.14938545227	-1.55261039734
3	10	0.485358383507	-0.451387797459	-0.078139223103	-0.888900060815	-2.55174469948	-0.496786415577	-4.98157930374
4	10	0.498644270003	0.64069576802	0.241114407776	0.728953205086	3.65524530411	1.36170625687	4.17838954926
5	10	0.499621093273	-0.913856439734	0.150212434944	-0.377230210807	-5.21484088898	0.834383547306	-2.30896925926
6	10	0.499822586775	-0.0925624983192	-0.369475392616	0.924618904282	-0.468324363232	-2.19375538826	5.3886590004
7	10	0.499288633466	-0.00678306531784	0.972258989842	0.233808568483	-0.11364928633	5.65926933289	1.3406701088
8	10	0.499924510717	0.751247261251	-0.611912743737	-0.247366825819	4.28210926056	-3.61316776276	-1.41425251961
9	10	0.499662533402	-0.130080028166	-0.284613985381	-0.949775797543	-0.757335484028	-1.68162679672	-5.50931167603
10	10	0.499691918492	-0.883198057981	0.329259659968	-0.333989920052	-5.1007566452	2.10199761391	-1.8955540657
11	10	0.499954745173	-0.469234624466	-0.724232386383	0.505278455622	-2.75985884666	-4.13083457947	2.99759459496
12	10	0.499989166856	0.467698620489	-0.75163756529	-0.465079531733	2.85540151596	-4.22802639008	-2.80240464211
13	10	0.4999881275	-0.455721441232	-0.389307315975	0.80047347347	-2.78153324127	-2.16005897522	4.6281952858
14	10	0.499968528748	-0.126446253322	-0.69111748599	0.711595366469	-0.583590745926	-4.01037788391	4.16913414001
15	10	0.499921023846	-0.878638945585	0.407135931009	-0.24946730644	-5.03002023697	2.31312203407	-1.52387881279
16	10	0.497540995479	0.681237137252	0.259162967054	0.684653576151	4.00283622742	1.46069979668	3.85572648048
17	10	0.474089242518	-0.485572801956	0.526210647981	-0.698084098051	-2.67914390564	2.83264398575	-3.88400125504
18	10	0.472050834447	-0.44340772515	-0.0390659302024	0.895468281055	-2.40897297859	-0.200243443251	4.91049575806
19	10	0.490312373266	-0.318348265762	-0.228848081103	-0.919936376855	-1.76744771004	-1.204621315	-5.30246400833
20	10	0.496624648571	0.0961364668477	-0.993600474799	0.0592948245789	0.64646345377	-5.72992134094	0.325835466385
21	10	0.486426472664	-0.847587576505	-0.436795824444	-0.301338195226	-4.85035228729	-2.42068243027	-1.66261720657
22	10	0.473406016827	0.488826924765	0.830833073879	-0.266016241935	2.71659612656	4.539894104	-1.47196555138
23	10	0.471894555725	-0.0832945759884	-0.113039695421	0.990092945571	-0.400827258825	-0.610315322876	5.44511175156
24	10	0.491424962878	0.148855905943	0.575739423812	-0.803968926722	0.743979096413	3.26877260208	-4.62371826172
25	10	0.49848439917	0.23099495296	-0.424936554343	0.875254395299	1.18053984642	-2.42181038857	5.09652805328
26	10	0.498728483915	0.889925062772	-0.166995104411	0.424436117399	5.23481369019	-0.848390579224	2.31730675697
27	10	0.492380142212	-0.775749430677	-0.491963153825	0.395202576007	-4.47928237915	-2.72169184685	2.22620201111
28	10	0.41421815753	0.0442289574094	0.88284320708	0.467580657255	0.315988123417	4.28518199921	2.23931646347
29	10	0.421142280102	-0.105307982246	0.907957025398	0.405615913033	-0.520982801914	4.46875572205	2.00127768517
0	11	0.488976165652	-0.0406774786681	-0.914801724039	-0.401849658982	-0.302999705076	-5.20529794693	-2.2115945816
1	11	0.498324595392	0.301873776963	0.647791046036	-0.699456205532	1.62812125683	3.93688631058	-3.92240476608
2	11	0.497743293643	0.405773120333	-0.792487964396	-0.455314178456	2.20457434654	-4.62541484833	-2.60766434669
3	11	0.499780222774	0.331770151093	0.261716867162	0.906329326617	1.94021677971	1.61397266388	5.17124891281
4	11	0.499820612371	-0.456217408153	-0.691725365952	-0.559805050528	-2.57564330101	-3.92497730255	-3.27176761627
5	11	0.499454587698	-0.214559680087	0.828029324047	0.518007318673	-1.08080649376	4.74107694626	3.08595061302
6	11	0.499518938363	-0.0965890490529	-0.656020574104	-0.748536947622	-0.551336884499	-3.6971244812	-4.33846759796
7	11	0.49743168056	0.54227540762	0.690120035404	0.47924077354	3.17687344551	3.9965596199	2.81286787987
8	11	0.499669224024	-0.600429794373	0.763508068859	0.237780341525	-3.54876041412	4.3783249855	1.34120726585
9	11	0.496688470244	0.734427057953	0.505872105733	0.452449233824	4.29042434692	2.85710525513	2.5958981514
10	11	0.499421641231	-0.658418674531	-0.75238567229	-0.0200162224559	-3.81442975998	-4.33501005173	-0.0852279663086
11	11	0.49979417026	0.387545711548	0.101104742294	-0.916289338881	2.29619216919	0.714416563511	-5.20826339722
12	11	0.499990772456	-0.33605587633	-0.303064839721	0.891750049571	-2.03544807434	-1.63603770733	5.11067867279
13	11	0.499977834523	0.771396420439	-0.163019806582	-0.615119586093	4.43951225281	-0.937050938606	-3.55409288406
14	11	0.499989748001	0.0216191256547	0.664684492902	-0.746811313721	-0.0444905757904	3.87101745605	-4.31500720978
15	11	0.499957129359	0.96283621025	-0.230117914157	-0.141393697937	5.58994054794	-1.32584393024	-0.696268081665
16	11	0.498778536916	-0.494095907502	-0.700343342164	0.51515865253	-3.01369190216	-4.04842090607	2.82261228561
17	11	0.498506493866	0.126786580087	0.342366466326	0.930972806179	0.799827337265	1.9914727211	5.40274906158
18	11	0.498892821372	0.522226144184	-0.344120171371	-0.78029556066	2.9919552803	-1.93505680561	-4.46355485916
19	11	0.499542742968	-0.757098647167	0.022014225967	0.652929561525	-4.3318066597	0.0988340675831	3.81597280502
20	11	0.499707892537	-0.24053512048	0.84669786943	0.47460043586	-1.44276201725	4.97442245483	2.6294836998
21	11	0.498692885041	0.716317574046	-0.696709750875	-0.0385312360079	4.19297075272	-3.91007852554	-0.270322084427
22	11	0.49749225378	-0.888846990918	-0.144694047361	0.434758161964	-5.11300992966	-0.843820929527	2.56085658073
23	11	0.492325097322	-0.913655290447	-0.40631103776	-0.012056153351	-5.22401285172	-2.35030341148	-0.201783895493
24	11	0.495577037334	0.989842015146	0.141070035089	-0.0176643780264	5.68730926514	0.849305927753	0.0558578968048
25	11	0.493567761034	0.267598249837	-0.0998102445528	-0.958347062273	1.50309038162	-0.537492454052	-5.52873039246
26	11	0.499409109354	-0.907304826131	0.092963220845	0.41006803344	-5.21674108505	0.5864123106	2.29987287521
27	11	0.482828363776	0.97192391842	-0.194659681259	0.132179821816	5.43713665009	-1.05848240852	0.698910951614
28	11	0.380412831903	0.947454885882	0.256346535377	-0.191352274663	4.25172615051	1.24315559864	-0.83780503273
29	11	0.413864642382	0.686183247022	0.643670499205	-0.338881749227	3.32719373703	3.11600494385	-1.60683310032
0	12	0.498913541436	0.302114959451	0.596074609937	0.743923121475	1.59186780453	3.48422050476	4.285405159
1	12	0.499937087297	0.430859550233	-0.771672600995	-0.467847672696	2.42240452766	-4.48383808136	-2.66913557053
2	12	0.49992839247	-0.0569418280992	0.721410038577	0.690163157849	-0.295055806637	4.22431612015	3.87981534004
3	12	0.499694019556	-0.753495786824	-0.582977843708	0.303942318516	-4.3310546875	-3.49760985374	1.56952548027
4	12	0.497722417116	0.178657730021	0.592479431048	0.785525008697	1.15909862518	3.40920209885	4.48020076752
5	12	0.497267350554	-0.334120353001	-0.33329203044	-0.88163485194	-1.88531219959	-1.96413087845	-5.03112125397
6	12	0.490241748281	-0.0309067576927	-0.065338794379	0.997384386422	-0.176020443439	-0.271021664143	5.70475959778
7	12	0.491681784391	0.857105781439	-0.417229212705	0.302141462712	4.94075965881	-2.39914250374	1.74774122238
8	12	0.497695595026	-0.309552389394	-0.834662945294	-0.455538237663	-1.79279136658	-4.77365922928	-2.6330499649
9	12	0.484264098108	0.0987836120784	0.793528922965	0.600461194752	0.493289977312	4.55004310608	3.37922716141
10	12	0.498659774661	0.9205133626	0.0826572969208	0.381867674124	5.34023571014	0.527221858501	2.15576910973
11	12	0.498729065061	-0.637238748864	-0.518107872842	0.57051819344	-3.7194981575	-2.91863465309	3.23058819771
12	12	0.499748766422	0.858713835374	0.101806621871	-0.502240938873	4.87564086914	0.634881258011	-2.93026256561
13	12	0.499745927751	-0.740157624039	0.275495521258	0.613407620872	-4.34886264801	1.57931435108	3.42827701569
14	12	0.499988421798	0.648329295573	0.0185854282269	0.761133172552	3.76335310936	0.00441281544045	4.35871839523
15	12	0.499964792281	-0.344307223589	-0.0862847457056	-0.934883671075	-2.08463335037	-0.491817802191	-5.34625244141
16	12	0.499891415238	0.886701057247	0.456223760614	0.0749740977089	5.11760139465	2.61241364479	0.376528978348
17	12	0.499581646174	-0.382927838567	0.516842494359	0.765663180828	-2.29113769531	2.95627760887	4.53034973145
18	12	0.499849766493	-0.877810864018	0.344533935482	0.332782893662	-5.06854343414	2.0253572464	1.97132730484
19	12	0.499947138131	0.809804217243	0.0307758377906	-0.585892462439	4.63156890869	0.125150203705	-3.49072742462
20	12	0.499903254211	0.677860151783	0.269543388207	0.683997058837	3.98762226105	1.4258377552	4.02378702164
21	12	0.49987617135	-0.982287428607	0.114789175533	0.148104195693	-5.65595722198	0.685190856457	0.872414827347
22	12	0.498676680028	0.204215791489	0.682472163058	-0.701803147013	1.22366929054	3.84988880157	-4.13616847992
23	12	0.495351858437	0.3258851684	0.667991446559	0.669018896849	1.94666552544	3.77621221542	3.85108852386
24	12	0.487924084067	-0.40001764767	-0.769520893796	-0.49781871757	-2.32798194885	-4.34624481201	-2.77097535133
25	12	0.481199709699	0.287840184093	-0.369919938659	-0.883350025417	1.62937283516	-2.04198026657	-5.0380616188
26	12	0.497832641006	0.745568597653	-0.666386054859	0.00755593039727	4.29782342911	-3.84717702866	0.0934255123138
27	12	0.498656377196	-0.898240581142	0.439206798522	-0.0161631222646	-5.11944389343	2.58043718338	-0.118228435516
28	12	0.478133372962	0.782692158496	-0.349966942972	0.514700032888	4.33138275146	-1.93196332455	2.83937597275
29	12	0.483888983727	-0.0385030096062	-0.47543517292	-0.878907796417	-0.280885726213	-2.72561764717	-4.91896104813
0	13	0.499964490533	0.959678745959	-0.134899713509	-0.246614622132	5.54976654053	-0.892309427261	-1.40972590446
1	13	0.49999320507	-0.801811061619	0.585494233124	0.119563892732	-4.56667423248	3.40069580078	0.737977981567
2	13	0.499906629324	-0.426778143428	-0.902458020493	-0.0585656686123	-2.30085253716	-5.28209972382	-0.371295213699
3	13	0.498191133142	0.187317988626	0.974665412427	-0.122226449493	1.18236792088	5.56975841522	-0.680387496948
4	13	0.478902086616	-0.79167855636	0.579388812069	0.193787687558	-4.54022264481	3.13478851318	1.06023955345
5	13	0.462334781885	0.845060649227	0.532005326503	-0.0533182117146	4.54760217667	2.84820747375	-0.238509178162
6	13	0.463053289801	-0.393728247947	-0.161431099003	0.90494091909	-2.1112074852	-0.893977582455	4.89818668365
7	13	0.486797399819	0.299215379728	-0.29092453806	-0.908753580289	1.61659288406	-1.60957312584	-5.19430589676
8	13	0.480770364404	0.91065904026	0.387150967581	0.144271413292	5.06348609924	2.20049762726	0.846916913986
9	13	0.44659332186	-0.191797603337	0.438868259076	0.877842998793	-1.05753755569	2.26472139359	4.60307502747
10	13	0.487656898797	-0.191388725533	-0.181499623975	-0.964587083801	-1.16981840134	-1.04915237427	-5.42105293274
11	13	0.484499424696	0.828842577781	0.541917134556	-0.13908918194	4.63566255569	3.06555175781	-0.763443470001
12	13	0.496255382895	-0.529714761126	-0.652959929474	0.541336865867	-3.12216329575	-3.69860839844	3.09248638153
13	13	0.495164886117	0.687127828835	-0.52829126616	0.498762152674	4.06959724426	-2.96386909485	2.74399352074
14	13	0.49975758791	-0.775708123309	0.565897844537	-0.279350204905	-4.4907913208	3.18413114548	-1.75658082962
15	13	0.499968353659	-0.349663072373	-0.0954291592431	0.932002688507	-1.8662147522	-0.539062440395	5.46142292023
16	13	0.499973416328	-0.820249817453	-0.496195609544	0.284570121478	-4.78698635101	-2.90194177628	1.56641149521
17	13	0.499975819141	-0.0828680988958	0.401613813079	-0.912052204279	-0.328285068274	2.30919933319	-5.2961473465
18	13	0.499995574355	-0.354735863081	-0.890620381516	-0.284530848016	-2.02408051491	-5.18741416931	-1.57050156593
19	13	0.499968737364	0.992150584296	0.109086202166	0.0611344303843	5.77580595016	0.690248370171	0.460999011993
20	13	0.499929144979	0.131023928523	0.960670141293	-0.244837925539	0.639873623848	5.64325141907	-1.45161008835
21	13	0.499765127897	0.419243687139	-0.770938821146	-0.479466437662	2.46168017387	-4.44177007675	-2.82863664627
22	13	0.498823322356	0.678542805495	-0.183843756824	0.711182911907	3.8392291069	-1.0836738348	4.18815135956
23	13	0.457784026861	-0.972877439755	0.189722152769	0.13234421772	-5.21972942352	1.01197290421	0.650059700012
24	13	0.41943257302	-0.512734329505	0.140838155017	0.846916832657	-2.59558010101	0.639319658279	4.16284132004
25	13	0.456637959927	-0.383670385852	-0.51485600093	0.766629201979	-2.04411578178	-2.74502372742	4.05003929138
26	13	0.497065886855	0.542358524022	0.794733248361	-0.272481734011	3.00984835625	4.61241912842	-1.58293318748
27	13	0.499455049634	-0.319622273146	-0.943783781176	-0.0843432089639	-1.76076436043	-5.4714307785	-0.430738925934
28	13	0.49959564954	-0.648413831117	0.461367924427	-0.605556885789	-3.78825259209	2.7028465271	-3.43310165405
29	13	0.497788771987	0.338534742552	0.500084558896	-0.797063148088	2.00734114647	2.93957138062	-4.62878131866
0	14	0.499987199903	-0.999527626088	-0.0264556600089	-0.0156404200557	-5.76962614059	-0.110765650868	-0.0650796890259
1	14	0.499981448054	0.823798593549	-0.46460134842	-0.324809889495	4.77571964264	-2.62086105347	-1.76035690308
2	14	0.499619483948	-0.903724266066	0.415395719677	-0.103580147702	-5.17424726486	2.54484224319	-0.610509395599
3	14	0.498376384377	-0.165523730193	-0.910409988791	-0.379151087369	-0.94258248806	-5.27799606323	-2.05464053154
4	14	0.468259498477	0.314630204395	0.906923788413	-0.280173297251	1.73675179482	4.93770742416	-1.56363081932
5	14	0.40878136456	0.575492120685	0.52969263048	-0.623084694279	2.80441331863	2.53689646721	-2.98289680481
6	14	0.422077864408	0.906739447739	0.209628664897	0.365895335809	4.46753263474	1.02464079857	1.79089856148
7	14	0.470564201474	-0.411646438794	-0.883365297015	-0.224082488068	-2.26888680458	-4.86189699173	-1.16759252548
8	14	0.454849034548	-0.786229822293	0.488481972528	0.378454791293	-4.19442367554	2.62641119957	1.97834062576
9	14	0.422839045525	-0.0831461974455	0.562303513359	0.822740219458	-0.424110770226	2.77888536453	4.09521341324
10	14	0.456670343876	-0.896173143018	-0.108103661427	0.430333935588	-4.76246166229	-0.551654815674	2.30489873886
11	14	0.443463973701	0.287621818217	-0.136700278327	-0.947938143336	1.44101500511	-0.762184381485	-4.93755865097
12	14	0.465255066752	-0.583684998481	0.236032878418	-0.776917178889	-3.12095928192	1.34280180931	-4.23831987381
13	14	0.484465062618	-0.883284803531	-0.397029882425	0.249349610612	-4.94801521301	-2.29266548157	1.41758179665
14	14	0.497591108084	0.307768138495	0.897182966967	0.316767259532	1.8098628521	5.18095350266	1.87793278694
15	14	0.499359816313	0.202616231117	0.00694146357708	-0.979233618179	1.05925965309	-0.0655499324203	-5.65966463089
16	14	0.499868515879	0.369255852731	-0.152546391827	0.916722266318	2.25293922424	-0.845591783524	5.33241605759
17	14	0.499942913651	-0.302699233082	0.60518995287	0.736286829461	-1.75763583183	3.46800231934	4.35554599762
18	14	0.499997198582	0.0984509863734	0.994665160969	-0.0307996889016	0.609502673149	5.73616981506	-0.19723033905
19	14	0.499999061227	-0.522887077998	-0.806761876859	-0.275180627425	-2.96758985519	-4.68045759201	-1.49791049957
20	14	0.499974727631	-0.393497159094	0.8660600374	-0.308382874692	-2.21095085144	5.09780836105	-1.7125749588
21	14	0.499962419271	-0.358244940351	-0.889195765724	0.28458997335	-2.12300157547	-5.08311033249	1.72995281219
22	14	0.498509429395	0.456593122189	0.433416755827	-0.77696372923	2.61869239807	2.55101656914	-4.42716121674
23	14	0.4522010535	-0.745213557697	-0.641026555746	-0.183689162047	-3.90656876564	-3.41869592667	-0.965402364731
24	14	0.38532923907	-0.613485410082	-0.655953259554	-0.439728294401	-2.86843848228	-2.97128152847	-1.93261623383
25	14	0.431555531919	-0.792226366537	-0.410715247854	-0.451320694567	-4.01141881943	-2.06062674522	-2.33046889305
26	14	0.495467573404	0.164950407488	-0.792507808284	0.587130936742	0.85406088829	-4.5637550354	3.34370422363
27	14	0.499651953578	0.619520818631	0.712486536311	0.329479727536	3.46868944168	4.26217079163	1.79390001297
28	14	0.499852627516	0.827361214312	-0.388603409205	0.405537681858	4.79363203049	-2.34564447403	2.24004793167
29	14	0.499858144671	-0.49222878642	0.162986079006	0.855070967739	-2.82577204704	0.944759964943	4.96923542023
0	15	0.499988041818	0.729005939471	-0.103113641744	-0.676696325616	4.35572052002	-0.509629428387	-3.85701036453
1	15	0.499997511506	-0.926669917512	-0.0895838012467	-0.365044663751	-5.34788942337	-0.488061308861	-2.11696195602
2	15	0.499948352575	-0.187159312246	-0.105023397574	0.976699277056	-0.979721724987	-0.617395997047	5.67959880829
3	15	0.499951347709	0.672162451341	0.630967894707	-0.387397928307	3.80836820602	3.66309452057	-2.37628078461
4	15	0.499367025681	-0.0582761471389	0.129966508964	0.989804322693	-0.388404875994	0.67462927103	5.71291303635
5	15	0.484299518168	-0.412120910825	-0.748661656637	-0.519289975584	-2.24751377106	-4.20914936066	-2.99281692505
6	15	0.458072528243	0.764368070327	0.629250252143	-0.140661200203	4.04585409164	3.41905498505	-0.782752513885
7	15	0.477983921766	0.792373943745	-0.477175671481	-0.380061721067	4.42382621765	-2.66874694824	-2.08476781845
8	15	0.488003255799	-0.148573903309	0.321744390719	0.935096969462	-0.863435387611	1.83844733238	5.30914211273
9	15	0.496081087738	0.514655438917	0.11318920747	-0.849892924141	3.01840877533	0.674344062805	-4.85269451141
10	15	0.491564273834	-0.379281320472	-0.852900474548	-0.358756826354	-2.17298364639	-4.88709354401	-1.9736995697
11	15	0.462708748877	0.464464605729	0.582994697294	-0.666625691788	2.4785015583	3.22752904892	-3.56151723862
12	15	0.475059434772	0.956205839234	0.0421977839703	-0.289637255965	5.33961391449	0.146790340543	-1.48819708824
13	15	0.494895085692	-0.379625942879	0.728933440727	-0.569684283162	-2.23594284058	4.14169502258	-3.24101877213
14	15	0.498471722007	0.884237745294	-0.107880998814	0.454406535926	5.09697437286	-0.78560167551	2.64016771317
15	15	0.499296173453	0.695830717054	0.71362800852	-0.08096096998	3.96218562126	4.26474285126	-0.424125909805
16	15	0.499904602766	-0.197358545762	-0.740483449019	0.642443667681	-1.16209721565	-4.3583741188	3.66974449158
17	15	0.499933831394	-0.524644607727	-0.411847188965	-0.7450704185	-3.06864404678	-2.30589985847	-4.40367221832
18	15	0.499997511506	0.434833630721	-0.893497446714	0.112169631854	2.50438737869	-5.14747095108	0.668617963791
19	15	0.499999240041	0.27343739371	0.938186879708	-0.212220099105	1.54515552521	5.42432498932	-1.08200931549
20	15	0.499988786876	0.0744986188901	-0.729471035299	-0.679942618493	0.380696296692	-4.27525138855	-3.88144683838
21	15	0.499962732196	0.928759954479	0.337166437498	-0.154025129054	5.3383564949	2.0875108242	-0.926810026169
22	15	0.499258294702	-0.781697054548	-0.363978037242	0.506428379256	-4.46878957748	-2.12090873718	2.92008090019
23	15	0.488320440054	0.295806685902	0.825643747956	0.480427732377	1.71043610573	4.69473981857	2.69730997086
24	15	0.465816863813	-0.0675857705061	-0.245263611037	-0.967097681067	-0.377204239368	-1.33767473698	-5.2521481514
25	15	0.487382493913	-0.589710184283	-0.111028053454	0.799946666909	-3.34819126129	-0.682916581631	4.52116203308
26	15	0.498354189098	0.381750833386	0.704363172416	-0.598447008977	2.15573549271	4.08382081985	-3.37725543976
27	15	0.49930678308	-0.0749247384006	-0.987890813628	0.135860310337	-0.447359651327	-5.72657680511	0.726940870285
28	15	0.499975517392	-0.794991681664	0.559505516175	0.234396679703	-4.56361532211	3.23720550537	1.40896916389
29	15	0.499986462295	0.124008915678	-0.265684706262	-0.956050953501	0.781587839127	-1.61827492714	-5.50595664978
0	16	0.499982759356	0.480624708417	-0.869638745418	0.11281995447	2.71968722343	-5.08037662506	0.562151908875
1	16	0.499997291714	0.388952731879	0.342494228501	0.855227148661	2.1831176281	2.09100055695	4.91273117065
2	16	0.499993555248	-0.0381557538511	-0.775196681759	-0.63056660476	-0.327095866203	-4.36757564545	-3.72257137299
3	16	0.499959930778	0.722624791148	-0.0540214219621	0.689126328903	4.07828140259	-0.304207295179	4.08410739899
4	16	0.499654350802	0.32666305486	0.0961044793127	-0.940242084596	1.8250617981	0.465315997601	-5.43811798096
5	16	0.497983589768	-0.943599067953	0.175718756707	0.280613109991	-5.42389059067	1.1323646307	1.62121129036
6	16	0.495466567576	0.349936512672	-0.572060546199	0.741816128553	2.1137008667	-3.27581262589	4.20469093323
7	16	0.48929259181	-0.601754436222	-0.359449680726	-0.713223334947	-3.49307656288	-1.91824889183	-4.08261489868
8	16	0.493417225778	-0.513525915841	-0.629357574509	0.583266814733	-2.83863997459	-3.65273809433	3.44234037399
9	16	0.499077290297	-0.968780734236	-0.0598454764912	-0.240587630433	-5.62634944916	-0.339977174997	-1.45727467537
10	16	0.49954418838	0.329231899185	0.901998623134	0.27929346649	1.87326443195	5.18913936615	1.57716989517
11	16	0.498550131917	0.189499596903	-0.954782585022	0.229085394804	1.07815873623	-5.50248193741	1.28515410423
12	16	0.498939678073	-0.54727701871	0.405659370709	-0.73207126685	-3.24078655243	2.39031219482	-4.09917831421
13	16	0.499920263886	0.780762702161	-0.540690274158	0.3131511302	4.45928668976	-3.0792388916	1.83114743233
14	16	0.499860659242	-0.98205473363	-0.0434166699835	-0.18353063211	-5.65217876434	-0.12245734781	-1.07589101791
15	16	0.499942027032	0.534863418947	-0.346239981397	-0.770739254453	3.08916330338	-2.09914493561	-4.39744901657
16	16	0.499988898635	-0.15811542708	0.932533093243	0.324625232731	-0.936057925224	5.35825681686	1.97420763969
17	16	0.499980408698	0.0712656605932	-0.305138341625	-0.949637719391	0.536486029625	-1.80143094063	-5.48086643219
18	16	0.499997839332	-0.828931938929	0.433020525136	0.354069294677	-4.68050384521	2.59121751785	2.14712929726
19	16	0.499991461635	-0.473126610283	-0.730292241591	-0.492772211589	-2.64155983925	-4.23214864731	-2.96917200089
20	16	0.499929297715	-0.234418400548	-0.361069013391	0.902594693677	-1.42261195183	-1.92649531364	5.285633564
21	16	0.499654874206	0.888689812223	-0.102707976864	0.446857347639	5.21932697296	-0.587536334991	2.58352947235
22	16	0.495999471284	0.109148374443	-0.222615268893	-0.968777102543	0.533519029617	-1.26191735268	-5.57989311218
23	16	0.449899613857	0.955456036156	0.259144628764	-0.141236767011	5.07588577271	1.35298395157	-0.722092866898
24	16	0.449448823929	0.706966389497	-0.464548602291	-0.533285214713	3.68400239944	-2.48319888115	-2.85365772247
25	16	0.488922551274	0.548381745975	0.372354510348	0.748752014558	3.14813804626	2.2003903389	4.2111620903
26	16	0.490047171712	-0.131080088187	-0.939089244176	-0.317693880889	-0.809015274048	-5.3400182724	-1.79593038559
27	16	0.494880020618	0.145009904662	-0.691200714981	0.707964475917	0.830767989159	-3.91037988663	4.15989017487
28	16	0.498995102942	0.427821979208	0.485803407129	-0.762209553685	2.46504378319	2.70109367371	-4.45249414444
29	16	0.49987372756	-0.43041908738	0.820593130002	0.37598713304	-2.52672767639	4.65144252777	2.29388785362
0	17	0.499943777919	-0.433876790533	0.782659799738	0.446312187275	-2.49251651764	4.50013494492	2.56190443039
1	17	0.499984145164	0.650193695184	-0.602847265859	-0.462410351084	3.65597724915	-3.49506521225	-2.79707384109
2	17	0.499991849065	0.748488409245	0.539607616942	0.385472075467	4.24929332733	3.13674044609	2.38565802574
3	17	0.499995842576	-0.790282694057	0.0889220760927	-0.606255827071	-4.50771856308	0.412166774273	-3.57310533524
4	17	0.499957516789	0.344017897145	0.794752337138	0.500020408642	1.99547386169	4.55835437775	3.00784063339
5	17	0.499826148152	0.53785799434	-0.740175249899	0.403546004022	3.21799039841	-4.30818796158	2.20306253433
6	17	0.499129652977	-0.99065423822	0.121139356906	-0.0626852175931	-5.70226335526	0.737970650196	-0.368606090546
7	17	0.495065413415	0.593858627642	-0.511217544973	-0.621279769578	3.57023239136	-2.90322542191	-3.5117650032
8	17	0.497011058033	-0.117779380505	0.182227506755	-0.976176804329	-0.695360422134	1.20997619629	-5.58802652359
9	17	0.499799508601	-0.300548698168	-0.556090646885	0.774876553056	-1.71560454369	-3.14529037476	4.54340457916
10	17	0.499961048365	0.52755114082	-0.849100474567	0.0267988415938	3.0922908783	-4.90270614624	-0.0204658508301
11	17	0.499726518989	-0.293978663383	0.294772692783	0.909222527803	-1.76008987427	1.83840465546	5.17923212051
12	17	0.49997754395	0.933528939411	-0.340770575213	-0.111351400314	5.33680200577	-2.06526303291	-0.632202863693
13	17	0.49996574223	-0.741018583713	0.61625851511	-0.266677522761	-4.20880413055	3.57494974136	-1.56247448921
14	17	0.499983310699	0.183080280192	-0.628400311094	0.756038795315	1.20763492584	-3.64084768295	4.3212184906
15	17	0.499992750585	-0.544908870796	0.428910984869	0.720492671431	-3.21865701675	2.5110270977	4.12905454636
16	17	0.499935187399	0.0708241229839	0.662677322543	-0.745548596532	0.515351116657	3.76222705841	-4.43882226944
17	17	0.499953161925	-0.327089806486	-0.136281327768	0.935114783433	-1.7863817215	-0.761814415455	5.39566755295
18	17	0.499986834824	0.284760064973	-0.351643613443	-0.891772658541	1.65508055687	-1.97152554989	-5.11963796616
19	17	0.499985199422	-0.152445914558	-0.475937772782	0.866165965375	-0.856597661972	-2.561804533	5.11331987381
20	17	0.499975159764	0.570821746009	-0.340450052719	-0.747165507694	3.24387454987	-1.90827393532	-4.3436923027
21	17	0.499628912657	-0.572830929639	-0.0881420640839	0.814920672573	-3.4704709053	-0.447867661715	4.64517116547
22	17	0.497566230595	0.38826300303	0.469399698669	0.793042094323	2.27731370926	2.71796131134	4.53875160217
23	17	0.435798795428	0.0942472794729	0.081055586785	-0.992243640525	0.437562793493	0.374324977398	-5.04895019531
24	17	0.399834625423	-0.691551666174	-0.300612002101	-0.656801885811	-3.23023438454	-1.42582631111	-3.11267995834
25	17	0.465318322182	-0.65088351357	-0.516783230963	0.55613464553	-3.54740095139	-2.8492372036	2.98263120651
26	17	0.439676124603	-0.495227932827	0.46392063622	-0.734524974277	-2.52091550827	2.40544199944	-3.79506397247
27	17	0.456334896386	-0.576651639283	0.610866956999	-0.542507555485	-3.0545232296	3.22680330276	-2.91092324257
28	17	0.49932587333	0.305965114413	-0.225248435153	0.925012697872	1.69836354256	-1.31414461136	5.36661481857
29	17	0.499750219285	0.389557783547	0.406529962885	-0.826424904365	2.3091673851	2.24076652527	-4.79717922211
0	18	0.499234989285	-0.417949374759	-0.884371956559	0.207857072505	-2.33641982079	-5.23921871185	1.10990643501
1	18	0.49980699271	-0.244790710822	-0.622769061826	0.74312596747	-1.49809503555	-3.46328926086	4.42789173126
2	18	0.499986946583	0.494375042136	0.412543773672	-0.765114993003	2.81701850891	2.3762140274	-4.49520874023
3	18	0.499988526106	-0.803463335405	-0.0626244019254	0.592051393836	-4.59428453445	-0.384442389011	3.52236032486
4	18	0.499873407185	-0.273667827638	0.809221368744	-0.519871807741	-1.59439086914	4.63750362396	-3.10224342346
5	18	0.49987879023	-0.0749789842661	-0.41522738501	0.906622507252	-0.410089194775	-2.47273182869	5.21960639954
6	18	0.499761208892	0.259049637315	0.937699564017	-0.231544408372	1.48803579807	5.39410257339	-1.43130064011
7	18	0.498081341386	-0.0979344583522	-0.901296567507	0.421987368612	-0.648407697678	-5.18111228943	2.47581028938
8	18	0.497737184167	0.486840388496	-0.831107510628	-0.26878754046	2.81277298927	-4.87357616425	-1.56622028351
9	18	0.499803006649	0.630911737664	0.386863109051	-0.672523095613	3.68154788017	2.26869726181	-3.83421206474
10	18	0.49998177588	-0.907529348279	0.0862854938217	0.41102955559	-5.1949968338	0.477072358131	2.46281147003
11	18	0.499992037192	-0.197529883365	-0.31565173229	-0.928087242171	-1.04153227806	-1.86015236378	-5.34787034988
12	18	0.499995231628	-0.241273962854	0.948308995884	0.206147818746	-1.38251519203	5.46689367294	1.29119539261
13	18	0.499959528446	-0.36060606778	-0.891366769028	0.27464258037	-1.96583986282	-5.23487901688	1.57720971107
14	18	0.499966843054	-0.223749958925	0.173881863595	-0.95901045531	-1.24309456348	1.1736342907	-5.49844694138
15	18	0.499991390854	0.394545253585	-0.309578498478	0.86515616865	2.35287117958	-1.81798088551	4.93055486679
16	18	0.499714734033	-0.276049318601	0.261513442394	-0.924882421255	-1.67258381844	1.53645920753	-5.39749765396
17	18	0.499391674995	-0.840265636966	0.148565680303	-0.521422954971	-4.86613178253	0.887635707855	-3.13269281387
18	18	0.499455537647	-0.0903936502039	0.618951159943	0.780210516212	-0.449755042791	3.47506213188	4.55224514008
19	18	0.499808646739	-0.561822242643	-0.454151287664	-0.691449474354	-3.17703199387	-2.62607812881	-4.01462125778
20	18	0.499711945653	0.103007714545	0.994326438371	-0.0265394932266	0.516497194767	5.74301862717	-0.0259900093079
21	18	0.499616235495	0.328014881455	-0.879806244013	0.344016294004	1.99622583389	-5.07241010666	1.9542350769
22	18	0.49676553905	-0.696113368854	-0.680003666221	-0.230263309341	-4.0035443306	-3.89477157593	-1.38726091385
23	18	0.44949747622	-0.649819123058	0.709380716306	-0.272972721424	-3.44125628471	3.75597047806	-1.40833640099
24	18	0.414743810892	-0.957758034027	-0.192105287926	-0.213997912623	-4.68374156952	-0.915898442268	-1.09386026859
25	18	0.458061464131	0.0415623196424	-0.617454070971	-0.785508143705	0.167584255338	-3.31401824951	-4.20243358612
26	18	0.41786589101	0.623305594271	0.0121243290714	-0.781884350013	3.03349161148	0.0802510902286	-3.86632537842
27	18	0.439381004311	0.0237797930005	-0.101251890023	-0.994576581371	0.136069566011	-0.493529498577	-5.10280323029
28	18	0.494174331427	0.0872695883342	-0.912688719653	0.399228405765	0.4945358634	-5.26360321045	2.34929442406
29	18	0.497787356377	-0.840555965893	-0.537849289288	-0.0646823794696	-5.0069642067	-3.01273798943	-0.373528003693
0	19	0.499934598804	0.009964838634	0.948168565343	0.317611513782	0.0866154879332	5.42837429047	1.77609395981
1	19	0.499976038933	0.353103944069	-0.759600219357	-0.54619146042	2.00316143036	-4.43887424469	-3.14211130142
2	19	0.499969556928	0.744371352105	0.127194552205	-0.65554011018	4.33606052399	0.916628360748	-3.86766242981
3	19	0.499853536487	0.468908411184	-0.860739942529	0.198120299958	2.69468641281	-5.01733732224	1.19412112236
4	19	0.498961433768	0.861896983004	-0.286790111181	-0.418192566669	5.01729774475	-1.75263154507	-2.4043302536
5	19	0.499768868089	-0.679857087271	0.537021554383	-0.499401833212	-3.97524356842	3.09125328064	-2.81930851936
6	19	0.49992389977	0.85218431887	-0.169564090493	0.495004955417	4.89935779572	-1.09696614742	2.84649157524
7	19	0.49946154654	-0.0696776082698	0.98411816364	0.163268095166	-0.534432828426	5.70240116119	0.77247262001
8	19	0.498323190957	0.339385033777	0.00652636895335	0.940624901518	2.00823497772	0.0260991044343	5.46081638336
9	19	0.499871663749	-0.717158168179	0.187701719499	-0.671157378199	-4.21658706665	1.02748429775	-3.82444095612
10	19	0.499955564737	0.207373974419	0.858226107089	-0.469514625806	1.31109678745	4.920794487	-2.79225158691
11	19	0.499991480261	0.604176711361	0.0478132258234	0.79541460691	3.43536257744	0.197325348854	4.60845565796
12	19	0.499996554106	-0.157350494709	0.230413561829	-0.960286630304	-0.947956502438	1.25671207905	-5.53711366653
13	19	0.499888809398	-0.255065351525	-0.186874903878	0.948693542063	-1.37031412125	-0.929371714592	5.61405658722
14	19	0.499887362123	-0.520258450027	-0.8504107763	-0.07831128098	-3.02599620819	-5.01315975189	-0.430737733841
15	19	0.499936252832	-0.965393102172	0.253350720467	-0.0618835254122	-5.56217956543	1.50146520138	-0.428462982178
16	19	0.499392986298	0.873427216105	-0.443918871284	-0.200152276744	5.15093517303	-2.45319604874	-1.07727718353
17	19	0.497863054276	-0.427288814939	-0.902400026165	-0.055663824927	-2.50413036346	-5.21898269653	-0.244970321655
18	19	0.489005390555	0.328374559036	0.150078005478	-0.932548519515	1.80304098129	0.836618185043	-5.319003582
19	19	0.487635828555	0.839530444361	0.151099369891	0.521878926006	4.68423080444	0.879498720169	3.07934498787
20	19	0.497260339558	0.525099052547	-0.583014131505	-0.619972182827	2.9768102169	-3.41008281708	-3.57107639313
21	19	0.49978004396	-0.524581868013	0.680685731353	-0.511351932513	-3.1031537056	3.87743067741	-2.94411849976
22	19	0.499453946948	0.673361041401	0.701722124667	0.232746573932	3.95636200905	3.96620965004	1.48060512543
23	19	0.494056254625	0.520821311537	0.484888922886	-0.702586573962	2.96484994888	2.77054834366	-4.06093358994
24	19	0.490527968854	-0.41597860662	-0.460250433248	0.784303090348	-2.44049358368	-2.65350151062	4.3889541626
25	19	0.496561586857	0.833373285423	0.331765017455	0.442064407453	4.81182813644	1.99986100197	2.42794132233
26	19	0.483942270279	-0.675935937213	-0.682774031431	0.277362994625	-3.82975029945	-3.81757736206	1.4997382164
27	19	0.475224971771	-0.590559846115	-0.572196264682	0.569061071276	-3.26922559738	-3.15026021004	3.1461827755
28	19	0.498376466334	0.690521041734	0.24152316217	-0.681797076158	3.9130718708	1.48478353024	-3.9469037056
29	19	0.499322861433	0.0862428913021	-0.985643071522	0.145154742468	0.439428895712	-5.7217464447	0.891802072525
0	20	0.499931409955	-0.521849481211	-0.764344047172	-0.378749648862	-2.97043967247	-4.43890047073	-2.12334942818
1	20	0.499989822507	-0.391087905839	0.917269842891	-0.0752747316753	-2.12809681892	5.34924221039	-0.407654762268
2	20	0.499978452921	0.104737560157	-0.841196880965	0.530488313676	0.552190542221	-4.84256219864	3.03921604156
3	20	0.499709904194	-0.592952035725	0.779794031578	-0.200821193215	-3.37570953369	4.48968029022	-1.22528529167
4	20	0.495980098844	0.77104148104	0.564078485014	0.295483497441	4.41930389404	3.28894686699	1.88137435913
5	20	0.4995864667	0.350740400582	0.0866900430975	-0.932451611521	2.16438579559	0.47555950284	-5.38795518875
6	20	0.499838545918	-0.868910423382	-0.44448075988	-0.217787810117	-5.04441642761	-2.49200344086	-1.22626066208
7	20	0.499022752047	0.810558908935	-0.525616978968	0.258304174504	4.7160782814	-3.01887774467	1.46454954147
8	20	0.494201717898	-0.0388817125712	-0.225786441506	0.973400583141	-0.342653185129	-1.29864501953	5.66861772537
9	20	0.496579691768	0.641512830688	-0.682299895621	0.3506110958	3.84920835495	-3.89524054527	1.90105628967
10	20	0.499739557505	-0.656991423055	-0.230571375779	0.717773718315	-3.76833415031	-1.34032678604	4.19324398041
11	20	0.499952092767	-0.953559719355	0.263059633658	-0.146708863955	-5.51202011108	1.53570663929	-0.914492845535
12	20	0.499992549419	0.78974693752	-0.414139566262	0.452535296231	4.61345624924	-2.32473993301	2.55805158615
13	20	0.499888673425	-0.625769876327	-0.697335734394	0.349478090042	-3.80812811852	-3.95514464378	1.96797013283
14	20	0.499785616994	0.571207089564	-0.737480867136	-0.36033932819	3.32574224472	-4.28763389587	-2.1731133461
15	20	0.499493971467	0.684079988515	0.561131559488	0.466010667539	3.91942477226	3.31868457794	2.62301158905
16	20	0.497862383723	0.0045885920917	-0.995733676659	0.0921595897889	-0.0685606300831	-5.7584195137	0.477902650833
17	20	0.470462203026	0.529666571747	0.508125360386	0.67916267632	2.8978703022	2.84637188911	3.69028449059
18	20	0.432707428932	0.91737418355	-0.1443872971	0.370913623087	4.66635084152	-0.712126255035	1.9282951355
19	20	0.439057245851	0.528927524421	0.846246356597	-0.0640529301237	2.73019385338	4.36402606964	-0.360678911209
20	20	0.49231056124	-0.249832466926	-0.444663742236	0.860149925775	-1.5431997776	-2.56059885025	4.89238739014
21	20	0.499569494277	0.430060339889	0.274404484474	0.860087369373	2.6350133419	1.57462441921	4.91507720947
22	20	0.49997010082	-0.771228715825	0.13147008687	-0.622833753216	-4.47624588013	0.730201780796	-3.57002449036
23	20	0.499528348446	-0.169035892117	-0.954287022777	0.24650181609	-0.929378628731	-5.49905586243	1.5158135891
24	20	0.499308690429	0.85043986241	0.526060614714	0.00350286611644	4.88129234314	3.05606365204	-0.0334084033966
25	20	0.497283399105	-0.607200205913	-0.577294575154	0.54592937587	-3.56770706177	-3.28703403473	3.04910445213
26	20	0.459308460355	0.945408156061	0.273136184642	0.177764009556	5.06153392792	1.48945689201	0.921578407288
27	20	0.456550590694	0.695888915942	0.207418361799	0.687543627603	3.77440404892	1.09785330296	3.64587450027
28	20	0.490282218903	-0.0948643971208	0.580843725696	0.808468498136	-0.731319844723	3.24389743805	4.6301984787
29	20	0.499082952738	0.943249687563	-0.00771360137216	-0.331994769939	5.45665073395	0.100770056248	-1.9285299778
0	21	0.499966084957	0.391199974456	0.843092499227	0.368995416952	2.38504743576	4.82260322571	2.035820961
1	21	0.499992921948	-0.974012374922	-0.17328359867	0.145851595575	-5.58990907669	-1.18393325806	0.815571784973
2	21	0.499881878495	0.608298994286	0.640024602608	-0.469404773737	3.47626233101	3.70228171349	-2.6580927372
3	21	0.499280646443	-0.273999031961	-0.876774870475	0.395209257214	-1.60531926155	-5.01686286926	2.29413104057
4	21	0.488842830062	0.867839490557	-0.247214890458	-0.430974960486	4.96235656738	-1.35663580894	-2.45680212975
5	21	0.498698204756	-0.947039503355	-0.302316240217	0.108263890499	-5.41779136658	-1.72474312782	0.696394205093
6	21	0.495750963688	0.534672806479	0.802229159894	0.265618834097	3.18634772301	4.51686954498	1.52309846878
7	21	0.467954704538	-0.401016019738	-0.0114174398993	-0.915999887543	-2.24875283241	-0.0859886556864	-4.98172283173
8	21	0.46047540009	-0.586235431368	0.808765229551	-0.0471892199315	-3.11697864532	4.38085746765	-0.322335720062
9	21	0.493850320578	-0.364846356666	-0.526648520144	0.76780757502	-2.10671019554	-2.98889827728	4.40008926392
10	21	0.49961740151	0.329523585198	-0.122518759938	-0.936164173776	1.8943977356	-0.693880140781	-5.42728900909
11	21	0.499892801046	0.397412785036	0.110501493356	-0.910962402219	2.49051380157	0.587024271488	-5.24469280243
12	21	0.499980986118	-0.819957643426	0.218035320906	0.529273144818	-4.7544336319	1.26782345772	2.9562330246
13	21	0.49994559586	0.99555937192	-0.0705186195935	-0.0623591314247	5.74903821945	-0.428644984961	-0.456057548523
14	21	0.499788492918	0.86937187647	0.483492487473	0.102115400205	5.00055646896	2.94548130035	0.677453517914
15	21	0.497233003378	-0.515515100653	-0.744628555212	0.423995867623	-2.91882610321	-4.3558588028	2.33438277245
16	21	0.489829257131	-0.79932432496	0.596563830932	-0.0720570548277	-4.55190086365	3.42121767998	-0.446697711945
17	21	0.455463543534	0.163853177383	0.971234298837	0.17278909984	0.895407795906	5.20430421829	0.897004842758
18	21	0.424538575113	0.289787071834	0.668562496058	0.68487052927	1.50321578979	3.31243467331	3.41007375717
19	21	0.412472829223	0.54814296313	0.792951275678	-0.266021740411	2.65443587303	3.89662647247	-1.27380537987
20	21	0.480527713895	0.876886092164	0.477806729983	0.0526451341771	4.91310119629	2.63356947899	0.227850675583
21	21	0.499351426959	-0.848591637742	-0.455734539049	0.268697343255	-4.8758225441	-2.666680336	1.51713633537
22	21	0.499815896153	0.839838893098	0.141428467493	-0.524088372531	4.93721914291	0.869458973408	-2.90198469162
23	21	0.498631343246	-0.923785760761	0.174935361186	-0.340613399063	-5.36482810974	1.01429510117	-1.92692065239
24	21	0.49540957436	-0.28778392963	0.54425001801	-0.788017974251	-1.72735905647	3.13902640343	-4.55200815201
25	21	0.47574108839	0.511835961821	-0.14910117785	-0.846045381141	2.90940642357	-0.816537737846	-4.66418123245
26	21	0.43384950608	0.678019605282	0.398674372848	-0.617533933713	3.44296574593	2.06045913696	-3.16075515747
27	21	0.471474438906	-0.429008762583	0.897937389977	-0.0982849190281	-2.36803770065	4.91027832031	-0.546932697296
28	21	0.496085494757	0.897093721171	-0.00440489939631	-0.441818347623	5.14619970322	-0.0849940702319	-2.59537100792
29	21	0.499188423157	-0.572266949074	-0.8189519897	-0.0427571931174	-3.39024448395	-4.61630582809	-0.219773769379
0	22	0.499978117645	-0.775299917215	0.139169543017	0.61606970114	-4.56867742538	0.657336950302	3.47109627724
1	22	0.499981790781	0.774909440963	0.560465171184	0.292222774945	4.54350852966	3.15085697174	1.55820560455
2	22	0.499693959951	-0.769381638144	-0.638591496636	0.0158995380884	-4.38114070892	-3.68030619621	0.0866765975952
3	22	0.48892685771	0.361998397655	0.86830300712	-0.339126890591	2.10166621208	4.92440843582	-1.83607816696
4	22	0.445534104481	-0.0693175171714	-0.253319180341	-0.964896095279	-0.443105518818	-1.28693294525	-5.05948781967
5	22	0.479588896036	0.921914374147	0.0642245934678	-0.382032836725	5.12976312637	0.343741863966	-2.11733341217
6	22	0.479637235403	-0.66185063566	0.704903998188	0.255076634397	-3.75246548653	3.89168787003	1.46436500549
7	22	0.397616416216	-0.509665349098	0.778484857895	-0.366336672962	-2.3619852066	3.69719600677	-1.73905611038
8	22	0.387820541859	0.00931870167146	0.998738593997	-0.0493394635232	0.0334449522197	4.61480426788	-0.248381376266
9	22	0.478919178247	0.0752621994131	0.905128444554	-0.418423350447	0.453983366489	5.02519416809	-2.41749238968
10	22	0.498502463102	0.392847846977	0.61277953367	0.685690755546	2.27376580238	3.4104757309	4.06561326981
11	22	0.499869227409	-0.911427748745	0.386855992457	-0.140149562673	-5.2848443985	2.16124129295	-0.850933551788
12	22	0.499890372157	0.826711861181	-0.528483133819	0.193010558913	4.75980424881	-3.01183414459	1.05451726913
13	22	0.499675735831	-0.794957464383	0.367312132768	0.48282960446	-4.58594799042	2.04122948647	2.80078220367
14	22	0.499813394621	0.120724874315	0.0604857040777	-0.990841553592	0.671770811081	0.216291591525	-5.74712944031
15	22	0.49273507297	-0.3998698384	0.911830849881	0.0931053894473	-2.26676917076	5.23925542831	0.578501701355
16	22	0.482010304928	0.66811169818	0.739551469024	0.0817947640046	3.8155913353	4.10193347931	0.463382720947
17	22	0.493827283382	-0.04741215421	-0.882181524129	0.468516644441	-0.29379594326	-5.09456205368	2.64963817596
18	22	0.484705880284	0.349487257855	-0.800402895564	-0.487046056723	1.92386412621	-4.55129384995	-2.79604792595
19	22	0.477902133018	0.518900240486	-0.221098439576	0.825746946976	2.90492153168	-1.1967266798	4.62657690048
20	22	0.490864545107	-0.546433529217	0.762506712422	0.346401373638	-3.1318564415	4.36811447144	2.02193117142
21	22	0.497941091657	-0.619852180546	0.665258660483	-0.416190087489	-3.59376192093	3.86800527573	-2.42211461067
22	22	0.499337747693	0.503362408485	-0.752572630328	-0.424571221123	2.81986403465	-4.42147397995	-2.51227974892
23	22	0.497089579701	0.676379892009	0.0257848785132	0.736101475155	3.9401743412	0.268202543259	4.22804689407
24	22	0.491394221783	0.315748357086	-0.327776634651	0.890429925808	1.81906986237	-1.92738175392	5.05494785309
25	22	0.458002448082	-0.997665110091	0.0630810301779	0.0261746392298	-5.34271192551	0.3842664361	0.119202613831
26	22	0.441418677568	-0.770835395828	0.634150741415	0.0605444440174	-3.98117589951	3.30153822899	0.280324220657
27	22	0.478973440826	-0.518126477823	-0.544790313872	0.659354583581	-2.86021280289	-3.1387090683	3.62210178375
28	22	0.498092405498	0.677446665736	0.513501116212	0.52667126249	3.86356115341	3.0566945076	3.1106710434
29	22	0.499675855041	0.897731203923	0.355810671401	0.259764223134	5.21977043152	2.07851338387	1.39591550827
0	23	0.499888658524	0.581079438023	0.0711321834573	-0.81073232277	3.46794891357	0.393574923277	-4.55450630188
1	23	0.499915316701	-0.95241932859	0.264377488462	0.151663990855	-5.5093331337	1.4463737011	0.887282371521
2	23	0.499690413475	0.561941320044	0.642501591126	0.520973759635	3.29624271393	3.6331281662	2.98325300217
3	23	0.476309055462	-0.332099095639	-0.160140648426	-0.929551054756	-1.90401613712	-0.960487425327	-5.1043844223
4	23	0.365956626832	-0.610645349019	0.690728218957	-0.387307094253	-2.6473197937	2.94931411743	-1.7288428545
5	23	0.416647329926	-0.286879205219	0.955777538971	0.0647272555485	-1.43320059776	4.64807748795	0.31071805954
6	23	0.486069060862	-0.105964237303	-0.486349676467	-0.867315151841	-0.558038115501	-2.77619504929	-4.89087057114
7	23	0.436917796731	0.320761121329	0.714003963688	-0.622342866017	1.61813688278	3.73956727982	-3.18078494072
8	23	0.444430723786	0.581224273417	0.809003475438	0.0877024556091	3.07023024559	4.19747114182	0.432109117508
9	23	0.494676247239	-0.960546704811	-0.123514861662	0.24918689136	-5.49603414536	-0.695706486702	1.5212635994
10	23	0.49958460778	-0.142171285214	-0.178050919221	-0.973696665202	-0.82690769434	-1.09165513515	-5.59291219711
11	23	0.499918852001	0.494726412049	0.0792203352441	0.865430479995	2.88930082321	0.39353877306	4.93194103241
12	23	0.494306892157	-0.365199064651	0.565889206985	-0.739188100956	-2.2362651825	3.18688988686	-4.26288509369
13	23	0.493780508637	0.320609335532	0.700697989986	-0.637363303618	1.86356341839	3.954621315	-3.73757505417
14	23	0.492468602955	0.573835338039	-0.0166594708166	0.818801237694	3.20493149757	-0.0843897610903	4.68851709366
15	23	0.463402882218	-0.539826070607	-0.672693927822	-0.506034280424	-2.89979457855	-3.62892866135	-2.73997354507
16	23	0.441245220602	-0.236057474932	0.338288838282	-0.910954186786	-1.2187666893	1.71616411209	-4.71344947815
17	23	0.498090263456	-0.535127674563	0.106929765745	0.83797637026	-3.09498167038	0.666141569614	4.8204240799
18	23	0.495925426483	0.812889455078	0.346107044398	-0.468423577163	4.58836746216	2.07978320122	-2.74058699608
19	23	0.494094908237	0.451344974354	-0.764945353743	0.459506604862	2.63422322273	-4.39821529388	2.65880727768
20	23	0.498769819736	-0.669457718746	-0.577184957573	-0.467636490837	-3.89090442657	-3.25270175934	-2.74184513092
21	23	0.499734148383	0.950089293031	0.311783538497	0.0110163691763	5.4976439476	1.79286324978	0.117351531982
22	23	0.499597350135	0.311670860477	0.0161536877412	0.950052805428	1.72222447395	0.252607285976	5.55223369598
23	23	0.49844366312	-0.651121683283	-0.757766793742	-0.0427789651766	-3.69779682159	-4.41764450073	-0.318803787231
24	23	0.489186912775	-0.625042490184	0.647836610753	-0.435464822039	-3.52179431915	3.75981473923	-2.42410707474
25	23	0.434403698891	-0.576219278531	-0.254620178241	-0.776620826325	-2.9414935112	-1.35521018505	-3.99164605141
26	23	0.418545410037	-0.869955608049	-0.492916214797	-0.0145205101692	-4.29132843018	-2.41813993454	-0.0568988323212
27	23	0.475582420826	-0.466171914435	0.884304678989	-0.026248445864	-2.54932522774	4.92847013474	-0.13109087944
28	23	0.496780987829	-0.101019218602	-0.576779907961	-0.810629419183	-0.523934364319	-3.33768510818	-4.71780252457
29	23	0.499172851443	-0.833770670521	-0.550981364239	0.0352987994174	-4.86102104187	-3.14825892448	0.231293678284
0	24	0.499405413866	-0.95982571876	0.195426371456	0.20135322929	-5.52970981598	1.20353388786	1.14187955856
1	24	0.499699518085	0.412734926762	-0.746211932541	-0.522319473085	2.48394298553	-4.30919456482	-2.99161720276
2	24	0.499297663569	-0.502990215828	-0.452541213837	-0.736347263565	-2.95796203613	-2.64171218872	-4.18937826157
3	24	0.494306504726	0.803594853828	0.408569393722	0.432789049554	4.5518579483	2.30121469498	2.5539700985
4	24	0.431296005845	-0.89236093642	0.0907420483545	-0.44210614089	-4.51552534103	0.486455202103	-2.24192595482
5	24	0.446579836309	-0.421291992999	0.565521502122	0.709012332243	-2.232224226	2.99454283714	3.65906643867
6	24	0.491877730936	-0.383568500245	-0.258272841285	0.886662475283	-2.16472530365	-1.44507324696	5.05726575851
7	24	0.490646548569	0.779238720571	0.207782775661	-0.591281096012	4.41783380508	1.16913604736	-3.3846642971
8	24	0.494229912758	-0.766413927287	0.583515717783	0.268549993783	-4.40814971924	3.25395154953	1.55903720856
9	24	0.498300805688	0.44419990976	-0.862164242803	-0.243637555811	2.55902814865	-4.92783260345	-1.41114711761
10	24	0.499521479011	0.438614841359	0.872972088488	0.213393424595	2.49003791809	5.00869417191	1.35897612572
11	24	0.499152168632	-0.874295619316	-0.0227754200025	-0.484859206666	-5.02923536301	-0.208040624857	-2.84189152718
12	24	0.487508177757	0.165946349709	0.913991965986	-0.370243831996	0.98531806469	5.22136306763	-2.09539651871
13	24	0.487548260018	0.247932044101	-0.164660991524	0.95468133918	1.41908049583	-0.979788541794	5.36010408401
14	24	0.465718284249	-0.621421185588	-0.720415471775	-0.307956584812	-3.37256598473	-3.88726568222	-1.72461438179
15	24	0.420286893845	-0.91948681138	0.354112406574	0.170729046177	-4.53875160217	1.77341771126	0.78347492218
16	24	0.384804688394	-0.717801534824	0.22666400804	-0.658319363276	-3.28221940994	1.03542590141	-2.97614431381
17	24	0.48165820539	0.38576542408	-0.682778118005	-0.620482940264	2.15925097466	-3.7574493885	-3.56080436707
18	24	0.498277820647	-0.504002988727	-0.57559666116	0.64394834499	-2.85901045799	-3.34060263634	3.76234531403
19	24	0.499301716685	-0.972866048943	0.042705297355	0.227393729886	-5.6733751297	0.406174778938	1.1351647377
20	24	0.499921530485	0.606941630906	-0.413954002566	0.678427549877	3.55841684341	-2.28967475891	3.89190626144
21	24	0.499932192266	-0.43186351402	-0.486246967756	-0.759643200197	-2.57266497612	-2.7096927166	-4.43969726562
22	24	0.499934747815	0.269370054249	-0.905906624871	-0.326761320979	1.59417200089	-5.26457595825	-1.82369661331
23	24	0.499781310558	-0.211894537656	0.946256645646	-0.244333922088	-1.2574416399	5.48744773865	-1.2507712841
24	24	0.497566029429	0.481087766651	-0.292518168326	-0.826430687946	2.82867240906	-1.81744456291	-4.6627202034
25	24	0.470691427588	-0.937971641806	0.0962973138601	0.333070602892	-5.11738348007	0.565720677376	1.85050559044
26	24	0.402778305113	-0.415362250306	-0.554903789848	0.720802320358	-2.00199651718	-2.62600469589	3.44956207275
27	24	0.444755650125	-0.108051500939	0.26701281078	0.957616328194	-0.55842757225	1.39217293262	4.99777317047
28	24	0.496016994119	-0.309867412522	-0.899323796286	-0.308543183511	-1.83669412136	-5.18996477127	-1.81490540504
29	24	0.497721151449	-0.164762609528	0.117844783923	0.979268037569	-0.812197566032	0.719276607037	5.73173809052
0	25	0.49895273149	0.575219957387	-0.754061536064	0.317038168763	3.26231098175	-4.42787408829	1.72639155388
1	25	0.499014675617	0.836115229819	0.450674908547	0.312735430149	4.82481002808	2.67283582687	1.84611654282
2	25	0.497627332807	-0.0517457354688	0.99280380077	0.107995333409	-0.335163027048	5.74670410156	0.654886484146
3	25	0.464938125573	0.122223549691	0.213694207055	-0.969224530113	0.642054080963	1.07722377777	-5.30218839645
4	25	0.470626711845	-0.873361864119	0.487070479601	0.00118414704392	-4.80094242096	2.69360089302	0.0290274620056
5	25	0.492864340544	0.754923862647	-0.560585955802	-0.340342985478	4.36785840988	-3.19819736481	-1.91951644421
6	25	0.498447081074	0.044525637268	-0.124762810225	-0.991187020098	0.249145776033	-0.551676154137	-5.73687648773
7	25	0.499244466424	-0.0671200518218	-0.91498594695	0.397863815303	-0.539848446846	-5.20839691162	2.44491934776
8	25	0.49992454052	0.936022508175	-0.151204870274	-0.317803321874	5.37181282043	-0.920243263245	-1.88531446457
9	25	0.499553978443	-0.203859665936	0.974590371122	0.0928161899713	-1.1906914711	5.58836841583	0.643135070801
10	25	0.495591036975	0.033011436235	-0.745396300817	-0.665803724686	0.121821038425	-4.26986074448	-3.80789899826
11	25	0.472475484014	-0.0615087102162	-0.789082744291	0.611199722864	-0.293412983418	-4.3246011734	3.44962906837
12	25	0.464968666434	0.999047367447	-0.0432151254363	0.00606716824433	5.42849826813	-0.296153366566	0.0751383304596
13	25	0.454500824213	-0.945274579997	-0.300826167175	-0.126331253276	-4.99405670166	-1.64573860168	-0.671698570251
14	25	0.424151793122	-0.46897504314	0.267178195532	-0.841830280249	-2.35304379463	1.36925721169	-4.18811273575
15	25	0.459691658616	0.319960546617	0.867012923329	0.38198670054	1.7334227562	4.66472530365	2.05436825752
16	25	0.457270279527	-0.728970703112	0.412754327875	-0.54610949344	-3.92381095886	2.13189220428	-2.90796995163
17	25	0.490123003721	0.995514552752	-0.0782158996304	-0.0532263872962	5.70159053802	-0.459448873997	-0.200596570969
18	25	0.499642133713	-0.426329348286	0.879632397838	-0.210926839128	-2.4657189846	5.02364063263	-1.31111955643
19	25	0.49998472631	0.669476168247	-0.499622356225	0.549708251084	3.86318492889	-2.88071107864	3.09072899818
20	25	0.499954983592	-0.42411252921	0.709493631448	-0.562803117886	-2.47238636017	4.05679559708	-3.24782323837
21	25	0.499690499157	-0.519960698175	-0.00763226171258	0.854156086986	-2.93170332909	-0.107032321393	5.04440355301
22	25	0.499937981367	-0.396151965023	0.739215723198	-0.544631742726	-2.32630157471	4.33795595169	-3.05208897591
23	25	0.499847687781	0.792901790509	-0.158452982387	-0.588387119998	4.5728764534	-1.12758088112	-3.33929681778
24	25	0.499621838331	-0.24102211025	0.850781818841	0.466988906827	-1.52036881447	4.82027578354	2.69757604599
25	25	0.497204437852	0.683190774667	-0.714518944807	-0.150708469973	3.96824669838	-4.05192565918	-0.872063159943
26	25	0.456836953759	-0.700435161377	0.30956663416	0.643085595953	-3.75050973892	1.66533958912	3.40758323669
27	25	0.453617379069	-0.797671610774	0.53367464157	0.280911691303	-4.28347396851	2.79830622673	1.48095440865
28	25	0.489125922322	0.686293647394	-0.0935117550456	-0.721288140215	3.93381285667	-0.533102869987	-4.06419038773
29	25	0.491825461388	0.177822453292	0.902162935822	0.393040980477	0.886873602867	5.2201423645	2.22405934334
0	26	0.48908123374	-0.263251465018	0.964116817013	0.0343136899656	-1.52156567574	5.46130228043	0.173994064331
1	26	0.494190663099	-0.831323422478	-0.405602146089	-0.379984560643	-4.742395401	-2.34454917908	-2.17768716812
2	26	0.494768038392	0.0286669276775	-0.736139247364	0.676222756012	0.251708686352	-4.24672746658	3.91439557076
3	26	0.407440735027	-0.0625646333424	-0.0247073973619	-0.997735040565	-0.290767610073	-0.0981403440237	-4.7782497406
4	26	0.398122824728	0.356074795117	-0.46491937752	-0.810592815592	1.60982728004	-2.17002749443	-3.81464242935
5	26	0.467508360744	0.260639708799	-0.915184886724	0.3074143219	1.42825865746	-5.04338645935	1.65216875076
6	26	0.494888041168	-0.122348451002	-0.541055513289	0.832039535164	-0.778745234013	-3.04466986656	4.77821969986
7	26	0.499861970544	0.516047300852	0.390604387073	-0.762314499457	2.97420859337	2.19549632072	-4.39829063416
8	26	0.499956265092	-0.69928851306	0.369234365316	0.612096037376	-3.96858716011	2.11721515656	3.58546090126
9	26	0.499729171395	-0.588984419709	-0.554318564726	-0.588071664119	-3.26937174797	-3.28064870834	-3.4437289238
10	26	0.493800148368	0.803018354264	0.320386735929	0.502507574227	4.52090740204	1.91642928123	2.90450119972
11	26	0.449266649783	-0.334235836558	-0.226748375739	0.914806853746	-1.84355664253	-1.22462892532	4.83382558823
12	26	0.445239596069	0.751092172432	-0.0778962717861	0.655585783367	3.88824820518	-0.39474260807	3.44229841232
13	26	0.442303046584	-0.306967333541	-0.886744541246	0.345622879319	-1.58559215069	-4.59498071671	1.74312567711
14	26	0.431821897626	-0.817691681901	-0.063490444904	-0.572144454449	-4.14696407318	-0.2946600914	-2.94806790352
15	26	0.486366674304	-0.897551365937	-0.14502291154	0.416377113483	-5.05223751068	-0.918439626694	2.33886599541
16	26	0.494602531195	0.602524409088	0.797578506828	0.0288593468384	3.47770261765	4.52957010269	0.179938077927
17	26	0.496100611985	0.449624878449	-0.573404410191	-0.684868491795	2.48392534256	-3.39065790176	-4.04054784775
18	26	0.499773904681	0.0881419605371	-0.630382202044	0.771264723775	0.622066855431	-3.61566448212	4.44921922684
19	26	0.499940410256	-0.879875369634	0.268291370434	-0.392223245693	-5.02586841583	1.59228551388	-2.29778838158
20	26	0.499828770757	0.655241949444	-0.522416082373	-0.545655041731	3.83217430115	-2.99298000336	-3.09466123581
21	26	0.499277119525	0.00764094385448	-0.202495419294	0.979253399862	-0.0585917085409	-1.13021993637	5.71011066437
22	26	0.498676344752	0.425966020465	-0.535352112133	-0.729349755223	2.44722700119	-3.14506864548	-4.14191579819
23	26	0.499069541693	-0.466783466674	0.751983452272	0.465439666068	-2.72034192085	4.27132177353	2.6504149437
24	26	0.499697744846	0.748506158397	-0.596001065247	-0.29072540492	4.32138252258	-3.42887592316	-1.62114930153
25	26	0.497047036886	-0.660548118215	-0.382132505269	-0.646259183253	-3.88563203812	-2.09754109383	-3.71782684326
26	26	0.488438382745	0.898966745144	-0.222167951682	0.377491976564	5.12001991272	-1.27239584923	2.06621718407
27	26	0.48210953176	0.151692269642	0.948051865226	0.279619591897	0.836732745171	5.3235874176	1.54434466362
28	26	0.469954743981	-0.725684442237	-0.538553650025	-0.428184605444	-3.98119854927	-2.94589996338	-2.27527546883
29	26	0.485769242048	0.97758777947	0.151855208923	-0.145815393408	5.53359222412	0.760135173798	-0.84064412117
0	27	0.428380310535	0.664394640653	0.0201558193315	0.747110101939	3.34252738953	0.0826964452863	3.75282597542
1	27	0.468624137342	0.559664140384	0.57646567644	-0.595368267423	3.05920028687	3.16306829453	-3.19428253174
2	27	0.497259885073	-0.491279420406	-0.696813640946	0.522585190066	-2.86405825615	-4.02743244171	2.9634950161
3	27	0.445803068578	-0.252713804191	0.794869239261	-0.551650818588	-1.27727687359	4.15666103363	-2.89178586006
4	27	0.426303233951	-0.19438277819	-0.370495486118	-0.908266717605	-0.962565898895	-1.8442299366	-4.54922294617
5	27	0.469312593341	-0.340773266096	0.602433462084	-0.721766932518	-1.93590652943	3.31004190445	-3.95356440544
6	27	0.491945162416	0.593082001805	0.673985363723	-0.440451437303	3.46069288254	3.82121086121	-2.50700521469
7	27	0.498806759715	-0.60246366003	0.684451487793	0.410565097398	-3.55466508865	3.83761358261	2.43297338486
8	27	0.499895576388	0.115417873217	-0.512907996191	-0.85064922382	0.811527192593	-3.00523900986	-4.82221603394
9	27	0.499776266515	-0.528984333605	0.610708567926	0.589245805978	-2.97811031342	3.49641275406	3.44628071785
10	27	0.499080050737	0.119664015782	-0.554691752834	-0.823406086123	0.708519339561	-3.16613745689	-4.73511838913
11	27	0.491692548618	0.126419653629	0.224444385699	0.96625192828	0.766884326935	1.26395058632	5.51088619232
12	27	0.495936867781	0.0219137522316	-0.101873279724	-0.994555992562	0.0310262795538	-0.581371128559	-5.70350265503
13	27	0.495346672833	-0.00274135203121	0.648703318735	0.761036457242	0.0408773235977	3.75708150864	4.29315567017
14	27	0.491840451956	-0.373164492968	-0.923882670505	-0.0847883973707	-2.09480905533	-5.25589895248	-0.49306845665
15	27	0.49957190454	0.676702967473	0.633862221894	-0.37455543978	3.88166618347	3.65338683128	-2.08742022514
16	27	0.499746993184	-0.709506278165	-0.620533541268	0.333974498137	-4.06733560562	-3.512591362	1.95630025864
17	27	0.499426923692	0.618070617166	0.0753141691074	-0.782506541907	3.67980122566	0.436687320471	-4.4683303833
18	27	0.499930799007	-0.871924811614	0.446036731397	-0.201986032032	-5.01004695892	2.56620979309	-1.22367954254
19	27	0.499483071268	0.362727902461	0.272192730445	0.891257306433	2.2077665329	1.50172162056	5.1397895813
20	27	0.497654944658	-0.851104444271	0.121745601201	0.51068506296	-4.94670963287	0.610901236534	2.88747191429
21	27	0.491685584188	0.83173551259	0.552461574746	-0.0547927506657	4.77781867981	3.10824751854	-0.455218791962
22	27	0.477922528982	0.0153990106659	0.996222664615	-0.0854591889558	0.00742382230237	5.55642843246	-0.437071800232
23	27	0.475644052029	0.449371052791	-0.877062896496	0.16978319264	2.49259352684	-4.81625413895	0.880697250366
24	27	0.481732323766	-0.886071718011	0.41450531954	-0.207514458808	-4.93679285049	2.33729028702	-1.19753813744
25	27	0.484629094601	-0.665878296218	0.366332818139	0.649927965994	-3.71046280861	2.10757780075	3.75764751434
26	27	0.48780893907	-0.4375690085	0.01271803351	0.899094886218	-2.51923799515	0.0998313948512	5.11123657227
27	27	0.4687679708	-0.508432484584	-0.860431317572	-0.0339758202233	-2.7878241539	-4.68748664856	-0.235325098038
28	27	0.392306908965	-0.797247272604	-0.556049517433	0.23495897618	-3.70402336121	-2.59713888168	1.1154075861
29	27	0.432848520577	-0.0627190782195	-0.847439917657	0.527173503875	-0.336831241846	-4.29854869843	2.68482685089
0	28	0.391124077141	0.487394641724	0.348614945909	0.800571097847	2.26670455933	1.67393183708	3.67324638367
1	28	0.425714358687	-0.127060528541	0.936245699883	-0.327566194131	-0.64665967226	4.73074436188	-1.62196707726
2	28	0.49289342761	0.736426032145	0.666351432815	0.116843772471	4.20317411423	3.77272939682	0.64309835434
3	28	0.49583927542	-0.600713387361	-0.47300617737	-0.644521979777	-3.40638041496	-2.84389781952	-3.63032150269
4	28	0.494631782174	0.488179276472	0.861790984274	0.137830669471	2.79960656166	4.89104175568	0.943090200424
5	28	0.492293007672	0.103884704948	-0.474884962486	-0.873894868095	0.618404567242	-2.76249194145	-5.0076880455
6	28	0.494466282427	-0.0860461937345	-0.487478309828	-0.868884888804	-0.618123114109	-2.90468263626	-4.96572065353
7	28	0.499262407422	0.921447730849	-0.0936325442403	0.377050428951	5.30973577499	-0.576967298985	2.23567390442
8	28	0.499928891659	-0.609702948076	0.784196649117	-0.115316653703	-3.60324811935	4.44496440887	-0.58282327652
9	28	0.499972686172	0.921851201249	0.0384424292607	-0.385632652129	5.31288051605	0.159160614014	-2.1800532341
10	28	0.499987155199	-0.961769780428	0.0951486529599	0.256798799248	-5.60081672668	0.47104203701	1.53401994705
11	28	0.498679533601	-0.545829324288	0.837890499251	-0.00314006543619	-3.18078875542	4.8379817009	-0.0825152397156
12	28	0.49961745739	0.887034649687	-0.459185147215	-0.0481511249314	5.18045568466	-2.59575366974	-0.212009906769
13	28	0.499871298671	-0.10746590284	-0.969696291223	-0.21940871112	-0.676427125931	-5.58063459396	-1.28647470474
14	28	0.499908596277	0.208910623065	0.879188072333	0.428234380961	1.19353270531	5.05167293549	2.39331531525
15	28	0.499907314777	-0.464120772466	-0.827496016805	-0.315978244089	-2.71504831314	-4.77597332001	-1.69232583046
16	28	0.499954901636	0.63173929135	0.118669075129	-0.766043809695	3.70517921448	0.663540065289	-4.39134025574
17	28	0.499928921461	-0.673526140858	0.684592548863	0.278739268175	-3.90684700012	3.86397838593	1.67113900185
18	28	0.498761460185	0.647824570625	-0.65590393252	0.387444650238	3.74905371666	-3.78585577011	2.18505048752
19	28	0.491612695158	0.710501821071	-0.149552229794	-0.687620020664	3.97467255592	-0.875717163086	-4.04838371277
20	28	0.486936241388	0.0870659463333	0.950821016942	-0.297252274559	0.511411130428	5.37444210052	-1.71485114098
21	28	0.479621132836	-0.0761924135329	-0.339947530493	0.937352864524	-0.50724196434	-1.92460334301	5.21368551254
22	28	0.442792229354	0.649509183787	0.306012217538	0.696056278539	3.40214967728	1.58275532722	3.56677484512
23	28	0.392077356577	0.879353627564	-0.473144408152	0.0535870014621	4.05804014206	-2.1945745945	0.245603084564
24	28	0.417795918882	0.184866181548	-0.886967860602	-0.423216858335	0.931478798389	-4.35382080078	-2.0691037178
25	28	0.46964738518	0.350844340732	0.0919778440117	-0.931905748876	1.88804626465	0.461835086346	-5.10802555084
26	28	0.476692527533	0.602919658308	0.415798393795	-0.680881473785	3.35299682617	2.29823231697	-3.85973644257
27	28	0.481526151299	0.853833326409	0.208093930112	0.47714313048	4.77688646317	1.18390476704	2.66919398308
28	28	0.442180220038	-0.461675676842	0.15175587269	0.873971237809	-2.44365954399	0.71528428793	4.52428627014
29	28	0.444301597774	0.810680294329	0.234830063901	0.536332267793	4.19655799866	1.20434856415	2.84094524384
0	29	0.469571352005	0.048800457974	-0.345613589652	0.937107124052	0.296050310135	-1.85246050358	5.11958408356
1	29	0.471376940608	0.491191244553	0.867337599026	0.0803532861149	2.68771505356	4.78847026825	0.373822212219
2	29	0.498122945428	-0.711824054861	-0.586441371358	0.386513949141	-4.04701042175	-3.47880148888	2.2261800766
3	29	0.499238118529	-0.617153194379	0.73553216093	0.279489489794	-3.44721221924	4.34145259857	1.77634119987
4	29	0.499899003655	-0.507006921524	-0.0542539285147	-0.860232813119	-2.865629673	-0.364367425442	-5.00048542023
5	29	0.499689985067	-0.265391158287	-0.204221597916	0.942263801728	-1.46726930141	-1.14907622337	5.43019199371
6	29	0.499449163675	0.00899436946831	0.962178891141	-0.272269871196	0.095363818109	5.58264732361	-1.51925086975
7	29	0.49957215786	0.667672310938	-0.302373251157	-0.680282369455	3.87769818306	-1.80455684662	-4.0730509758
8	29	0.499934270978	0.881043130128	-0.461932563832	-0.101888710493	5.10864925385	-2.69812893867	-0.550057888031
9	29	0.49999460578	-0.713232675143	-0.65783033736	-0.241988426083	-4.19561958313	-3.79429364204	-1.34407162666
10	29	0.499998673797	0.00523103450819	0.803582388862	0.595170547481	0.0704298615456	4.71069192886	3.36493372917
11	29	0.499972015619	0.763828044585	-0.589506472447	-0.262771454401	4.34612321854	-3.40124773979	-1.54474616051
12	29	0.499974250793	-0.927170919251	-0.164629341747	0.336528254879	-5.32654285431	-0.935282468796	1.98552703857
13	29	0.499979987741	-0.0568134492162	0.93686690193	-0.345040055728	-0.229093775153	5.39975833893	-1.96362781525
14	29	0.49998652935	0.235773299971	-0.937292008606	-0.256699516214	1.25123345852	-5.47022533417	-1.38668298721
15	29	0.499945655465	0.398713506046	0.89358301375	-0.206244848748	2.36897492409	5.17799186707	-1.13819122314
16	29	0.499917134643	0.0520757495232	0.901859785925	0.428878820698	0.211101695895	5.21234273911	2.56185770035
17	29	0.499695703387	0.553428901189	-0.484152845093	-0.677725957831	3.14705228806	-2.89461541176	-3.82585406303
18	29	0.496409729123	-0.699017755714	0.549965018093	0.457069640285	-4.02568531036	3.20221209526	2.51015067101
19	29	0.466224186122	0.461152721984	-0.0123122839798	0.887235354723	2.52161550522	-0.0910291150212	4.83623600006
20	29	0.420157104731	0.660789029208	-0.317051388938	0.680320715288	3.26936006546	-1.59047091007	3.35135650635
21	29	0.466542884707	0.307037143627	-0.857014740349	-0.413828378989	1.7130382061	-4.63770914078	-2.3044424057
22	29	0.487252965569	-0.948352443126	-0.268228626138	0.169354798386	-5.35178422928	-1.51368880272	0.930351495743
23	29	0.481627747416	0.539315899712	0.838956074039	0.0727397150876	3.00434947014	4.68403577805	0.409457683563
24	29	0.480974681675	-0.214366642186	-0.81890872164	-0.532386559128	-1.18047881126	-4.57440185547	-2.97166013718
25	29	0.492032587528	-0.614721165826	0.344756614246	0.709408743404	-3.48595333099	1.88432979584	4.10078144073
26	29	0.495613723993	0.259819448713	0.896414890237	-0.359074085159	1.52727878094	5.13531684875	-2.10379266739
27	29	0.497167512774	-0.827525509275	-0.402897564064	0.390992435184	-4.71366167068	-2.44276928902	2.18189549446
28	29	0.490247435868	0.33139763415	0.790488548564	0.515076171715	1.98999428749	4.46764183044	2.88644075394
29	29	0.492598105222	0.0892891087581	-0.288499114303	-0.953307776169	0.451446056366	-1.60243606567	-5.43803262711
