0	0	0.499961957335	0.564650298894	-0.346204173833	0.749208055202	3.21869444847	-1.97206258774	4.29439783096
1	0	0.499989688396	-0.407472580503	0.328813559318	-0.851966982545	-2.3515484333	1.8837556839	-4.86027145386
2	0	0.499986823648	0.377218735861	-0.428030583001	0.821276960185	2.17259263992	-2.42620182037	4.69877958298
3	0	0.499999407679	-0.47737536744	0.358109854308	-0.802415161129	-2.7287838459	2.05727410316	-4.58350515366
4	0	0.499997697771	0.557461785286	-0.439637996505	0.704240576774	3.18504571915	-2.49569034576	4.03900623322
5	0	0.500000067055	-0.60218544285	0.3477610652	-0.718634075139	-3.42393445969	2.0016067028	-4.11767292023
6	0	0.499998375773	0.515660061495	-0.432771666663	0.739461551072	2.96020483971	-2.43630695343	4.24274873734
7	0	0.499999627471	-0.512453864201	0.30397092157	-0.803114385319	-2.91738843918	1.75636804104	-4.59236574173
8	0	0.4999990426	0.40870814602	-0.403397938839	0.818674388458	2.34619903564	-2.27793264389	4.69046020508
9	0	0.499999266118	-0.372975376263	0.2734180975	-0.886640802502	-2.1392531395	1.57182884216	-5.06335783005
10	0	0.499999791384	0.447644719095	-0.304560714337	0.840747867526	2.55686044693	-1.716319561	4.8173327446
11	0	0.499998033047	-0.504810322936	0.152283686447	-0.849691836314	-2.87900400162	0.892946958542	-4.85817861557
12	0	0.499999880791	0.533077268612	-0.177168626347	0.827308832014	3.03823542595	-1.01081180573	4.73595142365
13	0	0.499999735504	-0.484471429518	0.156191871215	-0.860750563954	-2.76855349541	0.906718492508	-4.91896915436
14	0	0.499999720603	0.467562233235	-0.25055707556	0.847706735811	2.67663311958	-1.41275203228	4.85034227371
15	0	0.500000145286	-0.461409720193	0.181168405144	-0.868492417404	-2.64217805862	1.03691971302	-4.9623875618
16	0	0.499986149371	0.431136797736	-0.166824488947	0.886730314992	2.47540569305	-0.945830404758	5.06570768356
17	0	0.499970484525	-0.446988065323	0.189576907654	-0.874220947784	-2.56129360199	1.05836415291	-5.00138521194
18	0	0.499245617539	0.402350444469	-0.0611578091284	0.913440661575	2.30514669418	-0.353956580162	5.21056127548
19	0	0.499667972326	-0.318196550439	-0.0207659220916	-0.947797305213	-1.83855438232	-0.108398556709	-5.41366529465
20	0	0.498465735465	0.362039104954	-0.0103189290702	0.932105791307	2.05208230019	-0.0562217906117	5.3178935051
21	0	0.496927784756	-0.250194294278	0.108602558017	-0.962085390962	-1.43097198009	0.622110426426	-5.49399471283
22	0	0.40934166126	-0.238737418865	-0.376265814796	0.895225380253	-1.13954222202	-1.78053998947	4.28556060791
23	0	0.356102503836	-0.60116310519	-0.0584108689286	0.796988764883	-2.54646348953	-0.26571765542	3.35737419128
24	0	0.473921891302	0.126783888955	-0.38656290427	0.913506960315	0.715829789639	-2.12494087219	5.00781679153
25	0	0.499281138182	-0.34258060926	0.527525471233	-0.777402986462	-1.97545981407	2.99305844307	-4.44735527039
26	0	0.499948099256	0.426837441273	-0.492261903686	0.758609264976	2.45486164093	-2.81617879868	4.3277926445
27	0	0.499988459051	-0.529683672335	0.416467839974	-0.738911189203	-3.00933647156	2.39817976952	-4.22812652588
28	0	0.499988809228	0.446688954213	-0.484020289989	0.752458196223	2.5691781044	-2.74637365341	4.30657100677
29	0	0.499986924231	-0.488956699007	0.261308850689	-0.832249380323	-2.80172395706	1.53158044815	-4.74415254593
0	1	0.499999493361	-0.60686355874	0.192199964968	-0.77121708652	-3.46151208878	1.10023188591	-4.41653680801
1	1	0.499997738749	0.457850673519	-0.132668789846	0.879074372826	2.64302062988	-0.788159072399	5.01010560989
2	1	0.499999735504	-0.476464332116	0.317423566	-0.819892688081	-2.73591589928	1.80102705956	-4.68782758713
3	1	0.499999701977	0.507925235038	-0.332384580482	0.794690157401	2.91116452217	-1.89857769012	4.53922605515
4	1	0.499999888241	-0.544125061625	0.35539250822	-0.760015843528	-3.11548757553	2.03086566925	-4.34229803085
5	1	0.499999731779	0.509899471765	-0.362152479873	0.780287197137	2.93695926666	-2.05953001976	4.45190382004
6	1	0.499999754131	-0.587737647045	0.277060336395	-0.760132901697	-3.33805775642	1.60941529274	-4.35407733917
7	1	0.49999801442	0.449809595257	-0.382629498239	0.807010529728	2.58776760101	-2.1805973053	4.60821151733
8	1	0.499999955297	-0.452302401367	0.372526874388	-0.810337130814	-2.57879328728	2.12745547295	-4.63748502731
9	1	0.499997694045	0.369383327552	-0.310601255148	0.875832642477	2.12180018425	-1.76576435566	5.00661563873
10	1	0.499999355525	-0.394145795084	0.16537799741	-0.904046022164	-2.26091146469	0.975587487221	-5.16013050079
11	1	0.499999880791	0.414064690858	-0.213194020285	0.884928664639	2.38158726692	-1.20934092999	5.05465221405
12	1	0.499999444932	-0.474626299382	0.20780823059	-0.855304399167	-2.71521615982	1.185582757	-4.88915538788
13	1	0.49999993667	0.485298101721	-0.196798526547	0.851913195352	2.77454996109	-1.11454093456	4.87267589569
14	1	0.499997582287	-0.547747791787	0.143532254995	-0.824239557634	-3.11547327042	0.833767712116	-4.72055768967
15	1	0.499999888241	0.505194274183	-0.180636384048	0.843889354175	2.88731193542	-1.01698970795	4.82869625092
16	1	0.499997287989	-0.44206116959	0.0121489120253	-0.896902629207	-2.53661108017	0.0964124277234	-5.12328624725
17	1	0.49998646602	0.417973890938	-0.056697720602	0.906688036191	2.40467262268	-0.337040960789	5.17579030991
18	1	0.49998126924	-0.469893682678	0.136570262036	-0.872094312851	-2.68256878853	0.770787000656	-4.98990774155
19	1	0.499294243753	0.430906483388	-0.0400339120822	0.901508118908	2.45457029343	-0.237539321184	5.14902544022
20	1	0.497698966414	-0.443235031915	0.0535755605449	-0.894802975965	-2.53305077553	0.307282656431	-5.11912727356
21	1	0.422763485461	0.530281870942	-0.152745544719	0.833948401233	2.57897806168	-0.758734822273	4.1143078804
22	1	0.344168839976	-0.193233446195	-0.390712948172	0.900002348554	-0.774603247643	-1.5835108757	3.71418166161
23	1	0.387482322752	-0.60633216129	-0.134836686672	0.783696611013	-2.72626233101	-0.621816694736	3.5642080307
24	1	0.491458252072	-0.458694678892	0.33053156371	-0.824832150772	-2.58835482597	1.87350153923	-4.66449642181
25	1	0.499484017491	0.527693214669	-0.399665794955	0.749537940024	3.00387573242	-2.28815698624	4.28654050827
26	1	0.499977208674	-0.540199445852	0.468041677852	-0.699372251733	-3.08203029633	2.66855597496	-4.00796890259
27	1	0.499998673797	0.51209110916	-0.489742737768	0.70563074389	2.92698049545	-2.78593492508	4.0442070961
28	1	0.499999403954	-0.42305189906	0.450892799827	-0.785953417046	-2.44408011436	2.56293821335	-4.48921966553
29	1	0.499997757375	0.538654699083	-0.266204210752	0.799366269825	3.08453798294	-1.53216040134	4.56417608261
0	2	0.499999962747	0.701306388783	-0.000198363765669	0.712859950975	4.00100469589	-0.0515706390142	4.08616638184
1	2	0.499999448657	-0.654386636545	0.123706721985	-0.745972370029	-3.74039793015	0.703472733498	-4.26696586609
2	2	0.499999918044	0.681495704422	-0.131963627859	0.719825816275	3.88461256027	-0.780992031097	4.12321662903
3	2	0.499999850988	-0.626280761123	0.271948401907	-0.730627452912	-3.57838511467	1.54930400848	-4.18117809296
4	2	0.499999672174	0.65409343777	-0.278266810751	0.703369999859	3.72640228271	-1.59794390202	4.03050613403
5	2	0.49999962002	-0.636246958133	0.276857546397	-0.720097012401	-3.62054371834	1.59353995323	-4.12814903259
6	2	0.499986663461	0.492584116049	-0.312544520958	0.812204907049	2.8348197937	-1.79466855526	4.62941455841
7	2	0.499992221594	-0.492809195238	0.454298212061	-0.742126829866	-2.81497430801	2.58093976974	-4.25485515594
8	2	0.499962061644	0.463130335372	-0.374026230753	0.803501506636	2.64215803146	-2.13927602768	4.59614706039
9	2	0.499989084899	-0.392173291311	0.250546246893	-0.885113940547	-2.24099946022	1.45340299606	-5.05519580841
10	2	0.499987348914	0.433312594659	-0.302849211149	0.848835997479	2.47774291039	-1.70732140541	4.8612165451
11	2	0.499998580664	-0.492796190045	0.153491165784	-0.856500074199	-2.80496931076	0.900280475616	-4.89992427826
12	2	0.499999325722	0.492525058238	-0.222251358805	0.841441263855	2.80987501144	-1.26273298264	4.81613588333
13	2	0.499986506999	-0.430432926706	0.100425866199	-0.897018473057	-2.47438979149	0.602128863335	-5.11895370483
14	2	0.499990541488	0.483548339036	-0.160816473617	0.860417959848	2.76764440536	-0.913727581501	4.9181842804
15	2	0.499962899834	-0.551154906403	0.129225692643	-0.824335483592	-3.1382598877	0.74680608511	-4.71970319748
16	2	0.499986138195	0.526337406045	-0.0404797517074	0.849311677006	2.99885463715	-0.244708389044	4.86140203476
17	2	0.499981734902	-0.528053814561	0.0752550592907	-0.845869874732	-3.0070874691	0.442426502705	-4.84261655807
18	2	0.499953281134	0.56164603923	-0.235332163423	0.793203945701	3.18616962433	-1.31703269482	4.56158208847
19	2	0.499578151852	-0.392345166814	0.122875821591	-0.91157380532	-2.27926206589	0.714363396168	-5.19448947906
20	2	0.456549197435	0.647638000283	-0.18552097177	0.739017584109	3.37862992287	-0.970366954803	3.91030454636
21	2	0.277447212487	0.437189160192	-0.138281848494	0.888675288611	1.45818209648	-0.467218995094	2.94392609596
22	2	0.418178400956	0.126548991913	-0.208518879615	0.969796488698	0.634964227676	-1.01846504211	4.71811294556
23	2	0.49275007844	-0.40466406802	0.291914588193	-0.86662152365	-2.30340147018	1.65468049049	-4.91461753845
24	2	0.498631320894	0.57148725238	-0.293247347644	0.766425673805	3.25005149841	-1.6773608923	4.37674808502
25	2	0.49987257272	-0.571705418111	0.341970630461	-0.74579420942	-3.26398897171	1.95715308189	-4.26453113556
26	2	0.499989196658	0.594122260689	-0.379528955265	0.70920836957	3.38895225525	-2.1648209095	4.06402778625
27	2	0.499999687076	-0.536177214814	0.415454212057	-0.734786902441	-3.07415246964	2.36202645302	-4.20220136642
28	2	0.499999813735	0.533224513906	-0.324726575013	0.781168528072	3.06551742554	-1.86833977699	4.45088148117
29	2	0.499999806285	-0.675356787246	0.298365866029	-0.674441264981	-3.84529590607	1.68776857853	-3.88195061684
0	3	0.500000111759	-0.677332955781	0.138221437001	-0.722575187345	-3.87406682968	0.799311518669	-4.1282286644
1	3	0.499999918044	0.735972155442	-0.120991751874	0.666112589877	4.2002954483	-0.704007208347	3.81398391724
2	3	0.499999552965	-0.749071506094	0.211709314061	-0.627750782634	-4.26541423798	1.1959028244	-3.61517095566
3	3	0.499999895692	0.619849972462	-0.241348807839	0.74668384514	3.54987049103	-1.38087117672	4.26364564896
4	3	0.499999478459	-0.614159871761	0.313257584932	-0.724346144741	-3.51745891571	1.7733001709	-4.14350748062
5	3	0.499986946583	0.608841404777	-0.303673824606	0.732867213129	3.47871255875	-1.73552536964	4.19123125076
6	3	0.499977611005	-0.529062320024	0.333186467944	-0.780435672628	-3.03040766716	1.912068367	-4.45553207397
7	3	0.499230571091	0.504325278177	-0.501875471413	0.702692695982	2.87928009033	-2.84156513214	4.02793645859
8	3	0.499710120261	-0.433684059461	0.426498177055	-0.793736380379	-2.47676801682	2.43501281738	-4.54351139069
9	3	0.499237004668	0.2517238879	-0.33399705694	0.908339721809	1.48301362991	-1.89946126938	5.17655754089
10	3	0.499961279333	-0.466978343787	0.243618089751	-0.850047912049	-2.64335441589	1.40699672699	-4.87099075317
11	3	0.499985940754	0.427365570001	-0.221259289718	0.876585989103	2.45370221138	-1.2703268528	5.00464248657
12	3	0.499987594783	-0.482882357184	0.293247200231	-0.825124662507	-2.7473526001	1.66454637051	-4.72929668427
13	3	0.499972425401	0.445279697458	-0.243953487399	0.861517664948	2.55172514915	-1.38748979568	4.92462921143
14	3	0.499222654849	-0.453165060431	0.1543703787	-0.877958549241	-2.59279799461	0.901296973228	-5.0048327446
15	3	0.499698735774	0.498148211295	-0.267854832803	0.824683059197	2.84883141518	-1.50571084023	4.72464132309
16	3	0.499224435538	-0.423833419332	0.11475219052	-0.898441521429	-2.4327712059	0.675964713097	-5.12058544159
17	3	0.499644950032	0.418493855622	-0.150169810683	0.895718661615	2.40080499649	-0.857883095741	5.1131901741
18	3	0.499827384949	-0.437360412956	0.160474812006	-0.884852362765	-2.51524996758	0.92668235302	-5.04917144775
19	3	0.498956330121	0.521897826029	-0.223829685087	0.823117811289	2.958370924	-1.2660574913	4.71141958237
20	3	0.498287964612	-0.476241540427	0.285204969364	-0.831776484773	-2.73606920242	1.61130285263	-4.75679922104
21	3	0.456633400172	0.561086128349	-0.145922739002	0.814793784228	2.94003462791	-0.778975129128	4.28909111023
22	3	0.49711894244	-0.597700250381	0.18519009618	-0.780037844576	-3.41581487656	1.06554865837	-4.45780563354
23	3	0.498672127724	0.609744827922	-0.251192420259	0.751740389248	3.46498203278	-1.43346071243	4.29675579071
24	3	0.499880768359	-0.618628738831	0.273273834817	-0.73662737846	-3.52628421783	1.56221842766	-4.21916484833
25	3	0.499976687133	0.526113047753	-0.338489445487	0.780147393944	3.03138017654	-1.91874980927	4.4515171051
26	3	0.499996639788	-0.597078470993	0.200666885354	-0.776678891563	-3.41923475266	1.1845690012	-4.42771911621
27	3	0.500000305474	0.616490368183	-0.258414609169	0.743748287867	3.52896308899	-1.49056506157	4.24426555634
28	3	0.500000827014	-0.716858715573	0.306684612274	-0.626145454748	-4.07256126404	1.7454354763	-3.61475324631
29	3	0.499999627471	0.616642283941	-0.280198708235	0.735690816553	3.54422903061	-1.59115505219	4.19444417953
0	4	0.499999627471	0.651656917565	-0.269200041635	0.709136516739	3.7371506691	-1.51634895802	4.05245876312
1	4	0.499999813735	-0.753252257099	0.20290975861	-0.62565059501	-4.29412126541	1.14482569695	-3.59747338295
2	4	0.500000171363	0.669565005746	-0.104462048734	0.735370915562	3.83603167534	-0.615218937397	4.19518947601
3	4	0.499999769032	-0.559319114268	0.200826405412	-0.804257970618	-3.22408103943	1.1416708231	-4.58169364929
4	4	0.499997071922	0.665345999001	-0.150262491774	0.731256374454	3.79138994217	-0.886381745338	4.18694496155
5	4	0.499991565943	-0.628246386756	0.288780465144	-0.722434993947	-3.5876159668	1.6483297348	-4.13490962982
6	4	0.499259360135	0.568678786556	-0.314519489952	0.760053898196	3.25376629829	-1.80266547203	4.33038425446
7	4	0.498310439289	-0.550145436981	0.434389745474	-0.713193905748	-3.14804506302	2.48281621933	-4.08858060837
8	4	0.445223286748	0.425218717763	-0.430409170638	0.796201600033	2.18906116486	-2.20421266556	4.07085847855
9	4	0.497540105134	-0.39316906839	0.267580309794	-0.879669745684	-2.23662686348	1.54669618607	-5.03067350388
10	4	0.499222237617	0.297870120366	-0.338469556051	0.892587111166	1.74041295052	-1.91959953308	5.08750724792
11	4	0.499984666705	-0.446805701832	0.258406852235	-0.856499015486	-2.54191160202	1.48394811153	-4.9013261795
12	4	0.499984718859	0.340690659941	-0.311229325456	0.887167504592	1.98247933388	-1.77181553841	5.06190729141
13	4	0.499242316931	-0.499944076029	0.304735351414	-0.810673970497	-2.843095541	1.73018717766	-4.63800239563
14	4	0.497989144176	0.469829285716	-0.259031287395	0.843897644524	2.69391679764	-1.48014116287	4.8272652626
15	4	0.445436090231	-0.566303529713	0.262652136296	-0.781226066855	-2.89351511002	1.35519886017	-4.00466632843
16	4	0.497844234109	0.42935217582	-0.314390212331	0.846649575391	2.45966243744	-1.77927494049	4.84945726395
17	4	0.49831379205	-0.412847009077	0.228931542076	-0.8815598086	-2.36872839928	1.30613207817	-5.026699543
18	4	0.473132621497	0.47739491779	-0.184099547387	0.85918650427	2.60224676132	-1.00764942169	4.68716049194
19	4	0.498332865536	-0.459766420888	0.152556598379	-0.874837883562	-2.64495205879	0.883588790894	-4.9951710701
20	4	0.497779484838	0.537302796743	-0.150629961843	0.82982909036	3.05261206627	-0.881701111794	4.72311544418
21	4	0.497876338661	-0.610682837483	0.268998812347	-0.74478594976	-3.4883351326	1.51906824112	-4.2744102478
22	4	0.471112698317	0.670937871497	-0.241795018386	0.700983267756	3.63518929482	-1.3044039011	3.81829214096
23	4	0.499006249011	-0.594328848134	0.264473617343	-0.759491228392	-3.40550780296	1.4970471859	-4.34237670898
24	4	0.499643296003	0.606296084294	-0.204361678351	0.768531952876	3.46626996994	-1.17929601669	4.3853597641
25	4	0.499995112419	-0.652799388406	0.263764853496	-0.710127495987	-3.72581005096	1.51451933384	-4.06369686127
26	4	0.500000350177	0.687877551027	-0.378157846034	0.61953298401	3.92422485352	-2.13463973999	3.5693116188
27	4	0.500000290573	-0.665494521649	0.292645491514	-0.686640850774	-3.80077815056	1.66929483414	-3.93075418472
28	4	0.500000044703	0.642283558385	-0.208891026906	0.737452621872	3.68673276901	-1.21054375172	4.19884967804
29	4	0.499999761581	-0.679222388514	0.216279795995	-0.701341569269	-3.87430644035	1.24152863026	-4.01613140106
0	5	0.499999418855	-0.652880429245	0.174036026948	-0.737196450367	-3.74506402016	0.999913811684	-4.20274114609
1	5	0.499998196959	0.737850712905	-0.0729752379083	0.671007406902	4.21239995956	-0.436435043812	3.84083914757
2	5	0.499999687076	-0.706064957132	0.0748947671223	-0.704175439907	-4.03658008575	0.435909509659	-4.02496814728
3	5	0.499998264015	0.64843052728	-0.190816670402	0.736971403508	3.71538805962	-1.07746505737	4.2103509903
4	5	0.499999403954	-0.636394258675	0.203329079008	-0.744083082159	-3.6450343132	1.16554474831	-4.24745893478
5	5	0.49996188283	0.596865417592	-0.338703339779	0.727345668101	3.42735314369	-1.91500544548	4.15556383133
6	5	0.499705836177	-0.670192747999	0.291818845156	-0.682410024942	-3.81704735756	1.6743080616	-3.91470861435
7	5	0.446098595858	0.637098699103	-0.321086598291	0.700720089621	3.25567483902	-1.65994012356	3.60144591331
8	5	0.233506280929	0.486990140304	-0.437007967828	0.756217322799	1.37678027153	-1.21303784847	2.1036863327
9	5	0.444611229002	0.460030750741	-0.551608668393	0.695772653477	2.35990142822	-2.7991938591	3.57166576385
10	5	0.499599482864	-0.485000063671	0.376395650317	-0.789367628334	-2.7663371563	2.15265989304	-4.51789808273
11	5	0.499958310276	0.493313426502	-0.25402617569	0.831933029334	2.8132147789	-1.4693325758	4.75466394424
12	5	0.499959085137	-0.439866736023	0.267609681727	-0.857264435741	-2.52494049072	1.54161715508	-4.89222812653
13	5	0.499655351043	0.564707408306	-0.264893090045	0.781624714201	3.2212228775	-1.5277557373	4.47062349319
14	5	0.445379659534	-0.644561323864	0.330726342675	-0.689319074188	-3.28601646423	1.68970704079	-3.54829025269
15	5	0.233024636284	-0.50888385877	0.324452111196	-0.797350641703	-1.43577170372	0.901854276657	-2.21130800247
16	5	0.445576950908	-0.496152795747	0.358276931247	-0.790866640976	-2.55000138283	1.82886636257	-4.05419778824
17	5	0.471875876188	0.552429080414	-0.266038810382	0.78996548183	3.00138759613	-1.45366311073	4.3058886528
18	5	0.328735295683	0.60276833773	-0.222360918818	0.766306696312	2.37334465981	-0.876196503639	3.0160844326
19	5	0.428380414844	0.618306703169	-0.309475545862	0.722441490592	3.07224321365	-1.53780889511	3.6145029068
20	5	0.495853200555	-0.505542357989	0.253028856234	-0.824865638872	-2.89164400101	1.44083058834	-4.7100982666
21	5	0.417233940214	0.664923898099	0.0075654068992	0.746872796636	3.20818090439	0.014475081116	3.64265847206
22	5	0.317749984562	0.572857772093	-0.0482346425447	0.818234313758	2.20187664032	-0.196173787117	3.09613800049
23	5	0.470774348825	0.63901589976	-0.0760187016903	0.76542787828	3.46688699722	-0.438493430614	4.15462970734
24	5	0.499832555652	-0.592756817092	0.191584509524	-0.782262571967	-3.40820002556	1.10183560848	-4.45646333694
25	5	0.499979741871	0.673443889519	-0.234069055929	0.701202541871	3.84737300873	-1.35219168663	4.00689601898
26	5	0.499999843538	-0.671802344422	0.315257987021	-0.670293974051	-3.84163761139	1.79201388359	-3.83577370644
27	5	0.499999471009	0.640197045358	-0.262608158962	0.721931228	3.66924548149	-1.51504683495	4.11418008804
28	5	0.499999858439	-0.730903567139	0.265246588165	-0.628827657638	-4.16431951523	1.50224912167	-3.61819601059
29	5	0.499999590218	0.649712905717	-0.186212993682	0.737019579881	3.73087191582	-1.07390391827	4.19717788696
0	6	0.499986290932	0.729794004645	-0.238292957114	0.640794177075	4.16996479034	-1.35121881962	3.67005205154
1	6	0.499985307455	-0.733812125182	0.12485807981	-0.66778007221	-4.19517326355	0.707061231136	-3.81913280487
2	6	0.499967187643	0.756165412267	-0.0277879279457	0.653790257155	4.31724452972	-0.177296712995	3.74294734001
3	6	0.499991312623	-0.777327940446	0.074453405271	-0.624674285884	-4.43173789978	0.434235781431	-3.58644032478
4	6	0.499986261129	0.721765040699	-0.179133299499	0.668555522777	4.12143468857	-1.02699553967	3.82675075531
5	6	0.499991886318	-0.66914478839	0.245893083434	-0.701271590533	-3.82391691208	1.41068148613	-4.00910997391
6	6	0.499299451709	0.634858883199	-0.277500828027	0.721073844255	3.62776851654	-1.59811127186	4.10882854462
7	6	0.498048759997	-0.571058006082	0.493462159423	-0.656039519318	-3.27482891083	2.7955532074	-3.77182006836
8	6	0.446037560701	0.626841330918	-0.357039242377	0.692526479823	3.20268273354	-1.84254360199	3.55886530876
9	6	0.498346216977	-0.537872081698	0.500250331997	-0.678559672443	-3.08407902718	2.85057640076	-3.89368486404
10	6	0.499251671135	0.544002890633	-0.414212446155	0.72971837337	3.09963011742	-2.36260008812	4.17078256607
11	6	0.49998909235	-0.498272421002	0.350765273736	-0.792898680293	-2.84906339645	2.0157623291	-4.52848291397
12	6	0.49998793751	0.487207044473	-0.402569211342	0.774962790007	2.79439210892	-2.28916049004	4.43171262741
13	6	0.499261766672	-0.586355748568	0.357924653675	-0.726688983275	-3.33367729187	2.04721426964	-4.15737819672
14	6	0.498113378882	0.543603394305	-0.439266136607	0.715220672891	3.11958837509	-2.49779748917	4.09815502167
15	6	0.445538528264	-0.598740241121	0.28279537861	-0.749357656596	-3.05630707741	1.46409070492	-3.84470915794
16	6	0.497208438814	0.560228297839	-0.40384162564	0.723226241021	3.19346308708	-2.29953765869	4.14315509796
17	6	0.49572212249	-0.512110658029	0.444765011138	-0.734797086821	-2.93465304375	2.52815914154	-4.19874620438
18	6	0.394636470824	0.652739907411	-0.202872923313	0.729913138846	3.03046178818	-0.958429813385	3.39762854576
19	6	0.386151179671	0.501150315913	-0.521318588571	0.690706370371	2.31415915489	-2.39932441711	3.20364069939
20	6	0.399499561638	0.0513930732666	-0.555286012991	0.830069994516	0.259630948305	-2.60643100739	3.91304969788
21	6	0.373548798263	0.408412807593	-0.131546176205	0.903268831589	1.83935642242	-0.602910280228	4.02759361267
22	6	0.417542655021	0.653935031625	-0.0883603708391	0.751373022725	3.15755176544	-0.435982078314	3.66563940048
23	6	0.497765429318	-0.649452300333	0.373035852064	-0.662612981058	-3.71606492996	2.11247611046	-3.7994184494
24	6	0.499514035881	0.723253535623	-0.29909939858	0.622449895958	4.11352825165	-1.71073794365	3.57544565201
25	6	0.499992519617	-0.710784079762	0.376697026903	-0.594041532117	-4.06493330002	2.12375688553	-3.41432499886
26	6	0.500000327826	0.695112382331	-0.210328532656	0.687445040917	3.97293758392	-1.24127268791	3.92053318024
27	6	0.499997355044	-0.611120161974	0.404372080179	-0.680452326325	-3.5174639225	2.271484375	-3.89485383034
28	6	0.499999597669	0.737530930402	-0.150721790805	0.65827886832	4.2148194313	-0.898542404175	3.75832867622
29	6	0.499996706843	-0.767323538649	0.226300033356	-0.600002401611	-4.37550878525	1.28083050251	-3.44991731644
0	7	0.499935731292	-0.716008757889	0.285334963539	-0.637114916799	-4.10325145721	1.59130120277	-3.65072703362
1	7	0.499213464558	0.70278140114	-0.0329471665814	0.710642516619	4.02645921707	-0.213037759066	4.04204368591
2	7	0.49943036586	-0.717929422566	0.118825982586	-0.685899212768	-4.11681652069	0.648167252541	-3.91257619858
3	7	0.499312460423	0.77391294275	-0.0114411933489	0.633188641827	4.41510248184	-0.0777824670076	3.62043571472
4	7	0.499976187944	-0.720301023875	0.232187003058	-0.653647940879	-4.12258863449	1.30351769924	-3.7414317131
5	7	0.499976307154	0.686144266685	-0.262455296749	0.678471268738	3.91718316078	-1.49820876122	3.88455486298
6	7	0.499977231026	-0.671974184515	0.268062043299	-0.69035746993	-3.83402490616	1.5451104641	-3.94974851608
7	7	0.49927379936	0.557462546196	-0.338837301937	0.757908168847	3.19570612907	-1.94443953037	4.31290531158
8	7	0.499694824219	-0.605060718546	0.322412240615	-0.727977935087	-3.45604610443	1.85245728493	-4.16152000427
9	7	0.499249719083	0.580802394145	-0.403244728266	0.707150809998	3.31330132484	-2.29700756073	4.04124116898
10	7	0.49997831881	-0.5663678373	0.396683778488	-0.722405324425	-3.23353171349	2.27107048035	-4.13191556931
11	7	0.499987579882	0.453946110405	-0.488560738106	0.745145176479	2.62628269196	-2.76594090462	4.26024150848
12	7	0.499986618757	-0.54651818215	0.43366222335	-0.716418140906	-3.12283158302	2.47105312347	-4.10210847855
13	7	0.499970391393	0.535895423116	-0.381103556877	0.753376515707	3.07405090332	-2.17850542068	4.29973173141
14	7	0.499263346195	-0.591343087559	0.340722827452	-0.730904444951	-3.36249494553	1.96370780468	-4.17461681366
15	7	0.49920630455	0.4733473244	-0.43287254906	0.767179031747	2.72840619087	-2.45169425011	4.38073444366
16	7	0.49735731259	-0.501195224444	0.281207113718	-0.818367830617	-2.87268018723	1.62894845009	-4.66189146042
17	7	0.416460670531	0.597917484944	-0.407948343093	0.689980311724	2.89543700218	-1.95740938187	3.35386943817
18	7	0.378836337477	0.616221398614	-0.310852864042	0.723630903712	2.79065680504	-1.42464375496	3.280159235
19	7	0.417381618172	0.227703732429	-0.628719835965	0.7435471593	1.13030922413	-3.08916735649	3.6611468792
20	7	0.346756983548	-0.0229689029344	-0.6308856395	0.775535775687	-0.0673244521022	-2.60889935493	3.22288656235
21	7	0.439706604928	0.271199824707	-0.456552337153	0.84735507228	1.40338170528	-2.33334827423	4.33714437485
22	7	0.498144604266	-0.522769996662	0.298833017107	-0.798379833461	-2.99684381485	1.71417212486	-4.5610666275
23	7	0.49914291501	0.608623545737	-0.366990395499	0.703488044806	3.47227263451	-2.08102178574	4.02359628677
24	7	0.499975167215	-0.631324089634	0.280970946268	-0.722831391959	-3.62268733978	1.61308717728	-4.11877298355
25	7	0.499993033707	0.755383335785	-0.278072583653	0.593356262493	4.2973408699	-1.60495984554	3.41325616837
26	7	0.499987274408	-0.721045884969	0.346334763119	-0.600120874178	-4.11542320251	1.96394097805	-3.44836258888
27	7	0.499990135431	0.657466566747	-0.325442816404	0.679576843971	3.77106046677	-1.85706472397	3.87531375885
28	7	0.499958567321	-0.77086875406	0.277336131131	-0.573450986906	-4.40032529831	1.56621479988	-3.29726266861
29	7	0.499978847802	0.755717576183	-0.100152396667	0.647194284963	4.32148551941	-0.612390935421	3.69355893135
0	8	0.499131575227	0.76104446891	-0.130080937609	0.635523615621	4.34654998779	-0.74400562048	3.62428498268
1	8	0.497732006013	-0.815982758995	-0.0210800027751	-0.577691760808	-4.65791463852	-0.110985442996	-3.31900787354
2	8	0.446355611086	0.82032422659	0.171397682564	0.545610664926	4.20810890198	0.860837221146	2.81454133987
3	8	0.498269118369	-0.779742262165	-0.189055700344	-0.596875151737	-4.46640062332	-1.04492235184	-3.42948007584
4	8	0.499302104115	0.741338541925	-0.10596931628	0.662712358617	4.23071622849	-0.610496461391	3.78755521774
5	8	0.499989829957	-0.586877908325	0.276945284362	-0.760838767539	-3.39125871658	1.57245504856	-4.32788848877
6	8	0.499985344708	0.684630433657	-0.366627125954	0.629972792925	3.90432453156	-2.07989120483	3.62240743637
7	8	0.499990418553	-0.558487205359	0.414210669457	-0.718694345851	-3.2101457119	2.34640741348	-4.10848474503
8	8	0.499962419271	0.614880430547	-0.318276421771	0.7215415272	3.5057311058	-1.82906246185	4.12819576263
9	8	0.499991066754	-0.570824778807	0.314236325641	-0.758560876626	-3.27338027954	1.80719447136	-4.3248295784
10	8	0.499987192452	0.604530820491	-0.334813824983	0.722801625397	3.45651841164	-1.92244613171	4.1277384758
11	8	0.499999441206	-0.637803034158	0.329442037597	-0.696186206042	-3.63372945786	1.89153933525	-3.98862743378
12	8	0.499999545515	0.656920641303	-0.346556685995	0.669592215025	3.74467921257	-1.98322892189	3.83809995651
13	8	0.499987728894	-0.577065849737	0.379578140682	-0.723128923626	-3.31151890755	2.16499996185	-4.12693023682
14	8	0.499976940453	0.593632713123	-0.384520248027	0.706926007987	3.39568138123	-2.19950509071	4.03893661499
15	8	0.499827042222	-0.578767877902	0.439059689364	-0.687207634332	-3.30624604225	2.49973845482	-3.93626904488
16	8	0.476192645729	0.604504618038	-0.343659834375	0.718659923057	3.31558299065	-1.89211320877	3.94824028015
17	8	0.334676254541	0.578487922084	-0.23673486639	0.780582043759	2.32194805145	-0.982597053051	3.11513996124
18	8	0.417548291385	0.621058981235	-0.436349190704	0.651064609389	3.00624656677	-2.10304641724	3.18199968338
19	8	0.497178792953	-0.441281412834	0.445030999639	-0.779242018918	-2.53485321999	2.53486299515	-4.45955944061
20	8	0.480277530849	0.499376847256	-0.296436344085	0.814093519401	2.7647986412	-1.66583609581	4.50059127808
21	8	0.498530074954	-0.497155517033	0.539902312693	-0.679221528393	-2.85331201553	3.0472176075	-3.90916895866
22	8	0.499380521476	0.60608928978	-0.298385760349	0.737307066856	3.44775080681	-1.72991657257	4.21138238907
23	8	0.49997907877	-0.588385447244	0.297347171754	-0.751922352987	-3.37024831772	1.70255088806	-4.29253149033
24	8	0.499987207353	0.634590959561	-0.260633573795	0.727574363384	3.62603282928	-1.50020134449	4.15710544586
25	8	0.499987088144	-0.588931545355	0.343148102725	-0.731716485042	-3.39451003075	1.94327151775	-4.17056417465
26	8	0.4999724105	0.66507054131	-0.301923222332	0.683025287159	3.80146622658	-1.72833180428	3.90475845337
27	8	0.49924582988	-0.684613407058	0.241210574119	-0.687838601569	-3.91183757782	1.38621759415	-3.91971063614
28	8	0.499681919813	0.802894920283	-0.200366456805	0.561438358122	4.57564067841	-1.15356612206	3.23000383377
29	8	0.499282822013	-0.737704651473	0.236933768705	-0.632182122843	-4.22646045685	1.32021379471	-3.60496711731
0	9	0.498587481678	-0.786259442074	0.0611551948211	-0.61486269353	-4.48995542526	0.336803138256	-3.5061583519
1	9	0.444211810827	0.817952511384	0.297460963122	0.492413103542	4.18208408356	1.48205733299	2.54253363609
2	9	0.236616589129	0.782582660459	0.0742321963592	0.618105137151	2.21309804916	0.217586576939	1.74791407585
3	9	0.446276001632	0.762355899441	0.0148707250073	0.646987128253	3.9158244133	0.0759995207191	3.31990861893
4	9	0.499638088048	-0.75623327953	0.18535187962	-0.627499727213	-4.32270908356	1.04332399368	-3.59385824203
5	9	0.499958075583	0.720858435553	-0.181665296927	0.668850383707	4.12204837799	-1.05668592453	3.81800222397
6	9	0.499999068677	-0.731577391044	0.254313634093	-0.63254967902	-4.17623806	1.46793568134	-3.61913442612
7	9	0.499995715916	0.608659850493	-0.294077533169	0.736920342291	3.48852777481	-1.69256937504	4.20163679123
8	9	0.499999292195	-0.570391793733	0.369744195955	-0.733445588438	-3.27586698532	2.09639978409	-4.19042301178
9	9	0.499997928739	0.628619606576	-0.350796231494	0.694103302252	3.5929608345	-2.00332403183	3.9701821804
10	9	0.49999935925	-0.652257641445	0.420465762724	-0.63068891821	-3.72429561615	2.37467575073	-3.63108277321
11	9	0.499999336898	0.607994283234	-0.249349643502	0.753769000981	3.48833155632	-1.45393157005	4.29081296921
12	9	0.499999396503	-0.696691959797	0.260267803376	-0.66849157338	-3.96715521812	1.50318539143	-3.83283948898
13	9	0.499999068677	0.700565303917	-0.320256050348	0.637686692007	3.98951435089	-1.83904445171	3.65920972824
14	9	0.499994821846	-0.660071102046	0.392750077146	-0.640354212249	-3.76477646828	2.24459052086	-3.6705698967
15	9	0.499731764197	0.595556013294	-0.443078578978	0.670070449939	3.41007399559	-2.52383995056	3.82776355743
16	9	0.499203249812	-0.631949998421	0.349848533335	-0.691552747966	-3.60536456108	2.01560688019	-3.95196843147
17	9	0.476215772331	0.571919043357	-0.348644311787	0.742533333733	3.14262151718	-1.91995382309	4.07406139374
18	9	0.498218096793	-0.483301061992	0.396988902662	-0.780269116806	-2.78227305412	2.26086068153	-4.45909404755
19	9	0.498897776008	0.496019518068	-0.348114832523	0.795475141706	2.83788204193	-1.99467992783	4.52931928635
20	9	0.499856561422	-0.549508727017	0.340285653172	-0.763050347735	-3.14316749573	1.94642937183	-4.35974884033
21	9	0.499686531723	0.626075033995	-0.3002185908	0.7196518947	3.563341856	-1.75266981125	4.10950279236
22	9	0.499981589615	-0.569647564164	0.449171870584	-0.688292294972	-3.2713303566	2.53092908859	-3.94799947739
23	9	0.49999165535	0.60262396223	-0.290405129551	0.743309639973	3.44574666023	-1.6715028286	4.24478721619
24	9	0.499997526407	-0.685228478739	0.275714224986	-0.674124319444	-3.90275764465	1.57215261459	-3.87081718445
25	9	0.499992445111	0.692912195984	-0.219004740834	0.686956776041	3.94548583031	-1.27581357956	3.93642497063
26	9	0.499226912856	-0.633174296274	0.319750954846	-0.704875618398	-3.62521266937	1.81015992165	-4.0202498436
27	9	0.49815146625	0.652727397267	-0.26108017683	0.711184987274	3.74016737938	-1.49448776245	4.06754970551
28	9	0.445219807327	-0.75651896083	0.149355839517	-0.636688224414	-3.87227392197	0.768850684166	-3.26133394241
29	9	0.497989907861	0.813523582305	0.00524139834371	0.581508304994	4.64903450012	0.00269758165814	3.33892345428
0	10	0.498931497335	0.775238884807	-0.0983926281625	0.623957981122	4.42070770264	-0.575432121754	3.56728744507
1	10	0.496988736093	-0.792137403174	0.152440637946	-0.59099931167	-4.51738166809	0.852882146835	-3.39445352554
2	10	0.444431595504	0.657423934993	0.123549691688	0.743323108333	3.38506293297	0.611660897732	3.78674173355
3	10	0.497575178742	-0.79617545407	0.183904927678	-0.576440477337	-4.55035018921	1.03229284286	-3.30700135231
4	10	0.499249152839	0.77355606767	-0.152649152686	0.615068489159	4.41895771027	-0.882229506969	3.50419187546
5	10	0.499976210296	-0.787163321059	0.279632749644	-0.549708496665	-4.49279499054	1.58840990067	-3.15981531143
6	10	0.499962419271	0.791621310371	-0.369490019571	0.486634181295	4.51123046875	-2.09706306458	2.81885814667
7	10	0.499988272786	-0.669680237447	0.304089536377	-0.677538141686	-3.83593034744	1.74403703213	-3.86498880386
8	10	0.499986566603	0.638796960555	-0.234539643308	0.732754801351	3.658390522	-1.35935950279	4.17784404755
9	10	0.499997593462	-0.693832379261	0.276754768035	-0.664833383532	-3.96005392075	1.5829474926	-3.8074760437
10	10	0.49999973923	0.656401478071	-0.269688386388	0.704560340804	3.75480413437	-1.5622253418	4.01848125458
11	10	0.499997809529	-0.606842016172	0.410058576257	-0.680877912291	-3.47550702095	2.31678342819	-3.90419912338
12	10	0.499999403954	0.563113970273	-0.325182475288	0.759709822399	3.24243402481	-1.86157286167	4.3256649971
13	10	0.500000007451	-0.621882214812	0.356704779555	-0.697154366796	-3.56012892723	2.0348637104	-3.98362445831
14	10	0.499996118248	0.613699647752	-0.403379492471	0.678717708184	3.51362299919	-2.30251741409	3.8775844574
15	10	0.499991409481	-0.617215812879	0.46915333089	-0.631616808236	-3.52827572823	2.67459130287	-3.61668586731
16	10	0.49972807616	0.606193425231	-0.496348515513	0.621423915177	3.47075176239	-2.81610584259	3.56077766418
17	10	0.499863393605	-0.585802174472	0.382033655203	-0.714762966777	-3.35395956039	2.1925163269	-4.07727432251
18	10	0.499574147165	0.6184477873	-0.327837319652	0.714174366823	3.51962804794	-1.89234900475	4.08236837387
19	10	0.499977096915	-0.61649451283	0.346007075391	-0.707257816804	-3.51942968369	1.98376607895	-4.04548358917
20	10	0.499976336956	0.604876858363	-0.392685231066	0.69276424238	3.45926499367	-2.23752713203	3.96330213547
21	10	0.499994538724	-0.624676334727	0.442674388244	-0.643287542881	-3.57047653198	2.50503277779	-3.69676685333
22	10	0.499993950129	0.644789787395	-0.286644131146	0.708576934532	3.67178320885	-1.66471982002	4.05416917801
23	10	0.499998837709	-0.554776378235	0.323222622657	-0.766648750312	-3.19123458862	1.83114802837	-4.37607812881
24	10	0.499999627471	0.584506650822	-0.242826346418	0.774201098313	3.34840893745	-1.39854681492	4.4178237915
25	10	0.499961987138	-0.589257354644	0.30412589829	-0.748520679732	-3.38283920288	1.72221684456	-4.27468490601
26	10	0.499704360962	0.697379169013	-0.254003855062	0.670182315672	3.97129511833	-1.45323419571	3.8497095108
27	10	0.445576012135	-0.699638571268	0.18043951228	-0.691337437148	-3.58427238464	0.927766621113	-3.54319190979
28	10	0.232806660235	-0.70602594614	0.168425535605	-0.687866413145	-1.9673268795	0.475557863712	-1.91135573387
29	10	0.44544763118	-0.760076480835	0.197844150863	-0.618984196285	-3.88960433006	1.00606489182	-3.17966222763
0	11	0.499210447073	-0.666813244029	0.208430421792	-0.715483652405	-3.82305240631	1.17463493347	-4.07373523712
1	11	0.499267674983	0.652267792669	-0.094062763857	0.75212959196	3.74242591858	-0.566956877708	4.27489280701
2	11	0.499548688531	-0.685468956371	0.211357525588	-0.696749816096	-3.93321061134	1.18114292622	-3.9793586731
3	11	0.499275423586	0.778520268028	-0.0699172092166	0.623712895589	4.44257307053	-0.432514071465	3.5600361824
4	11	0.499944336712	-0.801035685103	0.12127698818	-0.586202800514	-4.57253170013	0.706671893597	-3.35871720314
5	11	0.499263465405	0.713291808879	-0.239216363959	0.65877942181	4.08815526962	-1.38125932217	3.73888158798
6	11	0.499647900462	-0.70774821838	0.389493450976	-0.589395716838	-4.0577955246	2.21178793907	-3.36680173874
7	11	0.499249376357	0.717183560601	-0.388076054281	0.578830473021	4.09278011322	-2.19366574287	3.32068252563
8	11	0.499962814152	-0.693650277764	0.255739999031	-0.673384247702	-3.96549797058	1.4714653492	-3.84666895866
9	11	0.499977968633	0.746871551898	-0.24099359546	0.619762028454	4.25695896149	-1.37959611416	3.55798363686
10	11	0.499964341521	-0.687405345478	0.290835547317	-0.665498741866	-3.93028211594	1.65668654442	-3.80635309219
11	11	0.499991953373	0.650899286849	-0.356352386279	0.670330586482	3.72252631187	-2.02838206291	3.83568191528
12	11	0.499986894429	-0.649784696018	0.305635361779	-0.695964707762	-3.71418762207	1.74927520752	-3.97825431824
13	11	0.49999974668	0.669563591721	-0.308666244959	0.67558104315	3.82325983047	-1.76113367081	3.86868309975
14	11	0.499999463558	-0.623755905132	0.342480961389	-0.702591888581	-3.57432556152	1.96356797218	-4.00669384003
15	11	0.499995872378	0.635426677375	-0.437229623547	0.636445751006	3.63214588165	-2.49275422096	3.64401340485
16	11	0.499995939434	-0.678560014688	0.465079038712	-0.568557643707	-3.8671810627	2.65157198906	-3.27146816254
17	11	0.499987065792	0.609032551868	-0.47275594632	0.636852546501	3.48507261276	-2.68935585022	3.64786863327
18	11	0.499995082617	-0.565029957889	0.476176011093	-0.673793405391	-3.24674701691	2.70228004456	-3.85297584534
19	11	0.499992012978	0.667384925143	-0.383477500387	0.638390451361	3.80038022995	-2.19731760025	3.6625790596
20	11	0.49999909848	-0.648953649391	0.329337565159	-0.685854160239	-3.69750070572	1.89901995659	-3.92543530464
21	11	0.499999448657	0.597712255712	-0.372228984621	0.710060308974	3.420545578	-2.1290140152	4.05579090118
22	11	0.499993033707	-0.568605118642	0.343146605922	-0.747621980615	-3.26401424408	1.95136332512	-4.26903486252
23	11	0.499994754791	0.672488587327	-0.185588935624	0.716460638757	3.82469177246	-1.08641040325	4.10915756226
24	11	0.499978981912	-0.590111044996	0.23494281521	-0.772379976537	-3.37991571426	1.33928418159	-4.41151046753
25	11	0.499985724688	0.588507424074	-0.235431427331	0.773453977192	3.36272335052	-1.35303974152	4.42096471786
26	11	0.499237067997	-0.59063563631	0.203133358594	-0.780952228851	-3.38043808937	1.16631054878	-4.44922637939
27	11	0.498329028487	0.610469183724	-0.187702878971	0.769477098392	3.495449543	-1.08605623245	4.40368318558
28	11	0.445807173848	-0.611596032317	0.235467452457	-0.755318060215	-3.15080547333	1.20027279854	-3.86291575432
29	11	0.498258106411	0.764274925459	-0.201308678401	0.612665205733	4.36533260345	-1.15525341034	3.52039241791
0	12	0.49996548146	0.688329714322	-0.179619852805	0.70280787763	3.94184660912	-1.03543400764	4.00913095474
1	12	0.499970421195	-0.688582110869	0.248781505842	-0.681147883313	-3.94487953186	1.41066265106	-3.89043068886
2	12	0.499954916537	0.77992635949	-0.265781985288	0.56663463543	4.44346141815	-1.51088225842	3.26434230804
3	12	0.499975010753	-0.756923006122	0.257975362491	-0.600430075155	-4.33114671707	1.45833826065	-3.43549776077
4	12	0.499247178435	0.811347942563	-0.179723143915	0.556250040575	4.6173324585	-1.04882776737	3.19030165672
5	12	0.498314060271	-0.750974918669	0.388135354036	-0.534216827212	-4.30291557312	2.19910359383	-3.07355117798
6	12	0.446495614946	0.789986821218	-0.306727129722	0.530885383292	4.04207658768	-1.58830881119	2.74039459229
7	12	0.498348884284	-0.755135219593	0.260672562576	-0.601515266016	-4.31444358826	1.50804114342	-3.44991111755
8	12	0.499216303229	0.647892079581	-0.30553979145	0.69776879341	3.71846628189	-1.72994565964	3.9712843895
9	12	0.499210581183	-0.713994143884	0.156002305533	-0.682550835592	-4.07713890076	0.915877342224	-3.88918781281
10	12	0.49965595454	0.701875408551	-0.194590354411	0.685204717469	4.01157712936	-1.13050127029	3.9145154953
11	12	0.499246269464	-0.671721613156	0.300456796655	-0.677137938505	-3.8351662159	1.71285903454	-3.86543893814
12	12	0.499977856874	0.697683741234	-0.263434920642	0.666212758662	3.98299264908	-1.50494241714	3.81533026695
13	12	0.499986104667	-0.700439368488	0.158159217814	-0.695967206765	-4.00256919861	0.937242865562	-3.97366142273
14	12	0.499999962747	0.694967905329	-0.30797692907	0.64974596707	3.96580410004	-1.75278031826	3.7268538475
15	12	0.499999172986	-0.59656847047	0.370518724316	-0.711914275016	-3.42962479591	2.10942602158	-4.05915212631
16	12	0.499999158084	0.663627499748	-0.344698570711	0.663913727022	3.78644227982	-1.98242902756	3.79718065262
17	12	0.500000096858	-0.640805268488	0.364106712102	-0.675866044479	-3.65832495689	2.0927491188	-3.86269521713
18	12	0.499998778105	0.602430630437	-0.404242195749	0.688233668668	3.43936085701	-2.31348347664	3.93745541573
19	12	0.499999731779	-0.604238810504	0.454161469004	-0.654700557471	-3.45019817352	2.58166098595	-3.75741481781
20	12	0.500000216067	0.519487997019	-0.399967761984	0.755088081171	2.98623514175	-2.2899389267	4.30452728271
21	12	0.499993771315	-0.605523749984	0.394644948835	-0.691083462806	-3.44457149506	2.25300741196	-3.96808862686
22	12	0.499987363815	0.550978444849	-0.345330936358	0.759716590385	3.15828371048	-1.97269749641	4.33840274811
23	12	0.499594941735	-0.634403280742	0.21666150157	-0.742017702701	-3.61592578888	1.24658632278	-4.24314880371
24	12	0.499820955098	0.619397127831	-0.191211166845	0.761436463343	3.53300237656	-1.11488234997	4.35445976257
25	12	0.49946950376	-0.534089751558	0.316991034014	-0.783750484297	-3.07117271423	1.79065418243	-4.47009897232
26	12	0.499950200319	0.603893196114	-0.215737790291	0.767313634394	3.4445309639	-1.25044059753	4.38862228394
27	12	0.499238446355	-0.580188739026	0.33910154086	-0.74053438279	-3.31690263748	1.90261554718	-4.23915147781
28	12	0.499706953764	0.634933606977	-0.235007219012	0.7359557879	3.63201093674	-1.34863185883	4.20584821701
29	12	0.499242216349	-0.739116101617	0.226351582436	-0.63440708497	-4.20611286163	1.29131388664	-3.63709282875
0	13	0.499986574054	-0.753906409612	0.16375527717	-0.636246284661	-4.29166555405	0.953543007374	-3.65548992157
1	13	0.499997474253	0.733280109083	-0.270453196221	0.623823172283	4.19273519516	-1.52621662617	3.57437849045
2	13	0.499999471009	-0.728757907546	0.233723531318	-0.643649922782	-4.17075824738	1.32943308353	-3.67758321762
3	13	0.49995905906	0.706062797727	-0.24685527324	0.663730216081	4.04145336151	-1.4049487114	3.79100990295
4	13	0.499695681036	-0.670769643972	0.290608926903	-0.682359535971	-3.85064220428	1.64881718159	-3.89330911636
5	13	0.445425257087	0.66075487311	-0.371958389352	0.651958552557	3.39653396606	-1.90268468857	3.33122205734
6	13	0.233959700912	0.673795171443	-0.417570646835	0.609618587185	1.91119170189	-1.1357550621	1.698315382
7	13	0.445848912001	0.731361330077	-0.315949353693	0.604389452894	3.74979925156	-1.6259791851	3.09695267677
8	13	0.498968802392	-0.706974964491	0.304935210984	-0.638122963609	-4.03219032288	1.74466753006	-3.64681005478
9	13	0.498083434999	0.754450528001	-0.262872122376	0.601417199684	4.31221961975	-1.50112843513	3.45133566856
10	13	0.445374421775	-0.689400905817	0.327234171934	-0.646253965386	-3.53778934479	1.66376948357	-3.30907058716
11	13	0.498359180987	0.641047620934	-0.356142918552	0.679867758656	3.67989635468	-2.02510547638	3.8924934864
12	13	0.499242372811	-0.67946281187	0.251335898278	-0.689318905532	-3.87348985672	1.44156193733	-3.93721675873
13	13	0.499991729856	0.693971634182	-0.243695618744	0.677507060004	3.96203517914	-1.38880097866	3.88059210777
14	13	0.499997720122	-0.72375119374	0.216120173583	-0.655344398107	-4.12263774872	1.24752652645	-3.75943613052
15	13	0.499999649823	0.66350076604	-0.24089164467	0.70833463066	3.78570270538	-1.40271008015	4.04880714417
16	13	0.499999947846	-0.612975859507	0.349022480393	-0.708832775654	-3.50795531273	1.99885547161	-4.04776716232
17	13	0.499999351799	0.613317239991	-0.398147586846	0.682144018679	3.49939060211	-2.27086210251	3.90926361084
18	13	0.49999974668	-0.509769832189	0.35531088849	-0.783510619398	-2.92814445496	2.04366970062	-4.46524715424
19	13	0.499999448657	0.557862591834	-0.390389619539	0.732383283253	3.18290758133	-2.24073576927	4.18724632263
20	13	0.499998696148	-0.444883434427	0.464671377749	-0.765610371189	-2.57272434235	2.63625335693	-4.37325668335
21	13	0.499995857477	0.468012884448	-0.401407423408	0.78729665338	2.69344806671	-2.29857349396	4.48879623413
22	13	0.499605476856	-0.507572607767	0.405382082849	-0.760286403108	-2.90799617767	2.29865169525	-4.34680271149
23	13	0.498953677714	0.573745472946	-0.248209454086	0.780517904456	3.27502918243	-1.43828213215	4.46313667297
24	13	0.468291349709	-0.573727767075	0.337583879338	-0.746239622171	-3.09538888931	1.81657123566	-4.03109550476
25	13	0.498060837388	0.626504949226	-0.312235406574	0.714143262572	3.57075333595	-1.78910517693	4.09805107117
26	13	0.499138325453	-0.565575595148	0.276235297101	-0.777057466864	-3.23158740997	1.57444667816	-4.43303108215
27	13	0.499962639064	0.513741965605	-0.191409294935	0.836320318173	2.95629024506	-1.12233519554	4.76420116425
28	13	0.499952122569	-0.605251573864	0.215928026446	-0.766189023499	-3.45429182053	1.248670578	-4.38080739975
29	13	0.499991118908	0.653245506941	-0.273998896499	0.705829237407	3.74052762985	-1.55647444725	4.03430509567
0	14	0.499999389052	0.620884006648	-0.184851181874	0.761795964054	3.5674533844	-1.06465220451	4.33992385864
1	14	0.499999806285	-0.765239700918	0.133590766668	-0.629731456416	-4.35843467712	0.772768259048	-3.61939454079
2	14	0.499997638166	0.749528250842	-0.0477642634386	0.66024690558	4.27776861191	-0.308852732182	3.78183221817
3	14	0.499989338219	-0.725845473581	0.122464614327	-0.676868352577	-4.14718914032	0.714235067368	-3.86992383003
4	14	0.499235957861	0.686446493584	-0.183168973435	0.703733144464	3.92566823959	-1.0521299839	4.00848770142
5	14	0.497925102711	-0.792409252262	0.142610052319	-0.593085111857	-4.51339387894	0.835734009743	-3.42119050026
6	14	0.444169916213	0.815330531789	-0.339557798147	0.468974013832	4.14713668823	-1.73714566231	2.43080759048
7	14	0.497634917498	-0.617405788023	0.358976770936	-0.699961263817	-3.53071451187	2.05118536949	-4.00468969345
8	14	0.498939447105	0.612034013934	-0.400587941681	0.681867778068	3.5032119751	-2.27080273628	3.89511108398
9	14	0.445135392249	-0.694145251936	0.352149082711	-0.627816368663	-3.55319666862	1.79631829262	-3.21899461746
10	14	0.232411921024	-0.775704184074	0.215375743442	-0.593208486071	-2.11824393272	0.639835476875	-1.68192410469
11	14	0.445475772023	-0.68027951296	0.287176661785	-0.674351057813	-3.4859483242	1.46877479553	-3.45569968224
12	14	0.499689072371	0.604698154489	-0.24825383114	0.756776173833	3.46557474136	-1.42381811142	4.31952762604
13	14	0.499962814152	-0.586360325811	0.261854652669	-0.766559657946	-3.36497879028	1.491938591	-4.37383031845
14	14	0.499999448657	0.611705861862	-0.231956856703	0.756314719672	3.50424671173	-1.34147810936	4.31402683258
15	14	0.499999471009	-0.5717661667	0.401964737424	-0.715197735235	-3.28377556801	2.27548360825	-4.09047746658
16	14	0.500000096858	0.561459030701	-0.45035561734	0.694221560292	3.21943759918	-2.55657672882	3.972884655
17	14	0.499999687076	-0.577092485922	0.42962429031	-0.694541022451	-3.29478979111	2.4488401413	-3.9791238308
18	14	0.49999955669	0.444735288161	-0.397790069442	0.802479647167	2.57584738731	-2.27091789246	4.57202386856
19	14	0.499999925494	-0.552719890643	0.429081540523	-0.71441567317	-3.16502571106	2.43655800819	-4.09064865112
20	14	0.500000186265	0.640244368821	-0.321973561605	0.697438293916	3.63588309288	-1.86483407021	3.9997241497
21	14	0.499979957938	-0.55794551884	0.40754121856	-0.722915592017	-3.18771028519	2.31996536255	-4.13980579376
22	14	0.4997831285	0.541763955499	-0.358224615054	0.760372896474	3.09087705612	-2.04715228081	4.35161781311
23	14	0.467694871128	-0.3947813958	0.350099403395	-0.849457507632	-2.15597581863	1.88422942162	-4.5684466362
24	14	0.305992413312	-0.493387065483	0.464444804557	-0.735432000347	-1.80296850204	1.68813228607	-2.70522618294
25	14	0.417410563678	-0.421364740688	0.520432605727	-0.742698901441	-2.06398582458	2.51638674736	-3.60415840149
26	14	0.498001292348	0.56131487498	-0.332729357287	0.757770932358	3.20846915245	-1.91268658638	4.33200836182
27	14	0.499153777957	-0.561030460683	0.352749228206	-0.748874358077	-3.19501948357	2.006295681	-4.28308296204
28	14	0.499978277832	0.496121965539	-0.361366235247	0.78947922033	2.85933017731	-2.05248403549	4.50586462021
29	14	0.499989554286	-0.599247944153	0.324412492006	-0.731886901413	-3.4273557663	1.84767758846	-4.18633985519
0	15	0.499999061227	-0.604249354214	0.209117636284	-0.768864443272	-3.45726013184	1.2004904747	-4.39270401001
1	15	0.499999932945	0.672546091838	-0.142286971568	0.726248010032	3.84345960617	-0.828840136528	4.15060710907
2	15	0.499999880791	-0.617210628553	0.226574419954	-0.753468693593	-3.55258131027	1.2785371542	-4.2939119339
3	15	0.49998678267	0.720322634046	-0.198566939739	0.664610015967	4.10071182251	-1.14008080959	3.81742858887
4	15	0.499975979328	-0.655599454859	0.274240746735	-0.703549122392	-3.74773645401	1.55734097958	-4.0270652771
5	15	0.499245624989	0.532791001065	-0.236066214998	0.812653980068	3.08292293549	-1.35134160519	4.61304712296
6	15	0.499265059829	-0.593914750314	0.234772165364	-0.769511078368	-3.40595960617	1.35186302662	-4.38552427292
7	15	0.499179381877	0.544855734998	-0.264486335508	0.79572558484	3.12435221672	-1.51838099957	4.52929592133
8	15	0.499205976725	-0.5812233711	0.326695493616	-0.745284809544	-3.31596064568	1.87148189545	-4.25280666351
9	15	0.498252287507	0.517940348906	-0.405144572586	0.753389454584	2.99012851715	-2.303606987	4.30602455139
10	15	0.446219317615	-0.601733268975	0.33317011911	-0.725888934163	-3.1014547348	1.70611524582	-3.71603631973
11	15	0.49837860465	0.579235871514	-0.363092172345	0.729828664505	3.32752084732	-2.07385373116	4.17394399643
12	15	0.499241448939	-0.59727839751	0.2655757541	-0.756787972092	-3.40579843521	1.52489590645	-4.31953477859
13	15	0.499992132187	0.616742771133	-0.23718518576	0.750580803052	3.52346944809	-1.36944031715	4.28882884979
14	15	0.499997444451	-0.644805622444	0.276684977563	-0.712510443752	-3.67995738983	1.58248543739	-4.07864665985
15	15	0.499999687076	0.640598216185	-0.323642107479	0.696340226963	3.6589589119	-1.85493922234	3.98170375824
16	15	0.49999794364	-0.610414540286	0.356142252325	-0.707500378174	-3.48547458649	2.04207873344	-4.04522323608
17	15	0.499999903142	0.597114179216	-0.370256244561	0.711593261872	3.41674017906	-2.11756515503	4.0650305748
18	15	0.499997325242	-0.60112055048	0.303949519742	-0.739099975131	-3.4324388504	1.75589418411	-4.22183609009
19	15	0.499999120831	0.634915487952	-0.338488009571	0.694484118275	3.61858034134	-1.93883264065	3.97872281075
20	15	0.499998390675	-0.591677042955	0.343658592043	-0.729257875483	-3.38737821579	1.96333003044	-4.16559648514
21	15	0.499993093312	0.54885943524	-0.395315630746	0.736531650668	3.14390468597	-2.23769950867	4.21890640259
22	15	0.499482654035	-0.569195091906	0.254173899119	-0.781928754016	-3.24898099899	1.4600353241	-4.4647026062
23	15	0.497697845101	0.624859465321	-0.202107867042	0.754124034015	3.55186891556	-1.17267429829	4.32689476013
24	15	0.41751145944	-0.443406623355	0.431007712888	-0.785889889104	-2.16083526611	2.09396481514	-3.81276345253
25	15	0.364926092327	-0.519715575233	0.487726666565	-0.701440246622	-2.26367902756	2.13040447235	-3.07437896729
26	15	0.418189510703	-0.556447960758	0.522639049973	-0.645921117794	-2.71759676933	2.54199123383	-3.13258934021
27	15	0.498322203755	0.535102729749	-0.414601974985	0.736050454081	3.07151126862	-2.36733555794	4.21052122116
28	15	0.499473139644	-0.545059892531	0.334163480615	-0.768924236695	-3.11802101135	1.92047977448	-4.38236570358
29	15	0.49999396503	0.619953853261	-0.385197754691	0.683578751577	3.53542089462	-2.17555427551	3.93227553368
0	16	0.499999318272	0.509018985148	-0.185032362034	0.840632320197	2.93285512924	-1.07723212242	4.78877878189
1	16	0.499999478459	-0.669204142347	0.231381603544	-0.706136225814	-3.81294751167	1.32272255421	-4.05004644394
2	16	0.49999961257	0.66403826429	-0.235027579917	0.709799422539	3.78376722336	-1.35273659229	4.06685304642
3	16	0.499999500811	-0.580553211952	0.239608976619	-0.778168045101	-3.33777093887	1.37984478474	-4.43245124817
4	16	0.499987080693	0.646727861879	-0.315546116231	0.694387299136	3.68990635872	-1.80499386787	3.97626662254
5	16	0.499990984797	-0.649152399006	0.329334421601	-0.685667559108	-3.70574808121	1.87504243851	-3.92923402786
6	16	0.499967440963	0.691331358854	-0.255473899608	0.675865399975	3.93209266663	-1.46268188953	3.88381576538
7	16	0.499973960221	-0.596837735457	0.250915075196	-0.762119637966	-3.41603207588	1.43852782249	-4.35262870789
8	16	0.49996291101	0.601985443157	-0.342286958148	0.721424399718	3.44217348099	-1.94148623943	4.13136386871
9	16	0.499263249338	-0.680668527838	0.295333278708	-0.670424201308	-3.85813140869	1.70438361168	-3.84792661667
10	16	0.499704100192	0.56350445756	-0.388992226651	0.728798856966	3.23334217072	-2.22030234337	4.16115760803
11	16	0.499226532876	-0.630665219722	0.433183203582	-0.643905033966	-3.57810473442	2.46171879768	-3.70546984673
12	16	0.499974988401	0.514514939125	-0.333507080184	0.789966711251	2.96091604233	-1.91426932812	4.50126504898
13	16	0.499986961484	-0.600720298284	0.345928836216	-0.720741537241	-3.42291498184	1.96531629562	-4.13631248474
14	16	0.499999329448	0.613802125961	-0.304633456197	0.728316831833	3.50861883163	-1.74763321877	4.16174268723
15	16	0.499987244606	-0.691740193176	0.330828385126	-0.641909716969	-3.92876887321	1.8919878006	-3.6986079216
16	16	0.49999140203	0.563633457056	-0.370350994339	0.738347795473	3.24210929871	-2.11579704285	4.20706224442
17	16	0.499962717295	-0.65521537407	0.394187633445	-0.644444662652	-3.73570871353	2.25004243851	-3.69616150856
18	16	0.49999152869	0.638044310154	-0.369778359632	0.675398714115	3.64339208603	-2.10452222824	3.87058877945
19	16	0.499987483025	-0.618812195397	0.330707734706	-0.712533410468	-3.53903245926	1.88553357124	-4.07441949844
20	16	0.499999567866	0.628442742978	-0.292995663626	0.720564542491	3.58352208138	-1.68221461773	4.12474584579
21	16	0.499991957098	-0.542797669318	0.22650110023	-0.808744670324	-3.10844039917	1.3110178709	-4.61600160599
22	16	0.499973110855	0.52122176957	-0.178592880153	0.834525284269	2.98289680481	-1.04297220707	4.76465845108
23	16	0.499185878783	-0.472406872086	0.23320011169	-0.849970267194	-2.70913076401	1.33472430706	-4.84384250641
24	16	0.497770581394	0.455453367513	-0.305238574142	0.836296384589	2.60445475578	-1.76228547096	4.77664327621
25	16	0.415452264249	-0.457767133375	0.655562210644	-0.600572593095	-2.23498225212	3.15532970428	-2.90467834473
26	16	0.309564471245	-0.657162113628	0.61221914092	-0.439688162115	-2.4091117382	2.25417208672	-1.68551015854
27	16	0.469316884875	-0.636897623772	0.411959481491	-0.651652363184	-3.4327878952	2.23528647423	-3.53333926201
28	16	0.499823465943	0.590384569724	-0.372350968437	0.716101121446	3.37520265579	-2.12252855301	4.0969247818
29	16	0.499981384724	-0.562038363434	0.246451820131	-0.789540612244	-3.21573162079	1.42796313763	-4.5064868927
0	17	0.499999299645	-0.504793935694	0.321270362391	-0.801229328429	-2.9035255909	1.82953023911	-4.57284832001
1	17	0.500000044703	0.616341529181	-0.334191592802	0.713049155884	3.51849246025	-1.90587759018	4.08339262009
2	17	0.500000268221	-0.572292197893	0.382383570478	-0.725440862689	-3.28248500824	2.16239380836	-4.1518611908
3	17	0.499999813735	0.558100729063	-0.335656329018	0.758853348816	3.20245242119	-1.92216658592	4.32853889465
4	17	0.500000208616	-0.572259692287	0.441831244033	-0.690871910255	-3.28605604172	2.49978375435	-3.95516729355
5	17	0.49999820441	0.62704045982	-0.3890213907	0.674894524593	3.58269381523	-2.2077152729	3.87019228935
6	17	0.49999871105	-0.605266349738	0.225696750652	-0.763356812127	-3.46495556831	1.30083847046	-4.35788393021
7	17	0.499997258186	0.606419964953	-0.1968444703	0.770394107336	3.46296644211	-1.13720619678	4.4040646553
8	17	0.499986946583	-0.558378675681	0.247002076838	-0.791961633276	-3.20117998123	1.42368459702	-4.5176782608
9	17	0.499992020428	0.587808734691	-0.312689596449	0.746127407145	3.35952138901	-1.78943681717	4.26598978043
10	17	0.499963000417	-0.499876707659	0.417690892723	-0.758721025988	-2.87256741524	2.37149643898	-4.33698654175
11	17	0.499991297722	0.481312497783	-0.467424891788	0.741520228999	2.77176523209	-2.64864659309	4.24240350723
12	17	0.499986819923	-0.516160668489	0.398197010663	-0.758298954901	-2.94744348526	2.26238799095	-4.34491491318
13	17	0.499999523163	0.456003168309	-0.296461983972	0.83914921352	2.62824487686	-1.7150863409	4.77941131592
14	17	0.499986410141	-0.518985407405	0.361455128432	-0.774599468778	-2.9716553688	2.05262851715	-4.4315700531
15	17	0.499976754189	0.508582574328	-0.306651229751	0.804555025081	2.93052983284	-1.76457047462	4.58185434341
16	17	0.499233551323	-0.592066546966	0.368051424684	-0.716934692111	-3.38613271713	2.10220265388	-4.08682918549
17	17	0.4996952191	0.664278552256	-0.424224189397	0.615441176835	3.79242420197	-2.41023397446	3.53700828552
18	17	0.499238431454	-0.605786296548	0.296604186527	-0.7382742847	-3.46453475952	1.7034304142	-4.20509386063
19	17	0.499974757433	0.599155473472	-0.234620065352	0.765484254275	3.43118524551	-1.36464381218	4.3650803566
20	17	0.499987602234	-0.611837417914	0.379391038562	-0.694058653068	-3.4936273098	2.14038562775	-3.98804569244
21	17	0.499999433756	0.528089553088	-0.263471968157	0.807281825582	3.02902269363	-1.51192498207	4.60707092285
22	17	0.499989368021	-0.52777628112	0.320407598474	-0.786632803745	-3.00942206383	1.80833554268	-4.51237010956
23	17	0.499956384301	0.46222468084	-0.279083475502	0.841701109732	2.64568042755	-1.5986096859	4.80924797058
24	17	0.499165486544	-0.383078968182	0.397427209652	-0.833847778173	-2.21613454819	2.23658776283	-4.76261329651
25	17	0.496491774917	0.528509910891	-0.248093733156	0.811866228919	3.0051202774	-1.44599115849	4.63097190857
26	17	0.468448653817	-0.540663423412	0.501781630586	-0.675202382839	-2.92486023903	2.70640206337	-3.65212345123
27	17	0.498175807297	0.4457998895	-0.482871639849	0.753722387853	2.56154584885	-2.75123310089	4.29895210266
28	17	0.499608553946	-0.627963008357	0.384151751278	-0.676823383258	-3.55711174011	2.1982049942	-3.89506292343
29	17	0.499982707202	0.541861212999	-0.321472342147	0.776557762875	3.09866309166	-1.8365380764	4.4394068718
0	18	0.499998234212	0.593764254325	-0.325771557986	0.735742415722	3.38666081429	-1.86058282852	4.21357822418
1	18	0.49999961257	-0.628126050085	0.343598517941	-0.698138756747	-3.58408212662	1.95880532265	-4.00003242493
2	18	0.499999843538	0.587351248797	-0.250722365024	0.769517255306	3.36519026756	-1.46014356613	4.38556003571
3	18	0.499999016523	-0.657079676903	0.339642913062	-0.672970274089	-3.73978900909	1.93686723709	-3.86658143997
4	18	0.499999396503	0.65106129241	-0.325298520815	0.685784270657	3.71354627609	-1.87182533741	3.92292833328
5	18	0.49999846518	-0.624683658509	0.317917334006	-0.71323130577	-3.57297062874	1.81568777561	-4.07724523544
6	18	0.499999076128	0.547716583745	-0.205158176881	0.811120623798	3.15151929855	-1.18800020218	4.62011909485
7	18	0.499999791384	-0.60238689996	0.225062405418	-0.765817821955	-3.43174171448	1.29805707932	-4.3845448494
8	18	0.499999798834	0.560233918496	-0.311634989861	0.767477419642	3.19969439507	-1.76846528053	4.39559793472
9	18	0.499997928739	-0.589117459588	0.308292625502	-0.746924544964	-3.36384534836	1.75667560101	-4.27539873123
10	18	0.499999582767	0.554820271357	-0.250872085567	0.793245020895	3.17101860046	-1.44892823696	4.53115558624
11	18	0.499997708946	-0.556488431021	0.2568870557	-0.790145345335	-3.17078065872	1.47884464264	-4.52228450775
12	18	0.500000011176	0.525964401123	-0.269151722818	0.806795388469	3.00064730644	-1.55603635311	4.61099529266
13	18	0.499997802079	-0.480543236524	0.39385708793	-0.78355267348	-2.75732421875	2.2269692421	-4.48604106903
14	18	0.499991357327	0.542769461796	-0.308382818188	0.781217862564	3.09716820717	-1.77614140511	4.46496248245
15	18	0.499239444733	-0.546078486333	0.322063238538	-0.773352155972	-3.12889146805	1.84508752823	-4.40404891968
16	18	0.498330026865	0.699977192303	-0.377199994135	0.606425671192	3.99217844009	-2.1575255394	3.49395656586
17	18	0.445701725781	-0.713451813665	0.383218147439	-0.586626253292	-3.64971828461	1.96479654312	-3.01613378525
18	18	0.498210586607	0.606051388345	-0.303630026955	0.735194206599	3.47417736053	-1.7397403717	4.20432758331
19	18	0.499248400331	-0.631567845788	0.283724643249	-0.721541670993	-3.60051441193	1.61428618431	-4.12462425232
20	18	0.499991826713	0.596756047134	-0.273293800739	0.754448618984	3.41412782669	-1.5626168251	4.3112039566
21	18	0.499997589737	-0.571717258894	0.22350766245	-0.789419850719	-3.26416444778	1.27509760857	-4.51730775833
22	18	0.499997809529	0.447458269339	-0.18802915383	0.874314665615	2.58855891228	-1.09261226654	4.98019075394
23	18	0.499979905784	-0.493397196675	0.230357552165	-0.838745852135	-2.82545876503	1.31881868839	-4.79178142548
24	18	0.499211657792	0.505635241169	-0.255492913699	0.82404876915	2.88207936287	-1.46841979027	4.70392036438
25	18	0.497337691486	-0.43954394308	0.311293917565	-0.842553985801	-2.53105950356	1.77154791355	-4.80883550644
26	18	0.44479573518	0.598095995671	-0.457739998448	0.657841374332	3.0600028038	-2.32557368279	3.38276052475
27	18	0.496948957443	-0.29948662355	0.461512676434	-0.835053179028	-1.74413216114	2.62968158722	-4.76280117035
28	18	0.499271936715	0.417207737154	-0.384157116016	0.823626744511	2.40308833122	-2.19077277184	4.69389438629
29	18	0.499984905124	-0.481144499237	0.304534610904	-0.822045401189	-2.75587582588	1.74618172646	-4.69482326508
0	19	0.499999687076	-0.634854255283	0.29782426198	-0.71292410783	-3.60701537132	1.71444368362	-4.09223651886
1	19	0.499999530613	0.614258535705	-0.372946981712	0.69541138914	3.50649642944	-2.12734556198	3.98279953003
2	19	0.499992586672	-0.586405200996	0.337157850989	-0.73651444233	-3.35303640366	1.92382144928	-4.21145153046
3	19	0.499995298684	0.556825299381	-0.340563487842	0.757602862137	3.19408369064	-1.95784842968	4.31881809235
4	19	0.499978415668	-0.61603368912	0.394773749026	-0.681656937872	-3.52415466309	2.24131774902	-3.90370059013
5	19	0.499992787838	0.6883657973	-0.310629679605	0.655485874184	3.91681671143	-1.78026914597	3.76537084579
6	19	0.499991595745	-0.649175317092	0.254616114358	-0.716758007969	-3.69332814217	1.46310770512	-4.11223840714
7	19	0.499999765307	0.492118103653	-0.356423312685	0.794217976523	2.83001255989	-2.0137565136	4.5418806076
8	19	0.499999884516	-0.417289755932	0.247524933007	-0.874414471023	-2.42468428612	1.44242429733	-4.97482633591
9	19	0.500000074506	0.607273803694	-0.26891186016	0.747599450784	3.45443677902	-1.53802371025	4.28831195831
10	19	0.499999828637	-0.550624998714	0.238007333027	-0.80010288102	-3.14619445801	1.35948824883	-4.5756778717
11	19	0.499999780208	0.47600355515	-0.168679383209	0.863115218939	2.7299413681	-0.981694817543	4.92671108246
12	19	0.499999776483	-0.443005234138	0.292907371626	-0.847320266589	-2.54454851151	1.66143226624	-4.84276247025
13	19	0.499999862164	0.537620484678	-0.297842432068	0.78883084379	3.06085896492	-1.71578621864	4.5134973526
14	19	0.499958850443	-0.526901828338	0.366090597166	-0.767041157932	-3.01371908188	2.08116722107	-4.38929891586
15	19	0.499626994133	0.59170421688	-0.371557148603	0.715423933796	3.38179683685	-2.11425352097	4.09671163559
16	19	0.445112742484	-0.70683336217	0.304964879042	-0.638265634885	-3.61354494095	1.56977725029	-3.27045679092
17	19	0.233358338475	-0.664641750472	0.407391668215	-0.626325292639	-1.86325228214	1.10119903088	-1.76177740097
18	19	0.44578589499	-0.638396518696	0.352853656762	-0.684064457362	-3.28024435043	1.80418717861	-3.50390553474
19	19	0.499698102474	0.654270819117	-0.233140771856	0.719426907858	3.73646116257	-1.34493017197	4.11415481567
20	19	0.499962486327	-0.60568102276	0.226343887476	-0.762836118227	-3.46238207817	1.28973174095	-4.36214828491
21	19	0.499999783933	0.619265050178	-0.100191580954	0.778763407419	3.53563714027	-0.59354865551	4.4538807869
22	19	0.499999545515	-0.624772751495	0.24592648331	-0.741066241166	-3.56170392036	1.38232731819	-4.25416707993
23	19	0.499961599708	0.612810583344	-0.205459214841	0.763052881509	3.49172019958	-1.1811645031	4.36952590942
24	19	0.499705068767	-0.61004181159	0.252354290129	-0.751110045443	-3.47985649109	1.44062399864	-4.30267333984
25	19	0.445703104138	0.603378027517	-0.288123296554	0.743585853747	3.09259080887	-1.47858154774	3.81192874908
26	19	0.234001180157	0.623543310116	-0.247504391784	0.741576237792	1.72881960869	-0.730808496475	2.07562541962
27	19	0.444979056716	0.594133280592	-0.32875972847	0.734113537425	3.04016089439	-1.68325662613	3.75885725021
28	19	0.499699488282	-0.567468621788	0.32167185534	-0.757962123571	-3.22818374634	1.84608793259	-4.3446969986
29	19	0.499960418791	0.410260415643	-0.251804365878	0.876516373311	2.38946628571	-1.45799839497	4.98671150208
0	20	0.499997876585	0.531207210486	-0.395085227313	0.749484197757	3.05245828629	-2.24648451805	4.28029537201
1	20	0.499993674457	-0.528640623754	0.447338010896	-0.721406816522	-3.03806519508	2.53662133217	-4.12584495544
2	20	0.499986417592	0.594642250723	-0.303439711153	0.744530009705	3.3907752037	-1.7548801899	4.25590991974
3	20	0.499585241079	-0.509015247834	0.465179132679	-0.724231904843	-2.92735481262	2.63893795013	-4.13610458374
4	20	0.499816149473	0.606357467891	-0.349530140643	0.714254367796	3.45617628098	-2.01364350319	4.08486032486
5	20	0.499456375837	-0.568559716459	0.343272296958	-0.747598808828	-3.25622677803	1.94888544083	-4.26790189743
6	20	0.499970171601	0.563337342095	-0.238977544508	0.790911355477	3.22079873085	-1.38614523411	4.51588487625
7	20	0.499989405274	-0.514990180649	0.30217514387	-0.802169119489	-2.95258355141	1.73538172245	-4.57756996155
8	20	0.499999634922	0.539172911281	-0.45998550125	0.705482749881	3.07853364944	-2.58948802948	4.06494855881
9	20	0.499999441206	-0.5855524899	0.269376288396	-0.764568307492	-3.33939313889	1.54715752602	-4.37519550323
10	20	0.499999392778	0.534801154809	-0.234514909519	0.811782287333	3.05755901337	-1.33545422554	4.64247846603
11	20	0.499998062849	-0.467144881062	0.13565182969	-0.873712905478	-2.6760134697	0.791375041008	-4.98982954025
12	20	0.499999731779	0.391793205261	-0.210188901494	0.895722451433	2.26418471336	-1.21510028839	5.10788202286
13	20	0.499996319413	-0.498686215759	0.357092263293	-0.789808314535	-2.84287023544	2.01969099045	-4.53085947037
14	20	0.499973569065	0.453399640903	-0.298642588507	0.839786502606	2.60866737366	-1.71250712872	4.79060411453
15	20	0.49928150326	-0.596531590632	0.323084155486	-0.734688158236	-3.39911913872	1.81963777542	-4.21234893799
16	20	0.497711598873	0.618438937689	-0.0695599425144	0.782748168154	3.53855657578	-0.430751383305	4.47526788712
17	20	0.445287577808	-0.737182438984	0.244260069018	-0.629999262172	-3.7629981041	1.26318383217	-3.2389292717
18	20	0.498300813138	0.657561630365	-0.194256510755	0.727926583044	3.76237177849	-1.13450801373	4.16512727737
19	20	0.499244734645	-0.663942504553	0.281118035074	-0.692930733194	-3.77557516098	1.59184348583	-3.97495317459
20	20	0.49999031052	0.537726197307	-0.230247539031	0.811071271529	3.09431409836	-1.30273520947	4.62863063812
21	20	0.499998208135	-0.589277016452	0.00495163999746	-0.807915886181	-3.37294483185	0.0649585798383	-4.61662721634
22	20	0.499997980893	0.63594355316	-0.106369073257	0.764369948028	3.62548589706	-0.621926724911	4.37696504593
23	20	0.499990984797	-0.543354910964	0.200241283123	-0.815272266954	-3.12706303596	1.14348816872	-4.64780473709
24	20	0.499243699014	0.593555199474	-0.223659691903	0.773090271181	3.3878903389	-1.28054463863	4.41185808182
25	20	0.498258274049	-0.576261049888	0.224719444928	-0.785763560782	-3.30401301384	1.29643666744	-4.49232292175
26	20	0.446126803756	0.596826181473	-0.335728463024	0.728755726031	3.0597782135	-1.71632385254	3.74448847771
27	20	0.498286008835	-0.622668341008	0.402474349173	-0.67104287148	-3.55510950089	2.29488182068	-3.85791087151
28	20	0.499242737889	0.558137168026	-0.409809828716	0.721483753078	3.19224119186	-2.31873130798	4.12546396255
29	20	0.499991059303	-0.586731053767	0.312280559094	-0.747146252723	-3.33847093582	1.79328894615	-4.28123903275
0	21	0.499998442829	-0.611848776513	0.332319254286	-0.717777812356	-3.47857689857	1.90816783905	-4.11685276031
1	21	0.49999435991	0.595875868591	-0.407317394382	0.692115950882	3.3953499794	-2.31396126747	3.97609591484
2	21	0.499596960843	-0.58942222143	0.245787633514	-0.769525752718	-3.36321926117	1.44926643372	-4.38676214218
3	21	0.498796537519	0.540646239602	-0.564874714247	0.623392493385	3.09218406677	-3.20092439651	3.59377789497
4	21	0.466399781406	-0.547816038116	0.440922624456	-0.71097456187	-2.94527649879	2.37102890015	-3.81997203827
5	21	0.497797768563	0.553597537591	-0.280129481098	0.784255851233	3.1642408371	-1.62265491486	4.48061418533
6	21	0.49915259704	-0.502857811451	0.352608412554	-0.789177628205	-2.88049459457	2.00106310844	-4.50291490555
7	21	0.49996869266	0.586501764389	-0.273918453336	0.762223301462	3.32821989059	-1.58842241764	4.36965274811
8	21	0.499988414347	-0.501226691897	0.362170877489	-0.785877890533	-2.87337589264	2.06704950333	-4.48977565765
9	21	0.499998703599	0.534432480117	-0.22333385778	0.815171093799	3.05317854881	-1.29652762413	4.65669250488
10	21	0.499991521239	-0.53253140824	0.20808603184	-0.820433118902	-3.04067611694	1.19376409054	-4.69150257111
11	21	0.499993957579	0.527599835676	-0.142766765408	0.83741033197	3.00576281548	-0.838269174099	4.79084587097
12	21	0.499980524182	-0.497391076436	0.256347366558	-0.828787152857	-2.83312654495	1.46024215221	-4.74595165253
13	21	0.49998261407	0.461303237124	-0.273479056643	0.844042966321	2.64443588257	-1.56049156189	4.82226037979
14	21	0.499954704195	-0.417879538145	0.236829377511	-0.877090951696	-2.41345906258	1.35434317589	-5.00310897827
15	21	0.499206896871	0.583414488492	-0.14161822494	0.799732338337	3.32342863083	-0.829613924026	4.56725931168
16	21	0.498938463628	-0.561362757211	0.140841805828	-0.815497051219	-3.214864254	0.806286513805	-4.64862394333
17	21	0.498836912215	0.584020489293	-0.240975023169	0.775145861303	3.34189724922	-1.37344789505	4.41977214813
18	21	0.49921515584	-0.579548258576	0.326488228368	-0.746678814966	-3.31105995178	1.83950734138	-4.27115869522
19	21	0.499960400164	0.563916206678	-0.260636466443	0.783624364224	3.22850632668	-1.48982357979	4.47688674927
20	21	0.499986600131	-0.563534692543	0.186738577965	-0.8047094841	-3.22559666634	1.06878471375	-4.59698343277
21	21	0.49999923259	0.590932236603	-0.110328328673	0.799141258874	3.36963367462	-0.645255148411	4.57390546799
22	21	0.499999627471	-0.607129273011	0.171922234837	-0.775781406726	-3.47027254105	0.986468076706	-4.43494129181
23	21	0.499987691641	0.63460525315	-0.227885477444	0.738474360994	3.61572146416	-1.30489993095	4.23173904419
24	21	0.499976851046	-0.635313148424	0.274605971501	-0.721781659406	-3.61746239662	1.57055974007	-4.13969421387
25	21	0.499270752072	0.596652503946	-0.330228441473	0.731406156644	3.39306974411	-1.88832092285	4.18545532227
26	21	0.499679367989	-0.489631862425	0.367499203359	-0.790699041879	-2.80892133713	2.10113692284	-4.51597642899
27	21	0.499268438667	0.517899081109	-0.314022656822	0.795719996475	2.96146249771	-1.80587983131	4.53423309326
28	21	0.499977394938	-0.552142054792	0.281147503386	-0.784917341298	-3.15209126472	1.62581706047	-4.48431158066
29	21	0.499986998737	0.560626431464	-0.305721341797	0.769566413972	3.20433926582	-1.75614953041	4.39648485184
0	22	0.499999903142	0.445951277102	-0.332368672969	0.831058676436	2.56477737427	-1.90551173687	4.74106884003
1	22	0.499978922307	-0.46105004455	0.356102963171	-0.812787509772	-2.64397144318	2.04125332832	-4.63982486725
2	22	0.499742418528	0.518507473755	-0.349385545353	0.780435609361	2.95640611649	-2.00875043869	4.46167469025
3	22	0.466449744999	-0.400320618926	0.537535644124	-0.742158226633	-2.16422152519	2.88610363007	-3.98564887047
4	22	0.301857125014	-0.470746497854	0.570734499975	-0.6728000188	-1.69390010834	2.06557893753	-2.43168067932
5	22	0.417163960636	-0.546609550661	0.565406113826	-0.617684325181	-2.64457464218	2.74049949646	-3.00882983208
6	22	0.497983515263	0.469848375255	-0.422141536919	0.775267068227	2.68452119827	-2.41801977158	4.43511533737
7	22	0.499115172774	-0.408305998677	0.400087368686	-0.820497598328	-2.350025177	2.27400684357	-4.67801427841
8	22	0.499974727631	0.460051543905	-0.436988753442	0.772912288889	2.62712621689	-2.47702288628	4.43310165405
9	22	0.499980270863	-0.475857518066	0.334621730566	-0.813380550501	-2.72111606598	1.90206348896	-4.65443229675
10	22	0.499977368861	0.48230180307	-0.280153420223	0.829999416803	2.75729417801	-1.59320187569	4.74828004837
11	22	0.499469004571	-0.442300678803	0.290208341246	-0.848616066429	-2.53307580948	1.64542484283	-4.84693288803
12	22	0.49982124567	0.431350979341	-0.309346167388	0.847491168888	2.47748494148	-1.75509524345	4.84405136108
13	22	0.499595399946	-0.541671248783	0.197508743235	-0.817057252944	-3.07992339134	1.14807403088	-4.67258453369
14	22	0.499244015664	0.509791110025	-0.215537156322	0.832860587604	2.91566467285	-1.24023020267	4.74904155731
15	22	0.498354971409	-0.621977655801	0.189594850069	-0.759735209472	-3.55162286758	1.08512806892	-4.35893440247
16	22	0.446060374379	0.620166827402	-0.0982977276617	0.778287005498	3.1830739975	-0.520946800709	3.98971700668
17	22	0.498282857239	-0.616549808283	0.207935068872	-0.759361140064	-3.52418732643	1.19322013855	-4.35196781158
18	22	0.499219927937	0.531132014526	-0.229428522725	0.815635541223	3.03995513916	-1.31621742249	4.64852571487
19	22	0.499977242202	-0.504459280041	0.263685572263	-0.822186568706	-2.906042099	1.48966705799	-4.6930680275
20	22	0.499997630715	0.623546623387	-0.156386006476	0.765985003405	3.54119205475	-0.911592900753	4.39566612244
21	22	0.500000100583	-0.428182369835	0.27820156478	-0.859804482145	-2.49195837975	1.57179450989	-4.90155076981
22	22	0.500000104308	0.566814733784	-0.287652525807	0.771995519392	3.23653173447	-1.63307213783	4.42092084885
23	22	0.500000856817	-0.560309961296	0.293773190907	-0.774435316587	-3.2026052475	1.67047739029	-4.43134450912
24	22	0.499987166375	0.486511658243	-0.30842329267	0.817423683858	2.79747581482	-1.78039669991	4.65808820724
25	22	0.499988503754	-0.468260204479	0.498619306087	-0.729459504359	-2.6861474514	2.81911706924	-4.18756389618
26	22	0.499961484224	0.398230691754	-0.468233162188	0.788777549105	2.2918715477	-2.66861176491	4.50636672974
27	22	0.49998985976	-0.474583899467	0.379504861371	-0.794195305049	-2.70597338676	2.17943930626	-4.54059076309
28	22	0.499986723065	0.489954441912	-0.359457772268	0.794188110467	2.79440116882	-2.06278991699	4.5412530899
29	22	0.499999091029	-0.497634370722	0.40722988364	-0.765848454296	-2.83123826981	2.32025265694	-4.39291906357
0	23	0.499997712672	-0.448295492861	0.284736708205	-0.847322936124	-2.5405766964	1.66456508636	-4.84520483017
1	23	0.499991059303	0.387381297985	-0.417040384103	0.822200126489	2.22139525414	-2.37437415123	4.70282030106
2	23	0.49943600595	-0.471169206949	0.419813654057	-0.775729382124	-2.67188501358	2.40719509125	-4.43726968765
3	23	0.498116284609	0.384479814173	-0.56927876362	0.726702801553	2.20309686661	-3.25136232376	4.16285896301
4	23	0.418665699661	-0.257009156281	0.74364411634	-0.617203144695	-1.27209198475	3.60595703125	-3.0152592659
5	23	0.361556902528	-0.374902480701	0.69839455995	-0.609666440439	-1.61369848251	3.01740646362	-2.65312719345
6	23	0.413886733353	-0.28204980296	0.554762137339	-0.782743176033	-1.37502586842	2.66398429871	-3.76558876038
7	23	0.498144533485	0.401026025636	-0.314799700495	0.86027860332	2.29294157028	-1.81210112572	4.92089748383
8	23	0.499448161572	-0.378640666199	0.341029534465	-0.860424373506	-2.16374754906	1.94378352165	-4.91516399384
9	23	0.499969866127	0.425609613466	-0.229676943917	0.87527421895	2.43449687958	-1.32238936424	5.00133895874
10	23	0.499156583101	-0.469296185728	0.162161103945	-0.86802354025	-2.67617917061	0.938745081425	-4.95334720612
11	23	0.498287282884	0.423640735064	-0.245937978043	0.87180447266	2.42988491058	-1.40374350548	4.98927211761
12	23	0.468721605837	-0.399039694477	0.298453136671	-0.867002334162	-2.16790723801	1.60419023037	-4.68079519272
13	23	0.498977668583	0.530769807344	-0.281280388483	0.799477801235	3.0320019722	-1.60736560822	4.57472133636
14	23	0.499276213348	-0.514635372176	0.377380408471	-0.769892499644	-2.95354366302	2.12866067886	-4.40417003632
15	23	0.445615623146	0.606554339458	-0.253505390853	0.753542865465	3.10758781433	-1.29628181458	3.86433196068
16	23	0.233000496402	0.645109556031	-0.207266489628	0.735441542881	1.78793168068	-0.578641057014	2.05726408958
17	23	0.445047423244	0.695464591301	-0.206659084876	0.688201296777	3.54648065567	-1.05868923664	3.5371670723
18	23	0.499600619078	-0.531907415474	0.232810340677	-0.81417064958	-3.0532617569	1.32488703728	-4.64887142181
19	23	0.499963529408	0.619277249474	-0.112839660709	0.777021813886	3.52354240417	-0.678560376167	4.45138454437
20	23	0.49999935925	-0.58530374936	0.162405400447	-0.794382783607	-3.34903287888	0.936428368092	-4.5374546051
21	23	0.499999530613	0.552946776517	-0.247738361585	0.795534767649	3.15552616119	-1.41350281239	4.55292510986
22	23	0.500000111759	-0.588028272413	0.241003492772	-0.772101073251	-3.34808397293	1.38278961182	-4.42288637161
23	23	0.499999310821	0.530206798292	-0.200433508319	0.823836852652	3.03722524643	-1.17389154434	4.70000362396
24	23	0.499991513789	-0.491647432595	0.434776503825	-0.754488034196	-2.81172657013	2.45855116844	-4.32912158966
25	23	0.499988529831	0.490454400372	-0.36866468368	0.789646016999	2.79752397537	-2.12839746475	4.50907182693
26	23	0.499968744814	-0.365063779914	0.511711317713	-0.777740293362	-2.10967111588	2.9157307148	-4.44244337082
27	23	0.49998935312	0.365239488793	-0.512399844343	0.777204294471	2.09837198257	-2.91407108307	4.44868564606
28	23	0.499985929579	-0.331628029089	0.47060347555	-0.817652260514	-1.90526843071	2.67766618729	-4.67876720428
29	23	0.499997567385	0.236541089156	-0.489471190151	0.839324887724	1.39005434513	-2.78024697304	4.80057573318
0	24	0.499959155917	0.336067360609	-0.428375725167	0.838780643089	1.91669368744	-2.44688272476	4.79820251465
1	24	0.499975662678	-0.263973473161	0.429336353059	-0.863706142973	-1.52336883545	2.46558237076	-4.92820167542
2	24	0.499949358404	0.27929512453	-0.467450178024	0.83873986699	1.60980176926	-2.68025827408	4.78717851639
3	24	0.499128349125	-0.332180087272	0.603873233259	-0.724564357234	-1.8954410553	3.4362924099	-4.14504432678
4	24	0.497170992196	0.313048774838	-0.652860007398	0.689763927234	1.78866791725	-3.72812080383	3.93851399422
5	24	0.414197377861	-0.15555259395	0.737460159825	-0.657233522568	-0.778514623642	3.54159212112	-3.18286037445
6	24	0.316298291087	-0.355549266806	0.488336963426	-0.796938974468	-1.32607460022	1.83877587318	-3.00938844681
7	24	0.469567921013	-0.358391756643	0.259024853251	-0.896917763325	-1.9382982254	1.40226137638	-4.85435533524
8	24	0.499786444008	0.21878814123	-0.325594103491	0.919847937992	1.29604458809	-1.84618282318	5.25476551056
9	24	0.499118626118	-0.385538830435	0.213168691029	-0.897729869945	-2.20700526237	1.20821094513	-5.12382888794
10	24	0.498158808798	0.50256421334	-0.0776537162888	0.861045359906	2.8624625206	-0.454293519258	4.93336057663
11	24	0.417574640363	-0.444955557281	0.0747030111915	-0.892431516792	-2.1622800827	0.368620365858	-4.33274364471
12	24	0.307143921033	-0.441283840778	0.162293549039	-0.882569756908	-1.62408351898	0.598133504391	-3.24394226074
13	24	0.46884623915	-0.584450594116	0.240004967086	-0.775122647593	-3.14653515816	1.30131554604	-4.19594955444
14	24	0.499127686024	0.610152348506	-0.312739600774	0.727947837225	3.46543502808	-1.76689767838	4.17994499207
15	24	0.498065248132	-0.522358114184	0.132505320211	-0.842368292768	-3.00207138062	0.775870203972	-4.81164884567
16	24	0.445291653275	0.612398903859	-0.237517144111	0.754024660609	3.13810539246	-1.21828055382	3.86002755165
17	24	0.49796616286	-0.540856188169	0.386514901219	-0.747048067299	-3.09356784821	2.19555854797	-4.28528165817
18	24	0.499252200127	0.505015191305	-0.260375983658	0.82289975312	2.88954782486	-1.49580788612	4.69027376175
19	24	0.499989949167	-0.556446879208	0.299272354835	-0.77511478392	-3.18982124329	1.6826877594	-4.43685293198
20	24	0.499995857477	0.614701382922	-0.225707838567	0.755776542004	3.49655628204	-1.28988540173	4.33556747437
21	24	0.499999791384	-0.498129882728	0.266052151637	-0.825277451857	-2.86498165131	1.51241505146	-4.71074151993
22	24	0.499999210238	0.491936112117	-0.299254285127	0.817585307126	2.82611322403	-1.69362580776	4.67226600647
23	24	0.499988745898	-0.560538221048	0.241715774379	-0.792067160764	-3.1839556694	1.39158344269	-4.5407371521
24	24	0.499973613769	0.434185445072	-0.422867215133	0.795403242169	2.50246524811	-2.39332532883	4.55021095276
25	24	0.499306179583	-0.517812928205	0.340009970969	-0.785024197733	-2.94920301437	1.96498894691	-4.47671222687
26	24	0.499673523009	0.525220162697	-0.545501070458	0.653125074412	2.97847223282	-3.09872317314	3.77302837372
27	24	0.499282166362	-0.425132399679	0.452334512014	-0.783999956623	-2.41713571548	2.59298944473	-4.47620582581
28	24	0.499965302646	0.343315203424	-0.301226781486	0.88960502315	1.96040189266	-1.76766979694	5.07314443588
29	24	0.499976534396	-0.199021795911	0.477330037848	-0.85588922164	-1.16433775425	2.7164747715	-4.89435100555
0	25	0.499518409371	-0.360701142669	0.454366718057	-0.814521682461	-2.04130792618	2.61810803413	-4.65486717224
1	25	0.499263897538	0.240855242026	-0.573571299459	0.782946177477	1.38735318184	-3.25006246567	4.48387670517
2	25	0.499953575432	-0.227469159681	0.503059223363	-0.833780066435	-1.3183041811	2.88394880295	-4.75730037689
3	25	0.499270670116	0.316262485265	-0.560128516401	0.765659248967	1.80667614937	-3.19580984116	4.37254047394
4	25	0.497103862464	-0.364479056565	0.618995924779	-0.695700411408	-2.07707333565	3.53044509888	-3.98267841339
5	25	0.435329724103	0.311934148164	-0.575595500643	0.755901386987	1.58590459824	-2.90215206146	3.81144952774
6	25	0.456587255001	-0.437901824332	-0.50068023481	-0.746700271004	-2.33370542526	-2.62793970108	-3.98598432541
7	25	0.498019170016	0.405695497163	-0.191261297727	0.893773058205	2.31865668297	-1.08651983738	5.10870981216
8	25	0.499082077295	-0.419576916212	0.233643428494	-0.877135086349	-2.38200473785	1.32879984379	-5.01340675354
9	25	0.498145192862	0.455221060727	-0.0681794353804	0.887764242613	2.59524583817	-0.405038893223	5.08496189117
10	25	0.418748844415	-0.448310370103	-0.106960813191	-0.887455461699	-2.18163967133	-0.510954499245	-4.32533073425
11	25	0.366399541497	-0.485437188332	-0.0476375877172	-0.87297273521	-2.13181877136	-0.205296903849	-3.83090829849
12	25	0.417164392769	-0.408706169661	0.117580017127	-0.905060333046	-1.99797153473	0.569454312325	-4.38505554199
13	25	0.498239025474	0.449019076794	-0.26821873804	0.852314834577	2.58799338341	-1.51557970047	4.87613487244
14	25	0.499454289675	-0.517663776718	0.201974244971	-0.831402801681	-2.95775675774	1.16278743744	-4.74545192719
15	25	0.499239578843	0.530898311442	-0.153756378246	0.833370241283	3.03701543808	-0.891563594341	4.75058460236
16	25	0.499707333744	-0.585855479526	0.303015600552	-0.751634820196	-3.34008550644	1.72004556656	-4.31157827377
17	25	0.499214679003	0.470393999404	-0.358758118574	0.806239479114	2.69804430008	-2.03184890747	4.60197734833
18	25	0.499959882349	-0.477862492519	0.278006030268	-0.833282716356	-2.74592614174	1.58262372017	-4.75870656967
19	25	0.499947711825	0.610010784695	-0.142998642495	0.779383237439	3.46710968018	-0.838399887085	4.46782302856
20	25	0.499986179173	-0.519821914442	0.179205496103	-0.835266764233	-2.99116635323	1.01468718052	-4.76577949524
21	25	0.499986223876	0.585428401676	-0.166725201851	0.793395420694	3.32836747169	-0.960904955864	4.54779624939
22	25	0.499989110976	-0.525138872071	0.187684928421	-0.830062366743	-2.99525713921	1.07980954647	-4.74834537506
23	25	0.499958537519	0.428706421769	-0.173565127313	0.886614882863	2.46817731857	-1.00978827477	5.05747175217
24	25	0.499143350869	-0.453019974576	0.29454684292	-0.841436307727	-2.58431553841	1.68528735638	-4.80223846436
25	25	0.497397720814	0.494662136909	-0.378274328839	0.782443545855	2.81816244125	-2.16190624237	4.48064231873
26	25	0.452139463276	-0.328109138002	0.497579438299	-0.802968926012	-1.70794534683	2.59769082069	-4.17443656921
27	25	0.498535953462	0.291358929192	-0.575076757817	0.764458433794	1.6782336235	-3.2735414505	4.38532829285
28	25	0.499250438064	-0.34966503543	0.449830029217	-0.821819510484	-1.98847281933	2.57705402374	-4.6906542778
29	25	0.499233279377	0.245231385007	-0.478113143687	0.843367885114	1.41088116169	-2.7328312397	4.80905485153
0	26	0.444821104407	0.265174945954	-0.700448344974	0.662611774769	1.36189472675	-3.56694412231	3.40787124634
1	26	0.498100146651	-0.274950160543	0.519912758804	-0.808760244109	-1.57467341423	2.98656201363	-4.62231588364
2	26	0.499204777181	0.329889611073	-0.529612047867	0.781462681937	1.87170767784	-3.02297639847	4.4652466774
3	26	0.499699346721	-0.340806341061	0.468740681841	-0.814943685834	-1.94728684425	2.68981933594	-4.65424060822
4	26	0.451935872436	0.320621559518	-0.417081150542	0.850438198481	1.68681800365	-2.17551279068	4.41402196884
5	26	0.250648029149	0.507301146023	-0.418871465817	0.75312166505	1.48914217949	-1.25193345547	2.28096270561
6	26	0.439538087696	0.414552406927	-0.403739250736	0.815561720121	2.10401916504	-2.0566599369	4.12709999084
7	26	0.499140489846	-0.343626485839	0.3651093281	-0.86522599173	-1.97995829582	2.07138943672	-4.94362068176
8	26	0.499673292041	0.384683177761	-0.256312686222	0.886748363195	2.20219993591	-1.45049762726	5.07210254669
9	26	0.467945924029	-0.36410361498	-0.0508121709199	-0.929971333346	-1.97459292412	-0.248800054193	-5.01499795914
10	26	0.306876786053	-0.424112853012	-0.116061104401	-0.898141474354	-1.57326960564	-0.426603287458	-3.29244160652
11	26	0.417078204453	-0.540339072735	-0.287749911175	-0.790717190337	-2.61648368835	-1.36580109596	-3.85441541672
12	26	0.497598960996	0.622011386489	-0.103824977463	0.776094201198	3.54003000259	-0.590205848217	4.45014667511
13	26	0.499182663858	-0.56585341575	0.0895274196426	-0.819630863875	-3.22343969345	0.539802312851	-4.68039464951
14	26	0.499965567142	0.478978984091	-0.22592845316	0.848254364475	2.76039552689	-1.2733849287	4.84225654602
15	26	0.499983742833	-0.588320362677	0.173822599969	-0.789724543496	-3.34730529785	1.00284957886	-4.52492761612
16	26	0.499948166311	0.565336779348	-0.253884202789	0.784816626666	3.22382736206	-1.44230127335	4.49520301819
17	26	0.499956931919	-0.451995938741	0.216773261238	-0.865279737758	-2.60031414032	1.2556374073	-4.93480205536
18	26	0.499201312661	0.523398446165	-0.234521059348	0.819178820084	2.97939968109	-1.33500087261	4.6819229126
19	26	0.499538935721	-0.545357845778	0.141193401446	-0.826225903392	-3.11403894424	0.79478520155	-4.72900295258
20	26	0.499226715416	0.564680118998	0.000110197117549	0.82530985155	3.21287631989	-0.032105948776	4.71891307831
21	26	0.499955181032	-0.496436350112	0.153199253497	-0.854447739195	-2.85159254074	0.864376306534	-4.8795003891
22	26	0.499946456403	0.478699040909	-0.209021385664	0.852735180796	2.73694896698	-1.18862438202	4.87603759766
23	26	0.499103553593	-0.426806612898	0.214179738917	-0.878614337821	-2.44658923149	1.22190237045	-5.00932788849
24	26	0.497062999755	0.3925891227	-0.271535196776	0.878716346524	2.24700117111	-1.5649740696	5.01563072205
25	26	0.418758679181	-0.157118441547	0.565137239624	-0.809897336529	-0.792473435402	2.74724388123	-3.94666337967
26	26	0.269794877619	-0.234431864859	0.552076418562	-0.800158314839	-0.772143423557	1.78105902672	-2.58009552956
27	26	0.452430907637	-0.151987025171	0.54809910773	-0.822488487631	-0.819937169552	2.85656237602	-4.27680015564
28	26	0.498866580427	0.388812465424	-0.542275350891	0.744823677488	2.19268131256	-3.09933805466	4.26318788528
29	26	0.498285997659	-0.22002324709	0.579232552231	-0.784907269157	-1.27585601807	3.31075644493	-4.49473142624
0	27	0.233380686492	0.283031004924	-0.668532209505	0.687719517759	0.788287043571	-1.84135913849	1.94361543655
1	27	0.445699743927	0.21140838057	-0.62930438431	0.747851916166	1.09582781792	-3.22776460648	3.82912540436
2	27	0.499679908156	-0.289254135329	0.618497938128	-0.730610940054	-1.66696715355	3.5164308548	-4.19032669067
3	27	0.499381337315	0.362406014939	-0.493881876852	0.790406586544	2.07974720001	-2.8028280735	4.52127885818
4	27	0.498204153031	-0.481289002017	0.204041288974	-0.852483459623	-2.74296188354	1.2085955143	-4.87576198578
5	27	0.451786354184	0.524484498589	-0.372374198989	0.765671905366	2.7179005146	-1.93420696259	3.98819923401
6	27	0.498249169439	-0.413241832741	0.424732962528	-0.805501767977	-2.37040710449	2.42221570015	-4.61387968063
7	27	0.499209050089	0.430093942736	-0.357275828644	0.829079720346	2.44704389572	-2.027769804	4.74213647842
8	27	0.499575488269	-0.426969790704	0.193376915219	-0.883347138155	-2.43844604492	1.12646865845	-5.04179525375
9	27	0.498683292419	0.413992835795	-0.174819185691	0.893335426491	2.37853431702	-0.978841304779	5.106508255
10	27	0.466763619334	-0.428613555977	-0.149189130663	-0.8910853062	-2.31916308403	-0.767538309097	-4.79784345627
11	27	0.497056927532	0.579232953788	-0.147473003903	0.801711231284	3.29490423203	-0.836982369423	4.5918211937
12	27	0.49910537526	-0.549505602844	0.219561925931	-0.806124154907	-3.14202928543	1.23757922649	-4.60089015961
13	27	0.499969739467	0.582421762822	-0.197430291098	0.788546872639	3.31773233414	-1.11306715012	4.52143192291
14	27	0.499989628792	-0.57317822753	0.132942136277	-0.808574738591	-3.26104927063	0.777697324753	-4.63103199005
15	27	0.49999519065	0.516909542883	-0.200356019583	0.832263173457	2.95973992348	-1.13501596451	4.75755357742
16	27	0.499987952411	-0.511422839814	0.170573959326	-0.842229899325	-2.92477416992	0.987913370132	-4.81181001663
17	27	0.499188799411	0.475851993207	-0.272508781391	0.836243890636	2.71792507172	-1.52949249744	4.78109169006
18	27	0.496916431934	-0.475289242167	0.228462864017	-0.849649843197	-2.71463561058	1.2963347435	-4.85637569427
19	27	0.444304699078	0.349927173664	0.095020993701	0.931945268719	1.8018386364	0.47224894166	4.76221656799
20	27	0.49798194319	-0.486495624505	0.0225804368879	-0.873391167351	-2.78994846344	0.125076845288	-4.99490499496
21	27	0.499210517853	0.561886457302	-0.035419556117	0.82645572425	3.1826338768	-0.229757636786	4.73490142822
22	27	0.49908073619	-0.453310863839	0.195103792054	-0.869737759932	-2.59876990318	1.10829114914	-4.95887088776
23	27	0.497142385691	0.548423703405	-0.202191247119	0.811387787147	3.11576199532	-1.16388678551	4.64689445496
24	27	0.401731066406	-0.318754090367	0.590011028257	-0.741810498989	-1.51204681396	2.73915410042	-3.46741247177
25	27	0.320061072707	-0.504622272004	0.550980789764	-0.664662720414	-1.90321445465	2.10665845871	-2.5746152401
26	27	0.420362189412	-0.399218251816	0.59219932417	-0.699946246414	-1.94530320168	2.88765382767	-3.43369269371
27	27	0.498194046319	0.301093739855	-0.557785955202	0.773445142205	1.73482239246	-3.19269657135	4.42477416992
28	27	0.498974531889	-0.344123688613	0.627412753463	-0.698521383873	-1.95989203453	3.56236314774	-4.00913095474
29	27	0.446249045432	0.285845057979	-0.533840689364	0.79580570569	1.47024905682	-2.75921630859	4.07056856155
0	28	0.445152744651	0.2687917476	-0.590799434924	0.760727956707	1.39156246185	-3.02610778809	3.89045190811
1	28	0.498245742172	-0.314736312628	0.52234769148	-0.792523780538	-1.82038855553	2.98992538452	-4.53133440018
2	28	0.499210089445	0.40212745761	-0.512001037244	0.759044429331	2.28541326523	-2.91421842575	4.3442568779
3	28	0.499965272844	-0.46084977771	0.372083214685	-0.805711836661	-2.62118268013	2.14407968521	-4.60653972626
4	28	0.499373089522	0.408226396491	-0.350250665461	0.843015824615	2.3576669693	-1.99654448032	4.80267381668
5	28	0.499735824764	-0.506129325829	0.322029288472	-0.800081397672	-2.88469719887	1.85007071495	-4.57700634003
6	28	0.499310709536	0.425753785075	-0.329924967208	0.842545684522	2.44082975388	-1.87525296211	4.80877590179
7	28	0.49997029826	-0.396466581264	0.239626404197	-0.886224258499	-2.28007769585	1.39287316799	-5.05460596085
8	28	0.499964203686	0.45522424346	-0.328165162635	0.827694698665	2.60322022438	-1.84484171867	4.7445025444
9	28	0.499582834542	-0.570614609249	0.156727066338	-0.80612380835	-3.22573566437	0.913793683052	-4.62676906586
10	28	0.499735176563	0.499175191597	-0.180877428921	0.847412227786	2.8512942791	-1.02041447163	4.84914398193
11	28	0.49944492057	-0.459973502251	0.212312526062	-0.862176181824	-2.64416742325	1.20784783363	-4.91563272476
12	28	0.499967735261	0.513965860734	-0.18439432994	0.837757617146	2.93511414528	-1.04997050762	4.79240894318
13	28	0.499990068376	-0.444076213953	0.0845947304205	-0.89198657377	-2.55434799194	0.513637542725	-5.08964729309
14	28	0.49999942258	0.457517710209	-0.192997355528	0.868003205987	2.62202382088	-1.09207415581	4.96163654327
15	28	0.499999884516	-0.469861039428	0.147731232451	-0.870290805757	-2.69296765327	0.852957308292	-4.97016620636
16	28	0.499959990382	0.50004540749	-0.167657198405	0.849615003558	2.8561975956	-0.95011049509	4.85971021652
17	28	0.499609410763	-0.455714069767	0.0452404557648	-0.88897580832	-2.61685037613	0.27595308423	-5.07744169235
18	28	0.444383593276	0.35119915307	0.142430348182	0.925404101352	1.80537223816	0.709773540497	4.731777668
19	28	0.235408280976	0.382606733421	0.0746508643386	0.92089051249	1.07481122017	0.202470302582	2.59452867508
20	28	0.446156384423	0.332613878355	0.074152834992	0.940143268331	1.71473860741	0.369349598885	4.82395887375
21	28	0.498865634203	-0.375691724707	0.187063798015	-0.907668917314	-2.15110945702	1.04418063164	-5.18579626083
22	28	0.498107705265	0.402367043959	-0.234717640304	0.884877613722	2.31237459183	-1.33540558815	5.0612912178
23	28	0.415083277971	-0.481081224643	0.155030367208	-0.862859455844	-2.33578824997	0.764814734459	-4.1519036293
24	28	0.330264169723	-0.468771911553	0.410343760532	-0.782221767232	-1.85430300236	1.62276721001	-3.09108972549
25	28	0.404320321977	-0.432328764591	0.459908732318	-0.775613175008	-2.04407739639	2.16212630272	-3.63436412811
26	28	0.497907474637	0.498604348399	-0.384709268258	0.7767834207	2.84762001038	-2.23040676117	4.43471193314
27	28	0.499166376889	-0.446844493116	0.464835352979	-0.76436777378	-2.53465604782	2.65950942039	-4.3687376976
28	28	0.499239519238	0.284050044147	-0.526382540594	0.801396901278	1.66282105446	-3.01017022133	4.55885314941
29	28	0.498187750578	-0.390040840743	0.577067332838	-0.717538456059	-2.22672629356	3.29636979103	-4.1167178154
0	29	0.499451965094	-0.588979042831	0.461330715395	-0.663534217761	-3.3380177021	2.63861775398	-3.81884527206
1	29	0.499229207635	0.519568771669	-0.440868666208	0.731903757787	2.94264245033	-2.51500844955	4.1971540451
2	29	0.499972831458	-0.354550274928	0.384844230123	-0.852167249482	-2.04925584793	2.21560001373	-4.85644626617
3	29	0.499977309257	0.440104294834	-0.386679887867	0.810423885376	2.52364754677	-2.21131324768	4.62863969803
4	29	0.499991156161	-0.580510261287	0.41970361706	-0.697751180843	-3.29548311234	2.39231681824	-4.01403617859
5	29	0.499967470765	0.518261222583	-0.38407232412	0.76412940986	2.97175836563	-2.17944526672	4.37084341049
6	29	0.499991830438	-0.523593132709	0.162946387879	-0.83624081822	-2.98695015907	0.984759092331	-4.77680683136
7	29	0.499988440424	0.464163923091	-0.306257084426	0.831118794602	2.65421676636	-1.7336909771	4.75739717484
8	29	0.499993868172	-0.425901833341	0.205250306926	-0.881180991547	-2.43523097038	1.20174825191	-5.03144931793
9	29	0.49999211356	0.345525143584	-0.225211093546	0.910984269071	2.00668478012	-1.287301898	5.19710206985
10	29	0.499979410321	-0.469465451847	0.221740818611	-0.854653847405	-2.67963957787	1.27243840694	-4.8868932724
11	29	0.499989453703	0.506484995789	-0.264910183704	0.820545881478	2.89261937141	-1.49353992939	4.69978380203
12	29	0.499991584569	-0.537302255686	0.140448478547	-0.831613197892	-3.06086397171	0.821003973484	-4.75838661194
13	29	0.499999575317	0.425698773833	-0.221184611082	0.877415478424	2.44722914696	-1.24700450897	5.0143032074
14	29	0.499999716878	-0.420971507826	0.214968588741	-0.881232940518	-2.41851472855	1.22549629211	-5.03305864334
15	29	0.499997284263	0.502969590747	-0.161415899754	0.84909746089	2.86629533768	-0.927343964577	4.85869026184
16	29	0.499989435077	-0.515357987606	0.166935840493	-0.840558486823	-2.94383144379	0.948187708855	-4.80826854706
17	29	0.49919340387	0.599052273361	-0.0773576054323	0.796964349681	3.38860082626	-0.449358463287	4.57244825363
18	29	0.498064171523	-0.472269717647	0.0172187753667	-0.881285894343	-2.70346045494	0.101644858718	-5.04398679733
19	29	0.44668488577	0.365899652569	0.0571513038715	0.928897826844	1.87833285332	0.295570015907	4.77319288254
20	29	0.498126462102	-0.258690820731	-0.149278440699	-0.95435580703	-1.49172341824	-0.82372379303	-5.46588850021
21	29	0.498331554234	0.250056132903	-0.10082927141	0.962966971617	1.45045363903	-0.571087837219	5.48595905304
22	29	0.458436068147	-0.503423399077	0.232810279006	-0.832084283742	-2.64695644379	1.2286440134	-4.42417383194
23	29	0.314453691244	-0.749914470894	0.232414704286	-0.619363941133	-2.80825042725	0.878390073776	-2.29573607445
24	29	0.402349203825	-0.734509879335	0.403959116931	-0.545263485856	-3.4345600605	1.88630211353	-2.56740999222
25	29	0.497657641768	0.527402366878	-0.456598233807	0.716494798513	3.00554132462	-2.62486672401	4.09919214249
26	29	0.499155931175	-0.498409787368	0.587681742343	-0.637352220968	-2.84017014503	3.32107400894	-3.67418193817
27	29	0.499962292612	0.418118304187	-0.452324356596	0.787768849431	2.41409349442	-2.59511446953	4.48642015457
28	29	0.499950073659	-0.56341075825	0.458792605138	-0.687079080571	-3.18260836601	2.63318443298	-3.954433918
29	29	0.499264478683	0.440695886947	-0.496662865246	0.747738679963	2.53454303741	-2.82344388962	4.26665115356
