0	0	0.499957609922	0.407323175298	-0.434028817849	0.803558844231	2.35983490944	-2.48607492447	4.57750272751
1	0	0.499983429909	-0.629624880963	0.309169680368	-0.712731799496	-3.57675743103	1.78291976452	-4.09006166458
2	0	0.499985143542	0.69425026531	-0.227898609706	0.682699635865	3.94794082642	-1.3289577961	3.91656970978
3	0	0.499999515712	-0.640949499101	0.320124085658	-0.697641963605	-3.65346431732	1.83352041245	-3.99729824066
4	0	0.499998338521	0.575600281139	-0.31592066653	0.754240312375	3.29353380203	-1.81509208679	4.3059425354
5	0	0.50000025332	-0.597615814557	0.371437107793	-0.710555988748	-3.4173438549	2.1221203804	-4.06212663651
6	0	0.499998539686	0.611903027845	-0.335523642983	0.71623918457	3.49391770363	-1.93394136429	4.09095239639
7	0	0.500000037253	-0.582362090121	0.375134667972	-0.721199262947	-3.33751702309	2.13846826553	-4.11958837509
8	0	0.499999895692	0.585768317898	-0.331795420271	0.739450658823	3.35210943222	-1.88597202301	4.22968959808
9	0	0.49999884516	-0.577334397189	0.260802194795	-0.77373587807	-3.30287432671	1.50335144997	-4.4177107811
10	0	0.49999968335	0.548130876741	-0.215625091988	0.80812026436	3.14054560661	-1.2405500412	4.6131696701
11	0	0.499998793006	-0.549802147078	0.232385353191	-0.802318295124	-3.14752912521	1.33099675179	-4.58301639557
12	0	0.499999854714	0.532851930316	-0.268155909243	0.802596554127	3.0634727478	-1.513215065	4.58404445648
13	0	0.499999914318	-0.585495433884	0.180554054056	-0.790313438115	-3.34909772873	1.04049527645	-4.51482009888
14	0	0.500000178814	0.619930694051	-0.170994725711	0.765798105477	3.53701257706	-0.974823236465	4.38420391083
15	0	0.499999623746	-0.577733812129	0.135972555438	-0.804819921778	-3.30461525917	0.788970172405	-4.59792041779
16	0	0.499986149371	0.597330305533	-0.116609012852	0.793472648686	3.40489435196	-0.669558823109	4.54384899139
17	0	0.499962888658	-0.54316342616	-0.00669943320891	-0.839600268031	-3.09717965126	-0.00503920577466	-4.80669975281
18	0	0.499235432595	0.475411360728	-0.0496412960496	0.878361986778	2.71721601486	-0.288430482149	5.01140832901
19	0	0.499602742493	-0.493524527742	0.0872321936676	-0.865346222564	-2.79968762398	0.487022280693	-4.9622926712
20	0	0.498446512967	0.33562937118	-0.0753153343365	0.938978447897	1.93565630913	-0.427937060595	5.34408140182
21	0	0.496856071055	-0.337550008001	0.071131565356	-0.93861615824	-1.92627382278	0.416971832514	-5.36065769196
22	0	0.409819614142	-0.183969168096	-0.309993174637	0.932769841316	-0.889077007771	-1.48050439358	4.45208358765
23	0	0.355143949389	-0.801114377476	-0.263319291206	0.537474376207	-3.34934663773	-1.11410045624	2.28721213341
24	0	0.479463353753	0.194377261307	-0.478678795679	0.856203299955	1.08647799492	-2.64810490608	4.74739837646
25	0	0.499232746661	-0.362417111207	0.385744914137	-0.848442513505	-2.06368350983	2.21083807945	-4.8433098793
26	0	0.499959975481	0.451430745019	-0.418980000932	0.787823610506	2.56315398216	-2.40734052658	4.5083899498
27	0	0.499990150332	-0.425098844936	0.541424330709	-0.725362437786	-2.43833732605	3.07796287537	-4.15564441681
28	0	0.49998690933	0.52846048822	-0.474262339943	0.704134039301	3.01186823845	-2.7305226326	4.02082633972
29	0	0.499988652766	-0.529133466786	0.605701622089	-0.594258629997	-3.01166248322	3.43499135971	-3.4408223629
0	1	0.499999932945	-0.52635843573	0.361545153195	-0.769566046118	-2.99583506584	2.08584785461	-4.4000749588
1	1	0.49999807775	0.539686196077	-0.373223222395	0.754614627495	3.08887839317	-2.12328767776	4.31650543213
2	1	0.500000219792	-0.533772562636	0.282008248992	-0.797219040714	-3.06003069878	1.62571811676	-4.54805088043
3	1	0.499999493361	0.531018977727	-0.356050823015	0.768925650973	3.04672145844	-2.02766656876	4.39213180542
4	1	0.50000038743	-0.586358061657	0.370939642375	-0.720130547363	-3.34658646584	2.11925244331	-4.12236213684
5	1	0.50000038743	0.63907406914	-0.414251162095	0.648058877615	3.63493347168	-2.36423921585	3.72657704353
6	1	0.499999977648	-0.578113503545	0.401033585023	-0.710603152753	-3.30953788757	2.28854846954	-4.061170578
7	1	0.499998360872	0.600521588395	-0.336628771299	0.725296416788	3.42642879486	-1.92721629143	4.15065097809
8	1	0.499999582767	-0.571502680655	0.259915091018	-0.778350069997	-3.26581764221	1.51370894909	-4.44210195541
9	1	0.499998167157	0.549048621294	-0.368975269074	0.749935238715	3.14754056931	-2.09022164345	4.29051685333
10	1	0.499999970198	-0.604624386706	0.291606990139	-0.741211652838	-3.44685792923	1.67326140404	-4.24324560165
11	1	0.49999910593	0.608254833757	-0.302977904671	0.733641906172	3.47410583496	-1.72240543365	4.20127916336
12	1	0.499999724329	-0.669544918124	0.15506192262	-0.726405811353	-3.80292534828	0.920964002609	-4.17005586624
13	1	0.500000014901	0.573697062726	-0.241747888588	0.782578838574	3.2950720787	-1.373046875	4.46568393707
14	1	0.49999782443	-0.613241581858	0.192429328193	-0.766097719571	-3.50341629982	1.10959565639	-4.37919092178
15	1	0.499999880791	0.586735334995	-0.240913813447	0.773112010745	3.35423469543	-1.37156689167	4.42166280746
16	1	0.499996848404	-0.577289046616	0.289248269808	-0.763592034446	-3.29588460922	1.63183903694	-4.37764263153
17	1	0.499984063208	0.524857936873	-0.187942050776	0.830181866612	3.00031757355	-1.06000566483	4.75043439865
18	1	0.499981582165	-0.436299720686	0.0512419957891	-0.89834114433	-2.50161957741	0.301721096039	-5.13202381134
19	1	0.499286022037	0.447085447914	-0.0528432491909	0.892928996773	2.55058717728	-0.29596722126	5.09875392914
20	1	0.498092429712	-0.352489590876	0.00937438132415	-0.935768779827	-2.02718186378	0.0582797899842	-5.35305452347
21	1	0.420184323564	0.333315990721	0.00948746135568	0.942767436013	1.62842726707	0.0343037731946	4.60650587082
22	1	0.333936788142	0.118467197977	-0.383041706976	0.916102927471	0.444372951984	-1.52041363716	3.66305947304
23	1	0.394336231053	-0.526437996563	-0.420231068407	0.739100050683	-2.39662647247	-1.93063259125	3.41417956352
24	1	0.494416110218	-0.375423819794	0.448482788923	-0.811122767262	-2.12440848351	2.53769993782	-4.61895895004
25	1	0.499544546008	0.408117889219	-0.348997176349	0.843588027061	2.33845949173	-2.00545620918	4.81070518494
26	1	0.499982893467	-0.447212087572	0.42783631182	-0.785466383124	-2.563580513	2.4317009449	-4.49438428879
27	1	0.499998264015	0.457577251212	-0.39715606326	0.795543914935	2.63469696045	-2.28251743317	4.53250980377
28	1	0.499999821186	-0.637071316063	0.406736338402	-0.654756205983	-3.61094999313	2.33619141579	-3.76827764511
29	1	0.499998003244	0.501842633069	-0.480831108225	0.718996117512	2.88356471062	-2.73923683167	4.10772228241
0	2	0.50000025332	0.407612861523	-0.439195619923	0.800599127255	2.36693048477	-2.49699449539	4.56685686111
1	2	0.499999955297	-0.535132689968	0.36466589069	-0.762005113037	-3.04459834099	2.08206272125	-4.36838960648
2	2	0.499999608845	0.470504637344	-0.361623667631	0.804893601197	2.70356488228	-2.05408906937	4.59954357147
3	2	0.500000100583	-0.520412907415	0.325036760023	-0.789633782477	-2.97538852692	1.85699093342	-4.51476383209
4	2	0.500000193715	0.505732886768	-0.373074021918	0.777849613622	2.90313744545	-2.12762975693	4.44200658798
5	2	0.499999403954	-0.489117138939	0.448314313094	-0.748183601178	-2.81657767296	2.54885983467	-4.273229599
6	2	0.499987110496	0.5338522453	-0.452531466356	0.714294793588	3.05650901794	-2.57194328308	4.08967733383
7	2	0.499991409481	-0.566819725507	0.33490857223	-0.752696251501	-3.2334651947	1.92928409576	-4.30219650269
8	2	0.499963440001	0.501634595959	-0.425193019357	0.753374825984	2.88484144211	-2.40715074539	4.30898857117
9	2	0.499989099801	-0.570416760849	0.351390788633	-0.742394256852	-3.25807094574	2.01584553719	-4.24312114716
10	2	0.499987259507	0.552801190665	-0.373938145456	0.744702025626	3.1650686264	-2.1298789978	4.25744485855
11	2	0.49999897927	-0.561962395562	0.365635722776	-0.741962791657	-3.20801305771	2.0898373127	-4.24567461014
12	2	0.499999426305	0.520266167025	-0.323279303966	0.790451521016	2.99853563309	-1.83796525002	4.50817775726
13	2	0.499987192452	-0.661930733821	0.278456400589	-0.695923657159	-3.76445055008	1.5942209959	-3.99674224854
14	2	0.499991863966	0.631870023267	-0.264005030885	0.728726023526	3.6112382412	-1.504114151	4.16898727417
15	2	0.49996343255	-0.571498133292	0.260697383619	-0.778091741261	-3.27166748047	1.48969066143	-4.44464874268
16	2	0.499986048788	0.510946811906	-0.293008550425	0.808133246922	2.94046330452	-1.65998888016	4.61385726929
17	2	0.499983210117	-0.51569371702	0.189702873502	-0.83550751643	-2.95104575157	1.07935273647	-4.7769408226
18	2	0.499944275245	0.382142689996	-0.0486769324921	0.922820416292	2.21456003189	-0.285283237696	5.26330661774
19	2	0.499708052725	-0.483764415954	-0.0302088531393	-0.87467674889	-2.75932502747	-0.16900241375	-5.00437116623
20	2	0.455402091146	0.468036515192	0.171743176697	0.866859908927	2.44439220428	0.873073160648	4.55542039871
21	2	0.27582701575	0.392337006687	-0.0694103473551	0.917198929821	1.28309416771	-0.238811016083	3.0285577774
22	2	0.419057004154	0.223847199811	-0.448811346582	0.865136293491	1.10253214836	-2.15712070465	4.23160028458
23	2	0.493894029409	-0.37259383128	0.311526109585	-0.874142619908	-2.11358261108	1.76794803143	-4.97111606598
24	2	0.498821679503	0.450618548774	-0.348139386407	0.822035212831	2.57416510582	-1.98048639297	4.69007158279
25	2	0.499885767698	-0.533184606595	0.313974914692	-0.785578721857	-3.04605317116	1.79206204414	-4.49343013763
26	2	0.499990358949	0.563675047656	-0.306621112724	0.766977140391	3.21794319153	-1.77170670033	4.3809428215
27	2	0.500000059605	-0.580832212192	0.378453972296	-0.72069864169	-3.3085694313	2.16286373138	-4.13024425507
28	2	0.500000014901	0.543929269696	-0.397939627986	0.738772632172	3.10882854462	-2.27501654625	4.22425603867
29	2	0.500000007451	-0.536612236313	0.378841992451	-0.754006666148	-3.0557103157	2.17695736885	-4.31369400024
0	3	0.499999672174	-0.573323935455	0.420339881485	-0.703288027103	-3.26580047607	2.37960910797	-4.04688549042
1	3	0.500000182539	0.457165995922	-0.239250699497	0.856596961798	2.64427518845	-1.39207088947	4.87586355209
2	3	0.500000074506	-0.487342773701	0.271325110079	-0.829987774345	-2.79929304123	1.55121564865	-4.73767185211
3	3	0.499999910593	0.554517741728	-0.189753845443	0.810249068033	3.17802143097	-1.11180818081	4.62175321579
4	3	0.499999478459	-0.587597687525	0.267639333082	-0.763608633399	-3.35158634186	1.54177689552	-4.36753129959
5	3	0.499987125397	0.560501852674	-0.334877528456	0.757426375355	3.20581912994	-1.92190146446	4.32590770721
6	3	0.499977223575	-0.553860869907	0.402417204873	-0.728902277407	-3.16429710388	2.29421687126	-4.17245674133
7	3	0.499232664704	0.504609651696	-0.348606191761	0.789837212647	2.89257478714	-2.00012159348	4.49613523483
8	3	0.499595180154	-0.53880796081	0.373461888549	-0.755123962783	-3.0854640007	2.1411485672	-4.31065320969
9	3	0.499256715178	0.626645752892	-0.360625145509	0.690843401076	3.55907678604	-2.05876326561	3.95999288559
10	3	0.499968536198	-0.549729410725	0.3583901113	-0.754555566613	-3.14449739456	2.06215667725	-4.3065328598
11	3	0.499986588955	0.467077311968	-0.476801311458	0.74464709362	2.6948826313	-2.69395971298	4.26302433014
12	3	0.499986514449	-0.539117649978	0.302883062264	-0.785884221801	-3.08683991432	1.75036633015	-4.48270368576
13	3	0.499975807965	0.58923048912	-0.329072613865	0.737915066586	3.37602996826	-1.8673377037	4.21927547455
14	3	0.499229766428	-0.672451895353	0.235201810132	-0.701775289496	-3.82110738754	1.35861706734	-4.01734447479
15	3	0.499691933393	0.61158663842	-0.245485649722	0.752129363532	3.49781799316	-1.40410399437	4.29988384247
16	3	0.499221943319	-0.652204170516	0.207170013591	-0.729184685406	-3.71012020111	1.18572711945	-4.17315149307
17	3	0.499653019011	0.649881246831	-0.150435413464	0.74499902778	3.69409132004	-0.85502243042	4.27524375916
18	3	0.499824360013	-0.508255002167	0.0829991453673	-0.85719775702	-2.91473817825	0.471996128559	-4.89590930939
19	3	0.49887572974	0.530387404959	0.0575199861509	0.845801780475	3.01344871521	0.29794305563	4.83501958847
20	3	0.498377531767	-0.392435737211	0.0477286717181	-0.918540236493	-2.2599375248	0.271576911211	-5.24920701981
21	3	0.454584928229	0.354556021219	0.013209956967	0.934941455309	1.85779547691	0.0450284406543	4.89267444611
22	3	0.497440621257	-0.464288717897	0.156902526432	-0.871675159468	-2.65579795837	0.882221341133	-4.98795461655
23	3	0.498731847852	0.43676949027	-0.12947721997	0.890206752321	2.50127148628	-0.759385585785	5.06936168671
24	3	0.499897692353	-0.501042984207	0.264737650487	-0.823935619082	-2.87949848175	1.50167834759	-4.70597696304
25	3	0.499971702695	0.665439689421	-0.174615750377	0.725740559335	3.77917385101	-1.03552269936	4.16478157043
26	3	0.499997869134	-0.613885458002	0.396394047783	-0.682653941127	-3.50575494766	2.23523926735	-3.92575454712
27	3	0.499999836087	0.5688182325	-0.38271984535	0.727991303761	3.24877405167	-2.18776035309	4.16458559036
28	3	0.500000093132	-0.407722932632	0.41405521513	-0.813830626746	-2.37134027481	2.36326289177	-4.6359295845
29	3	0.499999653548	0.478644136191	-0.362845726988	0.799526590738	2.75324249268	-2.08526182175	4.55635690689
0	4	0.500000089407	0.682883883377	-0.230266177031	0.693287162394	3.89484167099	-1.34276771545	3.96484541893
1	4	0.500000089407	-0.652305901748	0.244100974473	-0.717573497843	-3.71582889557	1.39821815491	-4.11411571503
2	4	0.500000223517	0.623547620158	-0.2727854845	0.732650288229	3.5703458786	-1.557939291	4.18510150909
3	4	0.500000119209	-0.712932244255	0.276655393401	-0.644351928998	-4.05210876465	1.57745313644	-3.71332883835
4	4	0.499997369945	0.588551161312	-0.331814968306	0.737228836472	3.3816485405	-1.88744783401	4.20576572418
5	4	0.49999230355	-0.624966082718	0.32478804957	-0.709880354925	-3.56372833252	1.85850071907	-4.06560230255
6	4	0.499243311584	0.573860107326	-0.369743058908	0.730735689295	3.27130746841	-2.11618041992	4.17163991928
7	4	0.498371437192	-0.539803212591	0.427420930679	-0.725206067055	-3.09082818031	2.43883085251	-4.1587266922
8	4	0.445745438337	0.608929352312	-0.492640382491	0.621699684279	3.10882401466	-2.50955867767	3.21287345886
9	4	0.498153425753	-0.5724529982	0.345043056829	-0.743802967045	-3.28018903732	1.98535716534	-4.25056934357
10	4	0.499257139862	0.566421819978	-0.436182656029	0.69922171908	3.22728967667	-2.47202730179	4.00756216049
11	4	0.499988250434	-0.557151142034	0.35941993067	-0.748598636365	-3.17676782608	2.07856702805	-4.27536344528
12	4	0.499989360571	0.616248645119	-0.376888041254	0.691515011948	3.51076221466	-2.1472735405	3.9687743187
13	4	0.499242380261	-0.596719847779	0.258464842955	-0.759685032249	-3.40253400803	1.50420093536	-4.32996368408
14	4	0.498347222805	0.575374139943	-0.346349015749	0.740936541395	3.30234360695	-1.97051930428	4.24329996109
15	4	0.445311527699	-0.544878426131	0.287702332881	-0.787613400338	-2.7955224514	1.47380018234	-4.03017520905
16	4	0.497925303876	0.628657399833	-0.194848216128	0.752877178766	3.59509849548	-1.10774052143	4.31129646301
17	4	0.498289722949	-0.607385808942	0.0375096943774	-0.793520952416	-3.46969938278	0.24419747293	-4.52604007721
18	4	0.473014339805	0.591207695814	-0.147920467233	0.792838568552	3.21938657761	-0.797279119492	4.3294839859
19	4	0.498416062444	-0.531604063386	0.108981202079	-0.839952509006	-3.04097175598	0.621692180634	-4.80686807632
20	4	0.49762987718	0.445796279579	-0.198544250432	0.872837818689	2.53471684456	-1.11592531204	4.97148990631
21	4	0.497879736125	-0.31877390487	0.184855362973	-0.929629868471	-1.84844326973	1.03766477108	-5.31656599045
22	4	0.470493428409	0.560292200143	0.0344026923909	0.827580271161	3.02536058426	0.1592631042	4.50177526474
23	4	0.499075114727	-0.519262664438	0.115433614101	-0.846782950972	-2.97606515884	0.661904513836	-4.83824443817
24	4	0.499650038779	0.655255952271	-0.194122925632	0.730038304993	3.71759271622	-1.11800515652	4.19284582138
25	4	0.499995328486	-0.569436828911	0.286450952542	-0.770511226179	-3.26782369614	1.61552071571	-4.404109478
26	4	0.499998345971	0.561857585102	-0.198641400642	0.803030290845	3.22306060791	-1.16941249371	4.57592582703
27	4	0.500000245869	-0.608235688361	0.348261658782	-0.713276359083	-3.47089624405	1.98663043976	-4.08565711975
28	4	0.499999508262	0.603369689236	-0.424318344731	0.67520290316	3.43910121918	-2.41550946236	3.8766605854
29	4	0.500000104308	-0.621068905581	0.397911369187	-0.675233261024	-3.55057573318	2.26215481758	-3.86893796921
0	5	0.500000245869	-0.733761700819	0.250829579883	-0.631409762569	-4.17598295212	1.43475973606	-3.63260436058
1	5	0.499997787178	0.605092314635	-0.247601649743	0.756674774136	3.48698282242	-1.40854501724	4.30702924728
2	5	0.499999888241	-0.722038557236	0.273886992527	-0.635331596247	-4.1083407402	1.55685114861	-3.6589512825
3	5	0.499998345971	0.674058227677	-0.219409464029	0.705340338273	3.85608577728	-1.26958310604	4.02519369125
4	5	0.499999910593	-0.686193420251	0.312854247447	-0.656704507262	-3.9109146595	1.77818202972	-3.77218818665
5	5	0.499962985516	0.633511685072	-0.277436816029	0.722282325679	3.61835718155	-1.60415840149	4.12523603439
6	5	0.499682709575	-0.509327314315	0.418793775335	-0.751796156304	-2.92691135406	2.37772631645	-4.29870939255
7	5	0.445603836328	0.490414536839	-0.345027689848	0.800280872754	2.51456451416	-1.7802734375	4.09519958496
8	5	0.232825629413	0.46052853936	-0.419543201997	0.78223843302	1.31496167183	-1.15421688557	2.16480207443
9	5	0.445397511125	0.649425038691	-0.344485264029	0.677921103071	3.30369281769	-1.77598214149	3.4893848896
10	5	0.499612137675	-0.49421817986	0.383748569312	-0.780054758493	-2.83124446869	2.2075521946	-4.44995546341
11	5	0.499959558249	0.41403977987	-0.520241215931	0.746940518336	2.40564417839	-2.94552659988	4.2700843811
12	5	0.499962590635	-0.584539749349	0.435472865277	-0.684599638503	-3.33126688004	2.48437905312	-3.92612504959
13	5	0.499703235924	0.524401897436	-0.416977934764	0.742382685605	3.01480650902	-2.36551451683	4.2448348999
14	5	0.445400878787	-0.564275195095	0.358091461943	-0.743884405727	-2.88921356201	1.83530592918	-3.81054496765
15	5	0.232166009024	-0.555162546184	0.350744126933	-0.754170474586	-1.5498046875	0.951166391373	-2.09739875793
16	5	0.445959843695	-0.555277131674	0.128580372126	-0.821665622345	-2.8528008461	0.687053024769	-4.20922517776
17	5	0.472386911511	0.543903916762	-0.170166969148	0.821712682111	2.96476984024	-0.925578474998	4.48021507263
18	5	0.329004619271	0.637271949511	-0.19155924879	0.746451282114	2.49929308891	-0.754844605923	2.95106601715
19	5	0.427972692996	0.630711796316	-0.132908322103	0.764550853707	3.13689041138	-0.670972824097	3.81137228012
20	5	0.49591364339	-0.489838081647	0.235320079094	-0.839454057196	-2.7951002121	1.34192728996	-4.79705524445
21	5	0.417310446501	0.395541434766	-0.0991450561779	0.913081174496	1.93229532242	-0.472212105989	4.4268746376
22	5	0.319923199713	0.548506012907	0.102857674421	0.829796030731	2.08656191826	0.351351827383	3.19235277176
23	5	0.472480591387	0.515821040892	-0.161697688339	0.841298110873	2.81396102905	-0.878729820251	4.58001661301
24	5	0.499831780791	-0.595893973158	0.254671472878	-0.761611983661	-3.39904499054	1.43294835091	-4.36807489395
25	5	0.499984174967	0.583944319723	-0.204417968844	0.78563498234	3.33267331123	-1.17839598656	4.49302434921
26	5	0.500000178814	-0.583335438543	0.279697305136	-0.762554380775	-3.33459091187	1.59219455719	-4.3619799614
27	5	0.49999962002	0.594373689909	-0.301300598684	0.74561241002	3.39932060242	-1.7274851799	4.25938606262
28	5	0.499999970198	-0.582702248331	0.376247492898	-0.720344302315	-3.33807611465	2.14947295189	-4.11379480362
29	5	0.499999910593	0.698964607854	-0.357254971456	0.619529952737	3.9812707901	-2.03736424446	3.56217908859
0	6	0.499987103045	0.621667060163	-0.156430195451	0.767502221664	3.57304954529	-0.908799052238	4.3703584671
1	6	0.499988555908	-0.71552610301	0.0973178553011	-0.691774263002	-4.07908821106	0.583293914795	-3.96391129494
2	6	0.499959081411	0.644643404189	-0.214777022104	0.733693200331	3.70448040962	-1.21675848961	4.18152141571
3	6	0.499984361231	-0.621149345861	0.248254377394	-0.743332532748	-3.56792974472	1.41032135487	-4.23872518539
4	6	0.499985329807	0.643741879398	-0.250975986532	0.72291593349	3.69054174423	-1.43430185318	4.12427139282
5	6	0.499990329146	-0.656410327646	0.32646463391	-0.680107583082	-3.74666643143	1.85614657402	-3.89953589439
6	6	0.499243251979	0.527297576347	-0.390446487835	0.754658072319	3.02110719681	-2.21633553505	4.30697107315
7	6	0.498352006078	-0.461066395501	0.303040412275	-0.834016958741	-2.66184186935	1.74237906933	-4.76238489151
8	6	0.445456780493	0.499541684295	-0.33606612647	0.798447032865	2.55990791321	-1.72883367538	4.08663415909
9	6	0.49799721688	-0.431924168474	0.385169703225	-0.81552793478	-2.48372745514	2.20400667191	-4.66108036041
10	6	0.499233163893	0.452063084855	-0.420924267999	0.786423377018	2.59354543686	-2.39604997635	4.48504543304
11	6	0.499989375472	-0.565589157763	0.425234944524	-0.706600415069	-3.22543644905	2.42313098907	-4.05204820633
12	6	0.499990575016	0.595586836674	-0.362756384707	0.716717605012	3.40191578865	-2.07821273804	4.09763097763
13	6	0.499238364398	-0.584707882105	0.298745859887	-0.754233122983	-3.341609478	1.7225035429	-4.29565382004
14	6	0.498299233615	0.61465065901	-0.29580325999	0.731235255413	3.51682090759	-1.70317387581	4.18534183502
15	6	0.445362024009	-0.59706906442	0.369633636106	-0.711954708792	-3.05905365944	1.88603234291	-3.65033626556
16	6	0.497305370867	0.587492270324	-0.290008984062	0.755478405696	3.35712528229	-1.66063892841	4.31827545166
17	6	0.496061999351	-0.426787240569	0.239131786095	-0.872163195833	-2.46492195129	1.37272572517	-4.97231245041
18	6	0.394080378115	0.555058624204	-0.285321721086	0.781345915183	2.59049510956	-1.31732976437	3.62597203255
19	6	0.386317323893	0.572780096984	-0.343058943834	0.744468616904	2.63756275177	-1.59958577156	3.4466791153
20	6	0.401167549193	0.248265394607	-0.698187058913	0.67149022674	1.18197894096	-3.28153944016	3.19212818146
21	6	0.372693354264	0.315901690103	-0.167549601516	0.93388074893	1.41963505745	-0.767703771591	4.15712881088
22	6	0.417462512851	0.485392931056	-0.0754891934	0.871031046611	2.35828566551	-0.367061197758	4.22819137573
23	6	0.498372856528	-0.46201227449	0.193728806203	-0.865455838196	-2.6561498642	1.09541904926	-4.95037269592
24	6	0.49952602759	0.488631440613	-0.0868433904491	0.868157555274	2.80199694633	-0.529054701328	4.95001411438
25	6	0.499993570149	-0.486687942335	0.15605360036	-0.859524357188	-2.79898786545	0.902324318886	-4.90327072144
26	6	0.500002585351	0.587570289022	-0.302389137137	0.750547776761	3.35092353821	-1.71020555496	4.30565261841
27	6	0.499997839332	-0.628445985831	0.273544180035	-0.728168403916	-3.57979488373	1.56934142113	-4.17250823975
28	6	0.499999776483	0.522523409002	-0.405786319715	0.749871155451	3.00536227226	-2.29634451866	4.28790521622
29	6	0.499997347593	-0.61748478691	0.323884370254	-0.716806426199	-3.53192925453	1.84533548355	-4.10008955002
0	7	0.499943293631	-0.678141266953	0.145270487205	-0.720431056801	-3.87615585327	0.837217926979	-4.11827802658
1	7	0.499221302569	0.758581374977	-0.172448655567	0.62834366292	4.32057142258	-0.974841237068	3.60112810135
2	7	0.499560952187	-0.78093711804	0.0511130709477	-0.622514796326	-4.44941711426	0.30877327919	-3.57915377617
3	7	0.499280303717	0.743676624157	-0.17003948663	0.64655367269	4.24621677399	-0.970880866051	3.69106054306
4	7	0.49996496737	-0.747378253907	0.105771191016	-0.655925453644	-4.26225471497	0.628954231739	-3.75858163834
5	7	0.49997549504	0.703258719123	-0.220061749093	0.676017751663	4.019302845	-1.2659342289	3.86380243301
6	7	0.499977491796	-0.61326388472	0.332109265717	-0.716666479837	-3.51692485809	1.88099431992	-4.09727954865
7	7	0.49924390018	0.657126691408	-0.265175459068	0.705596547148	3.7340502739	-1.52216506004	4.04187202454
8	7	0.499675951898	-0.543735624019	0.378097077505	-0.749262418085	-3.11793470383	2.1466050148	-4.28574228287
9	7	0.499269753695	0.520247571793	-0.338649759508	0.784001788536	2.9684009552	-1.94223499298	4.47248458862
10	7	0.499975897372	-0.510972496684	0.382633107992	-0.769739574338	-2.92748618126	2.18005847931	-4.40062999725
11	7	0.4999878034	0.640772587049	-0.254430720001	0.724344876704	3.64025259018	-1.49287378788	4.14960813522
12	7	0.499986678362	-0.605604489451	0.351199964385	-0.714074076951	-3.46127653122	2.00619339943	-4.08361768723
13	7	0.499976105988	0.650764445006	-0.37183571421	0.661999878213	3.71083784103	-2.11960077286	3.79782342911
14	7	0.499244563282	-0.624573536494	0.389079009543	-0.677145052292	-3.57081913948	2.21009063721	-3.86649179459
15	7	0.499217689037	0.689205767687	-0.388043686908	0.611896647187	3.92498779297	-2.21369624138	3.51198291779
16	7	0.497049629688	-0.721435176949	0.359953967043	-0.591577912934	-4.10076904297	2.0590672493	-3.3990983963
17	7	0.415988419205	0.536762339024	-0.338996988882	0.772636546465	2.60845828056	-1.64647483826	3.72795319557
18	7	0.378393471241	0.581668534038	-0.280309535478	0.763602174453	2.62575292587	-1.27274131775	3.46643185616
19	7	0.416687250137	0.311196710858	-0.704917924062	0.637375342704	1.5398786068	-3.44772720337	3.14544296265
20	7	0.343327283859	0.192366709132	-0.746700572013	0.636736448598	0.808179080486	-3.05780053139	2.62387704849
21	7	0.440482772887	0.402004127842	-0.52408174397	0.750820222713	2.05678272247	-2.67461585999	3.86294174194
22	7	0.498249251395	-0.499906454093	0.353955345492	-0.790448702038	-2.8526673317	2.00556254387	-4.53621816635
23	7	0.499152626842	0.553736740826	-0.167986778833	0.815571004877	3.14393663406	-0.988067686558	4.66083192825
24	7	0.499976731837	-0.539354786726	0.246812563198	-0.805096250571	-3.07976865768	1.39001715183	-4.61197137833
25	7	0.499992407858	0.512601760537	-0.158708504233	0.843831171371	2.9366774559	-0.920016825199	4.81793069839
26	7	0.49998755008	-0.493576192942	0.211650224966	-0.843555999346	-2.84295654297	1.20473301411	-4.8117442131
27	7	0.499988153577	0.602914975912	-0.161994110749	0.78118591891	3.43415212631	-0.956646680832	4.4703745842
28	7	0.499960877001	-0.496429087832	0.289022772071	-0.818549936155	-2.86092543602	1.64279437065	-4.66961717606
29	7	0.499977216125	0.623122999219	-0.281739972671	0.729616553844	3.56065678596	-1.59490466118	4.17962884903
0	8	0.499294891953	0.679345870159	-0.0540802858102	0.731822732214	3.87569713593	-0.334984004498	4.17949914932
1	8	0.496291927993	-0.704240370727	0.223052348968	-0.674012722327	-4.01932525635	1.24527049065	-3.85594892502
2	8	0.443346485496	0.63205577601	0.194671347826	0.750072371407	3.23802638054	0.962764799595	3.82882213593
3	8	0.496694274247	-0.813008128147	0.249408946205	-0.52613017507	-4.63211107254	1.39765608311	-3.03698015213
4	8	0.499341599643	0.705631255534	-0.12025469963	0.698300321088	4.04392147064	-0.702874183655	3.96971559525
5	8	0.499985814095	-0.768601404315	0.231137777415	-0.59651253896	-4.3781080246	1.31082653999	-3.4356341362
6	8	0.499985195696	0.69914239151	-0.168169201774	0.694923762703	3.9951274395	-0.980463147163	3.97051143646
7	8	0.499991163611	-0.708178514645	0.153307614587	-0.689187903772	-4.04063224792	0.900439143181	-3.94381809235
8	8	0.499960422516	0.59874517802	-0.32636935423	0.731428230531	3.43077754974	-1.85523462296	4.18013095856
9	8	0.499992124736	-0.570061711293	0.341898007176	-0.747084598962	-3.25333142281	1.95428371429	-4.27545118332
10	8	0.499986797571	0.518542198308	-0.380200069998	0.765873289355	2.96639752388	-2.1681265831	4.37944126129
11	8	0.499999277294	-0.482761599586	0.41791557121	-0.769602373506	-2.77997088432	2.37579846382	-4.39505910873
12	8	0.499999776483	0.52885722349	-0.375321002565	0.761212310854	3.03242969513	-2.14671063423	4.34523010254
13	8	0.499987311661	-0.63878149017	0.348033089593	-0.686171389935	-3.63752698898	1.99545145035	-3.93343710899
14	8	0.499978780746	0.62970854937	-0.33628252173	0.700272238797	3.59277534485	-1.9275316	4.00736618042
15	8	0.499816402793	-0.584175264136	0.379934232674	-0.717209341555	-3.34855556488	2.17451786995	-4.09056758881
16	8	0.476109735668	0.517806877846	-0.48694416215	0.70339279226	2.85860300064	-2.66016817093	3.86106991768
17	8	0.335115082562	0.669266997428	-0.427298428408	0.60786325702	2.66907191277	-1.69503760338	2.46999597549
18	8	0.417877480388	0.563275951236	-0.238310741307	0.79115623826	2.74668741226	-1.1825966835	3.83082222939
19	8	0.496812917292	-0.464116878707	0.345306301374	-0.815695458569	-2.65604734421	1.98234915733	-4.66069602966
20	8	0.478313490748	0.319398869667	-0.410045971234	0.854310636438	1.77470993996	-2.25998878479	4.70947790146
21	8	0.498598895967	-0.314088304972	0.29938799064	-0.90095247807	-1.80780386925	1.72530007362	-5.14279174805
22	8	0.499362640083	0.383315358338	-0.268364876026	0.883770122474	2.19772529602	-1.54186069965	5.03970432281
23	8	0.499975569546	-0.437277193792	0.334475734807	-0.834814134173	-2.51332378387	1.88410830498	-4.77779817581
24	8	0.499989677221	0.538222876025	-0.222139586042	0.813000701129	3.0672249794	-1.27827823162	4.65235710144
25	8	0.499987788498	-0.609626985167	0.216183106734	-0.762640022106	-3.46793246269	1.22827625275	-4.37607717514
26	8	0.499975547194	0.575374654993	-0.116268174988	0.809583669472	3.28731441498	-0.69476890564	4.62653017044
27	8	0.499237269163	-0.558794322439	0.340432112745	-0.756210871267	-3.20093607903	1.89782214165	-4.33041524887
28	8	0.49960135296	0.542985808947	-0.143673867496	0.827359795422	3.12020230293	-0.848407268524	4.71646928787
29	8	0.499286457896	-0.645374609025	0.126437503569	-0.753329391248	-3.67655801773	0.719023764133	-4.30882883072
0	9	0.498778030276	-0.618334027729	0.109364753601	-0.778268835829	-3.53140258789	0.599735796452	-4.44511795044
1	9	0.444853525609	0.463449158402	0.167441010053	0.87015997709	2.40594291687	0.827293932438	4.44586277008
2	9	0.239383976907	0.634651598189	0.0193214991688	0.77255681253	1.82554912567	0.0559092387557	2.20312929153
3	9	0.445347949862	0.754640281249	0.0678016727836	0.652626216975	3.85789775848	0.33064186573	3.36002182961
4	9	0.499634228647	-0.697709393797	0.112808827503	-0.707443121562	-3.99028730392	0.654244244099	-4.04297018051
5	9	0.499957151711	0.698794654657	-0.237489327866	0.674747989825	3.99320483208	-1.34877943993	3.86208176613
6	9	0.499999456108	-0.655657590262	0.240717032757	-0.715659440288	-3.76048779488	1.36339998245	-4.08454751968
7	9	0.499996364117	0.742748495289	-0.187722799877	0.642716751884	4.23029232025	-1.0918033123	3.68810319901
8	9	0.499999634922	-0.674345371431	0.258308274792	-0.691762354573	-3.84880924225	1.48938083649	-3.95728254318
9	9	0.49999781698	0.547390624346	-0.318158415969	0.77404052008	3.13962221146	-1.82085335255	4.41737222672
10	9	0.499999489635	-0.526863341698	0.299271873375	-0.795519556631	-3.014742136	1.73135900497	-4.53866624832
11	9	0.500000022352	0.529795618854	-0.44510579463	0.72194004864	3.0306634903	-2.52010774612	4.14180612564
12	9	0.499999791384	-0.504500684026	0.399167468994	-0.765600673664	-2.90062904358	2.27441120148	-4.37055540085
13	9	0.499999761581	0.514711357391	-0.392490105218	0.762249129799	2.96420478821	-2.22929048538	4.3514547348
14	9	0.49999384582	-0.549894433971	0.294542530282	-0.781575850025	-3.16112422943	1.69752895832	-4.45151853561
15	9	0.499727725983	0.623854982529	-0.360534976961	0.693411487619	3.55310511589	-2.05939531326	3.97317862511
16	9	0.499214321375	-0.554700873791	0.451183197878	-0.699099894556	-3.18069171906	2.56525444984	-3.9977991581
17	9	0.476281046867	0.587058260148	-0.437828090895	0.680932567892	3.22227811813	-2.39633274078	3.7478890419
18	9	0.498336404562	-0.642391642865	0.270231862249	-0.717152506656	-3.66061520576	1.56689929962	-4.11088085175
19	9	0.498911745846	0.541920543121	-0.349751692973	0.76419623017	3.0806427002	-1.99961185455	4.36611700058
20	9	0.499829474837	-0.399234905632	0.425978246195	-0.811883011211	-2.28953456879	2.41400146484	-4.64904546738
21	9	0.499660365283	0.373994823306	-0.306107872432	0.875457504723	2.13976979256	-1.75211977959	4.9993686676
22	9	0.499983884394	-0.3982119256	0.234577565491	-0.886792325225	-2.28124117851	1.35030794144	-5.06521987915
23	9	0.499992415309	0.46017160113	-0.219733942984	0.860208748976	2.62833404541	-1.2709530592	4.91542482376
24	9	0.499997235835	-0.394864174743	0.23106907905	-0.889207154836	-2.29684472084	1.32187962532	-5.06707668304
25	9	0.499990660697	0.546575699657	-0.234281497674	0.803969641461	3.1259932518	-1.33009302616	4.59862661362
26	9	0.499236576259	-0.574047724483	0.161709171319	-0.802695056623	-3.27888298035	0.927639663219	-4.5792760849
27	9	0.498326092958	0.643199709064	-0.19847695495	0.739527573937	3.6751704216	-1.1448507309	4.2396478653
28	9	0.444669827819	-0.701046885456	0.262546082928	-0.663025503831	-3.57713055611	1.32891440392	-3.4075922966
29	9	0.497546970844	0.592574795449	0.0351314378848	0.804748963262	3.40068292618	0.170194044709	4.59565162659
0	10	0.498965658247	0.669512979954	-0.113021904211	0.734151495838	3.81497883797	-0.652924418449	4.19747447968
1	10	0.497806929052	-0.600768235664	0.171691653411	-0.780768533668	-3.44907665253	0.966339468956	-4.4616484642
2	10	0.446876004338	0.679912129174	-0.00278945739461	0.733288289508	3.49151420593	-0.0183282513171	3.77545619011
3	10	0.497216850519	-0.61165266967	0.30304689152	-0.730782863253	-3.50020456314	1.71104872227	-4.18119239807
4	10	0.49925468117	0.643276942307	-0.233063567821	0.729298394932	3.6706404686	-1.33870458603	4.16228294373
5	10	0.499977849424	-0.637909895053	0.23772391854	-0.732501402284	-3.65855646133	1.35459840298	-4.17896509171
6	10	0.499959282577	0.656003081989	-0.151195269191	0.739459226053	3.75978183746	-0.896663367748	4.21320486069
7	10	0.499991625547	-0.664100235026	0.36960664334	-0.649893689027	-3.80927371979	2.08150601387	-3.72213196754
8	10	0.499987088144	0.68873543497	-0.377896655046	0.618738732197	3.92769765854	-2.14865922928	3.55576395988
9	10	0.499997355044	-0.559566101527	0.38447280081	-0.734211443291	-3.20765686035	2.18898248672	-4.19593572617
10	10	0.500000014901	0.530538878049	-0.36598391969	0.764581107147	3.04616308212	-2.07897424698	4.36854457855
11	10	0.49999795109	-0.59666374211	0.275800927596	-0.753608802489	-3.40860056877	1.59323179722	-4.30476045609
12	10	0.499999858439	0.6638583225	-0.269302507162	0.697687815061	3.78286075592	-1.55197155476	3.99640274048
13	10	0.499999128282	-0.658401325187	0.292039043361	-0.693700866473	-3.75595331192	1.67662787437	-3.97087192535
14	10	0.499994561076	0.669665596118	-0.285228805172	0.685705853902	3.81731557846	-1.63326954842	3.92997956276
15	10	0.499991677701	-0.60294419411	0.298713027296	-0.73974916432	-3.45630407333	1.71031117439	-4.22041273117
16	10	0.499728433788	0.621227497083	-0.315145517566	0.717467559982	3.53488206863	-1.81656610966	4.10596179962
17	10	0.499865032732	-0.531929542209	0.426025588921	-0.731814976418	-3.05662465096	2.41574001312	-4.18367004395
18	10	0.499568931758	0.53722861038	-0.353236513891	0.765904292613	3.07465267181	-2.02480697632	4.36776447296
19	10	0.499978303909	-0.473330932896	0.42465298934	-0.771769179618	-2.71496677399	2.40609669685	-4.41909790039
20	10	0.499976847321	0.447082389184	-0.284671398844	0.847985572968	2.55306911469	-1.65762233734	4.8396024704
21	10	0.499996040016	-0.416322119707	0.310815879884	-0.854440975992	-2.38589549065	1.76974904537	-4.884370327
22	10	0.499991636723	0.434904084157	-0.265686320988	0.860388991342	2.49450063705	-1.52829694748	4.91195964813
23	10	0.499998442829	-0.547242381667	0.305239206978	-0.779329713427	-3.11281347275	1.73358893394	-4.47157096863
24	10	0.499999776483	0.598493705804	-0.235531843686	0.765721904299	3.4030547142	-1.34977304935	4.39184188843
25	10	0.49996431917	-0.604741931451	0.184616879911	-0.774728212986	-3.44984483719	1.05589497089	-4.43408107758
26	10	0.499673906714	0.559289340459	-0.146733055844	0.815882861673	3.20962333679	-0.849254369736	4.6552939415
27	10	0.446077987552	-0.677465548042	0.168195428088	-0.716066148611	-3.47075271606	0.86838054657	-3.67747306824
28	10	0.233471605927	-0.667133632427	0.229211381055	-0.708798179512	-1.86394608021	0.621145009995	-1.98418593407
29	10	0.445245526731	-0.687268175503	0.171464907751	-0.705876930031	-3.51711988449	0.878632187843	-3.61843347549
0	11	0.499223835766	-0.651132397899	0.121841142618	-0.749120375088	-3.71819043159	0.698222696781	-4.27462911606
1	11	0.499257586896	0.685459852319	-0.153168824859	0.711817463926	3.9047088623	-0.870278954506	4.07215023041
2	11	0.499714493752	-0.701289709383	0.0977732965746	-0.706139593841	-3.99455690384	0.567963242531	-4.05314016342
3	11	0.499255776405	0.586483849136	-0.266525002875	0.764853657601	3.35937643051	-1.51951479912	4.35868835449
4	11	0.499920651317	-0.579980563392	0.400535894677	-0.709361362891	-3.32922267914	2.25505137444	-4.06563711166
5	11	0.499322466552	0.725112976907	-0.242935458556	0.644355130108	4.11810016632	-1.40298736095	3.69891452789
6	11	0.499695688486	-0.755915364243	0.248847983795	-0.60553005133	-4.31160736084	1.41953206062	-3.4777803421
7	11	0.49923479557	0.717992467849	-0.24818638423	0.650300188216	4.09613513947	-1.43060541153	3.70907282829
8	11	0.49996317178	-0.685792963425	0.328320264233	-0.649533536787	-3.92022418976	1.87294340134	-3.71638512611
9	11	0.499977529049	0.573199762153	-0.346855939972	0.742383317144	3.29629826546	-1.98131382465	4.230509758
10	11	0.499962538481	-0.625958183281	0.284133109574	-0.726253901075	-3.5697517395	1.63460898399	-4.15503454208
11	11	0.49999216944	0.602971494954	-0.269891352503	0.75072234156	3.45842218399	-1.5434525013	4.28273630142
12	11	0.499987207353	-0.694597328397	0.273844530426	-0.665239599347	-3.95686244965	1.57008123398	-3.81584668159
13	11	0.49999986589	0.652489616095	-0.321726239996	0.686111891302	3.73560380936	-1.83650398254	3.91858816147
14	11	0.499999374151	-0.691631620919	0.27625685453	-0.667328892878	-3.94187641144	1.586815238	-3.82459926605
15	11	0.499995961785	0.650314740508	-0.257817083144	0.714577560463	3.71012115479	-1.48639857769	4.08787727356
16	11	0.49999691546	-0.531596314535	0.326292204267	-0.781625713374	-3.06415510178	1.85880041122	-4.4546289444
17	11	0.499987326562	0.615451758537	-0.28256576667	0.735782386593	3.50454926491	-1.64356946945	4.20775461197
18	11	0.499995484948	-0.572920757247	0.403980731733	-0.713134892081	-3.27331781387	2.29346227646	-4.08806037903
19	11	0.499992251396	0.485751426073	-0.355460299905	0.798557153408	2.7842373848	-2.0405023098	4.5573592186
20	11	0.499999452382	-0.419428794055	0.44896509721	-0.78899292025	-2.4238524437	2.53237104416	-4.51813793182
21	11	0.499999370426	0.49393932501	-0.24780740818	0.833435919348	2.81780719757	-1.4449583292	4.76051902771
22	11	0.499994598329	-0.495768893632	0.357273870794	-0.791560853854	-2.83259987831	2.02363824844	-4.53510856628
23	11	0.499995205551	0.441475100991	-0.307958580959	0.842769985001	2.54271292686	-1.76470935345	4.80692005157
24	11	0.499978844076	-0.543592796389	0.267640265622	-0.795534763497	-3.10296392441	1.5223698616	-4.55431842804
25	11	0.499983347952	0.615693322869	-0.114615308101	0.779605710166	3.50878477097	-0.6839594841	4.46222400665
26	11	0.499237045646	-0.581149072767	0.224716237279	-0.782156229871	-3.31574392319	1.27371239662	-4.46854114532
27	11	0.498281799257	0.614367595333	-0.211254498029	0.760213124635	3.51436710358	-1.20920193195	4.35486984253
28	11	0.445872612298	-0.688584610118	0.168750451605	-0.705247842812	-3.5252661705	0.870392084122	-3.62148761749
29	11	0.49819913879	0.615020638101	-0.0610853530439	0.786141332302	3.52645540237	-0.372689843178	4.49507522583
0	12	0.499965816736	0.663583423314	-0.18782270747	0.724140643012	3.78386163712	-1.07844471931	4.1480588913
1	12	0.499979056418	-0.661791576316	0.153141907712	-0.73387973512	-3.77607297897	0.869189500809	-4.20341157913
2	12	0.499961901456	0.579224382454	-0.0606092384075	0.812911824856	3.32851743698	-0.377599149942	4.63359022141
3	12	0.499979354441	-0.611564556487	0.23827583981	-0.754462336643	-3.4926943779	1.35330915451	-4.31940078735
4	12	0.499167326838	0.527454500476	-0.294724541999	0.796824443821	3.03953552246	-1.68609642982	4.52880716324
5	12	0.497014187276	-0.552326591522	0.329352608797	-0.765808197512	-3.17588233948	1.87280297279	-4.3650765419
6	12	0.445272251964	0.746531334656	-0.281344757158	0.60293954423	3.82445454597	-1.4411700964	3.08658742905
7	12	0.498218327761	-0.724117041657	0.271214629891	-0.634111295054	-4.14836215973	1.55165183544	-3.62708806992
8	12	0.499219894409	0.745506313576	-0.264236368938	0.611881914874	4.24863243103	-1.5174690485	3.49749851227
9	12	0.499248340726	-0.691248597986	0.361121235771	-0.625912796529	-3.94029307365	2.04453444481	-3.5898141861
10	12	0.499711789191	0.642912940121	-0.3100065852	0.700399078068	3.68045711517	-1.77053880692	4.00214910507
11	12	0.499242663383	-0.665960719377	0.232477853744	-0.708837335194	-3.79916906357	1.33974421024	-4.04424524307
12	12	0.49997741729	0.635957696466	-0.292993723522	0.713941514609	3.64664888382	-1.67966127396	4.07047176361
13	12	0.499987371266	-0.655444071924	0.402674329215	-0.638941666486	-3.74109458923	2.28369665146	-3.67073440552
14	12	0.500000014901	0.606077982648	-0.341447671948	0.718389146821	3.47555780411	-1.95372915268	4.09745121002
15	12	0.500000007451	-0.644414186893	0.306976178143	-0.700354183098	-3.67551541328	1.76035988331	-4.00933170319
16	12	0.499998539686	0.612513751542	-0.314723096274	0.725104321352	3.49576663971	-1.81128382683	4.14528274536
17	12	0.499999955297	-0.57586773842	0.405881970364	-0.709673286788	-3.30211544037	2.30389666557	-4.05865621567
18	12	0.499999150634	0.615132291908	-0.355838522282	0.703556116818	3.50649833679	-2.04140949249	4.02761793137
19	12	0.500000357628	-0.557917625669	0.281084178746	-0.780845444007	-3.19627976418	1.62800979614	-4.45219659805
20	12	0.499999828637	0.608622653623	-0.336009803753	0.718801695378	3.46086001396	-1.92218613625	4.12542152405
21	12	0.499993570149	-0.513542040739	0.30999396396	-0.800111438927	-2.95363903046	1.76557993889	-4.56567287445
22	12	0.499988272786	0.575192152027	-0.299087354753	0.761380813045	3.27011442184	-1.71690630913	4.36417150497
23	12	0.499610722065	-0.45432966605	0.378567188965	-0.806394095952	-2.60278940201	2.14454078674	-4.61115932465
24	12	0.499793823808	0.423664607366	-0.271444584567	0.86419103095	2.44375419617	-1.56301879883	4.92683839798
25	12	0.49944248423	-0.557059304205	0.207268835009	-0.804191868669	-3.16902303696	1.19024324417	-4.59971904755
26	12	0.499949254096	0.502941390162	-0.278733605392	0.818142735277	2.89081645012	-1.58219027519	4.67203426361
27	12	0.499221805483	-0.566083911647	0.188639915259	-0.802473667696	-3.23605537415	1.10511338711	-4.57162857056
28	12	0.499673992395	0.610542597717	-0.240335037389	0.754636870406	3.49281477928	-1.37808191776	4.3125629425
29	12	0.499263204634	-0.588460432507	0.239375728065	-0.772278175392	-3.3696846962	1.35482060909	-4.404504776
0	13	0.499987117946	-0.585386697314	0.321814215611	-0.744149195551	-3.36143374443	1.81264507771	-4.25534105301
1	13	0.499997712672	0.5995576305	-0.0867460769105	0.795616594755	3.43032598495	-0.535112142563	4.54351997375
2	13	0.499999850988	-0.56580206748	0.220314088229	-0.794562598517	-3.24598455429	1.23917901516	-4.54040813446
3	13	0.499954037368	0.658022193532	-0.171746121828	0.733150777437	3.75859808922	-1.00147747993	4.18975114822
4	13	0.499573767185	-0.763325308024	0.269279858706	-0.58721617129	-4.34406471252	1.54680347443	-3.3828163147
5	13	0.444644421339	0.830874465267	-0.332627951215	0.446101186994	4.23592567444	-1.69260299206	2.31653785706
6	13	0.234638027847	0.71553196928	-0.252809378609	0.651230695703	2.0220143795	-0.724703788757	1.80442178249
7	13	0.446237698197	0.814365510042	-0.326038791187	0.480111989744	4.16871261597	-1.66070580482	2.49310898781
8	13	0.498901203275	-0.778100122238	0.240237234223	-0.580384588929	-4.43149471283	1.38634634018	-3.3219127655
9	13	0.498156927526	0.68165348926	-0.263151740416	0.682714934724	3.91054844856	-1.5128121376	3.89704990387
10	13	0.445758000016	-0.649003917209	0.335264997499	-0.682928471291	-3.33497238159	1.71017897129	-3.49743103981
11	13	0.498174734414	0.727687807514	-0.24538472502	0.640512912846	4.15801858902	-1.41139709949	3.67275929451
12	13	0.499256260693	-0.687331946747	0.328244268398	-0.647943280886	-3.91801142693	1.87183308601	-3.70565629005
13	13	0.499992668629	0.605572773417	-0.371069702009	0.703980747142	3.47673463821	-2.12394452095	4.01097106934
14	13	0.49999807775	-0.589811915391	0.405401420654	-0.698406466605	-3.37581324577	2.30515098572	-3.99642777443
15	13	0.499999761581	0.5746294329	-0.382930581898	0.723301585988	3.29701185226	-2.18328142166	4.12881755829
16	13	0.500000201166	-0.588075515546	0.406520009111	-0.699220044198	-3.36971139908	2.30996918678	-3.99920129776
17	13	0.499999985099	0.613620882529	-0.397881181935	0.68202637602	3.50443840027	-2.27477455139	3.90197849274
18	13	0.500000052154	-0.584489789751	0.444084686385	-0.679087974416	-3.35528087616	2.521743536	-3.88187456131
19	13	0.500000216067	0.614863769171	-0.374052062811	0.694282075001	3.5081884861	-2.12956619263	3.98034906387
20	13	0.499999091029	-0.623059894043	0.316909546156	-0.715097691222	-3.55478453636	1.81271982193	-4.0941157341
21	13	0.499995604157	0.651630380564	-0.225473763526	0.724250943449	3.70162081718	-1.30774927139	4.15707349777
22	13	0.499614942819	-0.541940364468	0.262865973185	-0.798249410586	-3.10068297386	1.50901770592	-4.55460739136
23	13	0.498959288001	0.467090064584	-0.351873707652	0.811179243712	2.67928862572	-2.00576996803	4.63730573654
24	13	0.468200881034	-0.445842452774	0.427870435256	-0.786226047608	-2.40746879578	2.2891907692	-4.25276899338
25	13	0.497941598296	0.474027866839	-0.24622685329	0.84538152226	2.71989440918	-1.41915440559	4.82896137238
26	13	0.499141272157	-0.531803335071	0.307320610856	-0.789138299001	-3.03242731094	1.75965857506	-4.50391674042
27	13	0.499961838126	0.570140056927	-0.443904572993	0.691295194228	3.26279020309	-2.5069797039	3.97121071815
28	13	0.49995085597	-0.634080402858	0.388351182895	-0.668674361297	-3.61908864975	2.20313286781	-3.83819437027
29	13	0.499991364777	0.610734705491	-0.272898503458	0.743323298652	3.49134778976	-1.5673353672	4.24714708328
0	14	0.499999500811	0.666058411742	-0.302984513287	0.681591209491	3.79213070869	-1.73272812366	3.91214370728
1	14	0.4999987185	-0.572818653121	0.251007640278	-0.780303758263	-3.28289604187	1.42876589298	-4.4573841095
2	14	0.499998100102	0.568877191211	-0.215139904109	0.793784330269	3.26445245743	-1.23476147652	4.52789640427
3	14	0.499988920987	-0.630755193713	0.252130993848	-0.733878632708	-3.6050696373	1.44185566902	-4.19689226151
4	14	0.499253302813	0.683251573034	-0.381843856951	0.622384573119	3.90373635292	-2.16174483299	3.56101846695
5	14	0.497995711863	-0.687225459465	0.454078493616	-0.567039583714	-3.94197392464	2.57807636261	-3.25205492973
6	14	0.44564897567	0.709047717145	-0.203600703452	0.675128201429	3.64256334305	-1.06123209	3.44763374329
7	14	0.498112693429	-0.686946062472	0.219961042481	-0.692619843092	-3.93896532059	1.28129315376	-3.95151233673
8	14	0.498973116279	0.711256714791	-0.352313998182	0.608266991007	4.06119632721	-2.00034928322	3.47983956337
9	14	0.445916518569	-0.690019195819	0.384231594086	-0.613383722891	-3.54255485535	1.95557403564	-3.15092992783
10	14	0.232903257012	-0.725593731497	0.209783637431	-0.655365975832	-2.00942921638	0.632244706154	-1.82227540016
11	14	0.445465490222	-0.701582186394	0.341867114582	-0.62522740799	-3.59434080124	1.74262368679	-3.20801234245
12	14	0.499711222947	0.676378152944	-0.369708154825	0.637046681552	3.86334180832	-2.11850070953	3.64504098892
13	14	0.499960370362	-0.707824984169	0.391580159657	-0.587919016829	-4.02014970779	2.24253797531	-3.39211940765
14	14	0.500000074506	0.610433076037	-0.334236679571	0.718092822488	3.49070978165	-1.92848587036	4.09709119797
15	14	0.499999880791	-0.649160928304	0.32782563656	-0.68638213932	-3.69675207138	1.88344931602	-3.93352556229
16	14	0.499999754131	0.658826096267	-0.308876505484	0.685961718493	3.75686573982	-1.78645420074	3.92185115814
17	14	0.499999850988	-0.635802208724	0.35507620738	-0.685329437814	-3.63906431198	2.03650140762	-3.91063022614
18	14	0.500000111759	0.704890378264	-0.390875799153	0.591900045841	4.0066986084	-2.23265504837	3.41440558434
19	14	0.499999992549	-0.568278817412	0.306032823443	-0.763808285276	-3.25884628296	1.76418220997	-4.35413789749
20	14	0.499999985099	0.51647712077	-0.34656258768	0.783036242164	2.9656522274	-1.96683573723	4.47465085983
21	14	0.499980907887	-0.533418445662	0.27651494239	-0.79937741303	-3.05928468704	1.57926154137	-4.56386375427
22	14	0.499807201326	0.554787158802	-0.270181878577	0.786900858379	3.16761779785	-1.54503107071	4.50068187714
23	14	0.468817058951	-0.582469536397	0.19716881321	-0.788577008457	-3.12994670868	1.08723163605	-4.26844644547
24	14	0.306782033294	-0.396635855815	0.358692003861	-0.844997067597	-1.46041345596	1.32305312157	-3.0987842083
25	14	0.417186994106	-0.378380738481	0.433540752239	-0.817844993195	-1.84590661526	2.09871983528	-3.96646761894
26	14	0.497737646103	0.509960388798	-0.362164977645	0.780241584911	2.91795897484	-2.0806221962	4.45494365692
27	14	0.499159239233	-0.553005744551	0.392630660141	-0.734864484929	-3.16240501404	2.24361944199	-4.18857526779
28	14	0.499973677099	0.643282627902	-0.342616926351	0.684690515793	3.67027521133	-1.96324145794	3.91935014725
29	14	0.499989166856	-0.613570866834	0.261706612345	-0.745010362631	-3.51166319847	1.50805771351	-4.25156593323
0	15	0.499998629093	-0.635066331904	0.399464145832	-0.661149869754	-3.62653470039	2.25915575027	-3.79940915108
1	15	0.499999880791	0.555968619786	-0.279027061146	0.782970493034	3.19261217117	-1.5943672657	4.46711492538
2	15	0.500000089407	-0.686759751054	0.216690463024	-0.693834481391	-3.89274644852	1.24323630333	-4.00039768219
3	15	0.499987371266	0.563361309896	-0.238177637024	0.791135543212	3.24041986465	-1.36321091652	4.50857591629
4	15	0.499975197017	-0.682379898573	0.264906140378	-0.681309335627	-3.8937458992	1.52330970764	-3.90052604675
5	15	0.499265655875	0.752679255274	-0.327380394623	0.571223262742	4.27772426605	-1.87176668644	3.28624916077
6	15	0.499631926417	-0.727514592426	0.347264775661	-0.591717579081	-4.14665842056	1.98393988609	-3.40160298347
7	15	0.499260775745	0.698918916884	-0.378938415804	0.60656246558	3.98764133453	-2.15036344528	3.47317957878
8	15	0.499231979251	-0.66804285436	0.403332583102	-0.625333168916	-3.8161945343	2.29906320572	-3.56936049461
9	15	0.49824038893	0.708880777855	-0.46366257065	0.531512053829	4.04950714111	-2.64153337479	3.0684337616
10	15	0.445065028965	-0.72478949741	0.31742867722	-0.611489345224	-3.70553398132	1.62395787239	-3.1368932724
11	15	0.498000219464	0.579278126622	-0.360173846461	0.731239804949	3.31349730492	-2.06473588943	4.18460416794
12	15	0.499236308038	-0.556235133047	0.472092496001	-0.683908730741	-3.17868876457	2.67827248573	-3.91314458847
13	15	0.499989368021	0.479207311849	-0.513773409731	0.711615932736	2.76202774048	-2.91739606857	4.06929826736
14	15	0.499998219311	-0.501210294232	0.463174212921	-0.730929469539	-2.87334322929	2.63469862938	-4.18195390701
15	15	0.499999806285	0.522030484669	-0.397972143265	0.754388723578	2.99666166306	-2.27594733238	4.30454444885
16	15	0.499998092651	-0.608702937129	0.449688144909	-0.653652282684	-3.48356366158	2.54975438118	-3.74866271019
17	15	0.499999985099	0.640312828867	-0.406519117592	0.651722094317	3.65579748154	-2.32027029991	3.73271679878
18	15	0.499998211861	-0.633846412522	0.405189507563	-0.658832443262	-3.61957788467	2.30734872818	-3.77654886246
19	15	0.500000149012	0.567778050863	-0.325309432683	0.756175811545	3.24954843521	-1.85674345493	4.32190322876
20	15	0.499998692423	-0.513875278612	0.257550910952	-0.81829073458	-2.94591569901	1.48360693455	-4.66949033737
21	15	0.499994602054	0.559509049086	-0.225811658493	0.797470199368	3.19087958336	-1.31592822075	4.55807971954
22	15	0.499486215413	-0.511090255765	0.329960474264	-0.793670483189	-2.92104744911	1.87388134003	-4.53608894348
23	15	0.498244233429	0.416304195737	-0.259575970585	0.871384606306	2.40262746811	-1.49609982967	4.9759683609
24	15	0.417613584548	-0.374332533613	0.435957740616	-0.818422875215	-1.82914960384	2.10872769356	-3.97463035583
25	15	0.366773404181	-0.485286537007	0.464308752621	-0.740887548309	-2.12201428413	2.05064725876	-3.25366926193
26	15	0.418417416513	-0.516199136019	0.651098367149	-0.556425528052	-2.5104534626	3.14815139771	-2.73531007767
27	15	0.49807061255	0.567876560302	-0.476923177275	0.670865482223	3.25269317627	-2.72161579132	3.84089517593
28	15	0.499467283487	-0.658770023029	0.389779654529	-0.643501264702	-3.74316167831	2.22825551033	-3.69428062439
29	15	0.499992027879	0.590879870456	-0.285353525193	0.754608735935	3.3881456852	-1.65278291702	4.29875040054
0	16	0.499999821186	0.644768525036	-0.343544226317	0.682825683236	3.67411780357	-1.96375715733	3.91576480865
1	16	0.500000100583	-0.52644749087	0.231743802536	-0.818014577708	-3.0187933445	1.3350071907	-4.66837644577
2	16	0.499999769032	0.473897727891	-0.172647480717	0.8634893114	2.73827028275	-1.00403046608	4.9183807373
3	16	0.499999478459	-0.549203381734	0.230672250826	-0.803222234622	-3.14135217667	1.31694722176	-4.59119081497
4	16	0.499987535179	0.587455129429	-0.232313255601	0.77519482853	3.36417746544	-1.3307659626	4.42638111115
5	16	0.499990433455	-0.584958964344	0.247360080286	-0.772422164826	-3.35206961632	1.42653930187	-4.40750694275
6	16	0.499964497983	0.490485974255	-0.395841757986	0.776358687524	2.8521027565	-2.24667024612	4.41874551773
7	16	0.499979920685	-0.68499751105	0.338088606749	-0.645348358518	-3.89650821686	1.94432353973	-3.70502901077
8	16	0.499965675175	0.577971651338	-0.372665983967	0.725995065165	3.32488417625	-2.13319134712	4.13327407837
9	16	0.499260596931	-0.566893469248	0.405995882932	-0.71679783591	-3.25614547729	2.3167257309	-4.07711982727
10	16	0.499652482569	0.622256526204	-0.366542561946	0.69169600684	3.54997730255	-2.08876085281	3.96639585495
11	16	0.49918942526	-0.490376242015	0.34063108656	-0.802185517281	-2.82061839104	1.94406342506	-4.56602525711
12	16	0.499973602593	0.523695254386	-0.388704957219	0.758057871648	2.98622751236	-2.22214102745	4.33968019485
13	16	0.499986574054	-0.449756584733	0.40874532531	-0.79413240302	-2.58352637291	2.34066152573	-4.53093528748
14	16	0.499999336898	0.481633511151	-0.403718543502	0.777843492336	2.75872373581	-2.308573246	4.44324684143
15	16	0.499987721443	-0.483039574776	0.361433204951	-0.797520412002	-2.78746628761	2.07253575325	-4.54172086716
16	16	0.499990925193	0.656314041533	-0.350581998369	0.668089920075	3.73202490807	-2.01320767403	3.83541965485
17	16	0.49996291846	-0.604280855332	0.370293449874	-0.705497986432	-3.45593595505	2.11619305611	-4.03185176849
18	16	0.499991491437	0.547503066846	-0.359189810689	0.755793008496	3.14702177048	-2.0568857193	4.30749607086
19	16	0.499986737967	-0.596511266357	0.266863012319	-0.756940183743	-3.40283703804	1.54167473316	-4.32745456696
20	16	0.499999377877	0.518938780752	-0.291380066599	0.803616947694	2.97668933868	-1.668394804	4.5870256424
21	16	0.499991491437	-0.536888621254	0.410714869017	-0.736928697186	-3.07364344597	2.32167816162	-4.22515678406
22	16	0.499978654087	0.531105759355	-0.395240368245	0.749474298218	3.03863096237	-2.23861384392	4.29482603073
23	16	0.49915875867	-0.51705599366	0.307269373562	-0.798898386212	-2.9451341629	1.75789880753	-4.56257009506
24	16	0.497706048191	0.457261261324	-0.421030303107	0.783355361734	2.61895465851	-2.3931312561	4.48434257507
25	16	0.416679725051	-0.284784522147	0.70505435798	-0.64945833449	-1.40372896194	3.39163827896	-3.16885352135
26	16	0.30719890818	-0.425283975205	0.555212811932	-0.71475329583	-1.56815266609	2.05442404747	-2.61511993408
27	16	0.468493267894	-0.558805519982	0.544517148586	-0.625489780679	-3.01386356354	2.92942690849	-3.39027452469
28	16	0.499797157943	0.513420586908	-0.470487808945	0.71766323758	2.94917678833	-2.68125247955	4.0986828804
29	16	0.499980509281	-0.591284805794	0.4023153229	-0.698945390855	-3.37443780899	2.29834794998	-4.00188589096
0	17	0.499998934567	-0.638331174575	0.327704544542	-0.696522105214	-3.6289036274	1.88699948788	-3.99558973312
1	17	0.499999839813	0.528204618123	-0.263109643813	0.807324715791	3.0276722908	-1.51599788666	4.60692310333
2	17	0.500000149012	-0.543064993462	0.245048177615	-0.803138719976	-3.1042265892	1.40682673454	-4.59020709991
3	17	0.499999627471	0.569669504782	-0.242186577877	0.785380364421	3.2477221489	-1.3909021616	4.49494695663
4	17	0.499999880791	-0.616648118277	0.213923027363	-0.757616021867	-3.50715136528	1.23381447792	-4.34358787537
5	17	0.499998915941	0.570973185955	-0.197212018203	0.796929759011	3.26555800438	-1.15412569046	4.54936075211
6	17	0.499999001622	-0.624891221272	0.352859855646	-0.696420048427	-3.56229543686	2.00891065598	-3.9952147007
7	17	0.499998211861	0.618344391872	-0.372449367824	0.692048901053	3.54525995255	-2.11644434929	3.95427846909
8	17	0.499987542629	-0.681318942479	0.366985016312	-0.633345479514	-3.87939596176	2.09268641472	-3.64121103287
9	17	0.499991215765	0.631973336137	-0.403914255347	0.66140984022	3.60974979401	-2.2871325016	3.79905653
10	17	0.499960891902	-0.586543099742	0.270232492696	-0.763506117877	-3.35605955124	1.56376898289	-4.35597515106
11	17	0.499990109354	0.55883386126	-0.222759236448	0.798801000303	3.18432760239	-1.29949617386	4.56741952896
12	17	0.499986451119	-0.45397526383	0.328510389395	-0.828243553485	-2.60879588127	1.88076257706	-4.72667837143
13	17	0.499999523163	0.483536898516	-0.391820432759	0.782731637438	2.76466488838	-2.22667551041	4.48180675507
14	17	0.499988682568	-0.551887400608	0.387592934575	-0.738371189929	-3.15108966827	2.21086168289	-4.22687101364
15	17	0.49997664988	0.640560185452	-0.360640947715	0.677953358016	3.64209508896	-2.06035041809	3.89634776115
16	17	0.499267317355	-0.587487516951	0.345303734995	-0.731863203082	-3.3603887558	1.96655595303	-4.17449522018
17	17	0.499667719007	0.59528493248	-0.34219869827	0.727004745559	3.40010643005	-1.96947562695	4.15361022949
18	17	0.499256506562	-0.594113584669	0.443766380918	-0.670895258351	-3.39411211014	2.50543832779	-3.84634709358
19	17	0.499974131584	0.62658565865	-0.324158995594	0.708739273604	3.57086753845	-1.85353112221	4.06228780746
20	17	0.499987728894	-0.562672644484	0.25961192027	-0.784857404885	-3.21572446823	1.50095009804	-4.48223161697
21	17	0.499999091029	0.583130739675	-0.326765394051	0.743762675655	3.32365274429	-1.86296772957	4.26252412796
22	17	0.499989129603	-0.578940510289	0.215910205638	-0.786263739879	-3.30346775055	1.2618868351	-4.49264526367
23	17	0.499957222492	0.550259193041	-0.222894342115	0.804694310112	3.14173293114	-1.28083968163	4.60107088089
24	17	0.499054912478	-0.52224812055	0.191336406744	-0.831051911758	-2.96621656418	1.11985290051	-4.74697589874
25	17	0.496251493692	0.327123827653	-0.305031410819	0.894396914012	1.89551997185	-1.73950076103	5.0913438797
26	17	0.466898784041	-0.478444657046	0.485623214833	-0.731615201701	-2.57940220833	2.60720682144	-3.94793486595
27	17	0.498197712004	0.585209310281	-0.376811293752	0.718013448385	3.33226537704	-2.15463447571	4.10764694214
28	17	0.499583858997	-0.444953928331	0.417138208287	-0.792471902877	-2.56808042526	2.38891649246	-4.50982093811
29	17	0.499983377755	0.503305279308	-0.479732807673	0.718707331995	2.89380836487	-2.72142028809	4.1121711731
0	18	0.499997891486	0.533280825013	-0.41280767417	0.738377536102	3.05376935005	-2.35456228256	4.22059392929
1	18	0.499999634922	-0.506710485516	0.408167517443	-0.759370635179	-2.90315651894	2.3206820488	-4.3442234993
2	18	0.499999701977	0.586695811966	-0.370373255321	0.720146982195	3.33376049995	-2.11461019516	4.13603782654
3	18	0.499998956919	-0.41716614386	0.364387165734	-0.832582969959	-2.41856098175	2.07267904282	-4.74871826172
4	18	0.500000212342	0.450359255032	-0.321947751827	0.832782196316	2.58246350288	-1.8400965929	4.75740861893
5	18	0.499998684973	-0.452806086102	0.360031821658	-0.815686052218	-2.60610675812	2.04048156738	-4.66268014908
6	18	0.500000014901	0.635393005861	-0.312927583534	0.705940546765	3.61239385605	-1.792075634	4.05378818512
7	18	0.499999642372	-0.645880287972	0.228707519991	-0.728375949568	-3.69089055061	1.32383549213	-4.160384655
8	18	0.499999210238	0.629551068644	-0.240131948407	0.738919548614	3.60889363289	-1.37947642803	4.21426200867
9	18	0.499998249114	-0.609803432244	0.208627501407	-0.764600771436	-3.48779201508	1.21888852119	-4.36359786987
10	18	0.500000096858	0.573074392281	-0.372055865758	0.730178179396	3.2755215168	-2.10123896599	4.18863964081
11	18	0.499997854233	-0.512959715434	0.319311824853	-0.796813835755	-2.93661904335	1.82667827606	-4.55233478546
12	18	0.499999623746	0.445776709212	-0.346593600745	0.825321756315	2.56171369553	-1.96593296528	4.71782970428
13	18	0.499997865409	-0.459501909426	0.219761326014	-0.860559675341	-2.63332271576	1.28805780411	-4.9090795517
14	18	0.499989315867	0.542226607688	-0.325678131868	0.774547648849	3.09805345535	-1.85280668736	4.43380022049
15	18	0.49927790463	-0.611648671428	0.319572241287	-0.723712294589	-3.48022794724	1.81813812256	-4.14411830902
16	18	0.498096555471	0.565932492616	-0.250817757654	0.785373074562	3.2463991642	-1.45618903637	4.48425960541
17	18	0.446293074638	-0.49133493967	0.429631912716	-0.757632098472	-2.54283237457	2.20021820068	-3.87938642502
18	18	0.498261898756	0.620321062703	-0.313746925759	0.718863440261	3.54625177383	-1.8114926815	4.11372804642
19	18	0.49926238507	-0.573324425212	0.322076766895	-0.753369537267	-3.27046322823	1.84135341644	-4.30105686188
20	18	0.499992486089	0.498268802805	-0.341585343135	0.796898772434	2.85904383659	-1.95087170601	4.55029249191
21	18	0.499997749925	-0.492660913245	0.326585315947	-0.806614688664	-2.82297587395	1.87065386772	-4.60591411591
22	18	0.499997615814	0.544178825098	-0.330341823386	0.771196269465	3.10864520073	-1.87050414085	4.4184589386
23	18	0.499980613589	-0.530817843496	0.24500675086	-0.811297793081	-3.03142309189	1.40416419506	-4.63909339905
24	18	0.499219603837	0.487955883882	-0.245397750429	0.837662819677	2.78876113892	-1.39688181877	4.78061437607
25	18	0.497567564249	-0.459738898622	0.217044715046	-0.861122370378	-2.62838792801	1.24999046326	-4.92197608948
26	18	0.44491185993	0.58766047745	-0.21424651756	0.780226629228	3.00980710983	-1.1127730608	3.98977851868
27	18	0.497640967369	-0.629856576126	0.158041166331	-0.760462808595	-3.59662914276	0.943368136883	-4.3475394249
28	18	0.499289281666	0.537466535215	-0.439516739104	0.71969073884	3.07307839394	-2.488915205	4.11905908585
29	18	0.49998485297	-0.564036452619	0.426328376086	-0.707182434638	-3.21941423416	2.44398069382	-4.04274940491
0	19	0.49999948591	-0.499844141984	0.398332450307	-0.769081980518	-2.86814236641	2.28087520599	-4.38849210739
1	19	0.499999769032	0.454417153982	-0.385839753853	0.802890238148	2.61943888664	-2.2117228508	4.57535839081
2	19	0.499992676079	-0.535131065831	0.41845233839	-0.733847656451	-3.05585193634	2.38265824318	-4.20317268372
3	19	0.499995395541	0.548372264069	-0.343202934298	0.762561214519	3.11879301071	-1.96607375145	4.37004375458
4	19	0.499979618937	-0.399047298618	0.344748314418	-0.84965278389	-2.29614949226	1.96677052975	-4.85204648972
5	19	0.499992907047	0.381849042915	-0.30478339678	0.872524148361	2.20045208931	-1.75731575489	4.97556638718
6	19	0.499991580844	-0.471738625784	0.350841647829	-0.808933128937	-2.71984195709	1.99139034748	-4.61907196045
7	19	0.499999895692	0.671920098512	-0.221273315163	0.706796647709	3.82787513733	-1.27789008617	4.05042648315
8	19	0.500000528991	-0.726000892101	0.236502014728	-0.645747242888	-4.12640762329	1.34101223946	-3.72475671768
9	19	0.49999973923	0.594358199425	-0.210327781099	0.776209092496	3.39770722389	-1.20997202396	4.43630218506
10	19	0.499999426305	-0.547933710643	0.27399632542	-0.790376278995	-3.12975788116	1.57308650017	-4.51854419708
11	19	0.499999679625	0.525347804782	-0.361890082715	0.770094313732	3.00582075119	-2.05443572998	4.40760040283
12	19	0.500000301749	-0.542394593058	0.261663029585	-0.798336122426	-3.08420848846	1.51540541649	-4.56938552856
13	19	0.499999925494	0.424772957412	-0.295621623156	0.855672712299	2.44689655304	-1.67415547371	4.88832473755
14	19	0.499962285161	-0.505612611062	0.215949256069	-0.83529743585	-2.89194464684	1.25033652782	-4.77007961273
15	19	0.4995954521	0.513900939151	-0.244011733676	0.822413581216	2.95224261284	-1.40639567375	4.6905503273
16	19	0.444943659008	-0.621128545172	0.442118757206	-0.647093760516	-3.17173576355	2.25609064102	-3.32612729073
17	19	0.234232537448	-0.618467531896	0.465306782071	-0.633235746424	-1.71818423271	1.28255462646	-1.8030077219
18	19	0.445812664926	-0.616618417136	0.382528559592	-0.688079667441	-3.15366196632	1.96799147129	-3.53304624557
19	19	0.499679759145	0.503876601326	-0.339311580692	0.794339991341	2.89107918739	-1.94410777092	4.53409337997
20	19	0.499962568283	-0.513156879711	0.423710957524	-0.746417471178	-2.93222689629	2.3937458992	-4.28503894806
21	19	0.499999910593	0.425831696357	-0.374573839827	0.823627224474	2.46001005173	-2.13397598267	4.69932079315
22	19	0.500000059605	-0.535007848847	0.24064548426	-0.809849586391	-3.0463821888	1.3924601078	-4.63331985474
23	19	0.499962136149	0.484913121308	-0.239289641285	0.841189474706	2.78568983078	-1.37104058266	4.7997841835
24	19	0.499676913023	-0.504547700177	0.263058562906	-0.822333150692	-2.89198303223	1.496935606	-4.70006370544
25	19	0.445635531098	0.57835169999	-0.320926228838	0.750010444436	2.96652507782	-1.63159203529	3.84844517708
26	19	0.233304429799	0.657042754568	-0.237400200035	0.715497004671	1.80051732063	-0.679504930973	2.02018737793
27	19	0.445743981749	0.551872039811	-0.363350137696	0.750609038789	2.83687520027	-1.84848690033	3.84981894493
28	19	0.499703370035	-0.531818765835	0.40965637271	-0.74118179727	-3.04151058197	2.34761762619	-4.23527860641
29	19	0.499961286783	0.601280259668	-0.495927209469	0.626512771013	3.41885089874	-2.82016658783	3.61224079132
0	20	0.499997735023	0.553894296069	-0.333990177862	0.762660914086	3.15981721878	-1.94022250175	4.35214948654
1	20	0.499993488193	-0.587005020116	0.404119770229	-0.701507175779	-3.33153033257	2.30808925629	-4.03280925751
2	20	0.499987006187	0.49500345678	-0.429584053693	0.755267580787	2.84109091759	-2.44892644882	4.31491327286
3	20	0.499574668705	-0.572524836918	0.293626049509	-0.765505750574	-3.2529873848	1.69178771973	-4.38063621521
4	20	0.499812055379	0.422068145208	-0.330715472071	0.844088714137	2.4255130291	-1.9022166729	4.81540298462
5	20	0.499453179538	-0.43168945116	0.397533731124	-0.809698184743	-2.46278119087	2.25483083725	-4.63310861588
6	20	0.499974049628	0.510924982167	-0.311483722029	0.801207559568	2.91769647598	-1.78726840019	4.58040571213
7	20	0.49998883158	-0.61828624988	0.258963562012	-0.742064678286	-3.52329349518	1.47543954849	-4.25459098816
8	20	0.500000227243	0.595845729206	-0.0648867442373	0.800473345846	3.40887069702	-0.417160838842	4.57322788239
9	20	0.500000283122	-0.476307136894	0.222677353678	-0.850615252334	-2.73892116547	1.26935994625	-4.85564947128
10	20	0.499999780208	0.439199769049	-0.252449880397	0.862190594216	2.52807474136	-1.45359790325	4.91783380508
11	20	0.499999128282	-0.545004572596	0.3659989893	-0.754330667334	-3.09667611122	2.08235931396	-4.33187007904
12	20	0.500000271946	0.497546351782	-0.349868764984	0.793750259916	2.84387326241	-1.98039460182	4.54748296738
13	20	0.499996449798	-0.454533455162	0.205854922996	-0.866615883086	-2.60650968552	1.19994473457	-4.94517469406
14	20	0.499978430569	0.550639248455	-0.240881001289	0.799232607743	3.13754415512	-1.37468838692	4.57693815231
15	20	0.499198198318	-0.538373043371	0.197243952838	-0.819298046647	-3.06484937668	1.14963841438	-4.67641162872
16	20	0.497848454863	0.499238130534	-0.325742974106	0.802902736228	2.87066483498	-1.86123347282	4.58663606644
17	20	0.444547586143	-0.602125643671	0.492016095791	-0.628780463052	-3.07936692238	2.5036046505	-3.22767353058
18	20	0.497810799628	0.446602094731	-0.343377744796	0.826219276803	2.57094216347	-1.95760059357	4.72176218033
19	20	0.499240260571	-0.48254362264	0.302984349801	-0.821798111476	-2.76453733444	1.72252655029	-4.68783712387
20	20	0.499988850206	0.563972200073	-0.177617243535	0.806466039176	3.21531009674	-1.05609703064	4.60957765579
21	20	0.49999820441	-0.529161076617	0.402482080113	-0.746991787225	-3.02143669128	2.26642370224	-4.29346227646
22	20	0.499997761101	0.466885448074	-0.266131683143	0.843321946592	2.68944573402	-1.52454400063	4.80939149857
23	20	0.49999242276	-0.579521269642	0.25279796228	-0.774756922073	-3.29175281525	1.43688511848	-4.44875192642
24	20	0.499241486192	0.575384240256	-0.154490550143	0.803159788573	3.27611637115	-0.908945560455	4.58605575562
25	20	0.498267136514	-0.62032565775	0.271171069051	-0.735977125763	-3.54218816757	1.54245007038	-4.22587871552
26	20	0.445572014898	0.552479647484	-0.220937124959	0.803712029231	2.84079456329	-1.14496481419	4.10915136337
27	20	0.498127773404	-0.445453768881	0.423753207076	-0.788672403019	-2.55978751183	2.42374300957	-4.50991725922
28	20	0.499236639589	0.435146416267	-0.409299701888	0.80194847119	2.49561500549	-2.35258960724	4.56339216232
29	20	0.499990828335	-0.497658245467	0.504528354101	-0.705540509558	-2.84803771973	2.86485767365	-4.04660511017
0	21	0.499998420477	-0.516676652176	0.483987031417	-0.706259010928	-2.94511365891	2.75279903412	-4.0543050766
1	21	0.499994602054	0.44156270239	-0.394583706709	0.805807717919	2.5474486351	-2.27665495872	4.58499908447
2	21	0.499604463577	-0.453543098489	0.500804134045	-0.737220372166	-2.60252428055	2.8353228569	-4.22260379791
3	21	0.498810622841	0.550659635157	-0.25960735643	0.793333465005	3.14057731628	-1.52268338203	4.5315451622
4	21	0.466361150146	-0.464743978291	0.468998850248	-0.75103469501	-2.49532628059	2.51126742363	-4.04481649399
5	21	0.497946310788	0.354618542977	-0.397710926378	0.84621020321	2.04561257362	-2.27929925919	4.83321285248
6	21	0.499150183052	-0.462394551491	0.3424610612	-0.817870222171	-2.63650894165	1.95628976822	-4.66870594025
7	21	0.499974362552	0.49667593589	-0.328647703	0.803307974578	2.84854054451	-1.86631155014	4.59248638153
8	21	0.499988600612	-0.539460663619	0.224424458434	-0.811551510912	-3.08120155334	1.27909386158	-4.6429605484
9	21	0.499999582767	0.484902661136	-0.27727907539	0.829449048209	2.77095842361	-1.57647264004	4.74543857574
10	21	0.499991610646	-0.428907458011	0.294206575347	-0.854096530543	-2.456553936	1.67924928665	-4.88117361069
11	21	0.499992761761	0.396653552736	-0.353406055956	0.847213148337	2.28957819939	-2.00256204605	4.84147167206
12	21	0.49998126924	-0.434544318969	0.237790122546	-0.868692749176	-2.48790454865	1.3782761097	-4.95921373367
13	21	0.499982871115	0.441879161912	-0.291286986808	0.848466085111	2.53045415878	-1.65993785858	4.85028743744
14	21	0.499958775938	-0.556290656657	0.279955706659	-0.782410063601	-3.1587228775	1.60614967346	-4.4867773056
15	21	0.499219834805	0.44206412169	-0.340104761532	0.830004857515	2.5484726429	-1.92937493324	4.73039722443
16	21	0.49894746393	-0.585745072726	0.310876186774	-0.748504312796	-3.32656335831	1.77561545372	-4.28729248047
17	21	0.498871810734	0.562315368088	-0.335605843661	0.75575799335	3.21312379837	-1.9110506773	4.31487178802
18	21	0.499199759215	-0.519952075104	0.206564100544	-0.828843237266	-2.97129368782	1.19753873348	-4.72507810593
19	21	0.499961581081	0.565832137301	-0.232676914506	0.791009131333	3.22266483307	-1.32756471634	4.53175020218
20	21	0.499986995012	-0.548832717671	0.195449447662	-0.812762057076	-3.13522267342	1.12009644508	-4.64700651169
21	21	0.499999277294	0.546951319392	-0.23269389623	0.804175232691	3.1286687851	-1.33518350124	4.59502506256
22	21	0.499999284744	-0.533581468729	0.213125881569	-0.81845474819	-3.03979468346	1.22394013405	-4.68446540833
23	21	0.499987330288	0.433633426044	-0.200346671139	0.878534725085	2.49855160713	-1.15845441818	5.01020002365
24	21	0.499977339059	-0.44927433492	0.240578826068	-0.860392003932	-2.59074425697	1.36967515945	-4.9094991684
25	21	0.499264679849	0.517831273503	-0.247078678503	0.81902557885	2.9634449482	-1.41338467598	4.66998624802
26	21	0.499682366848	-0.592037379016	0.297831466516	-0.748857903344	-3.37174224854	1.70882058144	-4.29103326797
27	21	0.499232396483	0.511410639246	-0.473922372273	0.716838017355	2.91539788246	-2.69226956367	4.10388040543
28	21	0.499970830977	-0.41938706766	0.533788939359	-0.734291396992	-2.4064540863	3.03308272362	-4.20680522919
29	21	0.49998742342	0.418530796404	-0.445286642985	0.791550237219	2.41086530685	-2.55422925949	4.51100921631
0	22	0.499999783933	0.486122591313	-0.518275143661	0.703616160758	2.78395485878	-2.95053482056	4.02838897705
1	22	0.499980010092	-0.539548387145	0.490464589347	-0.684347882679	-3.06665372849	2.80449390411	-3.92633414268
2	22	0.499786242843	0.458042657963	-0.500538704719	0.734614135832	2.62649345398	-2.85721087456	4.19702291489
3	22	0.466801524162	-0.505559230084	0.454467875366	-0.733395401634	-2.70957493782	2.44804620743	-3.95021176338
4	22	0.301528599113	-0.382451929455	0.595893578543	-0.706145427449	-1.37934422493	2.13760137558	-2.55981349945
5	22	0.417411029339	-0.371288870406	0.640342463812	-0.672388357834	-1.80033993721	3.09945130348	-3.27692198753
6	22	0.497904863209	0.438502998779	-0.363159408588	0.822089024386	2.5066113472	-2.08710074425	4.69879007339
7	22	0.499105513096	-0.496103431077	0.30451814374	-0.813111361258	-2.82606911659	1.73755812645	-4.6439409256
8	22	0.499975401908	0.523321659325	-0.140600691956	0.840455761062	2.98509764671	-0.832112312317	4.80502843857
9	22	0.499980609864	-0.464197616835	0.248125454875	-0.850267211627	-2.65725898743	1.41613101959	-4.85945034027
10	22	0.499978926033	0.443664080177	-0.259404611349	0.857829488635	2.53768873215	-1.483679533	4.90332746506
11	22	0.499471645802	-0.497318042033	0.229746490367	-0.836595072441	-2.8248090744	1.32174158096	-4.78440713882
12	22	0.499822419137	0.439166192177	-0.24741128144	0.863667015385	2.5101723671	-1.4144898653	4.93768024445
13	22	0.499597441405	-0.370087176464	0.347740486339	-0.861459248008	-2.13778471947	1.96564543247	-4.91997814178
14	22	0.499233592302	0.444087554765	-0.33478024753	0.831088701383	2.54670262337	-1.89515662193	4.74554252625
15	22	0.49801556766	-0.465740617108	0.361709403957	-0.807621188841	-2.66789388657	2.05893969536	-4.62549304962
16	22	0.446016095579	0.533997348694	-0.261948990445	0.803884045116	2.74862098694	-1.33278381824	4.12180995941
17	22	0.49818470329	-0.57771334921	0.302428918064	-0.758145128365	-3.30543065071	1.71964025497	-4.34641647339
18	22	0.499250888824	0.545036599304	-0.187481740769	0.817181560179	3.11057806015	-1.07834017277	4.66344261169
19	22	0.499978274107	-0.521989532543	0.18064390906	-0.833603446511	-2.98184347153	1.03451192379	-4.76658344269
20	22	0.499997355044	0.486297250522	-0.156537392379	0.859657506756	2.78875589371	-0.903856039047	4.90855693817
21	22	0.499999463558	-0.609479840082	0.201441159623	-0.766782748726	-3.45842409134	1.14956223965	-4.4056558609
22	22	0.500000119209	0.504848433647	-0.218853061378	0.835003830272	2.88601493835	-1.25693941116	4.77244949341
23	22	0.500000093132	-0.443707184424	0.291955382829	-0.847281528731	-2.5492515564	1.6584956646	-4.84132862091
24	22	0.499987080693	0.588508843869	-0.246956194651	0.769850620972	3.33406209946	-1.41653180122	4.42367124557
25	22	0.499990161508	-0.493508219248	0.216373907532	-0.84239656319	-2.83508753777	1.25803995132	-4.80305671692
26	22	0.499962605536	0.551662313052	-0.293339582883	0.780782031986	3.14987182617	-1.68633580208	4.46278429031
27	22	0.49998921901	-0.513492118935	0.433408095551	-0.740596561228	-2.93729090691	2.47496175766	-4.23501253128
28	22	0.499986492097	0.416844255578	-0.518586664273	0.746531136812	2.40574741364	-2.94486832619	4.26965427399
29	22	0.499999001622	-0.502584698777	0.385706388543	-0.77371777955	-2.8630335331	2.22705245018	-4.41954660416
0	23	0.499998986721	-0.465343014776	0.523451635224	-0.713760649084	-2.66105699539	2.98893332481	-4.08310461044
1	23	0.49999165535	0.47972272643	-0.543715610378	0.688650448906	2.74876451492	-3.09821033478	3.94055438042
2	23	0.499448627234	-0.471903050708	0.488334783539	-0.734054936581	-2.69491839409	2.79881119728	-4.18504142761
3	23	0.498196728528	0.447633661118	-0.509294734319	0.73501223053	2.55814170837	-2.91470456123	4.20978546143
4	23	0.418278653175	-0.206126905242	0.588611993308	-0.781695350037	-1.02005290985	2.86460447311	-3.79825854301
5	23	0.36210718751	-0.101977385249	0.662461246955	-0.742122435438	-0.468948662281	2.86211514473	-3.22510838509
6	23	0.415036279708	-0.30243846285	0.540438389887	-0.785147962441	-1.45254349709	2.59346818924	-3.80235981941
7	23	0.498334418982	0.436697668846	-0.378283071538	0.816208958425	2.50601816177	-2.14391565323	4.6808385849
8	23	0.499453060329	-0.475236242847	0.191409128645	-0.85878580505	-2.72263288498	1.10911726952	-4.89657592773
9	23	0.499966967851	0.458510228834	-0.275171112478	0.845014336513	2.6214427948	-1.56120407581	4.83480215073
10	23	0.499152854085	-0.399518091056	0.27312648874	-0.875092689986	-2.29120540619	1.54920315742	-4.99259328842
11	23	0.49828915298	0.46736545947	-0.202724614604	0.860506977269	2.67164373398	-1.16276359558	4.92689561844
12	23	0.468672547489	-0.437697593128	0.152958529335	-0.886016086352	-2.36714196205	0.833492517471	-4.78313112259
13	23	0.498947806656	0.484311702173	-0.20936485592	0.849475445345	2.76172614098	-1.19559550285	4.86322021484
14	23	0.499286610633	-0.54059337572	0.0883610893336	-0.836630814649	-3.08222389221	0.531269669533	-4.78269100189
15	23	0.445329133421	0.604649261183	-0.133505790624	0.785223200639	3.09385871887	-0.689320325851	4.02411222458
16	23	0.233319930732	0.606712140123	-0.134839519474	0.783401993242	1.68060088158	-0.397860229015	2.19153118134
17	23	0.445245053619	0.558979090725	-0.10946107091	0.821924966215	2.86525344849	-0.574343621731	4.20605516434
18	23	0.499704316258	-0.542886775335	0.171581660729	-0.822091042931	-3.09736275673	0.975722014904	-4.70656347275
19	23	0.499961331487	0.45542646246	-0.167672970908	0.874341187477	2.60537815094	-0.957656085491	4.99756860733
20	23	0.499999847263	-0.383945847041	0.177384887202	-0.906156823255	-2.21152877808	1.00696158409	-5.17512798309
21	23	0.499999668449	0.487254498267	-0.145501674641	0.861053027749	2.7823882103	-0.848454117775	4.92217350006
22	23	0.500000171363	-0.427742931849	0.255932496305	-0.866910919062	-2.46099615097	1.45651698112	-4.95062351227
23	23	0.499999254942	0.428409477981	-0.332781612875	0.840072447655	2.45220470428	-1.89073204994	4.80557012558
24	23	0.499989058822	-0.467005852391	0.288668122831	-0.835808739302	-2.68098664284	1.65557420254	-4.77027845383
25	23	0.499988280237	0.515282633835	-0.384525079916	0.765914009654	2.93703269958	-2.18019008636	4.39448595047
26	23	0.499962292612	-0.541538226279	0.344742872236	-0.766739004825	-3.08606624603	1.97451043129	-4.38881826401
27	23	0.499984942377	0.584756421183	-0.402193441956	0.704485885687	3.32251524925	-2.30220651627	4.04333114624
28	23	0.499985314906	-0.556182367477	0.399349149731	-0.728821947198	-3.15962147713	2.30444908142	-4.17151975632
29	23	0.499997697771	0.502306331554	-0.374728503421	0.779273314059	2.87626647949	-2.15673613548	4.44501972198
0	24	0.499959908426	0.3690531483	-0.609517122095	0.701632846724	2.14327383041	-3.45530748367	4.02085447311
1	24	0.499982893467	-0.549334783603	0.505589686272	-0.665289684768	-3.11643838882	2.90145516396	-3.81570339203
2	24	0.499950781465	0.493468759475	-0.559186456772	0.666182474991	2.819003582	-3.18330621719	3.82165765762
3	24	0.499129220843	-0.389025236241	0.496165128279	-0.77619554949	-2.23111748695	2.84395360947	-4.41748142242
4	24	0.497246399522	0.353406685146	-0.541238807258	0.762996899346	2.0015809536	-3.09493970871	4.3637547493
5	24	0.412820722908	-0.101609279807	0.561130247503	-0.821467223688	-0.500639200211	2.68778705597	-3.9569504261
6	24	0.315404200926	-0.212843869185	0.356690849956	-0.909653299289	-0.830748438835	1.35608005524	-3.40682005882
7	24	0.469807684422	-0.468387341063	0.174529281294	-0.866113634983	-2.54734063148	0.954686880112	-4.68200778961
8	24	0.499797478318	0.602771675396	-0.206170533875	0.770817759462	3.41184806824	-1.17303752899	4.43618345261
9	24	0.499149441719	-0.484785189628	0.206044841309	-0.85001696647	-2.7583758831	1.18354296684	-4.85494375229
10	24	0.497943390161	0.381137918187	-0.210440163658	0.900249312602	2.19590854645	-1.19478285313	5.14472961426
11	24	0.41809764877	-0.461904437355	0.0948192630296	-0.881846697624	-2.24409532547	0.459481626749	-4.28965759277
12	24	0.306929001585	-0.441176628922	0.0451184192692	-0.896285395583	-1.62963545322	0.178748339415	-3.28874588013
13	24	0.467897478491	-0.407135729079	0.217530522683	-0.887085660919	-2.21703243256	1.15752899647	-4.77974128723
14	24	0.498997032642	0.521836659649	-0.0647651512982	0.85058331504	2.98992538452	-0.389121562243	4.84691429138
15	24	0.498277232051	-0.645325795788	0.114722759811	-0.755243871655	-3.68663549423	0.662217855453	-4.33107709885
16	24	0.445280499756	0.637257172291	-0.201221444781	0.743917486368	3.25367045403	-1.02180171013	3.82147884369
17	24	0.497817330062	-0.389717966051	0.23994325029	-0.889127180766	-2.26313972473	1.35877978802	-5.07754945755
18	24	0.499273333699	0.512227884738	-0.108605118248	0.85195511759	2.90903377533	-0.641047716141	4.87033224106
19	24	0.499989379197	-0.387534979591	0.13017743187	-0.912617376465	-2.225669384	0.746423900127	-5.21295881271
20	24	0.499995766208	0.327879328362	-0.114188043875	0.93779328035	1.89915895462	-0.669032514095	5.35116672516
21	24	0.499999754131	-0.465587765678	0.201158966045	-0.861837051206	-2.65230894089	1.14044427872	-4.93479442596
22	24	0.499999530613	0.519579112184	-0.211889787942	0.827732000075	2.95021343231	-1.22454929352	4.74174022675
23	24	0.499989870936	-0.386175917559	0.331688234477	-0.860727062318	-2.23810744286	1.88136458397	-4.91350889206
24	24	0.499969154596	0.518463744369	-0.264641439186	0.81311761415	2.94240188599	-1.53451371193	4.65604019165
25	24	0.499310161918	-0.392029869883	0.402801503564	-0.827081332063	-2.258477211	2.27997469902	-4.72237110138
26	24	0.499743472785	0.364075222721	-0.337718880719	0.867983404108	2.0969543457	-1.94762349129	4.95083713531
27	24	0.499248031527	-0.415870252336	0.450869297965	-0.789790357864	-2.38591861725	2.57294130325	-4.50368976593
28	24	0.499956786633	0.370269661903	-0.614603988361	0.696535939464	2.1457734108	-3.47250795364	4.00650930405
29	24	0.499974012375	-0.576385120132	0.353758352971	-0.736637781406	-3.25821399689	2.07765960693	-4.21810913086
0	25	0.499686300755	-0.363426976373	0.53951475886	-0.759502901783	-2.09190273285	3.08813095093	-4.33360624313
1	25	0.499251276255	0.461266829242	-0.467181506825	0.75430388566	2.63795781136	-2.67783546448	4.296397686
2	25	0.499960720539	-0.530281528066	0.522007038798	-0.668064482245	-3.01799511909	2.98121595383	-3.83302116394
3	25	0.499281458557	0.417792568452	-0.549544839027	0.723498334238	2.38440346718	-3.12688708305	4.14004898071
4	25	0.497141163796	-0.253368839107	0.565798245573	-0.784650608026	-1.47247719765	3.22887825966	-4.47796392441
5	25	0.438327368349	0.409261041519	-0.487679760839	0.771150990898	2.07134175301	-2.48616743088	3.91448616982
6	25	0.462256707251	-0.807861748522	-0.251914955625	-0.532821030372	-4.32906532288	-1.33018374443	-2.8894982338
7	25	0.498145986348	0.55229058902	-0.133112264889	0.822955788737	3.15411973	-0.745057463646	4.70435428619
8	25	0.499088633806	-0.402518314456	0.122553739989	-0.90717120068	-2.32907271385	0.715140223503	-5.16205883026
9	25	0.497571624815	0.364613128678	-0.240520445431	0.899559437572	2.11054444313	-1.35199666023	5.14049720764
10	25	0.417024010792	-0.452576638046	-0.107394636478	-0.885234872082	-2.21191740036	-0.506167531013	-4.28972578049
11	25	0.365939280018	-0.525690508766	0.0411843706126	-0.849678372451	-2.30063271523	0.175669118762	-3.72754573822
12	25	0.416840452701	-0.478734968902	-0.0138488053471	-0.877850237877	-2.32385206223	-0.0582131072879	-4.25616407394
13	25	0.497493110597	0.688268586751	-0.212954561035	0.693496003901	3.91620731354	-1.20837187767	3.98701286316
14	25	0.499478697777	-0.614908113647	0.146736762133	-0.774826647974	-3.51736021042	0.84624505043	-4.42016077042
15	25	0.499246820807	0.636539426161	-0.230486599412	0.735998292412	3.62203407288	-1.29947888851	4.21683120728
16	25	0.499686475843	-0.530558136673	0.182712884339	-0.827722215182	-3.05225276947	1.04890704155	-4.7203912735
17	25	0.499297127128	0.613082509291	-0.20068505649	0.764104276197	3.4709751606	-1.14634406567	4.38642549515
18	25	0.499956782907	-0.475763943152	0.208728975228	-0.85444770776	-2.72701263428	1.17935633659	-4.88485908508
19	25	0.499951049685	0.389692381579	-0.142459378634	0.90985997449	2.23666810989	-0.820494651794	5.19626045227
20	25	0.499990303069	-0.427731841858	0.195351250853	-0.882543687446	-2.43263173103	1.10343456268	-5.05466842651
21	25	0.49998658523	0.367270219208	-0.161671101863	0.915955807289	2.12174367905	-0.932991147041	5.22629833221
22	25	0.499989707023	-0.470229031693	0.265512271362	-0.841657823292	-2.68987226486	1.50361680984	-4.81550979614
23	25	0.499973740429	0.532482317427	-0.26860325243	0.802692266321	3.02571988106	-1.54453682899	4.59863424301
24	25	0.499144405127	-0.456584630463	0.36165782767	-0.812855516627	-2.61051821709	2.05412483215	-4.64128637314
25	25	0.497832044959	0.456946440985	-0.307269134196	0.834736862276	2.60323572159	-1.77312648296	4.77683973312
26	25	0.45164334029	-0.275202239961	0.398870811977	-0.874737562057	-1.44316971302	2.07160139084	-4.54442024231
27	25	0.498088240623	0.492225661324	-0.416376705805	0.76442418669	2.78991723061	-2.39301896095	4.38224363327
28	25	0.499272000045	-0.308627999882	0.524623488799	-0.793422304129	-1.77726781368	2.99356651306	-4.52599000931
29	25	0.499296873808	0.378496108382	-0.597535583431	0.706888903911	2.1631424427	-3.38309717178	4.06036901474
0	26	0.446633867919	0.452719591055	-0.532667985284	0.715059290778	2.31179904938	-2.7478249073	3.67471265793
1	26	0.498190157115	-0.474793398603	0.44772580832	-0.75770233549	-2.71935033798	2.57450675964	-4.33066892624
2	26	0.49926365912	0.534903809251	-0.465566401585	0.705071514503	3.04353833199	-2.64465284348	4.04203510284
3	26	0.499670855701	-0.460425540468	0.425186258903	-0.779246409632	-2.63715672493	2.4443731308	-4.44562196732
4	26	0.449735354632	0.409896511876	-0.511988232133	0.754886017694	2.12563967705	-2.64159488678	3.91009569168
5	26	0.245734246448	0.447447438196	-0.48669817756	0.750277064831	1.31490707397	-1.40262842178	2.22352170944
6	26	0.440949611366	0.417860998685	-0.403699509256	0.813891204035	2.12577581406	-2.04893684387	4.14035415649
7	26	0.499253936112	-0.535050951147	0.0970403962365	-0.839228003093	-3.05371212959	0.590754270554	-4.79519462585
8	26	0.499752707779	0.549360755048	-0.136716960857	0.824324713585	3.13621258736	-0.778320193291	4.71589851379
9	26	0.467638924718	-0.614528090895	-0.00294816992271	-0.788889430653	-3.30448961258	0.00225713569671	-4.26105546951
10	26	0.307070124894	-0.627722357441	-0.119433327493	-0.769220594013	-2.29180407524	-0.42375138402	-2.84214830399
11	26	0.418156430125	-0.622778525314	-0.137055431644	-0.770300407026	-3.02906727791	-0.652688920498	-3.7483086586
12	26	0.498153995723	0.569533452013	-0.0156845909877	0.821818496168	3.26102161407	-0.0931748524308	4.70074653625
13	26	0.499164320529	-0.633082508318	0.196111338961	-0.748830341527	-3.61482381821	1.10442447662	-4.27740907669
14	26	0.499958880246	0.680229405242	-0.195285806556	0.706506482632	3.87183380127	-1.11870598793	4.05502128601
15	26	0.499984279275	-0.555579102173	0.234089418441	-0.797830812518	-3.18923854828	1.33184480667	-4.55429363251
16	26	0.49994853884	0.53958861996	-0.167863484363	0.825024831036	3.08922290802	-0.966592431068	4.71134996414
17	26	0.499959785491	-0.578791839999	0.179246897605	-0.795531618259	-3.30073785782	1.01637887955	-4.55624294281
18	26	0.499203722924	0.502657259643	-0.157435784592	0.85002920718	2.8596944809	-0.896354198456	4.85820388794
19	26	0.499677583575	-0.394542647153	0.136865810609	-0.908627453615	-2.26026678085	0.781400918961	-5.19383049011
20	26	0.499243263155	0.408316337423	-0.151742477996	0.900139982983	2.33226108551	-0.865021109581	5.1374464035
21	26	0.499964278191	-0.432760365398	0.120472294382	-0.893423131795	-2.47054314613	0.699847340584	-5.10792255402
22	26	0.499952599406	0.483312808261	-0.189431047763	0.854707322722	2.76117372513	-1.08660507202	4.88648796082
23	26	0.499096639454	-0.517398772969	0.253856673413	-0.817224142506	-2.93736839294	1.45558524132	-4.67237949371
24	26	0.497924830765	0.389835528179	-0.439165739135	0.809420604222	2.23822498322	-2.49550867081	4.63860559464
25	26	0.419205775484	-0.25454136719	0.39969016025	-0.880600061429	-1.24630904198	1.95535850525	-4.2903342247
26	26	0.269545855001	-0.300546559013	0.468100096342	-0.830995827709	-0.969263613224	1.50733733177	-2.68228363991
27	26	0.451900146902	-0.337165090577	0.375376080236	-0.863372746896	-1.74525403976	1.96813309193	-4.48753833771
28	26	0.498877801001	0.18175770905	-0.434379274676	0.882201100052	1.06743562222	-2.49296712875	5.02337312698
29	26	0.497964989394	-0.280957862632	0.467691273417	-0.838049850662	-1.61199188232	2.6907658577	-4.78672790527
0	27	0.235045228153	0.33642758176	-0.646066035809	0.685138788572	0.966742038727	-1.79363799095	1.93644571304
1	27	0.44373318553	0.446535550115	-0.652978839391	0.61173902752	2.27674102783	-3.31494498253	3.15088510513
2	27	0.499342571944	-0.500022655384	0.23272939291	-0.834154885965	-2.86804842949	1.38869094849	-4.74821567535
3	27	0.499338179827	0.524141132619	-0.40353225157	0.74995852888	2.99102330208	-2.30118131638	4.28496313095
4	27	0.497617617249	-0.601084079265	0.484594585019	-0.635504538004	-3.42145776749	2.7641055584	-3.65248250961
5	27	0.449471268803	0.352528968234	-0.32609360961	0.877146672072	1.84945070744	-1.7067322731	4.52084970474
6	27	0.498278636485	-0.441369418402	0.23657407276	-0.865578271791	-2.54179763794	1.38304209709	-4.94223546982
7	27	0.499229896814	0.508549456689	-0.321668570722	0.798690666473	2.91425037384	-1.81588590145	4.56139945984
8	27	0.499576248229	-0.571100163086	0.231858785233	-0.787455463778	-3.26274418831	1.32318639755	-4.49848270416
9	27	0.498937301338	0.634874228793	-0.176569400016	0.752168837824	3.62362360954	-1.00090110302	4.31004142761
10	27	0.468445278704	-0.712931274798	0.0553505563544	-0.699046002296	-3.83389163017	0.299973011017	-3.79097223282
11	27	0.498137254268	0.54218389219	0.0305436658545	0.839704538231	3.11293506622	0.168508693576	4.79922771454
12	27	0.499159742147	-0.534058865364	-0.0616300037483	-0.84319800223	-3.06219506264	-0.316540777683	-4.80755233765
13	27	0.499973811209	0.595651105729	-0.130958913248	0.792495756004	3.41523265839	-0.7546235919	4.52374458313
14	27	0.499989278615	-0.64092097923	0.238321179486	-0.72967342955	-3.65878129005	1.35232794285	-4.17952728271
15	27	0.499995060265	0.554412271654	-0.249102667329	0.794087460025	3.17775011063	-1.41450428963	4.53697681427
16	27	0.499988358468	-0.553706384646	0.186024363385	-0.811667527889	-3.16441440582	1.05716300011	-4.64256906509
17	27	0.499210309237	0.542611386799	-0.0500699519972	0.838490240148	3.08952188492	-0.311584234238	4.79021930695
18	27	0.498213876039	-0.39710036519	0.0732056745937	-0.914850932761	-2.28689050674	0.423028171062	-5.23192119598
19	27	0.445972280577	0.308564076838	-0.0395076155368	0.95038274332	1.58488333225	-0.211891978979	4.87425088882
20	27	0.498244646937	-0.405936820378	0.134063070121	-0.904014596725	-2.31884241104	0.766125798225	-5.17800188065
21	27	0.499217133969	0.401074599549	-0.137158513663	0.905718890013	2.30093979836	-0.778253138065	5.16581201553
22	27	0.499111060053	-0.495551477559	0.170378855391	-0.851704044093	-2.81591534615	0.976349294186	-4.86698389053
23	27	0.497200179845	0.400945401936	-0.215153496124	0.890478387032	2.31262302399	-1.23364067078	5.07873535156
24	27	0.403576854616	-0.240286186983	0.479068873773	-0.844248519411	-1.1382894516	2.23357605934	-3.96286940575
25	27	0.318408858031	-0.17420992124	0.496591414714	-0.850322215501	-0.69284081459	1.90300965309	-3.23070073128
26	27	0.420088615268	-0.230295463718	0.604502310396	-0.762588326764	-1.12988209724	2.9392387867	-3.73608207703
27	27	0.49812720716	0.295109250521	-0.558290475495	0.775385243107	1.68508529663	-3.19531726837	4.44072198868
28	27	0.498974725604	-0.273782506145	0.514347369569	-0.812705311135	-1.57335472107	2.9496743679	-4.6302075386
29	27	0.446007139981	0.320120908362	-0.649304291817	0.689874293373	1.64494049549	-3.32048034668	3.54899740219
0	28	0.444973960519	0.31752156848	-0.637908338203	0.701607444089	1.63397026062	-3.25835132599	3.59568762779
1	28	0.497125569731	-0.483745090392	0.324837203084	-0.812693963934	-2.76674985886	1.87749028206	-4.63510799408
2	28	0.499257646501	0.554712432996	-0.363713584503	0.74833585049	3.15995502472	-2.06742715836	4.2813911438
3	28	0.49996072799	-0.47104609075	0.385183516511	-0.793567413014	-2.71809244156	2.21093916893	-4.51837730408
4	28	0.499316997826	0.569418313995	-0.492475111135	0.658202893186	3.24775099754	-2.7896065712	3.77834749222
5	28	0.499488726258	-0.59184860961	0.410450959521	-0.693718410546	-3.37112426758	2.34710025787	-3.97495031357
6	28	0.499297529459	0.596691785998	-0.408938700867	0.690454959759	3.4005446434	-2.32458615303	3.95401334763
7	28	0.499968096614	-0.621740698153	0.383616583715	-0.682844653607	-3.54633569717	2.18482971191	-3.91657233238
8	28	0.499973066151	0.585951568367	-0.284593431921	0.758727446476	3.35319399834	-1.62162280083	4.33734893799
9	28	0.499593812972	-0.530300021702	0.181224336109	-0.828214722753	-3.05358314514	1.05009460449	-4.71320915222
10	28	0.499797862023	0.593644941689	-0.16633061449	0.787349864984	3.39403915405	-0.940268874168	4.50316095352
11	28	0.499478667974	-0.581918594899	0.0618961181112	-0.810888167057	-3.32184886932	0.368634462357	-4.63140678406
12	28	0.499975439161	0.59412383795	-0.156460491534	0.789010126531	3.39847946167	-0.881891965866	4.51319026947
13	28	0.499989457428	-0.688007226113	0.232085443742	-0.687591741966	-3.91577243805	1.31066632271	-3.95450162888
14	28	0.499999083579	0.645395496107	-0.222445564951	0.730741147219	3.68441438675	-1.26473248005	4.18452739716
15	28	0.500000149012	-0.580543720132	0.201648079629	-0.788864399626	-3.31680393219	1.15368843079	-4.51122379303
16	28	0.499960366637	0.553142978125	-0.170075559158	0.815541016705	3.15849685669	-0.967239499092	4.66544437408
17	28	0.499553199857	-0.497330578444	0.147839005436	-0.854871875906	-2.83476781845	0.832881569862	-4.8949432373
18	28	0.444839563221	0.251956381403	-0.02718112034	0.967356794863	1.30746006966	-0.147244051099	4.94626903534
19	28	0.233886517584	0.272226615449	-0.0822791023067	0.958708933496	0.785146355629	-0.217393994331	2.67599821091
20	28	0.445752993226	0.304693246658	-0.0823443066849	0.948884313601	1.57046914101	-0.416851133108	4.86353731155
21	28	0.499043740332	-0.439025430986	0.032055934444	-0.897902604971	-2.50626063347	0.210645288229	-5.12799882889
22	28	0.498020108789	0.505730983828	-0.198376297558	0.839573115675	2.88830304146	-1.12414336205	4.81013965607
23	28	0.412822686136	-0.697335587963	0.111445171303	-0.708027578243	-3.3349609375	0.556280255318	-3.40825510025
24	28	0.330009315163	-0.494482100355	0.330481490909	-0.803908848437	-1.95035243034	1.32246947289	-3.16970992088
25	28	0.404287576675	-0.437429543652	0.593868843716	-0.675259350772	-2.04203343391	2.77082681656	-3.19618725777
26	28	0.497496407479	0.144297495433	-0.581134518739	0.800912544503	0.850269019604	-3.32200956345	4.57611608505
27	28	0.499162010849	-0.248168843599	0.647158260989	-0.720831748954	-1.43451070786	3.67863512039	-4.12311792374
28	28	0.499232158065	0.448026539248	-0.607753946143	0.655673212108	2.52651596069	-3.46776103973	3.76740312576
29	28	0.498288296163	-0.387045034401	0.592793073786	-0.706252442839	-2.21864032745	3.39563941956	-4.04093647003
0	29	0.499666381627	-0.381065607492	0.480733384864	-0.789736928011	-2.1885163784	2.75319886208	-4.50857686996
1	29	0.499245025218	0.478129784836	-0.401855835824	0.780963376905	2.74566984177	-2.28627634048	4.45318222046
2	29	0.499957635999	-0.64172711481	0.359608757024	-0.677397853546	-3.65380144119	2.05469965935	-3.88851428032
3	29	0.499977320433	0.590525275392	-0.418727110369	0.689889488372	3.37168121338	-2.37590885162	3.9589509964
4	29	0.499989971519	-0.51357259906	0.319264872426	-0.796437773294	-2.95572781563	1.84842514992	-4.53233718872
5	29	0.49996765703	0.581984057382	-0.390134155788	0.713505359084	3.3267621994	-2.22902965546	4.07960510254
6	29	0.499991171062	-0.612344917358	0.434224895088	-0.660668178946	-3.50049686432	2.46944284439	-3.78584861755
7	29	0.499988012016	0.654137064521	-0.404591816012	0.639069763982	3.73065018654	-2.30114603043	3.67073822021
8	29	0.499993138015	-0.651186413198	0.239337482816	-0.720190130858	-3.71478867531	1.39381015301	-4.11653709412
9	29	0.499993741512	0.646488505009	-0.327876632653	0.688875552369	3.68140769005	-1.84716248512	3.96661162376
10	29	0.499980021268	-0.553800243553	0.176745346371	-0.813674611117	-3.17548799515	1.02269101143	-4.64276027679
11	29	0.499992731959	0.560168159905	-0.190238759842	0.806238703413	3.20406198502	-1.08144557476	4.60958719254
12	29	0.499991659075	-0.569867554265	0.182696011967	-0.801169855778	-3.26111197472	1.04790389538	-4.57692241669
13	29	0.499999850988	0.630867869876	-0.178415511072	0.755098428132	3.60128068924	-1.02027261257	4.32136440277
14	29	0.499999698251	-0.595609132144	0.112744487537	-0.795322854089	-3.40876054764	0.665405392647	-4.54144430161
15	29	0.499997589737	0.52809555709	-0.194184705366	0.826684572726	3.03168392181	-1.0943710804	4.72198295593
16	29	0.499985687435	-0.529590097981	0.0675029147012	-0.845563530805	-3.02756357193	0.407291024923	-4.83292484283
17	29	0.499262299389	0.408341998643	-0.115959483602	0.905433713922	2.36059451103	-0.654793918133	5.15678453445
18	29	0.497781727463	-0.483778346566	0.120314274743	-0.86688118372	-2.75487232208	0.679116845131	-4.96798944473
19	29	0.445157214999	0.312650452022	0.060634764534	0.947930968046	1.60959362984	0.287072956562	4.85393333435
20	29	0.497992314398	-0.483918787118	0.0944090139319	-0.870005485938	-2.75111675262	0.53959608078	-4.99024534225
21	29	0.498219452798	0.471222884581	-0.139106100758	0.87097559425	2.66966867447	-0.785292685032	4.97456121445
22	29	0.46353845112	-0.307007244615	0.255759892521	-0.916697021448	-1.67079770565	1.3632068634	-4.90145921707
23	29	0.310620129108	-0.798290178698	0.233456882554	-0.555185261497	-2.94535279274	0.850552916527	-2.05571436882
24	29	0.405246287584	-0.648686939937	0.366227316088	-0.667145266719	-3.06701588631	1.72160661221	-3.14462065697
25	29	0.497078806162	0.320943888466	-0.404084009899	0.856569397889	1.84603047371	-2.31728887558	4.88671302795
26	29	0.499174684286	-0.281740464609	0.493914839237	-0.822599806822	-1.61941313744	2.8221309185	-4.69123125076
27	29	0.499961555004	0.37460363905	-0.583742760478	0.72035859348	2.13181805611	-3.3348608017	4.12573051453
28	29	0.49996753037	-0.362511134333	0.617971996886	-0.69763621505	-2.09256124496	3.51768159866	-3.99215388298
29	29	0.499240733683	0.402274669236	-0.543281541816	0.736899081837	2.30131959915	-3.10920739174	4.19811010361
