0	0	0.499959990382	0.578284953006	-0.411168154364	0.704646905878	3.29770851135	-2.35785341263	4.03046131134
1	0	0.499988943338	-0.478987072825	0.437762072355	-0.760878276779	-2.75523686409	2.49481296539	-4.34418487549
2	0	0.499986477196	0.491700723373	-0.369707095199	0.78838256094	2.81718087196	-2.13160204887	4.49483680725
3	0	0.499999269843	-0.5439959454	0.45327089826	-0.706125983221	-3.12258958817	2.57880210876	-4.03563261032
4	0	0.499997235835	0.62181375495	-0.487496198757	0.612939728157	3.54037237167	-2.78416728973	3.52236151695
5	0	0.499999567866	-0.523635296237	0.506869746275	-0.684754800528	-3.01305818558	2.89408349991	-3.90303850174
6	0	0.499997712672	0.577467387808	-0.462615486733	0.672694824904	3.31745910645	-2.6339943409	3.84068107605
7	0	0.49999922514	-0.720307298189	0.305911880579	-0.622555473429	-4.10096549988	1.77152681351	-3.568546772
8	0	0.499999426305	0.667457397387	-0.307058840015	0.67839184211	3.82733201981	-1.76966822147	3.86089372635
9	0	0.499998986721	-0.690666231444	0.367192611953	-0.623016647024	-3.94944667816	2.08430171013	-3.56957602501
10	0	0.499999418855	0.769117568594	-0.276273760364	0.576308055656	4.37816810608	-1.58683609962	3.31767129898
11	0	0.49999820441	-0.666920185725	0.302543894287	-0.680943946226	-3.82238316536	1.70571494102	-3.8954808712
12	0	0.499999657273	0.654749696298	-0.200280618571	0.728828175239	3.74340867996	-1.15797626972	4.16304254532
13	0	0.499999821186	-0.647370277327	0.306919090553	-0.697647759179	-3.70016765594	1.73684883118	-3.99723100662
14	0	0.499999903142	0.605595246509	-0.235704729062	0.760064259194	3.46467685699	-1.34436404705	4.34464263916
15	0	0.499999456108	-0.630208569997	0.0963180429311	-0.770428447624	-3.58882641792	0.571895480156	-4.41397190094
16	0	0.499985862523	0.572037970294	-0.141772228791	0.807881919395	3.26278281212	-0.809199690819	4.62409877777
17	0	0.499970301986	-0.537680062882	0.195787117639	-0.820102161042	-3.06351804733	1.11730241776	-4.69620656967
18	0	0.499246738851	0.41905934052	-0.278974237509	0.864038566228	2.39606499672	-1.58558559418	4.93279504776
19	0	0.499591715634	-0.315457492937	0.195764122935	-0.928527316949	-1.82020521164	1.13908433914	-5.29978132248
20	0	0.498335443437	0.44772561943	-0.219693396154	0.866762125033	2.52460861206	-1.25779819489	4.95213890076
21	0	0.495209762827	-0.304785491877	0.235087004687	-0.922951734474	-1.73006367683	1.34937214851	-5.25825214386
22	0	0.393794976175	-0.314604553368	-0.5236942106	0.79168702704	-1.45345616341	-2.39188027382	3.63996148109
23	0	0.355281896889	-0.495157604944	-0.506974199335	0.705546672783	-2.07085967064	-2.13905215263	2.96869945526
24	0	0.47849073261	0.48193459417	-0.462160580514	0.744410266427	2.63890457153	-2.54648113251	4.13584136963
25	0	0.499133065343	-0.42738278144	0.377628789567	-0.821425867269	-2.42709326744	2.15255260468	-4.69735383987
26	0	0.499958433211	0.374416828982	-0.252313722482	0.892272281102	2.14626264572	-1.4729373455	5.09069776535
27	0	0.499988749623	-0.363591137143	0.438370229506	-0.821968993864	-2.10279154778	2.47990655899	-4.70355224609
28	0	0.499986413866	0.487390342771	-0.353738687912	0.798322988801	2.78204965591	-2.03421974182	4.56141471863
29	0	0.499991074204	-0.543019301992	0.379306416761	-0.749170661377	-3.1060833931	2.17000961304	-4.28118515015
0	1	0.499999709427	-0.571208225737	0.486446722922	-0.661128390412	-3.25781726837	2.75276517868	-3.80894327164
1	1	0.499997220933	0.495214065342	-0.368729444146	0.786639451405	2.83661818504	-2.12431383133	4.48644733429
2	1	0.499999180436	-0.445615415639	0.486491795443	-0.751500255696	-2.57228922844	2.74805140495	-4.30484437943
3	1	0.499999374151	0.62451639962	-0.376097075404	0.684492700091	3.54635381699	-2.15748810768	3.93200588226
4	1	0.499999888241	-0.560018705065	0.344772980104	-0.753333022088	-3.21660995483	1.98409187794	-4.29052114487
5	1	0.499999441206	0.608495828811	-0.430875018702	0.66639293557	3.47707343102	-2.45205664635	3.81911373138
6	1	0.499999508262	-0.682729781928	0.320934259365	-0.656415452313	-3.89527773857	1.85290908813	-3.75272297859
7	1	0.499997965991	0.687455628205	-0.397991717187	0.607459753646	3.93994855881	-2.2521238327	3.47723007202
8	1	0.499999813735	-0.752922093501	0.338585514073	-0.564329842183	-4.28853416443	1.93588936329	-3.24793100357
9	1	0.499997586012	0.678201014166	-0.365124691624	0.637751788668	3.87959527969	-2.08060455322	3.64725327492
10	1	0.499999701977	-0.620204893114	0.348318566819	-0.702865610602	-3.56378412247	1.9760351181	-4.01099681854
11	1	0.499999701977	0.582653781168	-0.212925115399	0.784332497429	3.35523700714	-1.24176204205	4.46047496796
12	1	0.499998725951	-0.684495443789	0.256715759312	-0.682321776256	-3.90127944946	1.46774244308	-3.91279506683
13	1	0.499999515712	0.649479307701	-0.318212632657	0.690592028107	3.70492386818	-1.80754995346	3.96154689789
14	1	0.499997716397	-0.529565970799	0.290160380203	-0.797099012879	-3.04503917694	1.65175914764	-4.54822015762
15	1	0.499998956919	0.548134193109	-0.22885803024	0.804470576429	3.13321876526	-1.30018019676	4.60222148895
16	1	0.499997131526	-0.47598007942	0.141015263955	-0.868076989285	-2.73948097229	0.815017998219	-4.95135354996
17	1	0.49998376891	0.527221211978	-0.170232458865	0.832501473626	2.99860334396	-0.979177236557	4.76850795746
18	1	0.499979406595	-0.414818996314	0.3510266744	-0.839467375278	-2.37924194336	1.97106051445	-4.8121509552
19	1	0.499314785004	0.283746495613	-0.22516147234	0.932089178996	1.63776636124	-1.29490709305	5.31391620636
20	1	0.497927073389	-0.294330528079	0.277427678891	-0.914550940749	-1.68872666359	1.57625842094	-5.23619222641
21	1	0.418904770166	-0.00913242662384	-0.348084157351	0.937418806183	-0.0279444009066	-1.6836400032	4.57594823837
22	1	0.333999497816	-0.131065453315	-0.318290323577	0.938889299579	-0.496586441994	-1.28030538559	3.75547194481
23	1	0.413156069815	0.136078523955	-0.278527828684	0.950739125085	0.614240646362	-1.35597932339	4.56134557724
24	1	0.497939914465	-0.15342405872	0.426372492796	-0.891441279946	-0.901045024395	2.4431681633	-5.08953857422
25	1	0.499577555805	0.305525459425	-0.371612381313	0.876674644151	1.74186015129	-2.12720108032	5.00780248642
26	1	0.499986410141	-0.346924770244	0.316353424387	-0.882929054154	-1.98598599434	1.81437015533	-5.0444393158
27	1	0.499998576939	0.415412872194	-0.376401814058	0.828102541953	2.36825847626	-2.14907884598	4.73869991302
28	1	0.499999377877	-0.423474656675	0.391079856611	-0.817144883669	-2.4341917038	2.23836684227	-4.66357374191
29	1	0.499997638166	0.504071781739	-0.427109010717	0.750659398008	2.8866443634	-2.43718719482	4.29092121124
0	2	0.499999519438	0.549090763578	-0.266396428987	0.792169348041	3.13287258148	-1.55292153358	4.52443170547
1	2	0.499999605119	-0.542300027878	0.329450008563	-0.772899328258	-3.09259319305	1.87698960304	-4.42650985718
2	2	0.499999087304	0.505587888185	-0.274260547395	0.818023251175	2.89228129387	-1.5941593647	4.66729402542
3	2	0.499999590218	-0.538707573008	0.326357510464	-0.776714185623	-3.09071969986	1.86338925362	-4.43392848969
4	2	0.499999806285	0.603342752218	-0.254539558381	0.755769234995	3.44073486328	-1.48400342464	4.31828832626
5	2	0.499999910593	-0.610115426974	0.369545726989	-0.700853138277	-3.49788475037	2.09788775444	-4.0064868927
6	2	0.499986968935	0.711180105747	-0.264590662033	0.651317617415	4.05744504929	-1.52166688442	3.72905921936
7	2	0.499990493059	-0.741820527271	0.25290415711	-0.62108114819	-4.23465490341	1.45835876465	-3.55336356163
8	2	0.499964043498	0.708964544389	-0.284764129604	0.645196609794	4.05668449402	-1.6287958622	3.68357110023
9	2	0.499991513789	-0.673047716438	0.318474094052	-0.667518556158	-3.84822273254	1.81535673141	-3.81838870049
10	2	0.499987490475	0.690899358547	-0.280276739335	0.666410553448	3.93740415573	-1.60656630993	3.82102632523
11	2	0.499999113381	-0.675793555613	0.316099157727	-0.66587115321	-3.85833883286	1.7889264822	-3.8210439682
12	2	0.49999973923	0.655975207441	-0.283244088584	0.699620835528	3.74907827377	-1.61239671707	4.00345468521
13	2	0.49998691678	-0.593796748522	0.244651555534	-0.766518778518	-3.40307879448	1.40631306171	-4.37314558029
14	2	0.499991856515	0.564301765133	-0.277153254629	0.777656473848	3.22457647324	-1.58310508728	4.44724464417
15	2	0.499961886555	-0.524700389586	0.254722097692	-0.812284527807	-3.00581407547	1.44860982895	-4.64160490036
16	2	0.499984737486	0.53294942261	-0.154625323544	0.83189898561	3.03030204773	-0.887948989868	4.76619338989
17	2	0.499980974942	-0.410963722619	0.0767840413195	-0.908412367645	-2.37112522125	0.464778065681	-5.18197774887
18	2	0.499947715551	0.515718502994	-0.164469771884	0.840823477197	2.92297625542	-0.952765882015	4.82059288025
19	2	0.499739106745	-0.341393829588	0.225847268031	-0.91238328823	-1.9529671669	1.28753888607	-5.21741962433
20	2	0.45651640743	0.245877618533	-0.109592368012	0.963085515195	1.28877091408	-0.597014188766	5.06139564514
21	2	0.278735573404	0.126839208628	-0.201287918924	0.971285225281	0.412561386824	-0.677142441273	3.23971533775
22	2	0.419380105101	-0.0826814239104	-0.156699164803	0.984179431755	-0.378895193338	-0.775695443153	4.80291938782
23	2	0.497847754508	-0.166403994509	0.344940049928	-0.92375650069	-0.95071554184	1.98097348213	-5.28120994568
24	2	0.499044407159	0.238372072692	-0.523864869029	0.817767909592	1.34357333183	-2.95771169662	4.69286823273
25	2	0.499971669167	-0.229167624701	0.411214061509	-0.882261409904	-1.31406533718	2.34960532188	-5.04405355453
26	2	0.499991506338	0.330316211641	-0.331550347542	0.883722562443	1.88441157341	-1.89980149269	5.05206489563
27	2	0.499999821186	-0.41271705479	0.317460940418	-0.853746557237	-2.34964990616	1.83258283138	-4.87983942032
28	2	0.4999987185	0.482085778898	-0.44592062126	0.754153897636	2.74881052971	-2.53373813629	4.32574081421
29	2	0.499999754131	-0.544546190051	0.387837465532	-0.743674355636	-3.09915590286	2.21720409393	-4.26215076447
0	3	0.499999757856	-0.419964419356	0.29773781303	-0.857310959435	-2.40569376945	1.71224892139	-4.89633655548
1	3	0.500000171363	0.508002232925	-0.271156621648	0.817562118667	2.8915014267	-1.570322752	4.67568778992
2	3	0.4999996759	-0.487117069162	0.353630801704	-0.798537548909	-2.79165649414	2.00565099716	-4.5683465004
3	3	0.500000178814	0.599265462066	-0.330163645552	0.729296149126	3.40232348442	-1.89250910282	4.18720006943
4	3	0.499999761581	-0.5349421298	0.407405384432	-0.740174148765	-3.07332801819	2.29865646362	-4.23856067657
5	3	0.499986670911	0.659624407575	-0.283393079496	0.696120681653	3.75302171707	-1.63476252556	3.9914586544
6	3	0.4999756217	-0.671687857424	0.231682009543	-0.703675257945	-3.84981322289	1.33373534679	-4.0107293129
7	3	0.499238312244	0.755520321246	-0.252748634101	0.604406462693	4.30486536026	-1.44496631622	3.45888376236
8	3	0.499620266259	-0.733471511389	0.230402758711	-0.639479562424	-4.18419218063	1.33393096924	-3.66155552864
9	3	0.499226376414	0.6098427205	-0.26250471177	0.747785485652	3.4962439537	-1.50239896774	4.25518465042
10	3	0.499974630773	-0.585803646102	0.20838315346	-0.783205304865	-3.37236499786	1.20020782948	-4.45862483978
11	3	0.499986588955	0.679561652926	-0.197026611796	0.706665744264	3.8743622303	-1.13863742352	4.04681253433
12	3	0.499986745417	-0.652900966925	0.21384654556	-0.726629191775	-3.73101568222	1.22884941101	-4.15326166153
13	3	0.499976091087	0.628218531062	-0.214311841749	0.747938441128	3.5898566246	-1.23885047436	4.27369785309
14	3	0.499255008996	-0.568727587474	0.306588604871	-0.763251176618	-3.25797629356	1.73793160915	-4.35360050201
15	3	0.499655410647	0.557034178483	-0.2440264219	0.793828715415	3.17971158028	-1.39848279953	4.54175567627
16	3	0.499191239476	-0.434067329162	0.187938073432	-0.88105892783	-2.49980425835	1.07470345497	-5.01827096939
17	3	0.499646298587	0.382555785662	-0.190640079723	0.904050568751	2.21238708496	-1.07449412346	5.15793514252
18	3	0.499827206135	-0.49009906567	0.180674321724	-0.852736591978	-2.78572130203	1.03957986832	-4.88289546967
19	3	0.49885026738	0.304077245128	-0.296068070875	0.905472653592	1.75974082947	-1.6753745079	5.16137123108
20	3	0.498313739896	-0.320019141567	0.253900258805	-0.912755393087	-1.82493782043	1.44984459877	-5.22303199768
21	3	0.455365377478	0.127481212417	-0.112108731948	0.985484739964	0.674525141716	-0.609313189983	5.16507768631
22	3	0.497585456818	-0.196139763006	0.273034350454	-0.941796919107	-1.11095261574	1.5645596981	-5.38885974884
23	3	0.498756505549	0.252757891491	-0.354525756058	0.900236044924	1.4184885025	-2.01796579361	5.14239215851
24	3	0.499958608299	-0.136468366197	0.391054954682	-0.910193609869	-0.788552165031	2.23404383659	-5.20385837555
25	3	0.499983068556	0.094354155065	-0.397123734698	0.912901984203	0.575494647026	-2.26367044449	5.21882915497
26	3	0.499999102205	-0.276988439765	0.32705860562	-0.903498795088	-1.5801358223	1.88351345062	-5.16184473038
27	3	0.500000700355	0.256352716655	-0.370660343489	0.892689304533	1.49064767361	-2.12163233757	5.09601211548
28	3	0.499999072403	-0.440262456037	0.437764715854	-0.783920291457	-2.49750685692	2.49101638794	-4.50049352646
29	3	0.500000555068	0.427546761708	-0.397750125212	0.811787290148	2.44000148773	-2.26737761497	4.64760017395
0	4	0.499999646097	0.245627243752	-0.376839847326	0.893117565942	1.43273103237	-2.14689350128	5.10198068619
1	4	0.499999660999	-0.373222627136	0.411142804653	-0.831664875281	-2.14940285683	2.32401633263	-4.76208353043
2	4	0.499999366701	0.438963539063	-0.267033655868	0.857906776991	2.51542806625	-1.54118537903	4.89740943909
3	4	0.50000019744	-0.446820696307	0.319667312337	-0.835562131008	-2.57068014145	1.82231092453	-4.77048873901
4	4	0.499998301268	0.492248655562	-0.25558441954	0.832086453192	2.81147551537	-1.48792052269	4.7508149147
5	4	0.499991044402	-0.500613849458	0.355326751804	-0.789384996807	-2.89245939255	2.01667165756	-4.50193214417
6	4	0.499242119491	0.716372680948	-0.241766585396	0.654491482127	4.07117557526	-1.39339482784	3.75271940231
7	4	0.498086296022	-0.747926417704	0.323162055151	-0.579803725248	-4.27600860596	1.84114527702	-3.33008098602
8	4	0.44537640363	0.684200940648	-0.4138012911	0.600531068555	3.50253486633	-2.10633897781	3.08808016777
9	4	0.498275116086	-0.644287199868	0.349641871087	-0.68017980422	-3.69070005417	1.98665165901	-3.90079021454
10	4	0.499225646257	0.694228910882	-0.197786101264	0.692045430186	3.94921875	-1.15300822258	3.9578871727
11	4	0.499989107251	-0.62170400719	0.228468809912	-0.749190316503	-3.56494259834	1.30409908295	-4.27464199066
12	4	0.499988526106	0.628056826584	-0.245997572613	0.738261347254	3.59324932098	-1.4021832943	4.21955347061
13	4	0.499266736209	-0.658453671732	0.295589260135	-0.692145758837	-3.74994921684	1.67385458946	-3.96577215195
14	4	0.498354762793	0.689141512892	-0.297003743271	0.660963502541	3.93456745148	-1.69856548309	3.79853415489
15	4	0.445601195097	-0.616149768735	0.303292707184	-0.726892699273	-3.15789079666	1.53954935074	-3.73102140427
16	4	0.497777320445	0.580417294642	-0.200462260587	0.789259555635	3.31010770798	-1.13773310184	4.52431535721
17	4	0.498249813914	-0.56546045809	0.0689198368749	-0.821890823907	-3.21227216721	0.418628811836	-4.69993448257
18	4	0.47307843715	0.500448821527	-0.172536858887	0.848399675482	2.7291226387	-0.943046271801	4.62756872177
19	4	0.498374264687	-0.431605451118	0.305353090046	-0.848808709289	-2.45989155769	1.73691797256	-4.86423921585
20	4	0.497761849314	0.363703093587	-0.273315514059	0.890515968128	2.07234573364	-1.56898880005	5.06536817551
21	4	0.497851047665	-0.138210951167	0.364486990635	-0.920894655558	-0.805199146271	2.06371259689	-5.27669334412
22	4	0.470875034109	0.0453252310354	-0.307187965829	0.950568870246	0.263399660587	-1.67137908936	5.15797138214
23	4	0.498938834295	-0.152736042545	0.332494759751	-0.930655111223	-0.864306092262	1.90112566948	-5.32237100601
24	4	0.499644199386	0.0666763104266	-0.255243904495	0.964574942058	0.414691746235	-1.48075950146	5.50334072113
25	4	0.49999435991	-0.2667790065	0.331332542021	-0.905012545929	-1.50838387012	1.90095901489	-5.17745876312
26	4	0.499993741512	0.353069249597	-0.404701464535	0.843539465343	1.99764823914	-2.31004476547	4.83321332932
27	4	0.499999195337	-0.261604134395	0.41681389199	-0.870534006407	-1.50357162952	2.37471866608	-4.97811365128
28	4	0.499999292195	0.268727716375	-0.3371204182	0.90229442982	1.54508018494	-1.93940734863	5.15182304382
29	4	0.499999601394	-0.222238069292	0.349367420885	-0.910248672496	-1.29290890694	1.99873948097	-5.19842815399
0	5	0.499999023974	-0.356228152237	0.326308744933	-0.875570731885	-2.0418305397	1.8673684597	-5.00370073318
1	5	0.499998088926	0.504168147723	-0.29929560255	0.810084329632	2.86248850822	-1.71259367466	4.643699646
2	5	0.499999530613	-0.506020468695	0.2009806917	-0.83877890223	-2.88553953171	1.17397153378	-4.79398822784
3	5	0.499997545034	0.49835589177	-0.326809048566	0.803017590662	2.83968162537	-1.85873031616	4.60065078735
4	5	0.499999519438	-0.387415685345	0.346853988888	-0.854167078001	-2.25084161758	1.97838306427	-4.86985301971
5	5	0.499964237213	0.568646561351	-0.379678702691	0.729715815223	3.23740005493	-2.1550822258	4.19071388245
6	5	0.499663509429	-0.602696142305	0.241529388954	-0.760539883452	-3.45052671432	1.39751243591	-4.34033203125
7	5	0.445377022028	0.584364232304	-0.367844432745	0.723331816874	3.00621271133	-1.87414777279	3.70022583008
8	5	0.23274352029	0.656547248611	-0.335212614844	0.675705714931	1.82622718811	-0.933636784554	1.88092589378
9	5	0.445769228041	0.629080558982	-0.387786418239	0.67370568065	3.23326539993	-1.97928404808	3.45108294487
10	5	0.499700330198	-0.679084091359	0.366293829646	-0.636139628719	-3.88096427917	2.07560992241	-3.65130662918
11	5	0.499962300062	0.652304342402	-0.224428410591	0.723968875991	3.72268795967	-1.30350637436	4.13896942139
12	5	0.499965079129	-0.620431005102	0.182732747756	-0.762675626204	-3.54359960556	1.06351196766	-4.35808897018
13	5	0.499590944499	0.533561701595	-0.208798003118	0.819582396397	3.0806646347	-1.20534288883	4.66405677795
14	5	0.445774704218	-0.695266534462	0.227100404091	-0.681930973427	-3.54713010788	1.1633220911	-3.51446437836
15	5	0.232627073303	-0.587466669032	0.168826783282	-0.791441994098	-1.65139603615	0.499840319157	-2.18220090866
16	5	0.445250116289	-0.649682800608	0.237508171524	-0.722151041717	-3.31858849525	1.21223306656	-3.70958018303
17	5	0.472228590399	0.53083705062	-0.166899475311	0.830877001023	2.89745759964	-0.913670063019	4.5249414444
18	5	0.329373056069	0.404870146729	-0.138247639419	0.903862685635	1.6075963974	-0.553914904594	3.55916905403
19	5	0.428989227861	0.465062615381	-0.220660520281	0.85733639755	2.32716965675	-1.10437071323	4.27637720108
20	5	0.495743401349	-0.56056094087	0.343457697149	-0.753530518188	-3.1777176857	1.95289635658	-4.32574987411
21	5	0.417860670015	0.0260830835527	-0.321173709255	0.946661038195	0.173399865627	-1.55878508091	4.60202503204
22	5	0.318135714158	0.181646927241	-0.244738471041	0.952421899484	0.668009400368	-0.952558517456	3.6266644001
23	5	0.47088804096	-0.00213515952246	-0.448163103489	0.893949256818	0.023328891024	-2.41369009018	4.86483573914
24	5	0.499739538878	-0.21250277965	0.277771153953	-0.936848843022	-1.21320080757	1.60308766365	-5.35226583481
25	5	0.499986123294	0.267403577679	-0.340922311323	0.901258733265	1.53589344025	-1.95870387554	5.14693498611
26	5	0.499999351799	-0.297001912491	0.481782256768	-0.824424478676	-1.69061529636	2.72938108444	-4.73112392426
27	5	0.500000540167	0.27815970477	-0.428496050704	0.859661743463	1.59038996696	-2.44147205353	4.91864538193
28	5	0.499999646097	-0.266345735161	0.317770100939	-0.909990171546	-1.52910089493	1.81972289085	-5.19956159592
29	5	0.499999875203	0.249127294237	-0.292104798857	0.9233690366	1.43968033791	-1.68052661419	5.27153205872
0	6	0.49998537451	0.488152392542	-0.350035596052	0.799488788635	2.77381873131	-1.98922491074	4.58652973175
1	6	0.499987252057	-0.462677012836	0.264866686057	-0.846035235915	-2.64533996582	1.52076208591	-4.83449983597
2	6	0.499959532171	0.470995269452	-0.274195977273	0.838439039049	2.68966650963	-1.56148052216	4.79641628265
3	6	0.499987456948	-0.492085368799	0.285240351728	-0.822490079916	-2.8062889576	1.63807225227	-4.70377159119
4	6	0.499983802438	0.515142801764	-0.336058174965	0.78847498174	2.93519163132	-1.91779983044	4.51529216766
5	6	0.49999088794	-0.52829782294	0.335137304205	-0.780118194639	-3.02321195602	1.91745257378	-4.45729780197
6	6	0.499242514372	0.588412962249	-0.247084242366	0.769882824222	3.35698318481	-1.43169617653	4.38942098618
7	6	0.498305112123	-0.596742578714	0.345597355895	-0.724196632379	-3.41962838173	1.96701788902	-4.15022230148
8	6	0.445617474616	0.67143930233	-0.199622317707	0.713666724431	3.44307303429	-1.04486274719	3.65024590492
9	6	0.498324997723	-0.691863612658	0.321819638925	-0.646341133986	-3.95791530609	1.84543824196	-3.70352888107
10	6	0.49923761189	0.679572276423	-0.359163438843	0.639674249376	3.86850428581	-2.05609154701	3.65943622589
11	6	0.499988913536	-0.550361252299	0.42488643754	-0.718730830814	-3.16645145416	2.40608072281	-4.10853624344
12	6	0.499988123775	0.59917848618	-0.314649368495	0.736193532032	3.4279654026	-1.79792237282	4.20747327805
13	6	0.499264463782	-0.634410836949	0.287786909763	-0.717427058683	-3.61271715164	1.64116454124	-4.10408973694
14	6	0.49835370481	0.628404210752	-0.228926447517	0.743438517658	3.60061645508	-1.31778597832	4.25326919556
15	6	0.445443585515	-0.562784627482	0.259809253254	-0.784711803782	-2.89447402954	1.32224583626	-4.01561403275
16	6	0.497097089887	0.707711349685	-0.240799245195	0.66419904324	4.03033018112	-1.39129626751	3.80359458923
17	6	0.495927400887	-0.543434056889	0.335148789593	-0.769645837153	-3.11630916595	1.90174078941	-4.39668941498
18	6	0.395274307579	0.47904841883	-0.167472611836	0.861664399114	2.23699331284	-0.786481797695	4.00981330872
19	6	0.385583132505	0.669410181506	-0.346774486212	0.656991221104	3.08453392982	-1.59958863258	3.04380750656
20	6	0.399522222579	0.782532330954	-0.312996372821	0.538215961871	3.67557525635	-1.47628378868	2.55178833008
21	6	0.374079160392	0.50286798984	-0.303181629018	0.809447147515	2.23180365562	-1.36569869518	3.63104319572
22	6	0.418173676357	0.110219810612	-0.323880540639	0.939655782052	0.56647592783	-1.5758368969	4.56627416611
23	6	0.49748082459	-0.376521156593	0.361931127301	-0.852782315558	-2.12956047058	2.06659555435	-4.88557195663
24	6	0.499477986246	0.421430917461	-0.287224452454	0.860173294005	2.38486003876	-1.65422701836	4.91955184937
25	6	0.499992504716	-0.409146729367	0.419604723961	-0.810265900478	-2.31653738022	2.37470126152	-4.65802431107
26	6	0.499997524545	0.150555373879	-0.35193134864	0.923838408619	0.911044001579	-2.03432869911	5.26692914963
27	6	0.499998148531	-0.285022784973	0.388361297509	-0.876320440617	-1.6251039505	2.21591854095	-5.01355457306
28	6	0.499999407679	0.359630836939	-0.235899942823	0.902782852129	2.03945040703	-1.37974536419	5.1603808403
29	6	0.499997545034	-0.36256980881	0.327919003855	-0.872360166818	-2.07179617882	1.8641974926	-4.99204826355
0	7	0.499947752804	-0.515049492756	0.297539394263	-0.803862133001	-2.91804337502	1.69642829895	-4.61523675919
1	7	0.499203830957	0.39896931473	-0.236248997217	0.886007842639	2.28148078918	-1.35516905785	5.053855896
2	7	0.499537605792	-0.383795285838	0.235711812157	-0.892827598239	-2.19278049469	1.35151910782	-5.10371589661
3	7	0.49921996519	0.378007809232	-0.324377616574	0.867115481366	2.17279052734	-1.8365585804	4.94899177551
4	7	0.499968312681	-0.493900086361	0.315737003779	-0.810168407887	-2.81579351425	1.80994915962	-4.63478851318
5	7	0.499973893166	0.484666861795	-0.40435938729	0.775623309983	2.7866358757	-2.28792047501	4.43706083298
6	7	0.499973900616	-0.587497262108	0.377047670518	-0.716018170979	-3.35107660294	2.14114046097	-4.10800695419
7	7	0.499260947108	0.625017380576	-0.278401278791	0.729277726209	3.5683016777	-1.60871267319	4.15639829636
8	7	0.499648019671	-0.777940089527	0.263205717647	-0.570554087975	-4.42137861252	1.51019203663	-3.29813170433
9	7	0.499251380563	0.673040588025	-0.318957403441	0.667294943531	3.84423995018	-1.82190799713	3.80662608147
10	7	0.499975137413	-0.618446178019	0.427062919168	-0.65965262674	-3.53485107422	2.42830276489	-3.78128480911
11	7	0.49998729676	0.534013124812	-0.429683133901	0.728149975602	3.0721282959	-2.44595956802	4.15490913391
12	7	0.499987214804	-0.61841932892	0.344162144247	-0.706477141941	-3.53188490868	1.96710371971	-4.04218959808
13	7	0.499975956976	0.62128157468	-0.377369753882	0.686732315985	3.55446267128	-2.13582396507	3.93615293503
14	7	0.499224588275	-0.671045324236	0.272800734525	-0.68940404123	-3.81719493866	1.56106030941	-3.94660377502
15	7	0.499288469553	0.609027048657	-0.249554290688	0.752866993568	3.48990106583	-1.43556272984	4.29050445557
16	7	0.496593847871	-0.708997671927	0.358730578413	-0.607152924158	-4.02792358398	2.03158998489	-3.49545526505
17	7	0.416531328112	0.475082733793	-0.29151875493	0.83024888532	2.3074631691	-1.42339849472	4.01585197449
18	7	0.379190698266	0.599506100927	-0.396601432448	0.695197625666	2.72016143799	-1.79499959946	3.1636030674
19	7	0.416095666587	0.687832192118	-0.494446287048	0.53142237882	3.3787856102	-2.41723060608	2.61860513687
20	7	0.345862776041	0.751326180875	-0.350748872969	0.559002860497	3.10238385201	-1.45931375027	2.32141065598
21	7	0.439783360809	0.499602596656	-0.373328282974	0.781679754468	2.56359887123	-1.90998852253	4.00115394592
22	7	0.498024478555	-0.416688261384	0.453249775095	-0.787994628282	-2.3718662262	2.5701482296	-4.52599143982
23	7	0.49923517555	0.200392177337	-0.376065220118	0.904664537538	1.19451010227	-2.14160466194	5.15711784363
24	7	0.499969419092	-0.347929218961	0.28586312521	-0.892875989283	-1.99388873577	1.63777709007	-5.10186433792
25	7	0.499995440245	0.417323310408	-0.272583653716	0.866913724841	2.37535619736	-1.57982325554	4.95465803146
26	7	0.499987185001	-0.360154298175	0.43199928093	-0.826840675573	-2.03717088699	2.45192050934	-4.74706840515
27	7	0.499992344528	0.264789604892	-0.450776266282	0.852459513935	1.51807975769	-2.55883717537	4.8819527626
28	7	0.499958407134	-0.257786639763	0.364831539657	-0.894675357899	-1.48560285568	2.08211994171	-5.11290693283
29	7	0.499973654747	0.330191703655	-0.247781318842	0.910811647307	1.89914131165	-1.43612217903	5.19818925858
0	8	0.499158203602	0.425646330585	-0.264038699515	0.865510696882	2.41868925095	-1.51521086693	4.94343948364
1	8	0.497995568439	-0.279334942816	0.230781483038	-0.932047153747	-1.61436343193	1.32379627228	-5.32883882523
2	8	0.445652477443	0.18764161795	-0.109678979691	0.976094844074	0.9768846035	-0.58764064312	4.99821376801
3	8	0.498168699443	-0.348261440829	0.21434233114	-0.9125630575	-2.00068855286	1.24133169651	-5.21833324432
4	8	0.499220654368	0.460546458534	-0.288803079323	0.839338871318	2.63129138947	-1.6391248703	4.79303026199
5	8	0.499987069517	-0.557440083044	0.215687016319	-0.801710461954	-3.16862916946	1.26011228561	-4.58980607986
6	8	0.499985277653	0.514102502929	-0.342763536327	0.786264443204	2.94748687744	-1.95515775681	4.49136829376
7	8	0.499989069998	-0.509127170161	0.422159847675	-0.750047056934	-2.939702034	2.38361120224	-4.28662633896
8	8	0.499963723123	0.669203422698	-0.26381279431	0.694672288643	3.81668424606	-1.52499198914	3.97438883781
9	8	0.499991178513	-0.626027899313	0.267074231279	-0.732639354845	-3.58978652954	1.54802632332	-4.17267799377
10	8	0.499987207353	0.54839760974	-0.393829234529	0.737671061966	3.15266036987	-2.25158691406	4.20448493958
11	8	0.499999001622	-0.622043531228	0.375404697319	-0.687119464495	-3.54091715813	2.14629459381	-3.94270968437
12	8	0.499999500811	0.656856307575	-0.246425566749	0.712610855412	3.7394952774	-1.43424344063	4.08039474487
13	8	0.499987319112	-0.588742856427	0.271660376606	-0.7613031517	-3.37747478485	1.56129932404	-4.34008169174
14	8	0.499977514148	0.616014436905	-0.299239901705	0.728684907729	3.51443552971	-1.70230150223	4.17578554153
15	8	0.499779872596	-0.614219405041	0.248444358455	-0.749005956734	-3.49377965927	1.42258822918	-4.29489850998
16	8	0.47538523376	0.387243802529	-0.29332026323	0.87407405898	2.14995980263	-1.60550117493	4.78442621231
17	8	0.334629528224	0.49260044163	-0.379437208811	0.783180828082	1.98353552818	-1.51224064827	3.13596248627
18	8	0.418342135847	0.607947132395	-0.390219323261	0.691468845261	2.9506354332	-1.90102672577	3.36924171448
19	8	0.497111409903	-0.550761298817	0.383457626744	-0.741365119369	-3.15132904053	2.1893825531	-4.2432756424
20	8	0.478862337768	0.524370006552	-0.283810096853	0.802800053035	2.89893436432	-1.57838559151	4.42790460587
21	8	0.498662352562	-0.588416092648	0.309270599891	-0.747073087426	-3.34704780579	1.77396845818	-4.28330469131
22	8	0.499372694641	0.473967926168	-0.283704481316	0.833586331609	2.70611476898	-1.63959264755	4.75405788422
23	8	0.499971482903	-0.369226548452	0.294837209051	-0.881330117537	-2.12680459023	1.68927931786	-5.03214836121
24	8	0.499989897013	0.40299929605	-0.234949681306	0.884528244115	2.30817556381	-1.36521100998	5.04958152771
25	8	0.499987255782	-0.403687108838	0.279936090745	-0.871018084345	-2.30608272552	1.60128068924	-4.98044347763
26	8	0.499973852187	0.228829397972	-0.348879016265	0.908801704793	1.33507752419	-1.99841976166	5.18815517426
27	8	0.499223172665	-0.216839998186	0.343014540262	-0.913959211538	-1.25966203213	1.9712574482	-5.20756053925
28	8	0.49955913052	0.241937592987	-0.459450846675	0.854617528834	1.40149831772	-2.60675954819	4.89264583588
29	8	0.499247655272	-0.343336573513	0.284985497274	-0.894931988272	-1.96457386017	1.62985360622	-5.10668611526
0	9	0.49864853546	-0.382018416405	0.369244261311	-0.847183926321	-2.1787879467	2.0829668045	-4.84709119797
1	9	0.444892819971	0.0739386001716	-0.238648976076	0.968287018204	0.413263320923	-1.22906851768	4.95199489594
2	9	0.234007193707	0.274717824591	-0.279590531879	0.91997785372	0.751465082169	-0.771507382393	2.58225440979
3	9	0.445664418861	0.24760092061	-0.306214075264	0.91919895791	1.28092503548	-1.56042170525	4.71212530136
4	9	0.499573849142	-0.477279709867	0.245159541534	-0.843860698068	-2.70896887779	1.39871191978	-4.83685493469
5	9	0.499961301684	0.450634298125	-0.228725589864	0.86290980635	2.58797478676	-1.31156253815	4.92551040649
6	9	0.499999180436	-0.516246860364	0.293391217336	-0.804618401949	-2.95634889603	1.66979634762	-4.6000828743
7	9	0.499995604157	0.626039094915	-0.313844919742	0.713846214524	3.56257629395	-1.79627037048	4.0949640274
8	9	0.49999909848	-0.5785286527	0.342050002435	-0.740477139309	-3.33298969269	1.94927334785	-4.21697282791
9	9	0.499996617436	0.746599680245	-0.382714509044	0.544167733355	4.23784065247	-2.18382525444	3.16021299362
10	9	0.499999567866	-0.570613921702	0.498575214731	-0.652550770145	-3.26758933067	2.82974267006	-3.74313879013
11	9	0.499999321997	0.481847366903	-0.411337037244	0.77370857356	2.77817559242	-2.34880447388	4.41080570221
12	9	0.499999850988	-0.539206083078	0.358005909863	-0.762291655782	-3.09120988846	2.04084873199	-4.35526275635
13	9	0.49999884516	0.649817663645	-0.281239485664	0.706145421084	3.68616676331	-1.61473464966	4.06209421158
14	9	0.499994345009	-0.459527811334	0.265903539308	-0.847425216992	-2.65844678879	1.51890742779	-4.82929992676
15	9	0.499740298837	0.535632632764	-0.176826904545	0.825729936812	3.046022892	-1.02736353874	4.72529602051
16	9	0.499074913561	-0.32682574807	0.18190420125	-0.927413495678	-1.89559078217	1.06169176102	-5.28782510757
17	9	0.475885115564	0.480771113984	-0.32554995726	0.81417219388	2.64136385918	-1.78742074966	4.46846914291
18	9	0.498224467039	-0.673683371554	0.42698654931	-0.603185876492	-3.83023405075	2.43536090851	-3.48629498482
19	9	0.498934485018	0.501171182386	-0.368467731901	0.782980827667	2.88022708893	-2.10447669029	4.45331382751
20	9	0.499858569354	-0.511045980379	0.307114939489	-0.802815308699	-2.92425394058	1.76917791367	-4.58207988739
21	9	0.49965967983	0.49474026998	-0.388940319916	0.777147021357	2.83584928513	-2.20768451691	4.4413356781
22	9	0.49998383224	-0.493374927861	0.359133969558	-0.79221460001	-2.82745432854	2.04798364639	-4.52717494965
23	9	0.499990947545	0.595743270559	-0.295291815496	0.746922150752	3.3805513382	-1.69814968109	4.28755903244
24	9	0.49999704957	-0.529720723196	0.405398618992	-0.745015379127	-3.02343821526	2.28567385674	-4.28169441223
25	9	0.499984841794	0.526681467735	-0.233991705018	0.817223661874	2.99281644821	-1.36824476719	4.67669725418
26	9	0.499266501516	-0.302470335195	0.394926525488	-0.867493363544	-1.76248860359	2.23861575127	-4.94903182983
27	9	0.49784693867	0.43899831298	-0.307758803921	0.844135652493	2.49101829529	-1.77701747417	4.83569288254
28	9	0.444163829088	-0.444523436594	0.551022647019	-0.706238597636	-2.2727367878	2.79619646072	-3.6253247261
29	9	0.496581885964	0.431601424786	-0.202025797324	0.879150605607	2.45920944214	-1.18080592155	5.0156583786
0	10	0.498749438673	0.453662005511	-0.349124296651	0.819940857772	2.57317137718	-2.00892996788	4.68292188644
1	10	0.498012430966	-0.292200060132	0.307935780225	-0.905425137776	-1.68902027607	1.76335835457	-5.176258564
2	10	0.445833407342	0.226889774398	-0.297710476702	0.927302271288	1.17099642754	-1.53043663502	4.75208377838
3	10	0.49835623987	-0.259631499872	0.278734096866	-0.924607369384	-1.49541568756	1.59123194218	-5.29388141632
4	10	0.499233737588	0.358543985206	-0.119350291576	0.925851888032	2.06222367287	-0.718541443348	5.27552223206
5	10	0.499981641769	-0.434758929219	0.21593253283	-0.874275594266	-2.48770999908	1.23594641685	-4.99729251862
6	10	0.499961577356	0.532737429373	-0.158533687859	0.831298924069	3.0393743515	-0.931086421013	4.75204372406
7	10	0.499991767108	-0.616190219514	0.236342759124	-0.751300015696	-3.52008104324	1.35512161255	-4.29637336731
8	10	0.499987147748	0.65244046086	-0.293944201514	0.698511454043	3.71603775024	-1.68615221977	4.00382423401
9	10	0.499997526407	-0.635475153531	0.299688724177	-0.711588362641	-3.63671398163	1.73374056816	-4.05723190308
10	10	0.499999165535	0.540396621007	-0.487973784662	0.685458297409	3.10059213638	-2.7658829689	3.92789316177
11	10	0.499997779727	-0.528087182069	0.360645190833	-0.768803599408	-3.01642417908	2.07792639732	-4.38952541351
12	10	0.499999403954	0.480965881802	-0.389395968828	0.785520591712	2.76285886765	-2.21389865875	4.48868751526
13	10	0.499998990446	-0.520865899084	0.313703170011	-0.793907448193	-2.98206758499	1.79496097565	-4.53557252884
14	10	0.499993406236	0.489914437148	-0.263046148231	0.831138116185	2.79928970337	-1.50796627998	4.75076961517
15	10	0.499991733581	-0.485932112525	0.241833259187	-0.839873000381	-2.77311754227	1.38532030582	-4.80390262604
16	10	0.499729953706	0.33448910754	-0.306403505581	0.891198030016	1.93565058708	-1.74420833588	5.08619976044
17	10	0.49986108765	-0.465681816012	0.338266105382	-0.817750871712	-2.65477561951	1.94249224663	-4.67591190338
18	10	0.499578885734	0.568299760945	-0.394828380587	0.721904378428	3.23683786392	-2.25806355476	4.1307516098
19	10	0.499976575375	-0.568481393056	0.371317423771	-0.734133691199	-3.241751194	2.13252854347	-4.19850969315
20	10	0.499975778162	0.547307936865	-0.382848974268	0.744231607194	3.12864661217	-2.17986869812	4.25900268555
21	10	0.499995276332	-0.519064493797	0.355069149148	-0.777494662749	-2.96404933929	2.03458142281	-4.44484853745
22	10	0.499991863966	0.507782752795	-0.392480479647	0.766887051044	2.90893435478	-2.22587513924	4.38952636719
23	10	0.499998085201	-0.577498493282	0.257057728977	-0.774865674959	-3.28941774368	1.49182415009	-4.43187522888
24	10	0.499999064952	0.490271349627	-0.333108658543	0.805402151313	2.81369829178	-1.90121722221	4.59906721115
25	10	0.499959386885	-0.556650062931	0.303691434871	-0.773247838552	-3.15915083885	1.7443189621	-4.43462085724
26	10	0.499694742262	0.524045745338	-0.408666687658	0.747239985006	2.97794342041	-2.32820725441	4.29145240784
27	10	0.446131341159	-0.460114449228	0.445685413964	-0.767892704349	-2.36254858971	2.28183984756	-3.94313669205
28	10	0.235474051908	-0.506130617454	0.384073363883	-0.772217229302	-1.40131425858	1.10822629929	-2.1764857769
29	10	0.444622695446	-0.524672784212	0.524294356399	-0.670696576222	-2.6745800972	2.66400957108	-3.45329260826
0	11	0.499220743775	-0.35581694799	0.492232921308	-0.794418687283	-2.04641914368	2.78126001358	-4.54757452011
1	11	0.49920931831	0.416686607497	-0.268299335247	0.868554971109	2.36626815796	-1.56531357765	4.95418357849
2	11	0.499621186405	-0.377662904638	0.413985966629	-0.828242929276	-2.15048909187	2.35209178925	-4.74741125107
3	11	0.499241068959	0.273597438519	-0.348733908735	0.896397848354	1.59711670876	-1.9866335392	5.10903692245
4	11	0.499948322773	-0.475159925477	0.281602511868	-0.83362045952	-2.69501018524	1.60579848289	-4.78107452393
5	11	0.499239031225	0.399560944494	-0.35563508032	0.844911084837	2.30205321312	-2.00284194946	4.82492399216
6	11	0.49968514964	-0.439816236723	0.247939914828	-0.863184497399	-2.53768444061	1.41788101196	-4.92484998703
7	11	0.499254994094	0.627514631326	-0.210366035665	0.749647596215	3.56304359436	-1.21891701221	4.29112863541
8	11	0.499957799911	-0.539379858254	0.380359552662	-0.751262922823	-3.10775375366	2.14754056931	-4.29236030579
9	11	0.499978244305	0.648566354882	-0.322234637431	0.689584310839	3.6928396225	-1.84817683697	3.95378494263
10	11	0.499962419271	-0.560501777593	0.413885297124	-0.717312148328	-3.2101726532	2.35920858383	-4.09984207153
11	11	0.499991580844	0.542252564504	-0.404142364094	0.736634988195	3.1056637764	-2.30268144608	4.21162223816
12	11	0.499986954033	-0.520494173062	0.331125609088	-0.787046152913	-2.98258590698	1.8998234272	-4.49200725555
13	11	0.499999798834	0.527098094008	-0.341477718579	0.778177721993	3.0115878582	-1.94243717194	4.45431041718
14	11	0.499998986721	-0.447581154208	0.295937306507	-0.843855568812	-2.57675123215	1.68579816818	-4.81704425812
15	11	0.499995663762	0.507180276969	-0.249077708447	0.825062701743	2.89279127121	-1.42828035355	4.7199921608
16	11	0.499997023493	-0.397447408962	0.342125155867	-0.851461058906	-2.27981853485	1.9507162571	-4.86686468124
17	11	0.499986261129	0.338235741479	-0.446838098293	0.828210297629	1.95834779739	-2.5354347229	4.7355222702
18	11	0.499994844198	-0.405250905543	0.457580556333	-0.791449137988	-2.34035658836	2.61095190048	-4.51645565033
19	11	0.49999268353	0.523101448278	-0.487279575842	0.699230641331	2.98489332199	-2.77121520042	4.01279449463
20	11	0.499999418855	-0.600445789569	0.34547635745	-0.721187174201	-3.4089846611	1.99318063259	-4.13512134552
21	11	0.499997857958	0.461413146279	-0.340787658027	0.819122506453	2.65658664703	-1.94998705387	4.67184638977
22	11	0.499993227422	-0.526118451914	0.315380655976	-0.789768584075	-3.00594091415	1.80878424644	-4.51377773285
23	11	0.499995037913	0.525716832807	-0.335966152419	0.781504034624	3.00526762009	-1.91226387024	4.47147607803
24	11	0.499979421496	-0.471606788714	0.317458220716	-0.822682997842	-2.68747806549	1.81803774834	-4.7069940567
25	11	0.499982975423	0.309070504992	-0.332821747353	0.890901289388	1.80957818031	-1.90579497814	5.07899570465
26	11	0.499286182225	-0.462961477192	0.359336836045	-0.81027384809	-2.62361526489	2.05387806892	-4.63646507263
27	11	0.498151790351	0.258803637032	-0.41003807375	0.874579587879	1.51315665245	-2.34847354889	4.99710559845
28	11	0.446642007679	-0.390331545974	0.412915045003	-0.822886656732	-2.01846981049	2.12542748451	-4.21987628937
29	11	0.49818174541	0.338124048868	-0.561852053383	0.754979733295	1.94563150406	-3.20364689827	4.32723426819
0	12	0.499961141497	0.429526151985	-0.286230350198	0.856492540182	2.4469537735	-1.66809761524	4.8917093277
1	12	0.499976843596	-0.408426796525	0.362841696415	-0.837575939974	-2.34150028229	2.06688690186	-4.78847026825
2	12	0.499958537519	0.386656474294	-0.475028094813	0.790471428974	2.22848844528	-2.68757963181	4.52751922607
3	12	0.499976221472	-0.500088598783	0.344256101828	-0.794606273397	-2.83468151093	1.96845710278	-4.55935764313
4	12	0.499235399067	0.483599754549	-0.212286792465	0.849155813232	2.76698851585	-1.22760951519	4.83938503265
5	12	0.498294163495	-0.548116495335	0.261756265629	-0.794387792546	-3.12600231171	1.49720263481	-4.55820608139
6	12	0.446526169777	0.531138083655	-0.278396939801	0.800242138356	2.73450422287	-1.40830421448	4.11289262772
7	12	0.498308010399	-0.584428570001	0.247301696968	-0.772842233087	-3.34912586212	1.41025578976	-4.42517566681
8	12	0.499217003584	0.572663699206	-0.258166730106	0.778078548141	3.27091312408	-1.4843916893	4.43638277054
9	12	0.499244526029	-0.611781889971	0.278409947008	-0.740412601534	-3.49539518356	1.59533810616	-4.22177505493
10	12	0.499700017273	0.587734149395	-0.347473494993	0.730637214979	3.36235356331	-1.99299454689	4.1737036705
11	12	0.4992415905	-0.63647005808	0.386323205113	-0.667577895349	-3.62427043915	2.19653940201	-3.82424807549
12	12	0.499974496663	0.623061604582	-0.292917352222	0.725254204857	3.55291080475	-1.69283151627	4.14765739441
13	12	0.499986805022	-0.579612668006	0.272606716568	-0.767941881374	-3.30724859238	1.57383775711	-4.38996124268
14	12	0.499999277294	0.521165029355	-0.235603595199	0.820291386098	2.99018716812	-1.35467422009	4.68088245392
15	12	0.499999020249	-0.588281815702	0.168446746992	-0.790917314732	-3.34278774261	0.99197191	-4.53145027161
16	12	0.499999299645	0.489188380555	-0.288238290903	0.82317277408	2.79501748085	-1.65204787254	4.70603132248
17	12	0.499999824911	-0.422817802022	0.34833703707	-0.836592143699	-2.42311477661	1.99708378315	-4.77791309357
18	12	0.499998301268	0.529878181653	-0.416520636905	0.738741951997	3.00756311417	-2.38110160828	4.24011945724
19	12	0.499999955297	-0.396739950212	0.538679404006	-0.743250907572	-2.30041360855	3.05287742615	-4.25252389908
20	12	0.499999471009	0.482575185006	-0.430989927494	0.762475490239	2.76261591911	-2.45845460892	4.360247612
21	12	0.499993167818	-0.475617808802	0.35383127743	-0.805351554952	-2.72294735909	2.02565693855	-4.60065460205
22	12	0.499987110496	0.577518859345	-0.282822169836	0.765822164311	3.28137016296	-1.6262550354	4.39050292969
23	12	0.499596975744	-0.534887236937	0.312682414189	-0.784936527128	-3.04281377792	1.79176044464	-4.49074220657
24	12	0.49982014671	0.394684544874	-0.311106160125	0.864544427528	2.27024555206	-1.78808522224	4.93301105499
25	12	0.499459937215	-0.367595720949	0.364900625851	-0.855406873478	-2.09944677353	2.07476472855	-4.88870382309
26	12	0.499953191727	0.434941319348	-0.29519917296	0.85069588985	2.47125315666	-1.71363353729	4.86327266693
27	12	0.499274883419	-0.370842663792	0.463973875737	-0.804489876471	-2.1143591404	2.62659025192	-4.60744857788
28	12	0.499672234058	0.455199990357	-0.444042759429	0.771763562614	2.57939481735	-2.54002952576	4.42638492584
29	12	0.499254591763	-0.359802307184	0.518326792037	-0.775809020573	-2.06575584412	2.93464183807	-4.44056272507
0	13	0.499987345189	-0.419843851396	0.240102229453	-0.875261138093	-2.40352153778	1.39384663105	-4.99639415741
1	13	0.499996941537	0.493922483431	-0.286124615397	0.821080559279	2.81720876694	-1.64051985741	4.69653558731
2	13	0.499999590218	-0.528367655089	0.351334319698	-0.772911260662	-3.00425720215	2.00533723831	-4.43205356598
3	13	0.499956712127	0.421807535353	-0.332887840052	0.843364742602	2.44352459908	-1.89319777489	4.80984020233
4	13	0.499663066119	-0.526821159445	0.183629185946	-0.829903481153	-3.01166915894	1.05486238003	-4.74504613876
5	13	0.445374529809	0.556175696174	-0.0327199078759	0.830420377046	2.85027289391	-0.193385601044	4.25305747986
6	13	0.233658438548	0.610177361234	-0.129689385754	0.781578051803	1.68681657314	-0.372499793768	2.19566440582
7	13	0.444735717028	0.63113793397	-0.0212889919601	0.775378415437	3.2216424942	-0.140105620027	3.97314310074
8	13	0.498772919178	-0.559417189158	0.296637469786	-0.773988772524	-3.20612859726	1.68199396133	-4.41348457336
9	13	0.497889257967	0.684333692754	-0.263792252536	0.679780144211	3.90041184425	-1.51910090446	3.90150356293
10	13	0.445660442114	-0.533968706677	0.423016932827	-0.732075197525	-2.75363230705	2.16314554214	-3.74379920959
11	13	0.498334296048	0.652550378852	-0.352484941711	0.670769982131	3.73002672195	-2.02996397018	3.84119272232
12	13	0.499252647161	-0.600078965087	0.441497540464	-0.667072078133	-3.42739725113	2.5077419281	-3.8147790432
13	13	0.499991551042	0.532558803929	-0.441529781562	0.72210288211	3.05988407135	-2.50234723091	4.13129854202
14	13	0.499997831881	-0.629718579781	0.290241122471	-0.720565473157	-3.5736451149	1.67075252533	-4.1391210556
15	13	0.499999981374	0.498019590343	-0.315429596139	0.807762748283	2.8661096096	-1.79538559914	4.60975980759
16	13	0.499999433756	-0.520906280315	0.336175985385	-0.784628800121	-2.96323370934	1.92246472836	-4.49542140961
17	13	0.499999586493	0.400254093089	-0.318716828315	0.859195114229	2.3091506958	-1.83077764511	4.89942026138
18	13	0.499999135733	-0.52827946339	0.296495620232	-0.795619981991	-3.00617074966	1.72048091888	-4.5490436554
19	13	0.499999321997	0.515504175766	-0.396893859517	0.759427882715	2.93589925766	-2.27687978745	4.34564876556
20	13	0.499999247491	-0.501401101117	0.393876407574	-0.770362454534	-2.85709023476	2.25131082535	-4.41036748886
21	13	0.499995149672	0.423671203173	-0.405810545659	0.809827458558	2.43271708488	-2.30118155479	4.6340675354
22	13	0.499600436538	-0.460830712917	0.264082989677	-0.84728698125	-2.63243913651	1.53113341331	-4.83386659622
23	13	0.498985122889	0.43997479608	-0.399387382875	0.804308334667	2.52430129051	-2.27054595947	4.60227012634
24	13	0.468348503113	-0.411047467341	0.394540822764	-0.821813554747	-2.21771264076	2.12543153763	-4.43830776215
25	13	0.49829884246	0.314586115235	-0.368970482828	0.874583534548	1.81015312672	-2.11368370056	5.00225973129
26	13	0.499137926847	-0.303590086663	0.38248630741	-0.872661036098	-1.7393860817	2.17464160919	-4.98185062408
27	13	0.499968711287	0.276827326677	-0.336808342471	0.899959316662	1.59258270264	-1.94915699959	5.13383626938
28	13	0.499955136329	-0.306525469214	0.386593629769	-0.86982038499	-1.76150393486	2.21953487396	-4.96543264389
29	13	0.49999140203	0.384045314887	-0.374688487939	0.843870685069	2.19223856926	-2.15352582932	4.82176017761
0	14	0.499998919666	0.417487808506	-0.295440096742	0.859313143729	2.39334511757	-1.69931709766	4.90681695938
1	14	0.499999362975	-0.520294974296	0.245219831152	-0.818022233275	-2.96636033058	1.41422247887	-4.67806243896
2	14	0.499997746199	0.52760422726	-0.259130693771	0.809002511073	3.01595258713	-1.49267816544	4.6216211319
3	14	0.499988310039	-0.60575545878	0.288622769021	-0.741456149318	-3.44946861267	1.64610493183	-4.25255012512
4	14	0.499258175492	0.615566616891	-0.15091078379	0.773500921464	3.49628734589	-0.889892458916	4.42483139038
5	14	0.498100571334	-0.479258193194	0.258185367689	-0.838839615283	-2.75887417793	1.46463418007	-4.79711532593
6	14	0.445211082697	0.507156519363	-0.129907768745	0.852007181007	2.61248326302	-0.671402096748	4.35396099091
7	14	0.497878395021	-0.596065454512	0.26672558244	-0.757339710837	-3.40380096436	1.53978776932	-4.3345746994
8	14	0.498887404799	0.538323691054	-0.365889842248	0.759165480636	3.08135128021	-2.08841705322	4.3287563324
9	14	0.445192351937	-0.602386336969	0.424874330557	-0.675731088723	-3.0834312439	2.17243361473	-3.46370005608
10	14	0.23328011483	-0.636857530548	0.424885981363	-0.643338471277	-1.76847445965	1.17714524269	-1.80839133263
11	14	0.445926725864	-0.662935777803	0.390721604226	-0.638633527541	-3.39345431328	2.00950288773	-3.27881002426
12	14	0.499656528234	0.604895636806	-0.483590405678	0.632646495374	3.45902967453	-2.75155043602	3.62735629082
13	14	0.49996304512	-0.53254324764	0.414822041366	-0.737780701422	-3.05444169044	2.36939668655	-4.21163463593
14	14	0.499999217689	0.51272228737	-0.33049402831	0.792394821592	2.95117306709	-1.896961689	4.51462268829
15	14	0.499999776483	-0.548834730948	0.320524974259	-0.77203897504	-3.13024950027	1.83953356743	-4.41605520248
16	14	0.499999687076	0.444178090551	-0.431152869435	0.785374450216	2.56321668625	-2.445125103	4.48828125
17	14	0.499999929219	-0.431434731294	0.40095636454	-0.808144830069	-2.47643756866	2.28790807724	-4.61709880829
18	14	0.499999605119	0.442096013344	-0.409715554433	0.797924983592	2.54204559326	-2.33728075027	4.55656433105
19	14	0.499999508262	-0.449229377312	0.473183395229	-0.757819530653	-2.56916809082	2.68732953072	-4.34332323074
20	14	0.499999444932	0.443619060497	-0.326288784669	0.83470818743	2.53417921066	-1.88463497162	4.76604557037
21	14	0.499981012195	-0.402456014711	0.309089488063	-0.861680244982	-2.30314159393	1.77639663219	-4.92142009735
22	14	0.499781873077	0.378455003949	-0.299639831565	0.875778385966	2.17489600182	-1.72118330002	4.99872159958
23	14	0.468252383173	-0.441164419925	0.434698957828	-0.785118316342	-2.37684559822	2.3345656395	-4.24545907974
24	14	0.306324806064	-0.499213421189	0.38916160472	-0.774170010732	-1.80128002167	1.42906594276	-2.8575963974
25	14	0.417705602944	-0.358544035014	0.401065334334	-0.842966649726	-1.75231075287	1.94522571564	-4.09189796448
26	14	0.498224761337	0.285703468729	-0.375603993665	0.881643447148	1.63674902916	-2.15393424034	5.04200839996
27	14	0.499141283333	-0.254532664525	0.466549883731	-0.847079883294	-1.45327091217	2.64715337753	-4.84325122833
28	14	0.499977432191	0.234444783004	-0.501313151586	0.832899014148	1.36043643951	-2.85708618164	4.76191616058
29	14	0.499989703298	-0.375359240935	0.515998759958	-0.769967999314	-2.13600730896	2.92742490768	-4.42328977585
0	15	0.499998968095	-0.440195304108	0.303225622971	-0.845152244164	-2.51282382011	1.75989711285	-4.8256521225
1	15	0.499999720603	0.522198551615	-0.310214250185	0.794402789316	2.97502565384	-1.78131258488	4.5458521843
2	15	0.499998830259	-0.446646451498	0.309514891559	-0.839468569553	-2.58472061157	1.77936387062	-4.78043174744
3	15	0.49998601526	0.632292096901	-0.328634247836	0.701574112511	3.5942595005	-1.87609195709	4.03128433228
4	15	0.499968953431	-0.559600567366	0.27966277972	-0.780151225496	-3.20326638222	1.59892809391	-4.45757007599
5	15	0.499249532819	0.499922468695	-0.25414567896	0.827941724495	2.86910152435	-1.47320461273	4.71104812622
6	15	0.499581485987	-0.56919672838	0.354388982245	-0.741905340097	-3.24850797653	2.0184533596	-4.25023269653
7	15	0.499172747135	0.532607067297	-0.441713513079	0.721954904567	3.04739999771	-2.51251077652	4.12112474442
8	15	0.499226912856	-0.519378630928	0.466918491298	-0.71570452019	-2.9680788517	2.6571187973	-4.08898115158
9	15	0.497913658619	0.446441245574	-0.446341970856	0.775544363207	2.57540941238	-2.55597949028	4.4251499176
10	15	0.44515838474	-0.644108311272	0.434468568425	-0.629572510836	-3.29395723343	2.21813154221	-3.23286724091
11	15	0.498198918998	0.689351032264	-0.276993159693	0.669380268458	3.93717765808	-1.61561727524	3.83064651489
12	15	0.499278739095	-0.640106205437	0.458146481138	-0.616738070482	-3.64895296097	2.60280179977	-3.53628897667
13	15	0.499991379678	0.603000043861	-0.368433126029	0.707564823001	3.44292974472	-2.12627482414	4.03903102875
14	15	0.499997287989	-0.630662357128	0.39457591096	-0.668262554534	-3.59567141533	2.24599838257	-3.83584880829
15	15	0.49999922514	0.594673804774	-0.309318284686	0.742081710241	3.39725351334	-1.77831029892	4.24021482468
16	15	0.49999782443	-0.619894980036	0.350787314301	-0.701910588218	-3.5200214386	2.01133942604	-4.03185558319
17	15	0.499999821186	0.552769788141	-0.381248175298	0.74100970989	3.15283799171	-2.18598127365	4.23884391785
18	15	0.499997638166	-0.578005112039	0.376078865651	-0.724206308497	-3.2765879631	2.16437721252	-4.15613174438
19	15	0.49999987334	0.386064969146	-0.482793462153	0.786043454588	2.22485756874	-2.75240635872	4.49055147171
20	15	0.499998670071	-0.379608655216	0.408116410638	-0.830263972634	-2.16969347	2.32837867737	-4.74937295914
21	15	0.49999415502	0.390138912673	-0.340993447876	0.855286558601	2.22510099411	-1.94710016251	4.89302396774
22	15	0.499479491264	-0.381123388788	0.316688258927	-0.868592832791	-2.18350124359	1.81520652771	-4.95506763458
23	15	0.498246915638	0.440308562265	-0.409875794958	0.798830521891	2.51353669167	-2.34414958954	4.57717323303
24	15	0.417701069266	-0.336423329108	0.373258085674	-0.864579519253	-1.65346240997	1.81611549854	-4.19090938568
25	15	0.365110054612	-0.364198557425	0.366797898666	-0.856048311898	-1.5845913887	1.60597896576	-3.74814271927
26	15	0.417723841965	-0.252046615625	0.290171229014	-0.923186417472	-1.23127174377	1.41754674911	-4.48049974442
27	15	0.498194471002	0.207402537745	-0.395799887029	0.894609767868	1.20147907734	-2.27483177185	5.11291456223
28	15	0.499459564686	-0.299592095197	0.50481667391	-0.809570690081	-1.70466065407	2.8721306324	-4.63261461258
29	15	0.499993208796	0.269686917005	-0.530065940643	0.803927276168	1.57499885559	-3.0076239109	4.60167551041
0	16	0.499999575317	0.448964916978	-0.448115129001	0.773061016016	2.56535792351	-2.55693387985	4.42335987091
1	16	0.500000037253	-0.503790689133	0.475551592014	-0.721141889558	-2.88376116753	2.70911884308	-4.12715816498
2	16	0.499998934567	0.547111464866	-0.461617479991	0.698268105514	3.11927390099	-2.62540435791	4.00839567184
3	16	0.499999456108	-0.578550419575	0.38108205324	-0.721149000352	-3.29923868179	2.17872953415	-4.12950325012
4	16	0.499987229705	0.544564096486	-0.35020827262	0.762105052212	3.11374354362	-2.01353311539	4.35159730911
5	16	0.499983087182	-0.586775470192	0.451089262698	-0.672467861432	-3.34753465652	2.56049609184	-3.86431002617
6	16	0.499960407615	0.596651659224	-0.384568121471	0.704353716177	3.39961051941	-2.21190595627	4.02884626389
7	16	0.499974101782	-0.534516741443	0.535032367313	-0.654241713012	-3.06301760674	3.03835296631	-3.75147819519
8	16	0.499962799251	0.599204987154	-0.483772935433	0.637900564597	3.41314601898	-2.76049137115	3.66284108162
9	16	0.499271690845	-0.561226532238	0.43509982759	-0.704068831538	-3.19964265823	2.47707867622	-4.02715110779
10	16	0.499678462744	0.566609816562	-0.35890478454	0.741714683291	3.24439787865	-2.06874513626	4.22971820831
11	16	0.499269686639	-0.590170634894	0.429135774653	-0.6837697775	-3.37572312355	2.43449568748	-3.90764474869
12	16	0.499977655709	0.568533212942	-0.493340465525	0.658319960852	3.25410246849	-2.80551433563	3.77203464508
13	16	0.499987065792	-0.520864389027	0.508451257143	-0.685694981281	-2.99484682083	2.88110971451	-3.9273648262
14	16	0.499998174608	0.657257561463	-0.400022595611	0.638744409682	3.74083971977	-2.27964067459	3.67491817474
15	16	0.499987639487	-0.552474099821	0.308452125201	-0.774357575985	-3.16736912727	1.77136158943	-4.41768789291
16	16	0.499985009432	0.499723554898	-0.351064410992	0.791852352408	2.86604571342	-2.01287388802	4.51904535294
17	16	0.499959394336	-0.475341130398	0.487131259378	-0.732634933572	-2.7275223732	2.75669646263	-4.20074653625
18	16	0.499989107251	0.480375571023	-0.414944883712	0.772696612032	2.74970602989	-2.38094043732	4.41107940674
19	16	0.499985970557	-0.400155728629	0.556763542944	-0.727935265044	-2.28010773659	3.15633106232	-4.18750524521
20	16	0.49999948591	0.271729562374	-0.39454984838	0.877777569818	1.58064961433	-2.26830148697	5.00556135178
21	16	0.49999107793	-0.306057678211	0.284908413246	-0.908380918816	-1.76610803604	1.64115190506	-5.1839094162
22	16	0.499976992607	0.418097892448	-0.30192476479	0.85675876928	2.37968230247	-1.74404239655	4.89766931534
23	16	0.499148204923	-0.395436805817	0.478824521864	-0.783809166741	-2.26599645615	2.7075521946	-4.48490333557
24	16	0.498173277825	0.430376637579	-0.383813895927	0.81698399196	2.44528865814	-2.20418763161	4.67977905273
25	16	0.417730584741	-0.326243974383	0.417110879359	-0.848282608274	-1.58841526508	2.01894831657	-4.12346982956
26	16	0.305750342086	-0.285314603483	0.343587810685	-0.894730682043	-1.04596579075	1.26085019112	-3.27387666702
27	16	0.468045383692	-0.292502414471	0.324388011954	-0.899563647125	-1.57770717144	1.7574532032	-4.84982872009
28	16	0.499776963145	0.358564359428	-0.42481659669	0.831241516844	2.05223941803	-2.4278550148	4.75123548508
29	16	0.499979589134	-0.447637214787	0.41149969303	-0.793907379091	-2.54135894775	2.36131215096	-4.54436588287
0	17	0.499998316169	-0.37017337872	0.514386523978	-0.773549076424	-2.14721226692	2.92732954025	-4.41786670685
1	17	0.49999961257	0.553783228045	-0.535407661817	0.63770116199	3.15206480026	-3.0460729599	3.67164206505
2	17	0.499999344349	-0.497264820687	0.460692153077	-0.735180548029	-2.84951233864	2.63646316528	-4.1969203949
3	17	0.499999593943	0.468152539091	-0.374046114689	0.800576482435	2.68861341476	-2.16270947456	4.55936145782
4	17	0.499999530613	-0.443752226894	0.459851599634	-0.769168685947	-2.55873918533	2.61970734596	-4.39084529877
5	17	0.499997757375	0.572609352084	-0.503966200522	0.646634826341	3.25567317009	-2.86965346336	3.72281289101
6	17	0.499999135733	-0.517910890733	0.397066545629	-0.757698137521	-2.9656829834	2.28953886032	-4.31882953644
7	17	0.499997161329	0.503669836612	-0.518806091505	0.690765470406	2.89213061333	-2.95294809341	3.9499206543
8	17	0.499987088144	-0.588024107239	0.421130761047	-0.690562474658	-3.35986089706	2.41048145294	-3.94799304008
9	17	0.499988473952	0.560054849977	-0.325859611825	0.761678461294	3.21058511734	-1.88774800301	4.33812141418
10	17	0.49996072799	-0.544372323529	0.414220748958	-0.729438101903	-3.12543225288	2.35031700134	-4.16980743408
11	17	0.499989658594	0.621093937299	-0.338511364043	0.706860932195	3.54170036316	-1.95162153244	4.04140377045
12	17	0.499987445772	-0.557538852936	0.369473900249	-0.743397245422	-3.18993234634	2.11731004715	-4.24575996399
13	17	0.499999072403	0.468319765584	-0.363693262736	0.805235249976	2.7094373703	-2.0812587738	4.58545780182
14	17	0.499985910952	-0.638256885227	0.263190636884	-0.723435440877	-3.63527059555	1.522564888	-4.14209651947
15	17	0.499961711466	0.579877035525	-0.28200877707	0.76433871636	3.31212687492	-1.61350858212	4.37167406082
16	17	0.499300483614	-0.463794686402	0.347923256937	-0.814766160409	-2.67145991325	1.97650694847	-4.64253997803
17	17	0.499467991292	0.498032596867	-0.358642010106	0.789518486829	2.8334736824	-2.06023979187	4.5173459053
18	17	0.499186366796	-0.526921883934	0.368081151881	-0.76607414384	-2.98101520538	2.11050701141	-4.38756370544
19	17	0.499975718558	0.281771560143	-0.499807227343	0.819022297249	1.64817631245	-2.84724736214	4.67743301392
20	17	0.499986432493	-0.385875041559	0.50473407619	-0.772233102524	-2.19836568832	2.85697221756	-4.43879556656
21	17	0.499999187887	0.371912624686	-0.250379086222	0.893863139849	2.13622832298	-1.47137141228	5.09676361084
22	17	0.499988406897	-0.398822812489	0.391803694758	-0.829114123033	-2.29051494598	2.2244758606	-4.74249839783
23	17	0.499962244183	0.425915101875	-0.421381678776	0.800645868525	2.432898283	-2.4029211998	4.58229637146
24	17	0.499134417623	-0.273714465504	0.399865596112	-0.874750190866	-1.59609603882	2.27205753326	-4.98786592484
25	17	0.497468408197	0.355760266756	-0.327874099092	0.875176100989	2.02341890335	-1.88439035416	5.00112628937
26	17	0.467924807221	-0.370373620351	0.386018146354	-0.844874767071	-1.98995661736	2.07661223412	-4.56766843796
27	17	0.498144518584	0.248320158846	-0.319053704539	0.914626608147	1.44022667408	-1.82689547539	5.2148566246
28	17	0.49959493801	-0.429313230208	0.426541655006	-0.796085653	-2.44072961807	2.42365884781	-4.56220531464
29	17	0.499983370304	0.424755427064	-0.364583397558	0.828650573767	2.42864704132	-2.10483574867	4.72817564011
0	18	0.499998040497	0.490940178742	-0.475447014594	0.73001909373	2.8059220314	-2.725938797	4.17010116577
1	18	0.499999545515	-0.597057468657	0.439137634481	-0.671327429131	-3.39799690247	2.52683281898	-3.84116625786
2	18	0.499999292195	0.507574291992	-0.50742042052	0.696342483946	2.90703678131	-2.89761042595	3.97935676575
3	18	0.499999150634	-0.501493987386	0.548587108916	-0.668996236571	-2.8720574379	3.11045193672	-3.84301710129
4	18	0.499999716878	0.501544735019	-0.437908479254	0.746115971262	2.85569810867	-2.51701664925	4.26532697678
5	18	0.499998502433	-0.426678769967	0.519744690628	-0.740142340245	-2.46735715866	2.96053338051	-4.22361278534
6	18	0.499999642372	0.452477076122	-0.452968022992	0.768169555327	2.6025223732	-2.59799075127	4.37778520584
7	18	0.49999923259	-0.544817990344	0.525433652163	-0.653523400172	-3.11610102654	2.98618078232	-3.75015068054
8	18	0.499999240041	0.649880552787	-0.377586141876	0.659608954285	3.70365381241	-2.17530083656	3.77327871323
9	18	0.499997384846	-0.653209932259	0.402163330695	-0.64154613228	-3.72310781479	2.29017186165	-3.68510055542
10	18	0.499999441206	0.618574330834	-0.334973564759	0.71074503737	3.53551197052	-1.93075597286	4.05667209625
11	18	0.499998211861	-0.64186149918	0.393563688102	-0.658119623835	-3.66178178787	2.23442578316	-3.77944612503
12	18	0.49999961257	0.586716613761	-0.346671297729	0.731835108797	3.35532188416	-1.9799284935	4.18376064301
13	18	0.499997615814	-0.592735686863	0.316638994205	-0.740543147202	-3.39351844788	1.80622911453	-4.23226356506
14	18	0.499989449978	0.613239610883	-0.262488866709	0.745007902305	3.50937438011	-1.50175833702	4.25576305389
15	18	0.499230362475	-0.595755583785	0.21341549092	-0.774292653087	-3.4056429863	1.22757935524	-4.41308784485
16	18	0.497413374484	0.609079811598	-0.236508188795	0.757024213442	3.46456861496	-1.36613225937	4.34000730515
17	18	0.443749433383	-0.1954252372	0.375711472919	-0.905897271098	-1.0348007679	1.92178058624	-4.6174120903
18	18	0.498028013855	0.39473646496	-0.307328410069	0.865870874666	2.26129865646	-1.77442359924	4.94952297211
19	18	0.499251868576	-0.358277229823	0.397562219294	-0.844737656542	-2.05192542076	2.2656993866	-4.82119131088
20	18	0.499987829477	0.44828921816	-0.391418792375	0.803634311025	2.55365490913	-2.2407040596	4.5982837677
21	18	0.499997481704	-0.502903943626	0.409203314464	-0.761341100242	-2.86324238777	2.31676721573	-4.37347745895
22	18	0.499997772276	0.52621097455	-0.330997413392	0.78328967987	2.99485254288	-1.89684939384	4.48560333252
23	18	0.499977953732	-0.578023824689	0.329384928156	-0.746588258142	-3.27122497559	1.88826322556	-4.29335021973
24	18	0.499221675098	0.376138417412	-0.277413704631	0.884059685446	2.15104913712	-1.60494911671	5.03938627243
25	18	0.497671574354	-0.295339906916	0.368520095366	-0.881457474127	-1.69815921783	2.09705972672	-5.04185009003
26	18	0.445230655372	0.330543452524	-0.305918058792	0.892835464853	1.68917417526	-1.56993806362	4.57353258133
27	18	0.497534889728	-0.288473158279	0.229381660475	-0.929605986852	-1.66231834888	1.331985116	-5.30718374252
28	18	0.499325320125	0.493591757172	-0.377101704918	0.783684554779	2.79350018501	-2.15767669678	4.48923254013
29	18	0.499983463436	-0.444905562225	0.410452005818	-0.795982532234	-2.54364275932	2.34925317764	-4.54887771606
0	19	0.499998867512	-0.507257883242	0.643675391387	-0.573037023596	-2.90177559853	3.64166164398	-3.32228279114
1	19	0.499999761581	0.608681397405	-0.462863765308	0.644409878274	3.46301555634	-2.66584277153	3.68649673462
2	19	0.499993652105	-0.501380569617	0.539977858137	-0.676048398513	-2.8854367733	3.0688970089	-3.86544418335
3	19	0.499994836748	0.590987497709	-0.444507992082	0.673161512957	3.34961032867	-2.56114149094	3.862159729
4	19	0.499980743974	-0.414202801215	0.429601650588	-0.802420376909	-2.40183615685	2.46884059906	-4.56419420242
5	19	0.499990522861	0.597366046103	-0.499647440692	0.627300758786	3.37956094742	-2.85644054413	3.62280225754
6	19	0.499991498888	-0.525873228832	0.48130470239	-0.701286767774	-3.00641441345	2.75142264366	-4.00905418396
7	19	0.499999292195	0.56540235813	-0.467429712295	0.679580486392	3.22741413116	-2.67419719696	3.88803362846
8	19	0.499999046326	-0.636321237602	0.405516339241	-0.656240642741	-3.62604475021	2.32996940613	-3.75612998009
9	19	0.499999344349	0.602791393247	-0.407783183938	0.685824621259	3.44889497757	-2.32575654984	3.92146039009
10	19	0.499999418855	-0.615375074459	0.380172826959	-0.690494126968	-3.52383947372	2.16349673271	-3.9478058815
11	19	0.500000022352	0.622224619191	-0.299504339372	0.723279803375	3.55393600464	-1.72312867641	4.13334608078
12	19	0.499999724329	-0.555917784414	0.282013120204	-0.78193606964	-3.20383882523	1.61748218536	-4.45119285583
13	19	0.49999858439	0.748025809585	-0.217895707808	0.626880250696	4.25089740753	-1.25890445709	3.61170458794
14	19	0.499962486327	-0.679175762172	0.26708688861	-0.68365552584	-3.87517547607	1.52071619034	-3.91800403595
15	19	0.499620370567	0.650684482731	-0.209601582316	0.72984716251	3.70559477806	-1.20942771435	4.18379306793
16	19	0.444890089333	-0.466728163402	0.407192135395	-0.785085591741	-2.38824558258	2.06931400299	-4.02805805206
17	19	0.234527243301	-0.359593331467	0.412200832077	-0.837127893454	-1.01759171486	1.1254953146	-2.35759782791
18	19	0.446159567684	-0.271981719002	0.377793776245	-0.885041133032	-1.40942239761	1.93313622475	-4.53971624374
19	19	0.499686941504	0.37636953014	-0.330709662936	0.865434628163	2.14883589745	-1.89599490166	4.94787597656
20	19	0.499961808324	-0.403602918443	0.310015470718	-0.860810717951	-2.31227302551	1.78016591072	-4.91558122635
21	19	0.499999415129	0.472228860045	-0.280881450358	0.835527087882	2.69888353348	-1.62066972256	4.77253103256
22	19	0.499999567866	-0.418619821673	0.25784827147	-0.870787984416	-2.41123390198	1.49253082275	-4.96450185776
23	19	0.499961208552	0.452869247298	-0.336002375436	0.82584008655	2.5873708725	-1.91002428532	4.72638320923
24	19	0.499700214714	-0.393565136803	0.314266367711	-0.863911530898	-2.24811148643	1.7989307642	-4.94008350372
25	19	0.445804134011	0.374069331319	-0.271271509838	0.886839277049	1.9033176899	-1.40275502205	4.54908847809
26	19	0.232877797447	0.176284874326	-0.340069682468	0.923729535172	0.565018475056	-0.943868041039	2.55805802345
27	19	0.445741176605	0.48801701946	-0.270746288693	0.829780595023	2.47322154045	-1.40831053257	4.26508045197
28	19	0.499555967748	-0.419961857756	0.48844794069	-0.764886035476	-2.41566991806	2.77063274384	-4.37919425964
29	19	0.499961335212	0.369988782367	-0.432813455509	0.822058886974	2.14270925522	-2.49415636063	4.67831754684
0	20	0.499997437	0.492560234014	-0.520049014794	0.697806160821	2.82834124565	-2.96798014641	3.98518896103
1	20	0.499993883073	-0.555692513941	0.525038792686	-0.644623995927	-3.17993402481	2.98640799522	-3.69494342804
2	20	0.499986730516	0.59196802331	-0.440771953934	0.674754728774	3.36436486244	-2.5370953083	3.86458468437
3	20	0.499601773918	-0.448469648743	0.549352165677	-0.705044092396	-2.58228492737	3.11232161522	-4.03595590591
4	20	0.499825693667	0.476057185528	-0.477279290266	0.73862983638	2.70804309845	-2.72907447815	4.23106098175
5	20	0.499462999403	-0.401545880671	0.517859089847	-0.755369359174	-2.31760501862	2.95330619812	-4.30430221558
6	20	0.499967798591	0.502743275747	-0.491978167915	0.710778925536	2.86246562004	-2.8110601902	4.07301092148
7	20	0.499989017844	-0.472004414722	0.48283919961	-0.737616526254	-2.71631002426	2.75950503349	-4.20606136322
8	20	0.499998837709	0.545873566546	-0.540516986728	0.640205776609	3.12649083138	-3.05889201164	3.68330550194
9	20	0.499999821186	-0.540873773132	0.355802048214	-0.762142023526	-3.10963535309	2.04588699341	-4.34064245224
10	20	0.499999262393	0.707214110016	-0.31636217556	0.632268278874	4.0197224617	-1.81115019321	3.64093518257
11	20	0.49999846518	-0.605574922099	0.307592320057	-0.7339386748	-3.47329044342	1.75637090206	-4.18744897842
12	20	0.499999038875	0.624881977722	-0.325466024492	0.709643840824	3.57925319672	-1.84169960022	4.06029129028
13	20	0.499996170402	-0.727011836041	0.175630624793	-0.663782851459	-4.14047670364	1.02362680435	-3.80796527863
14	20	0.499978303909	0.591061834798	-0.286671555061	0.753966396443	3.39618372917	-1.61376619339	4.30763149261
15	20	0.499229699373	-0.570369007511	0.160081681905	-0.805638287564	-3.26089882851	0.922435283661	-4.59360170364
16	20	0.498184032738	0.569500867311	-0.173640854097	0.80344110918	3.24665093422	-0.997296273708	4.60900783539
17	20	0.446701806039	-0.429461894418	0.194274814976	-0.881940914976	-2.20526528358	1.01797437668	-4.52859449387
18	20	0.498247310519	0.346339686628	-0.36385089244	0.864674129101	1.99194145203	-2.07260918617	4.95115375519
19	20	0.49925859645	-0.378654798817	0.322691824282	-0.867462120138	-2.1650993824	1.84217762947	-4.950050354
20	20	0.499990787357	0.383686607508	-0.343703119087	0.857118867572	2.2133295536	-1.959826231	4.8938369751
21	20	0.499997869134	-0.542574615124	0.3593671624	-0.759254917411	-3.07940340042	2.04436898232	-4.36215209961
22	20	0.499997686595	0.481768517712	-0.347260646522	0.804555242801	2.7464928627	-1.98022162914	4.60679912567
23	20	0.49999146536	-0.393126661094	0.254196923389	-0.883648885291	-2.25803279877	1.47771859169	-5.04068183899
24	20	0.499230142683	0.327807926285	-0.384134115791	0.863123945068	1.88950848579	-2.16971349716	4.93029880524
25	20	0.498359590769	-0.382736774699	0.302894453476	-0.872792937269	-2.18560314178	1.74446034431	-4.99718761444
26	20	0.445304501802	0.333649117395	-0.398011397548	0.854555553421	1.70765972137	-2.03033494949	4.38129329681
27	20	0.498115934432	-0.509159013622	0.453924299192	-0.731238558509	-2.90161943436	2.59432339668	-4.19801998138
28	20	0.49923376739	0.567155406861	-0.448498183796	0.690785150101	3.21720385551	-2.56120634079	3.95924496651
29	20	0.499988354743	-0.470683923165	0.465885441711	-0.749271245728	-2.7030134201	2.65914416313	-4.27932024002
0	21	0.499999053776	-0.597800785923	0.368280471744	-0.712041933092	-3.40539264679	2.11905026436	-4.0745215416
1	21	0.499995194376	0.58036951238	-0.429556902739	0.691846873527	3.30792713165	-2.45832014084	3.96237230301
2	21	0.499605201185	-0.524419008925	0.412984981196	-0.744599293838	-2.99373316765	2.35892367363	-4.25551557541
3	21	0.499001383781	0.436159103494	-0.40399495003	0.804085391479	2.49831104279	-2.3189060688	4.59275960922
4	21	0.468331038952	-0.387397118583	0.41071980767	-0.825368228187	-2.09472107887	2.21807527542	-4.45300769806
5	21	0.497700385749	0.40080583138	-0.522196306382	0.752772012719	2.29053592682	-2.97319841385	4.31512594223
6	21	0.499168924987	-0.400010670381	0.453709648422	-0.796328461447	-2.30362224579	2.59420251846	-4.53277349472
7	21	0.499965794384	0.536311231374	-0.422571371477	0.7306187098	3.05957889557	-2.41835451126	4.18060159683
8	21	0.499988868833	-0.575106891175	0.407764939161	-0.70921070079	-3.28347587585	2.33258700371	-4.05748939514
9	21	0.49999858439	0.527287880913	-0.325415620401	0.784902646601	3.0359249115	-1.85996127129	4.47373342514
10	21	0.49999050796	-0.672000853909	0.237417234101	-0.70146126714	-3.83238697052	1.37114083767	-4.01495409012
11	21	0.499993078411	0.635302770499	-0.257357501327	0.728119156668	3.63620090485	-1.47271203995	4.15826320648
12	21	0.499980978668	-0.685384756666	0.239979033386	-0.687501126446	-3.9082698822	1.36907362938	-3.94133901596
13	21	0.499982856214	0.676620525386	-0.165574659008	0.717474527018	3.87013816833	-0.945744276047	4.10012340546
14	21	0.499957799911	-0.613902284319	0.147194480639	-0.775537084979	-3.50949239731	0.849111378193	-4.43264198303
15	21	0.499233409762	0.534265462393	-0.0992485361121	0.839470156571	3.04695463181	-0.584664702415	4.79240179062
16	21	0.498978868127	-0.44700281174	0.130246648139	-0.884999602794	-2.56973600388	0.741477608681	-5.04473304749
17	21	0.498958446085	0.474014987356	-0.0736774381781	0.877428872824	2.69559192657	-0.451857358217	5.01348972321
18	21	0.499254386872	-0.440877312411	0.260393703562	-0.858965840151	-2.51773881912	1.47738957405	-4.9066696167
19	21	0.499965395778	0.448037286603	-0.249732253677	0.858426695348	2.56825327873	-1.43291354179	4.90290307999
20	21	0.499986629933	-0.501612759007	0.302067598767	-0.810641601311	-2.85485744476	1.71933507919	-4.64512443542
21	21	0.499999500811	0.471826787305	-0.292539266961	0.831745309616	2.70188856125	-1.69087553024	4.74610757828
22	21	0.499999456108	-0.436355728465	0.434845271113	-0.787720298346	-2.50988483429	2.45578813553	-4.51238155365
23	21	0.499986793846	0.452981900454	-0.316931165209	0.833283885828	2.58336472511	-1.81624341011	4.76547431946
24	21	0.49997581169	-0.403584887855	0.292867645382	-0.866803195993	-2.30435752869	1.69424057007	-4.95054101944
25	21	0.499233856797	0.404740319777	-0.359111605905	0.840966187222	2.30944085121	-2.04405593872	4.80305862427
26	21	0.499712228775	-0.370680395384	0.413714423208	-0.831526560314	-2.12435746193	2.36154484749	-4.75471115112
27	21	0.499252643436	0.340135190061	-0.437614402939	0.832347095161	1.97854471207	-2.49595022202	4.73865318298
28	21	0.499973446131	-0.557235223958	0.388583324395	-0.733820076846	-3.17678904533	2.22994494438	-4.19857883453
29	21	0.499987252057	0.615019161667	-0.36753043016	0.697619390276	3.49610328674	-2.11548447609	3.99856495857
0	22	0.499999254942	0.5086089715	-0.329237774938	0.795562317901	2.91977858543	-1.9090077877	4.53023004532
1	22	0.499981164932	-0.488218725188	0.449924526173	-0.747803715639	-2.79576444626	2.55374526978	-4.28336811066
2	22	0.499826189131	0.458794366761	-0.343315004998	0.819538001786	2.62741041183	-1.98125314713	4.67520236969
3	22	0.468506913632	-0.417334483689	0.36480673128	-0.83231483078	-2.25110292435	1.9717451334	-4.49437141418
4	22	0.306393195875	-0.234286978183	0.311115000141	-0.921041295785	-0.874006152153	1.14511275291	-3.37248373032
5	22	0.416403666139	-0.260018653325	0.18976804504	-0.946772617372	-1.27132105827	0.93755376339	-4.58182001114
6	22	0.497404035181	0.454828108057	-0.427741883125	0.781132686259	2.60411334038	-2.42619371414	4.47216796875
7	22	0.499194860458	-0.579215483884	0.363635596047	-0.729574243321	-3.29837322235	2.09054994583	-4.16344738007
8	22	0.499970152974	0.609090168173	-0.3699230438	0.701545514347	3.47859334946	-2.10863280296	4.01708555222
9	22	0.499981068075	-0.613852344289	0.263233805115	-0.744240057546	-3.50993251801	1.51816749573	-4.24962663651
10	22	0.499975852668	0.664777437626	-0.246521076817	0.705193815279	3.79510259628	-1.414752841	4.03463363647
11	22	0.499445870519	-0.640056032732	0.266108685735	-0.720773502801	-3.65616798401	1.50283491611	-4.1216044426
12	22	0.499821834266	0.633941525136	-0.174324341451	0.753478046585	3.63518428802	-0.99223190546	4.29985046387
13	22	0.49959590286	-0.71936913371	0.0623057999352	-0.691828039877	-4.091755867	0.373998910189	-3.96977138519
14	22	0.499251462519	0.634966943184	-0.150521315005	0.757733670093	3.61534929276	-0.860443115234	4.33426952362
15	22	0.498282954097	-0.428108997769	0.220730250035	-0.876356572834	-2.47632479668	1.24908089638	-5.01017808914
16	22	0.445891521871	0.474122270406	-0.119858773711	0.872262544805	2.42257595062	-0.624844551086	4.47656488419
17	22	0.498300593346	-0.377816340532	0.188711942941	-0.906445042691	-2.18003416061	1.07228255272	-5.18532466888
18	22	0.499233208597	0.495812895742	-0.189775692927	0.847440121064	2.8226044178	-1.09171402454	4.84013462067
19	22	0.499978680164	-0.576022562294	0.185261819359	-0.796163341291	-3.26788520813	1.07044434547	-4.56766319275
20	22	0.499997340143	0.485198123244	-0.185987963477	0.854395259024	2.78596067429	-1.09279727936	4.87216615677
21	22	0.499998636544	-0.468754816822	0.370119913637	-0.802047486896	-2.68546700478	2.09637284279	-4.59141159058
22	22	0.499999396503	0.556684996242	-0.300648195385	0.774411052072	3.16033244133	-1.73262941837	4.43839073181
23	22	0.4999990426	-0.473344712854	0.33874073502	-0.813141744871	-2.70367836952	1.93789315224	-4.64964723587
24	22	0.499986436218	0.361917360879	-0.424511247646	0.829943386332	2.08442354202	-2.40381765366	4.75028896332
25	22	0.499989211559	-0.45802553209	0.319708656176	-0.829457043565	-2.60449790955	1.84424138069	-4.74361038208
26	22	0.499961908907	0.451574752113	-0.405256760086	0.794888169278	2.57634592056	-2.31238102913	4.5490231514
27	22	0.499987952411	-0.450632812552	0.424305722147	-0.785426458941	-2.57604575157	2.42650651932	-4.49016475677
28	22	0.49998640269	0.555633708309	-0.399660200976	0.729069890989	3.16599655151	-2.29138898849	4.17218208313
29	22	0.499998629093	-0.518386685509	0.447303619736	-0.728831061398	-2.97644424438	2.54486227036	-4.16553258896
0	23	0.499997742474	-0.586781408623	0.440377720346	-0.679525600634	-3.33846664429	2.51350235939	-3.90223550797
1	23	0.499992046505	0.44997833917	-0.389664601538	0.803542775828	2.58953309059	-2.24198961258	4.57784843445
2	23	0.499476969242	-0.458438542371	0.420784938521	-0.782798913121	-2.62075281143	2.40291786194	-4.46915912628
3	23	0.497908174992	0.476944631271	-0.419527550932	0.772347365316	2.71888184547	-2.40036940575	4.42404174805
4	23	0.417230762541	-0.186453629188	0.309578065192	-0.932414320844	-0.924868583679	1.50465250015	-4.52252101898
5	23	0.365649254993	-0.367741905092	0.194131650976	-0.90943872434	-1.61849677563	0.852766633034	-3.97905135155
6	23	0.416061494499	-0.579985328797	0.0321304164056	-0.813993031126	-2.79590988159	0.187301442027	-3.94945383072
7	23	0.497618108988	0.595644594781	-0.443729183397	0.669560996856	3.40413093567	-2.51740169525	3.84406089783
8	23	0.499484442174	-0.617385999786	0.330290097185	-0.713962869462	-3.51729631424	1.90301465988	-4.07789707184
9	23	0.49996715039	0.648259651832	-0.302972560105	0.698546384737	3.70001459122	-1.73284041882	3.9986948967
10	23	0.499103643	-0.656941362519	0.302537049703	-0.690579017759	-3.75308847427	1.70675182343	-3.94673490524
11	23	0.497990608215	0.623747320254	-0.115735796277	0.773010029648	3.5773165226	-0.678269505501	4.41475868225
12	23	0.468649234623	-0.642826618246	0.0449969329261	-0.764688966117	-3.47148513794	0.244955554605	-4.13054180145
13	23	0.498841404915	0.632603335247	-0.0215560186458	0.774175922058	3.61918616295	-0.140953600407	4.42399072647
14	23	0.499280110002	-0.609101339538	0.18206585734	-0.771911641164	-3.47169446945	1.03175866604	-4.41969347
15	23	0.445825964212	0.477157899587	-0.172392974516	0.861743001828	2.44956731796	-0.88285946846	4.41724777222
16	23	0.232895660214	0.414445585993	-0.178182697757	0.892460521519	1.17526721954	-0.495945721865	2.47585177422
17	23	0.444948332384	0.380149244282	-0.215004199359	0.899588653958	1.95931768417	-1.09724259377	4.59925031662
18	23	0.499677661806	-0.47029735574	0.253985371254	-0.84516970389	-2.69014263153	1.44632101059	-4.83374595642
19	23	0.499960646033	0.468326340507	-0.257780149976	0.845115277974	2.6902680397	-1.4745695591	4.823802948
20	23	0.499999195337	-0.572239284955	0.321750612255	-0.754333311122	-3.24670505524	1.83096921444	-4.33597564697
21	23	0.499999720603	0.425933355234	-0.380731502501	0.820746184824	2.45323038101	-2.15982842445	4.69089651108
22	23	0.499999057502	-0.495314528108	0.264470219437	-0.827477504997	-2.82478761673	1.53412771225	-4.72809505463
23	23	0.499999046326	0.493259994327	-0.327930776822	0.805702168056	2.8031680584	-1.87639284134	4.61612415314
24	23	0.499988891184	-0.325165685857	0.376211410887	-0.867601435603	-1.88178884983	2.15477895737	-4.95015859604
25	23	0.499990101904	0.39421034779	-0.335685997253	0.855519206648	2.25496506691	-1.93300890923	4.88518857956
26	23	0.499964747578	-0.457377187682	0.389183035157	-0.799589065292	-2.60823988914	2.23425340652	-4.57004785538
27	23	0.499988175929	0.431443683961	-0.465176979147	0.772959717994	2.47390413284	-2.64553189278	4.42345142365
28	23	0.499984279275	-0.539532548675	0.431399566601	-0.723048437421	-3.0767121315	2.46642255783	-4.13944149017
29	23	0.499997504056	0.580677655872	-0.484364409818	0.654373424333	3.30407571793	-2.76482701302	3.75860738754
0	24	0.499961636961	0.545155424386	-0.458388882434	0.701915376469	3.11322259903	-2.62802648544	4.01022434235
1	24	0.499980926514	-0.510486870437	0.455374548603	-0.729408784973	-2.91410565376	2.61199426651	-4.16794872284
2	24	0.499946266413	0.473133606762	-0.513412207584	0.715927716502	2.70240044594	-2.92503213882	4.10160160065
3	24	0.49912045151	-0.451398233308	0.475884905548	-0.754833221075	-2.57898449898	2.71009778976	-4.31053876877
4	24	0.496790099889	0.383565993626	-0.467911549455	0.796200923398	2.19774413109	-2.65546226501	4.54971265793
5	24	0.41412396729	-0.523556529276	0.0719481496957	-0.848947598152	-2.52183747292	0.371069431305	-4.10202550888
6	24	0.310494074598	-0.538255720298	0.191033042193	-0.820845391263	-2.00905752182	0.711902797222	-3.03803658485
7	24	0.468528982252	-0.529483130234	0.363804169388	-0.766351186554	-2.86768078804	1.9658472538	-4.13232326508
8	24	0.499788463116	0.459283560197	-0.452663877899	0.764299695786	2.66728782654	-2.56183385849	4.3619799614
9	24	0.499104067683	-0.610979870891	0.319883096999	-0.724139766633	-3.4987039566	1.82571864128	-4.12411355972
10	24	0.497754789889	0.735447611159	-0.215544218801	0.642384231579	4.19675922394	-1.23259472847	3.68420124054
11	24	0.415779203176	-0.686076349022	-0.173119466719	-0.706632077927	-3.32743215561	-0.820626139641	-3.41501140594
12	24	0.307495392859	-0.686152970581	-0.147675292954	-0.712310402011	-2.52195906639	-0.51308876276	-2.63013601303
13	24	0.469315655529	-0.531816608212	0.134391408129	-0.836128007335	-2.89078378677	0.71999669075	-4.51460838318
14	24	0.499084915966	0.497791506589	-0.256564185415	0.828479592223	2.85553312302	-1.43791937828	4.72947883606
15	24	0.49833041057	-0.496756708012	0.15336339791	-0.854232076913	-2.84217786789	0.88924241066	-4.89066410065
16	24	0.445341903716	0.531704840058	-0.125189221663	0.837626182637	2.71546268463	-0.6556661129	4.29397964478
17	24	0.497733592987	-0.577653259837	0.365390927519	-0.729935737916	-3.29085063934	2.06984472275	-4.19789505005
18	24	0.499277632684	0.511361670648	-0.254749476741	0.820738658704	2.91572213173	-1.46512007713	4.68417930603
19	24	0.49999082461	-0.453799520736	0.28479803743	-0.844367261833	-2.59765839577	1.6215480566	-4.82779455185
20	24	0.499995660037	0.496722112632	-0.317138116783	0.807892664719	2.83193230629	-1.80066871643	4.62894535065
21	24	0.499998867512	-0.434349727716	0.306495996645	-0.846994992945	-2.47974777222	1.76085805893	-4.84077119827
22	24	0.499999064952	0.39176703989	-0.37861509936	0.838551842758	2.25726795197	-2.14495992661	4.79481267929
23	24	0.499989788979	-0.412901453861	0.329787891261	-0.848971340021	-2.35973834991	1.89123535156	-4.85194683075
24	24	0.499974749982	0.380111316522	-0.475656580174	0.793263011106	2.16651797295	-2.69491505623	4.55369377136
25	24	0.49930909276	-0.340815843876	0.442763604769	-0.829340069486	-1.95764529705	2.52321004868	-4.7326259613
26	24	0.499703466892	0.456326067929	-0.496294093492	0.738551753429	2.59393668175	-2.81539011002	4.24762773514
27	24	0.499284844846	-0.371117816343	0.395175034167	-0.840302480518	-2.14558601379	2.25618243217	-4.78591394424
28	24	0.499964006245	0.477920525827	-0.36289553587	0.799936748149	2.7333419323	-2.09839940071	4.56284713745
29	24	0.499976679683	-0.420204584032	0.5598676258	-0.714126283748	-2.43045735359	3.17854976654	-4.08491945267
0	25	0.499709554017	-0.612574592957	0.480636229342	-0.627487994393	-3.48333263397	2.76050162315	-3.59892892838
1	25	0.499234482646	0.488570151939	-0.583196767216	0.648984389137	2.79432296753	-3.31020593643	3.71796631813
2	25	0.499946817756	-0.420305413446	0.549900987123	-0.72177022922	-2.42359161377	3.1322183609	-4.12369441986
3	25	0.49919398874	0.505180334164	-0.40084840435	0.764273110023	2.87628030777	-2.31227684021	4.35548782349
4	25	0.497180230916	-0.43367685439	0.482301895669	-0.761123687321	-2.48367404938	2.75262832642	-4.34730243683
5	25	0.442718878388	0.486792542003	-0.603103467465	0.631901280725	2.50714540482	-3.07480955124	3.24419808388
6	25	0.468223392963	-0.602624463142	0.655887892008	-0.454593037277	-3.2802901268	3.54067564011	-2.49046254158
7	25	0.497771166265	0.678885178425	-0.292454712068	0.673487309387	3.87059497833	-1.69620144367	3.83534193039
8	25	0.499083265662	-0.648873791043	0.354366857073	-0.673340132404	-3.70500898361	2.01929473877	-3.8433508873
9	25	0.498252302408	0.732674882687	-0.29621004015	0.612737405741	4.18288230896	-1.70118331909	3.51852917671
10	25	0.417364567518	-0.81691495351	0.152987545619	-0.556097805802	-3.96234846115	0.743693351746	-2.70397233963
11	25	0.365504264832	-0.824919682728	-0.0159216286816	-0.56502567976	-3.60181474686	-0.0599467679858	-2.48862838745
12	25	0.418058797717	-0.724974792702	0.00609381110127	-0.688748441314	-3.5234849453	0.0237687304616	-3.35006833076
13	25	0.498323909938	0.644839332794	-0.0596628954943	0.761985940673	3.6843931675	-0.350888490677	4.36741876602
14	25	0.499461941421	-0.537948950996	0.140030549042	-0.83126552404	-3.07696008682	0.808660387993	-4.74364757538
15	25	0.499228265136	0.473090701418	-0.224536904833	0.851920399216	2.72158026695	-1.27358019352	4.85368442535
16	25	0.499683402479	-0.589675106976	0.242434240905	-0.770395292723	-3.3566942215	1.38147246838	-4.41858148575
17	25	0.499275099486	0.48618040698	-0.262869878463	0.833383488477	2.79164409637	-1.50067472458	4.74842453003
18	25	0.499961834401	-0.487046991662	0.281156698407	-0.826883388909	-2.77593159676	1.5955953598	-4.73669433594
19	25	0.499950788915	0.374384316275	-0.204894089004	0.904353247364	2.15847277641	-1.18084537983	5.16017866135
20	25	0.499988991767	-0.405988587084	0.149323871098	-0.901596167182	-2.32305526733	0.88779091835	-5.14885902405
21	25	0.499986857176	0.342328957522	-0.301246247487	0.889978417276	1.98457026482	-1.71373736858	5.08072042465
22	25	0.499989941716	-0.493888305013	0.301508055655	-0.815577853148	-2.79442811012	1.72566652298	-4.68021249771
23	25	0.49997484684	0.362244811694	-0.220887827508	0.90553148154	2.08175373077	-1.29384374619	5.1660656929
24	25	0.499154325575	-0.308538352391	0.374761697626	-0.874275560162	-1.77132558823	2.13737535477	-4.98738765717
25	25	0.498126290739	0.308139118829	-0.3933209431	0.866226828935	1.77076220512	-2.24974298477	4.95692300797
26	25	0.451868243515	-0.3731747377	0.385895492938	-0.843697388684	-1.95195901394	1.99756622314	-4.38678121567
27	25	0.498395022005	0.49375447539	-0.237497680204	0.836541313941	2.82051157951	-1.38559508324	4.78363037109
28	25	0.499227002263	-0.557980086989	0.408121137485	-0.722561664955	-3.17308568954	2.32928848267	-4.13573789597
29	25	0.49922978878	0.459907207584	-0.566549533171	0.68374482585	2.6428873539	-3.21182441711	3.91056394577
0	26	0.445306628942	0.649629558219	-0.484235031786	0.58608691427	3.32750749588	-2.47582912445	3.00695228577
1	26	0.497758977115	-0.477731679375	0.54401363191	-0.68979823921	-2.74566626549	3.11021304131	-3.93923616409
2	26	0.499188706279	0.513075068238	-0.514721706967	0.686888301494	2.92820644379	-2.93908405304	3.91979622841
3	26	0.499658353627	-0.579786150249	0.449272482346	-0.679707478689	-3.30473327637	2.58213567734	-3.88705921173
4	26	0.445996105671	0.508829199347	-0.547616810761	0.664235405909	2.62504243851	-2.79993629456	3.4038476944
5	26	0.234247095883	0.644922061542	-0.45292633884	0.615575556793	1.78461265564	-1.28946304321	1.73153495789
6	26	0.444797508419	0.647971643088	-0.388647956942	0.655046193271	3.31911206245	-1.9957780838	3.34804344177
7	26	0.499269209802	-0.740719615211	0.36397615932	-0.56467318609	-4.2177233696	2.0727930069	-3.24991846085
8	26	0.499739617109	0.716885884838	-0.317322877461	0.620790479599	4.09310674667	-1.8245742321	3.54855966568
9	26	0.468377813697	-0.737878037749	0.388617355481	-0.551826560095	-3.98234653473	2.08113718033	-2.99135708809
10	26	0.305415272713	-0.787577767527	0.159866843546	-0.595116671277	-2.87422895432	0.588216364384	-2.18127298355
11	26	0.417753569782	-0.768347580989	0.0570425843345	-0.637485794635	-3.73396468163	0.283133119345	-3.09512901306
12	26	0.498230807483	0.707253640333	-0.11904301086	0.696865158981	4.04890060425	-0.681784749031	3.98545145988
13	26	0.499160401523	-0.659447313602	0.114144607626	-0.743034487176	-3.76127004623	0.657780349255	-4.24239635468
14	26	0.499966409057	0.574820935198	-0.160639310163	0.802356469712	3.28951501846	-0.916918337345	4.58501291275
15	26	0.499982990324	-0.576531881149	0.226390801496	-0.785084833006	-3.28826808929	1.28942775726	-4.49542045593
16	26	0.499948509037	0.61836002404	-0.249333024665	0.745294521301	3.51404356956	-1.41206383705	4.28301715851
17	26	0.499962609261	-0.523288653454	0.148955785223	-0.839035850971	-2.98681569099	0.876664102077	-4.79622888565
18	26	0.499221883714	0.419436949447	-0.206310438714	0.884029777958	2.40438175201	-1.18386375904	5.03978824615
19	26	0.499672606587	-0.413180633481	0.23261400745	-0.880438804037	-2.35765624046	1.33577203751	-5.03487014771
20	26	0.499238420278	0.402184433638	-0.279704122095	0.871787408387	2.29967045784	-1.58809626102	4.97715568542
21	26	0.499961737543	-0.444900212328	0.287260360329	-0.84826015258	-2.5283806324	1.64955687523	-4.85493040085
22	26	0.499960515648	0.398789995296	-0.317556505822	0.860304832756	2.28955364227	-1.817450881	4.91293430328
23	26	0.499131560326	-0.383920937854	0.321981162845	-0.865409061803	-2.18206095695	1.82986021042	-4.94606256485
24	26	0.49801543355	0.327859209001	-0.368981717942	0.869690077497	1.87844705582	-2.10435199738	4.97955799103
25	26	0.419700138271	-0.383566537827	0.207977267383	-0.899790068467	-1.86834073067	1.0292840004	-4.39164066315
26	26	0.268035719171	-0.446622171166	0.22638110674	-0.865609745055	-1.42870366573	0.749298632145	-2.77293515205
27	26	0.450833875686	-0.485630061398	0.272502786432	-0.830605607285	-2.52311754227	1.4225051403	-4.30564022064
28	26	0.49888047576	0.590458982864	-0.42877262701	0.683748655488	3.35373830795	-2.44420671463	3.91973495483
29	26	0.49804776907	-0.486611454053	0.463528515702	-0.740506993833	-2.79887199402	2.65726613998	-4.22676944733
0	27	0.234226122499	0.682464924173	-0.429199439658	0.591632883021	1.88668942451	-1.22782921791	1.66672635078
1	27	0.444146163762	0.717931917169	-0.49287120115	0.49158085946	3.65269756317	-2.5216460228	2.53460454941
2	27	0.49963427335	-0.561621129341	0.526820712667	-0.637998153432	-3.22056555748	3.01346611977	-3.63886260986
3	27	0.499218143523	0.595859947755	-0.540473368304	0.594002913137	3.40962481499	-3.07648086548	3.39031505585
4	27	0.498220831156	-0.650819323603	0.506550692279	-0.565544520066	-3.71811032295	2.90275096893	-3.24362564087
5	27	0.445971988142	0.622469011783	-0.501192394983	0.601114392259	3.19372057915	-2.5670042038	3.08542776108
6	27	0.498223721981	-0.721514535286	0.403254271872	-0.562852349722	-4.11821079254	2.31092739105	-3.23723459244
7	27	0.499231740832	0.660617619919	-0.355402280779	0.66126664748	3.77777409554	-2.03517222404	3.76468086243
8	27	0.499590232968	-0.665646738514	0.347521412622	-0.660411453016	-3.80755376816	1.99005424976	-3.76474928856
9	27	0.498921483755	0.644297733299	-0.390357616442	0.657648357522	3.70442318916	-2.21631526947	3.75196361542
10	27	0.467873007059	-0.732976617479	0.153602986488	-0.662684993621	-3.95416688919	0.841784834862	-3.56905078888
11	27	0.498309396207	0.733852269884	-0.10621169057	0.670954486364	4.20183181763	-0.613696396351	3.83904266357
12	27	0.499145403504	-0.728830824013	0.220908648504	-0.648077926629	-4.15684318542	1.23692584038	-3.7107937336
13	27	0.499975979328	0.662981381287	-0.213261793026	0.717617652864	3.78687000275	-1.20080220699	4.1121544838
14	27	0.499988604337	-0.570084038323	0.129892196375	-0.811253478618	-3.26472330093	0.75400352478	-4.63224077225
15	27	0.499994982034	0.513257035613	-0.209965582884	0.832154834991	2.94511270523	-1.18814396858	4.75400447845
16	27	0.499990288168	-0.449528545168	0.15448764557	-0.879805463978	-2.59214782715	0.899723768234	-5.01636362076
17	27	0.499228555709	0.472878623642	-0.255590607048	0.843243291638	2.69548606873	-1.4393517971	4.82145881653
18	27	0.498278368264	-0.403327890799	0.246808033462	-0.881142671264	-2.31396794319	1.41386938095	-5.04253578186
19	27	0.445685390383	0.346970151517	-0.36035977654	0.865882524023	1.7866127491	-1.83838915825	4.4390335083
20	27	0.498265720904	-0.40757357004	0.305230788579	-0.86064972591	-2.33044862747	1.75335717201	-4.92693996429
21	27	0.4992197752	0.381792697067	-0.36814880164	0.847762228645	2.19538784027	-2.09035968781	4.83705568314
22	27	0.499066442251	-0.445379868564	0.399526957277	-0.801258374738	-2.52379798889	2.25560283661	-4.59550476074
23	27	0.497784528881	0.286802548435	-0.241921442123	0.926940296919	1.66613566875	-1.40191137791	5.29125976562
24	27	0.404224138707	-0.248795865022	0.386658656126	-0.888029110554	-1.1753565073	1.80508697033	-4.17276763916
25	27	0.315539901145	-0.226081601584	0.342991576886	-0.911725774348	-0.880100846291	1.28487920761	-3.44305443764
26	27	0.419248811901	-0.403060727857	0.331796739825	-0.85290853736	-1.96837306023	1.61228871346	-4.16167831421
27	27	0.497583501041	0.666297132596	-0.294942810189	0.68487726624	3.78627157211	-1.70277094841	3.9356637001
28	27	0.499026544392	-0.545633610039	0.455392656995	-0.703492353584	-3.1323261261	2.58458781242	-4.0151181221
29	27	0.44603279233	0.632053958134	-0.417514838157	0.652831642865	3.23927950859	-2.15114974976	3.34681367874
0	28	0.446179151535	0.542872302865	-0.586677747625	0.600915038274	2.80331373215	-2.99086523056	3.08816146851
1	28	0.497804321349	-0.414589444801	0.582541678464	-0.699114286159	-2.40897226334	3.32252073288	-3.98868083954
2	28	0.499278016388	0.591232272672	-0.564936728568	0.57557874567	3.37038040161	-3.21226167679	3.30579614639
3	28	0.499960944057	-0.710811698974	0.534491137324	-0.457237304606	-4.04162979126	3.04935741425	-2.66022634506
4	28	0.499247401953	0.613831145734	-0.510601920794	0.602077240069	3.51055026054	-2.92326545715	3.4226129055
5	28	0.499707460403	-0.599154689554	0.547993325875	-0.583709664801	-3.4285132885	3.12604618073	-3.34218502045
6	28	0.499260783195	0.639840933527	-0.463665983223	0.612876362561	3.65059041977	-2.64806938171	3.49999284744
7	28	0.499969445169	-0.595624580478	0.399780068943	-0.69671174499	-3.42476391792	2.28667259216	-3.96630620956
8	28	0.499973073602	0.706477033663	-0.398079585035	0.58516907376	4.03135871887	-2.27023005486	3.35855960846
9	28	0.499605432153	-0.763246864955	0.334942843014	-0.552510194522	-4.34370613098	1.91183447838	-3.18115615845
10	28	0.499808527529	0.764261932448	-0.236840283382	0.599841961502	4.36650800705	-1.34296679497	3.43766927719
11	28	0.49947116524	-0.723062353006	0.0582069672497	-0.688326072896	-4.13865709305	0.355066657066	-3.91975045204
12	28	0.499978914857	0.753963055967	-0.0852063075612	0.651367481065	4.29133605957	-0.500280737877	3.74580693245
13	28	0.499989293516	-0.611222006853	0.105513826015	-0.784394346524	-3.5105919838	0.616838395596	-4.47045564651
14	28	0.499999623746	0.594984074956	-0.113839093706	0.795634722277	3.40460515022	-0.659327864647	4.54485797882
15	28	0.499999251217	-0.602605088458	0.134549426559	-0.786615254859	-3.43077635765	0.772154152393	-4.50766706467
16	28	0.499961473048	0.50591306873	-0.162759854226	0.847089839828	2.89211058617	-0.92466378212	4.84360027313
17	28	0.499657474458	-0.432134133074	0.15855444674	-0.887761554952	-2.47609448433	0.917413592339	-5.07160758972
18	28	0.44583946839	0.302566713448	-0.240696014879	0.922235768301	1.56860041618	-1.24476182461	4.72091531754
19	28	0.23304399848	0.413598381638	-0.353967419569	0.838834575223	1.13565695286	-0.978863358498	2.34904503822
20	28	0.44539212063	0.362517261126	-0.426188583371	0.828821166954	1.86675548553	-2.17015790939	4.24867534637
21	28	0.498988971114	-0.479568212198	0.319420260737	-0.817303509646	-2.71386599541	1.82756400108	-4.6806344986
22	28	0.497940357774	0.40407929134	-0.280379943955	0.870693409495	2.32301545143	-1.61812186241	4.97320795059
23	28	0.409312162548	-0.531412381997	0.168070026879	-0.830273055281	-2.52545881271	0.801304399967	-3.951161623
24	28	0.328323787078	-0.386065880494	0.235749740783	-0.891838099455	-1.51921653748	0.928986310959	-3.50577878952
25	28	0.402455205098	-0.329851680218	0.138331601149	-0.933842726149	-1.54399466515	0.668592572212	-4.36367082596
26	28	0.497385196388	0.450958795486	-0.446154714213	0.773034369067	2.57746458054	-2.52849650383	4.43341779709
27	28	0.499192193151	-0.51611896041	0.34312388088	-0.784784824698	-2.95516371727	1.9673691988	-4.47034168243
28	28	0.499233141541	0.552305186407	-0.411378485693	0.725070150107	3.15624856949	-2.34607076645	4.13790607452
29	28	0.498214140534	-0.6420290387	0.434400765406	-0.631739415013	-3.6692533493	2.47961616516	-3.62809967995
0	29	0.499603807926	-0.586817236433	0.463623681274	-0.663851348712	-3.35605335236	2.64332056046	-3.7995057106
1	29	0.499285638332	0.594696396823	-0.454789339486	0.662950112977	3.37472891808	-2.60052919388	3.80078959465
2	29	0.499960832298	-0.553426698423	0.377620538857	-0.742375658347	-3.17105913162	2.17725658417	-4.23051166534
3	29	0.499976992607	0.624530615157	-0.356550683086	0.69486194393	3.56845712662	-2.07612800598	3.95753026009
4	29	0.499991185963	-0.590576661532	0.588838987103	-0.551804180956	-3.3821849823	3.34216690063	-3.17577409744
5	29	0.499962031841	0.556103950184	-0.593509018349	0.581803610962	3.18606877327	-3.37806034088	3.33442640305
6	29	0.499991878867	-0.592486457583	0.519193161296	-0.615953130395	-3.39231562614	2.95677900314	-3.52673077583
7	29	0.499986447394	0.650358172094	-0.381263126843	0.657018018094	3.71793842316	-2.18835878372	3.75141859055
8	29	0.499992966652	-0.674024594213	0.424325129249	-0.60468093329	-3.85343790054	2.40523719788	-3.47171354294
9	29	0.499994397163	0.641500877701	-0.280812897269	0.713877258803	3.69295763969	-1.61990296841	4.05440998077
10	29	0.499980442226	-0.773384365104	0.201543640864	-0.601046408058	-4.41226911545	1.16093611717	-3.44502735138
11	29	0.499993599951	0.770151525388	-0.12630275833	0.625231350127	4.38652181625	-0.736306846142	3.59361124039
12	29	0.499991647899	-0.602161052414	0.138435336244	-0.786280945105	-3.47318315506	0.79738587141	-4.47182369232
13	29	0.499999448657	0.661964784819	-0.206522376362	0.720521430438	3.7763543129	-1.17564666271	4.12823200226
14	29	0.499999403954	-0.640101767798	0.202169592233	-0.741213318039	-3.65180635452	1.14552903175	-4.24720430374
15	29	0.49999800697	0.565299452428	-0.0914468807007	0.81980119364	3.24102497101	-0.534759044647	4.67924594879
16	29	0.499989349395	-0.528484022422	0.0989814193088	-0.843153198818	-3.02194738388	0.576475799084	-4.81866836548
17	29	0.499229617417	0.468817138203	-0.15237914052	0.870052348115	2.68188357353	-0.878650069237	4.96184301376
18	29	0.498140919954	-0.45122743105	0.279901764155	-0.847377606437	-2.57925486565	1.59611725807	-4.85478115082
19	29	0.445149000734	0.346618062403	-0.399358263571	0.848745483719	1.7801322937	-2.02885770798	4.3513045311
20	29	0.497964326292	-0.440391453971	0.257882185684	-0.85997217721	-2.51091432571	1.48020482063	-4.92520427704
21	29	0.498112630099	0.337355172597	-0.279088265394	0.899055742232	1.93938267231	-1.59950637817	5.11525058746
22	29	0.460229173303	-0.316062049113	0.50809106686	-0.801216730284	-1.69487500191	2.67261624336	-4.27496623993
23	29	0.314656157047	-0.711669475813	0.00706560346141	-0.702478920996	-2.6533844471	0.0402455106378	-2.61661338806
24	29	0.403810102493	-0.534994852289	0.156469430953	-0.830239619147	-2.52791905403	0.724306881428	-3.8921020031
25	29	0.497515000403	0.375288843735	-0.356526356793	0.855597592727	2.15589404106	-2.02896928787	4.89290857315
26	29	0.499171707779	-0.423251825798	0.323958552072	-0.846113909884	-2.41858649254	1.85766792297	-4.82518911362
27	29	0.49995316565	0.522452447674	-0.335299307651	0.783975646438	2.97126317024	-1.9276330471	4.4880566597
28	29	0.499966837466	-0.526802106147	0.389254319175	-0.755619359177	-3.01698207855	2.21808171272	-4.32008981705
29	29	0.499221734703	0.627352828503	-0.326010833728	0.707209562196	3.56888580322	-1.88523280621	4.03708076477
