0	0	0.499958857894	0.339729255394	-0.33287653586	0.879646090711	1.94968950748	-1.91439843178	5.02166843414
1	0	0.499985896051	-0.372014255923	0.443040456945	-0.815671837751	-2.13749694824	2.51157522202	-4.6705365181
2	0	0.499987125397	0.485545528719	-0.41507697882	0.769387185489	2.76250171661	-2.36661124229	4.41062927246
3	0	0.499999526888	-0.488796598126	0.348634276327	-0.799707463408	-2.78995704651	2.00170707703	-4.57128429413
4	0	0.499997854233	0.498777487546	-0.28720053394	0.817763334481	2.86210274696	-1.65873622894	4.66314029694
5	0	0.499999992549	-0.632913222691	0.286244255165	-0.71936435756	-3.6156411171	1.64301931858	-4.11278533936
6	0	0.499998055398	0.699872930582	-0.32870031181	0.634140352016	3.98349452019	-1.8911960125	3.63919138908
7	0	0.499999821186	-0.610713278266	0.462632707229	-0.642650970552	-3.50664901733	2.62380647659	-3.67530941963
8	0	0.49999986589	0.677134493531	-0.38652909635	0.62616622022	3.85807752609	-2.21102619171	3.5932765007
9	0	0.499999366701	-0.622770622106	0.353001799534	-0.69824528768	-3.56389474869	2.00789403915	-3.9945833683
10	0	0.499999772757	0.555900648297	-0.236663346797	0.796846867036	3.2086186409	-1.36376953125	4.53215885162
11	0	0.499998569489	-0.671328917616	0.251093943243	-0.697330134183	-3.83062648773	1.43220722675	-3.99515128136
12	0	0.49999923259	0.63877474188	-0.219950663956	0.737284568238	3.65095806122	-1.24640917778	4.2196559906
13	0	0.499999463558	-0.540226712647	0.105855462244	-0.834835145437	-3.11019182205	0.620722234249	-4.75737333298
14	0	0.499999977648	0.602848723878	-0.153524149004	0.782945561193	3.44552493095	-0.882489204407	4.47614717484
15	0	0.499999977648	-0.598569847031	0.2711561692	-0.753782773835	-3.41466331482	1.53352761269	-4.3222899437
16	0	0.499987822026	0.457032641692	-0.237747926821	0.857086394549	2.63608407974	-1.35011076927	4.89065122604
17	0	0.499969456345	-0.461256107416	0.102356315583	-0.881343286144	-2.63027238846	0.608626663685	-5.03982448578
18	0	0.499200735241	0.409528232552	-0.118955460547	0.904508830885	2.33949232101	-0.693997859955	5.16038608551
19	0	0.499667704105	-0.387262385676	0.330539918619	-0.860680664846	-2.20822143555	1.86439824104	-4.93584156036
20	0	0.498457752168	0.214007160438	-0.31217750962	0.925605822026	1.25088167191	-1.7820328474	5.2690820694
21	0	0.495809163898	-0.328215381523	0.386281625944	-0.862009958637	-1.84535574913	2.19996190071	-4.92625522614
22	0	0.398253601044	-0.261042955945	-0.572361792312	0.777340693552	-1.20114398003	-2.64243841171	3.62178134918
23	0	0.353242963552	-0.419070516647	-0.468240638776	0.777901411669	-1.77040922642	-1.96177339554	3.24174880981
24	0	0.47731019184	0.381641269246	-0.0639628995561	0.922094728913	2.08627009392	-0.382026046515	5.09164714813
25	0	0.498969122767	-0.373554460496	0.361270633227	-0.85436560945	-2.14111542702	2.04572296143	-4.88003110886
26	0	0.499950084835	0.447611085785	-0.42550079706	0.786507080441	2.55537652969	-2.41130638123	4.5108127594
27	0	0.49998941645	-0.527605709307	0.252682757093	-0.81103861793	-2.99780702591	1.4718568325	-4.64080429077
28	0	0.499986998737	0.484905893213	-0.318294847098	0.814588647747	2.76686573029	-1.83088481426	4.65573215485
29	0	0.499987844378	-0.433201870922	0.384555794246	-0.815139853118	-2.47030496597	2.18895864487	-4.668176651
0	1	0.49999961257	-0.227910295543	0.29920848408	-0.926569576578	-1.33794975281	1.72272253036	-5.28566360474
1	1	0.499997910112	0.372145973419	-0.295501154525	0.879878651942	2.11888122559	-1.70871949196	5.02806997299
2	1	0.50000018999	-0.428037030786	0.303213378417	-0.851378850703	-2.44050765038	1.74773716927	-4.86571931839
3	1	0.49999993667	0.370659193459	-0.346364954245	0.861767416868	2.14294362068	-1.9824488163	4.91585111618
4	1	0.500000037253	-0.493523646956	0.405821908392	-0.769248326982	-2.82798027992	2.29670000076	-4.40733957291
5	1	0.499999143183	0.67566949847	-0.258709431313	0.690318882103	3.83832406998	-1.50260829926	3.96346139908
6	1	0.499999925494	-0.62743685022	0.406011603941	-0.664437789753	-3.59152436256	2.29918909073	-3.80821871758
7	1	0.499998129904	0.606328002829	-0.366254903713	0.70584962881	3.46780776978	-2.10364532471	4.02873945236
8	1	0.49999973923	-0.594978254265	0.394276592551	-0.700390495023	-3.40976953506	2.23958849907	-4.00555753708
9	1	0.499997802079	0.566645865948	-0.290041523229	0.771225244275	3.25840187073	-1.66280412674	4.39396524429
10	1	0.500000044703	-0.676943953584	0.204737738838	-0.70698609746	-3.86258363724	1.17893493176	-4.04722833633
11	1	0.499999880791	0.774842657723	-0.238578259235	0.585405218625	4.39871406555	-1.3538839817	3.39590787888
12	1	0.499999903142	-0.558651284641	0.147974313431	-0.816095793846	-3.22542643547	0.855708599091	-4.64389419556
13	1	0.499999262393	0.638800780363	-0.0545247685138	0.767437692993	3.64256215096	-0.336687445641	4.39420175552
14	1	0.499997757375	-0.657543203393	0.0748840133813	-0.749686147806	-3.74840593338	0.439370751381	-4.29415416718
15	1	0.499999586493	0.572708755246	-0.103911025986	0.813146469182	3.27862000465	-0.604309499264	4.6447763443
16	1	0.499997161329	-0.557958799776	0.177455054886	-0.810673597232	-3.17046022415	1.01236307621	-4.64888000488
17	1	0.499983482063	0.387035269784	-0.17603859899	0.905104475522	2.23833203316	-0.999445796013	5.16549253464
18	1	0.499979291111	-0.392632419952	0.0483462041986	-0.918423882171	-2.24413394928	0.308806747198	-5.24964618683
19	1	0.499294430017	0.358136869272	-0.138594639813	0.92332524534	2.03865814209	-0.806460618973	5.27220535278
20	1	0.497995430604	-0.20228805228	0.131676724956	-0.970433297043	-1.16318559647	0.775099277496	-5.55072784424
21	1	0.419711127877	0.101232257861	-0.293526125817	0.950575848331	0.487629652023	-1.44646191597	4.63920783997
22	1	0.337379621342	0.00949246642571	-0.365841435643	0.930628785848	0.0202683415264	-1.47595858574	3.75971984863
23	1	0.406507695094	-0.255542134374	-0.209558610121	0.943813226483	-1.18926155567	-1.01194858551	4.46056222916
24	1	0.497651325539	-0.202576322869	0.246743157273	-0.947671170687	-1.17000496387	1.41445946693	-5.41318845749
25	1	0.499499157071	0.331358783425	-0.382112698346	0.862665197171	1.88769841194	-2.17071199417	4.93465852737
26	1	0.499983374029	-0.325716456953	0.428991931172	-0.842540629679	-1.87513303757	2.44139313698	-4.81771421432
27	1	0.499998450279	0.421783563821	-0.296455940625	0.856862007886	2.40911483765	-1.71557688713	4.89334726334
28	1	0.499999668449	-0.43847730227	0.370747918295	-0.818708517406	-2.50235915184	2.10660362244	-4.6886677742
29	1	0.499998498708	0.433568071668	-0.293416429365	0.852012632658	2.45522427559	-1.698767066	4.87690782547
0	2	0.499999705702	0.281067821861	-0.413840283999	0.865873604433	1.60953164101	-2.35874629021	4.95266294479
1	2	0.499999761581	-0.296605299794	0.413713484156	-0.860735992719	-1.7108849287	2.34753131866	-4.9243478775
2	2	0.499999996275	0.375752803271	-0.35550620002	0.85581842267	2.15492224693	-2.02700090408	4.89211177826
3	2	0.50000006333	-0.417850791465	0.354631254458	-0.836443297202	-2.38960146904	2.016507864	-4.78635120392
4	2	0.499999895692	0.489911504905	-0.347194696216	0.799651524278	2.80135154724	-1.97050130367	4.57824087143
5	2	0.50000006333	-0.525508571893	0.28034357314	-0.803273441529	-3.0191988945	1.60587191582	-4.58183383942
6	2	0.499987117946	0.592715081817	-0.311958502401	0.742543415947	3.38983511925	-1.79352021217	4.2397518158
7	2	0.499989807606	-0.596181811438	0.375345693634	-0.709706177218	-3.41305971146	2.1300110817	-4.06183862686
8	2	0.499961651862	0.640321494907	-0.29831385645	0.707811575358	3.65623211861	-1.71852660179	4.04443740845
9	2	0.499990046024	-0.631564893465	0.277599667298	-0.723922792885	-3.61518502235	1.58092999458	-4.13715553284
10	2	0.499987371266	0.669996434539	-0.160497519204	0.72480709436	3.82546520233	-0.942095756531	4.14318561554
11	2	0.499999389052	-0.61232164528	0.155093382283	-0.775247215728	-3.5153465271	0.905907988548	-4.41751337051
12	2	0.499999716878	0.624653295168	-0.208332040781	0.752599509447	3.56264090538	-1.18967080116	4.3096613884
13	2	0.499987222254	-0.612781027156	0.251259027357	-0.749245162767	-3.51229548454	1.41327118874	-4.28417491913
14	2	0.499991416931	0.657048963607	-0.13623601151	0.741435370474	3.74454760551	-0.779389679432	4.2497882843
15	2	0.499962471426	-0.536269051981	0.0308231418232	-0.843484106439	-3.07876825333	0.209175109863	-4.81344270706
16	2	0.499984353781	0.479059060693	-0.155535220423	0.863893055636	2.7607023716	-0.887984871864	4.92738723755
17	2	0.499982737005	-0.515515100594	0.248459255153	-0.820068399335	-2.93666911125	1.40155184269	-4.70144081116
18	2	0.499945830554	0.375745444598	-0.228339199294	0.898151752729	2.16371536255	-1.29935669899	5.12980270386
19	2	0.499618470669	-0.343409220321	0.259645686351	-0.902581976863	-1.95162773132	1.47204875946	-5.16792964935
20	2	0.456580062397	0.0286185968779	-0.229928128674	0.972786734879	0.171475723386	-1.22295439243	5.11316394806
21	2	0.280052748509	-0.0203510846702	-0.393445312813	0.919122744348	-0.049275636673	-1.29139018059	3.09321546555
22	2	0.41949288547	-0.0709076153546	-0.294238822083	0.953097909799	-0.33953088522	-1.44809508324	4.64794874191
23	2	0.497544361278	-0.0496957877101	0.363452631738	-0.930286253347	-0.286611795425	2.06701493263	-5.3233537674
24	2	0.499002657831	0.245053732558	-0.219191775052	0.944406498235	1.38924431801	-1.2813719511	5.38498353958
25	2	0.499961420894	-0.325668319703	0.300770961671	-0.896368771297	-1.8554983139	1.73825025558	-5.1211476326
26	2	0.499990712851	0.283783700592	-0.445781344599	0.84896749295	1.63416075706	-2.53973722458	4.85422515869
27	2	0.499999195337	-0.347265545183	0.430210416732	-0.833262046696	-1.99247360229	2.44591856003	-4.76801156998
28	2	0.499999493361	0.356691031287	-0.353054317507	0.864941707336	2.0347571373	-2.02690291405	4.94336795807
29	2	0.499999836087	-0.234843721923	0.424691485061	-0.874348654022	-1.37298607826	2.40942907333	-5.00035333633
0	3	0.499999992549	-0.36706630014	0.428154055192	-0.825800482153	-2.100877285	2.42639827728	-4.73199892044
1	3	0.499999817461	0.370846105545	-0.316198849775	0.873207566048	2.12719464302	-1.81049787998	4.98875236511
2	3	0.499999959022	-0.458055069084	0.273339598071	-0.845855199081	-2.60682821274	1.56588029861	-4.84123373032
3	3	0.499999150634	0.418428528005	-0.207523297598	0.884223754434	2.40601277351	-1.19442951679	5.04708766937
4	3	0.500000029802	-0.499387784494	0.122192144459	-0.857718438959	-2.86220407486	0.730214238167	-4.89616394043
5	3	0.49998703599	0.55701007287	-0.232248443886	0.797370954471	3.18811607361	-1.32894361019	4.5560131073
6	3	0.499974407256	-0.627098540452	0.355928389417	-0.692865356451	-3.57372903824	2.01309490204	-3.98356533051
7	3	0.499228604138	0.603887005124	-0.25905711405	0.753796986398	3.45406651497	-1.50359392166	4.2888712883
8	3	0.499704942107	-0.663593534965	0.362195153634	-0.654567254786	-3.79551506042	2.05072641373	-3.75376582146
9	3	0.499259404838	0.708973560836	-0.238278117628	0.663762027157	4.03051662445	-1.380859375	3.79984927177
10	3	0.499976478517	-0.658571939348	0.363362780816	-0.658976851051	-3.75932621956	2.05193829536	-3.78895187378
11	3	0.499986872077	0.582407672181	-0.285368674223	0.761160970595	3.33795046806	-1.63277816772	4.34501791
12	3	0.499987207353	-0.5547094943	0.254754968024	-0.792084138966	-3.18667650223	1.45775544643	-4.51702308655
13	3	0.499976858497	0.66274748804	-0.246316991083	0.707173038938	3.77480983734	-1.40153455734	4.05885410309
14	3	0.499249823391	-0.618471982155	0.182797065712	-0.764249723622	-3.53189063072	1.04439020157	-4.36097192764
15	3	0.499701566994	0.587204102243	-0.221353010455	0.778584733392	3.35964012146	-1.24661338329	4.45647239685
16	3	0.499267794192	-0.62851221558	0.13374254404	-0.766214935106	-3.56517577171	0.772998154163	-4.39197158813
17	3	0.499633550644	0.620247827682	-0.139417383804	0.77191672177	3.52066111565	-0.819400191307	4.4257478714
18	3	0.499797448516	-0.478257748617	0.266123489668	-0.836927603879	-2.72353029251	1.50483822823	-4.79635000229
19	3	0.498951770365	0.341724595448	-0.225629327181	0.912313382332	1.94717180729	-1.31594383717	5.19985961914
20	3	0.497657097876	-0.259199921709	0.432564841722	-0.863540999775	-1.46779513359	2.45305991173	-4.94778776169
21	3	0.455629721284	-0.0657037418628	-0.280866422164	0.957495206884	-0.321172833443	-1.48682558537	5.02387952805
22	3	0.497393671423	-0.125710105064	0.463657840914	-0.877050954075	-0.702412307262	2.64184045792	-5.02242565155
23	3	0.498806430027	0.0123645944046	-0.370147874377	0.928890557547	0.109191030264	-2.12763929367	5.2923913002
24	3	0.499949324876	-0.233013225195	0.387738210786	-0.891831776054	-1.32948493958	2.22077131271	-5.09945821762
25	3	0.49997971952	0.342339190266	-0.415880509551	0.842524350143	1.93826723099	-2.3800508976	4.82339572906
26	3	0.499999102205	-0.294350661453	0.495328846743	-0.81731696525	-1.68628239632	2.81541848183	-4.68189668655
27	3	0.500000040978	0.435895736353	-0.40233474797	0.805060033541	2.4638338089	-2.30491876602	4.61614274979
28	3	0.500000208616	-0.311420714356	0.321834690221	-0.894113846689	-1.79517579079	1.85464954376	-5.1014008522
29	3	0.500000037253	0.312627776652	-0.327946237852	0.89146796821	1.79665327072	-1.89029788971	5.08797979355
0	4	0.499999769032	0.524222057675	-0.311789872661	0.792450824691	2.97050690651	-1.78200006485	4.54940605164
1	4	0.49999890849	-0.449159571627	0.178862896684	-0.875364920136	-2.56671214104	1.05357193947	-4.99936676025
2	4	0.500000242144	0.476981943541	-0.257007212681	0.840497185103	2.71832275391	-1.46631813049	4.81099128723
3	4	0.500000182539	-0.489782223121	0.178022439515	-0.853476059971	-2.80014443398	1.02597296238	-4.87775087357
4	4	0.499997727573	0.605737048833	-0.166265301109	0.778099272148	3.44823884964	-0.947904348373	4.46061468124
5	4	0.499991312623	-0.615084546713	0.1681421779	-0.770324093097	-3.50493383408	0.972753345966	-4.41060638428
6	4	0.499215591699	0.546611313729	-0.263613894784	0.794810534769	3.13927984238	-1.51263046265	4.52141952515
7	4	0.498207986355	-0.624931287865	0.328516030811	-0.708193549072	-3.57497501373	1.87160003185	-4.06115150452
8	4	0.445295087993	0.720708337094	-0.311669657381	0.619226547809	3.68422436714	-1.596783638	3.17896080017
9	4	0.498129226267	-0.616731956235	0.267485529455	-0.740333158578	-3.5357708931	1.53728270531	-4.23138427734
10	4	0.499224588275	0.541532975325	-0.353615768642	0.762691238184	3.11239004135	-2.00823950768	4.34363174438
11	4	0.499989189208	-0.608309893787	0.390641991256	-0.690910926089	-3.46884298325	2.21423959732	-3.96879935265
12	4	0.499989546835	0.570130820825	-0.297643060712	0.765741115231	3.27088117599	-1.70547771454	4.3682808876
13	4	0.499265097082	-0.631422005214	0.1952225145	-0.750462804651	-3.60574507713	1.135679245	-4.2785577774
14	4	0.498068965971	0.596223391834	-0.155204724027	0.787673257556	3.41628074646	-0.89972358942	4.50314807892
15	4	0.445716042072	-0.576918438143	0.228820027974	-0.784095982982	-2.9535548687	1.17965602875	-4.02059602737
16	4	0.49768704921	0.458738437714	-0.15022471911	0.875780554438	2.64413928986	-0.871126055717	4.99683380127
17	4	0.498345717788	-0.500854746109	0.259497325784	-0.825715242206	-2.86205673218	1.46170186996	-4.71868276596
18	4	0.47224907577	0.382199924147	-0.17422722791	0.907506523964	2.08826565742	-0.966813147068	4.93570375443
19	4	0.498278938234	-0.224286222829	0.363301284234	-0.904272009477	-1.30014705658	2.06766796112	-5.17336559296
20	4	0.497735947371	0.202787433963	-0.453160256123	0.868057048181	1.15687918663	-2.57210063934	4.94396018982
21	4	0.497986149043	-0.158571103652	0.315281396789	-0.935656371712	-0.896404445171	1.82459115982	-5.35064029694
22	4	0.471112780273	0.111091477546	-0.500385867306	0.858645833517	0.612111747265	-2.71094489098	4.66662883759
23	4	0.499047968537	-0.214858475584	0.473319545799	-0.854285925808	-1.21878480911	2.71223473549	-4.88473796844
24	4	0.499656520784	0.269896141943	-0.560279641892	0.783098202939	1.53434538841	-3.18158149719	4.49105072021
25	4	0.499995574355	-0.228459264681	0.501822951591	-0.834254211639	-1.30672585964	2.86598300934	-4.77123641968
26	4	0.499996803701	0.15523943193	-0.45753911872	0.875533365221	0.921071112156	-2.61492729187	5.0006814003
27	4	0.499999720603	-0.351709396581	0.418667953868	-0.837267964728	-1.99877119064	2.39138698578	-4.79334211349
28	4	0.499999228865	0.361582478304	-0.405159149435	0.839704814213	2.0692050457	-2.3108561039	4.80222177505
29	4	0.499999534339	-0.452788555311	0.366251672911	-0.812922035787	-2.57534885406	2.08817911148	-4.65780973434
0	5	0.49999910593	-0.409652321396	0.238820476074	-0.880425894544	-2.33794903755	1.38427186012	-5.03087329865
1	5	0.499997466803	0.4002325695	-0.280390180333	0.872465034878	2.28768253326	-1.60582733154	4.9871711731
2	5	0.500000070781	-0.380559588914	0.342489344426	-0.858996768469	-2.18821644783	1.93747663498	-4.91387271881
3	5	0.499997399747	0.450474754437	-0.195936204754	0.871023248416	2.58518147469	-1.12752652168	4.97351408005
4	5	0.499999418855	-0.598243042896	0.128657148488	-0.790918832606	-3.40167379379	0.751669883728	-4.53368473053
5	5	0.499962538481	0.566105039927	-0.170927569874	0.806417292489	3.24160575867	-0.991431891918	4.6034784317
6	5	0.499666154385	-0.605254031206	0.323700573593	-0.727245141863	-3.45647764206	1.83351266384	-4.17012786865
7	5	0.445227637887	0.706900592681	-0.265792357893	0.655473854973	3.60737991333	-1.37427067757	3.36530089378
8	5	0.232862602919	0.669248512269	-0.321205391167	0.670025018571	1.85339093208	-0.898346066475	1.87303495407
9	5	0.445209190249	0.705874954136	-0.298793255887	0.642232932323	3.60182476044	-1.53519892693	3.30042052269
10	5	0.499619729817	-0.590908519803	0.242533377923	-0.769418404912	-3.37894153595	1.40536904335	-4.39304208755
11	5	0.499961704016	0.570818500193	-0.33339582169	0.750342232529	3.27468109131	-1.90258955956	4.28227043152
12	5	0.499962694943	-0.635599401829	0.399678981808	-0.660507465435	-3.62560200691	2.27063989639	-3.7925055027
13	5	0.499691352248	0.687311123749	-0.39624467559	0.608763974162	3.91317605972	-2.2523856163	3.51060914993
14	5	0.445862643421	-0.595933325575	0.406468407292	-0.692565452028	-3.05666017532	2.0680000782	-3.56127882004
15	5	0.233689164743	-0.519303598634	0.27846697664	-0.807947965754	-1.47313821316	0.782745957375	-2.24171876907
16	5	0.445004783571	-0.581534608511	0.279605124901	-0.763962350665	-2.97124576569	1.42728185654	-3.91878223419
17	5	0.472338378429	0.551803725599	-0.233141514745	0.800723224665	3.00103139877	-1.27422475815	4.36765623093
18	5	0.327712759376	0.366118903546	-0.242828220316	0.898327002758	1.43830752373	-0.961835741997	3.52209877968
19	5	0.428472450003	0.333386797772	-0.28091695098	0.899966060318	1.66479969025	-1.40761625767	4.48678445816
20	5	0.495311465114	-0.193893062258	0.581409003929	-0.790170266815	-1.12563252449	3.2870414257	-4.53045320511
21	5	0.41765544191	0.118698481453	-0.419894336707	0.899777426091	0.57931470871	-2.05400371552	4.36197805405
22	5	0.320908278227	-0.0380735988012	-0.611761529204	0.790125453621	-0.116908207536	-2.31942248344	3.05811500549
23	5	0.472805734724	0.331509879791	-0.542627327549	0.771788042793	1.78712201118	-2.9558095932	4.21563434601
24	5	0.499820806086	-0.296613414279	0.56798224988	-0.767734749957	-1.67342734337	3.23965167999	-4.40316820145
25	5	0.499980647117	0.136903993744	-0.53137817224	0.835999123543	0.809246063232	-3.02304840088	4.78517866135
26	5	0.500000301749	-0.238705230641	0.382278428802	-0.892683043268	-1.36476767063	2.20208740234	-5.09693145752
27	5	0.500000268221	0.257245918532	-0.358362383007	0.897441329472	1.48602366447	-2.06552815437	5.11981534958
28	5	0.499999888241	-0.364570477116	0.433291140926	-0.824225184285	-2.07585978508	2.47050666809	-4.71984148026
29	5	0.499998919666	0.413144680114	-0.316926310329	0.853738359871	2.35527563095	-1.82366704941	4.87989759445
0	6	0.499986946583	0.2230039238	-0.307620948627	0.925007352368	1.30280506611	-1.76939964294	5.27880525589
1	6	0.499989874661	-0.347577523632	0.395868852041	-0.849986892281	-1.98301184177	2.24028205872	-4.87225532532
2	6	0.499959856272	0.367074521394	-0.319775614907	0.873498627277	2.10526561737	-1.83171606064	4.98917484283
3	6	0.499988719821	-0.466555929999	0.232687569785	-0.853335841888	-2.66187047958	1.33318674564	-4.88066577911
4	6	0.499984469265	0.467464461423	-0.207272414898	0.859369026279	2.68658518791	-1.18902409077	4.90440988541
5	6	0.499990701675	-0.525650531938	0.269341414686	-0.80693662738	-3.01019001007	1.53184866905	-4.61274909973
6	6	0.499235928059	0.548529016249	-0.296718510255	0.78171225141	3.12790989876	-1.69488430023	4.46364355087
7	6	0.49831276387	-0.528245050234	0.322301967749	-0.785543511518	-3.02851057053	1.84973526001	-4.49408006668
8	6	0.446279156953	0.481730727838	-0.434403741534	0.761070887104	2.49321627617	-2.21751928329	3.9009270668
9	6	0.498261332512	-0.620900333353	0.446936437856	-0.643995804768	-3.55043077469	2.54067182541	-3.70588064194
10	6	0.499276556075	0.56441450645	-0.264841210606	0.781853821423	3.23494243622	-1.52723002434	4.44942188263
11	6	0.499989897013	-0.623346332112	0.243603627472	-0.743032047038	-3.55346727371	1.41183114052	-4.25032138824
12	6	0.499987952411	0.570842126814	-0.358568363257	0.738625747673	3.26992416382	-2.04162406921	4.22197961807
13	6	0.499257452786	-0.568109627488	0.376288640776	-0.731886815005	-3.24776506424	2.1357152462	-4.18130397797
14	6	0.49819020927	0.559433719831	-0.324934739874	0.762529558731	3.19755792618	-1.86467623711	4.36686325073
15	6	0.445213660598	-0.641049119658	0.327301149267	-0.694211771634	-3.26770973206	1.67547249794	-3.57018232346
16	6	0.49648155272	0.409721302931	-0.225728805876	0.883841026499	2.3492436409	-1.3086502552	5.03436660767
17	6	0.496217034757	-0.515686790586	0.256618721023	-0.81744355526	-2.94126272202	1.46834015846	-4.67778682709
18	6	0.394940342754	0.442688676329	-0.282713109974	0.850940675546	2.06882452965	-1.30940937996	3.95982575417
19	6	0.385464556515	0.642282518321	-0.210299018671	0.737053247334	2.95756673813	-0.981445431709	3.40650606155
20	6	0.3974355869	0.678755693559	-0.0726469945346	0.730762015054	3.18087148666	-0.365255683661	3.43001079559
21	6	0.370652711019	0.380072166217	-0.306661078091	0.87264204096	1.67571926117	-1.36317968369	3.87526464462
22	6	0.417621411383	0.0637412831629	-0.421692997182	0.904495475361	0.327208429575	-2.06359815598	4.38380765915
23	6	0.498286664486	-0.257205097802	0.541751854601	-0.800219011085	-1.47146308422	3.09114980698	-4.58687353134
24	6	0.499518766999	0.108789197535	-0.520110008815	0.847142543632	0.666208744049	-2.97005772591	4.8349404335
25	6	0.499995406717	-0.175855436466	0.414214069439	-0.893029434086	-1.01699662209	2.38879919052	-5.09425354004
26	6	0.499994680285	0.381420777812	-0.41421581913	0.826403923899	2.14873504639	-2.3635635376	4.74241256714
27	6	0.499997843057	-0.302785944101	0.43287102275	-0.849083829618	-1.73538029194	2.47323513031	-4.85338497162
28	6	0.499999001622	0.27660307941	-0.542803298833	0.793003981854	1.60234558582	-3.0680809021	4.55177783966
29	6	0.49999762699	-0.328950903041	0.39166095288	-0.859297970077	-1.87812244892	2.23694896698	-4.91512680054
0	7	0.499965578318	-0.199743990743	0.353997099343	-0.913667549943	-1.16200494766	2.01610064507	-5.2223277092
1	7	0.499237768352	0.314052628303	-0.307920068352	0.898084727719	1.79554319382	-1.77244377136	5.12052869797
2	7	0.499635912478	-0.366843579321	0.385041928822	-0.846858017238	-2.09419631958	2.18671798706	-4.85112762451
3	7	0.49923209101	0.485828163581	-0.236679851326	0.84139981189	2.76792478561	-1.3659157753	4.80203104019
4	7	0.499969404191	-0.481993986378	0.251062259165	-0.839434058827	-2.76506686211	1.43788516521	-4.79301261902
5	7	0.49997343123	0.590740561175	-0.271324811834	0.759873960513	3.3521053791	-1.55554389954	4.36227226257
6	7	0.499973833561	-0.47713195235	0.295249531182	-0.827751662266	-2.7470395565	1.69089770317	-4.72054195404
7	7	0.499247975647	0.499822195893	-0.406771913015	0.764666190749	2.85367202759	-2.29944086075	4.37787723541
8	7	0.49970998615	-0.357653786305	0.450577802909	-0.81796296534	-2.089656353	2.56194353104	-4.66751766205
9	7	0.499269723892	0.565319009718	-0.394799387624	0.724256764403	3.22378492355	-2.25651502609	4.13631153107
10	7	0.499977909029	-0.595250216497	0.333522644249	-0.731053914245	-3.40840029716	1.90445685387	-4.17652130127
11	7	0.499987617135	0.615650443808	-0.29647805941	0.730120052681	3.51359224319	-1.70096945763	4.17656183243
12	7	0.49998761341	-0.542430245788	0.285065378645	-0.790257653144	-3.10669541359	1.64117622375	-4.51008796692
13	7	0.499971196055	0.510739809645	-0.222384791803	0.83047567768	2.92607927322	-1.30006694794	4.73715162277
14	7	0.499204199761	-0.454698472701	0.333829069013	-0.825716326353	-2.61578249931	1.89485144615	-4.70653104782
15	7	0.499227821827	0.536749890002	-0.377611299727	0.754525852375	3.05190515518	-2.15543937683	4.32256889343
16	7	0.497444659472	-0.34178354672	0.433082491663	-0.834040504176	-1.97991156578	2.45791006088	-4.76420783997
17	7	0.41677486524	0.498166802905	-0.372960583675	0.782770872931	2.41118407249	-1.80592560768	3.79808950424
18	7	0.378602039069	0.577828239841	-0.330996233276	0.746026821769	2.61885547638	-1.50584101677	3.38221621513
19	7	0.416063219309	0.814672156386	-0.326222374943	0.479466620002	3.99052762985	-1.59935855865	2.37031412125
20	7	0.347617059946	0.773958095828	-0.234760859026	0.588112408449	3.20399141312	-0.978343009949	2.46370601654
21	7	0.441395167261	0.436604158446	-0.40409699196	0.80379252915	2.24731445312	-2.07657718658	4.12960004807
22	7	0.498148221523	-0.346121126395	0.392147832447	-0.852302905879	-1.98650431633	2.24943494797	-4.86877202988
23	7	0.499136433005	0.398961755474	-0.412117962808	0.8191387565	2.26876068115	-2.36704802513	4.67204475403
24	7	0.499973278493	-0.373501623234	0.494263722893	-0.784984018738	-2.11151838303	2.81880044937	-4.50505065918
25	7	0.499993246049	0.210983220582	-0.496058680171	0.842265911966	1.22848618031	-2.81619548798	4.82213115692
26	7	0.499985981733	-0.304639747552	0.311894933344	-0.89995342922	-1.75506448746	1.80727994442	-5.13311004639
27	7	0.499989420176	0.352042461696	-0.403757364924	0.844420567865	2.01903152466	-2.29967665672	4.8292350769
28	7	0.499963343143	-0.407774705474	0.352505815775	-0.84229415255	-2.31901550293	2.02817630768	-4.81608343124
29	7	0.499975241721	0.340944146464	-0.360634880046	0.868158725284	1.93965160847	-2.06480121613	4.96557807922
0	8	0.499242857099	0.195856457665	-0.298377051268	0.934136704807	1.13418281078	-1.71407854557	5.32639598846
1	8	0.4979560785	-0.376297574311	0.335101810829	-0.863774803954	-2.12853455544	1.91791653633	-4.95466089249
2	8	0.444089703262	0.165949715551	-0.460998131894	0.871746186856	0.865586400032	-2.34294819832	4.45901441574
3	8	0.497423037887	-0.530174860818	0.297224496466	-0.794085773489	-3.0163359642	1.70083856583	-4.55049371719
4	8	0.499234169722	0.524922735045	-0.317375415615	0.789765134579	2.98710012436	-1.80293035507	4.51763343811
5	8	0.499990273267	-0.46462327895	0.333042901809	-0.820492312098	-2.67984056473	1.89313483238	-4.68213558197
6	8	0.499984674156	0.556036653706	-0.250646434028	0.792464260925	3.17210435867	-1.4372535944	4.53362941742
7	8	0.499988399446	-0.600571877108	0.193196199044	-0.775879274824	-3.41726398468	1.12961530685	-4.44311618805
8	8	0.499962326139	0.511121371541	-0.330027395904	0.793622619075	2.93362498283	-1.88235735893	4.5325512886
9	8	0.4999916628	-0.598200847821	0.393860401685	-0.697875153341	-3.42117786407	2.23049736023	-4.00198364258
10	8	0.499987080693	0.706996659851	-0.321147863279	0.630095050663	4.01948356628	-1.84130191803	3.62542867661
11	8	0.499999262393	-0.599863094696	0.403114227676	-0.691131815985	-3.44420337677	2.29013729095	-3.94769048691
12	8	0.499999642372	0.534136619381	-0.426657753747	0.729836442639	3.06893706322	-2.41045427322	4.17917585373
13	8	0.499987341464	-0.537606181897	0.319828381419	-0.780185490524	-3.07207393646	1.82054638863	-4.46438837051
14	8	0.499976646155	0.506651246571	-0.216339334501	0.834566837764	2.90955018997	-1.2635525465	4.75757598877
15	8	0.499818913639	-0.501508735015	0.370919024237	-0.781606081196	-2.87189888954	2.11382913589	-4.46728944778
16	8	0.476119659841	0.476194907499	-0.455906317074	0.751922762073	2.62176656723	-2.49269151688	4.13215494156
17	8	0.334871836007	0.455464452677	-0.392165340317	0.799223672198	1.838316679	-1.57421708107	3.19757199287
18	8	0.417599484324	0.595984780622	-0.380796455256	0.706962658796	2.88664221764	-1.85086834431	3.44020795822
19	8	0.497117012739	-0.59175189202	0.387138341083	-0.707073972901	-3.37804317474	2.22315216064	-4.04759073257
20	8	0.479310445487	0.448129851074	-0.471988308473	0.75921451069	2.49044513702	-2.60912251472	4.1890206337
21	8	0.498799212277	-0.413407861803	0.476338991445	-0.776012309843	-2.37498021126	2.71165156364	-4.43926763535
22	8	0.499370325357	0.424835182969	-0.431847520023	0.795627291363	2.42767977715	-2.46485733986	4.54250335693
23	8	0.499976538122	-0.500656764761	0.429535042759	-0.751560011536	-2.83029818535	2.45329165459	-4.32066583633
24	8	0.499988406897	0.369687856538	-0.407423265813	0.835067165684	2.11568832397	-2.33910417557	4.76822090149
25	8	0.499987524003	-0.300994587384	0.434093160532	-0.849096806227	-1.7285066843	2.47514557838	-4.85549259186
26	8	0.499971888959	0.4656023028	-0.274748780476	0.841265477275	2.64533281326	-1.58906686306	4.81394910812
27	8	0.499246839434	-0.480759330553	0.37235444647	-0.793865626086	-2.72732973099	2.11584067345	-4.54679203033
28	8	0.499544352293	0.466530172882	-0.287297076193	0.836546464819	2.64511632919	-1.67211771011	4.78567934036
29	8	0.499329756945	-0.278716325204	0.392279549179	-0.876603653518	-1.59503173828	2.21816730499	-5.01464271545
0	9	0.498884417117	-0.1534383236	0.281095498259	-0.947334155253	-0.881374716759	1.61478257179	-5.40414094925
1	9	0.445864826441	0.181582384118	-0.396035270234	0.900102162262	0.934761166573	-2.02685594559	4.6179485321
2	9	0.234577695839	0.17683941595	-0.404427541657	0.897310528477	0.52659034729	-1.11712193489	2.51890277863
3	9	0.445398414508	0.272963506242	-0.264137897876	0.925052482384	1.40149450302	-1.36859178543	4.73592472076
4	9	0.499666236341	-0.455224867058	0.254374921623	-0.853266499789	-2.6068649292	1.47838711739	-4.87072038651
5	9	0.49995919317	0.546120591745	-0.32795883497	0.770840646203	3.11370420456	-1.8651945591	4.41655158997
6	9	0.499999478459	-0.566608083103	0.234292738986	-0.789976070917	-3.23638391495	1.34340322018	-4.51711893082
7	9	0.499995585531	0.559020248464	-0.150755324007	0.815333793051	3.19921803474	-0.87670135498	4.65614175797
8	9	0.500000037253	-0.622315146335	0.202272630715	-0.756180958175	-3.54430890083	1.15346050262	-4.33547925949
9	9	0.499997757375	0.600072679697	-0.184512125251	0.778375265998	3.43522453308	-1.07574379444	4.44193315506
10	9	0.499999575317	-0.655879933232	0.229079892713	-0.719266234394	-3.76145601273	1.3216445446	-4.09834909439
11	9	0.499999575317	0.749488560191	-0.352070241971	0.560636640671	4.26389217377	-1.99874830246	3.2445833683
12	9	0.49999986589	-0.646225212575	0.24564898232	-0.722529966242	-3.69433307648	1.43009305	-4.12370204926
13	9	0.499999582767	0.546287744921	-0.288086043552	0.786496110137	3.14306879044	-1.63881254196	4.48579931259
14	9	0.499993510544	-0.697125229218	0.228426192062	-0.679586557819	-3.94844198227	1.32345557213	-3.91971540451
15	9	0.499738842249	0.543060154932	-0.342891816269	0.766492576912	3.12152862549	-1.94698941708	4.37324237823
16	9	0.499021582305	-0.668316285646	0.348698453825	-0.657086547299	-3.79242801666	2.00208568573	-3.77863836288
17	9	0.476010084152	0.501758804279	-0.462570393697	0.730935519183	2.76098823547	-2.53277349472	4.01304912567
18	9	0.498006515205	-0.372396164869	0.546130696721	-0.750374812004	-2.15639948845	3.10531759262	-4.29271411896
19	9	0.498932674527	0.525000350307	-0.466234829179	0.712039125496	2.98913931847	-2.66343331337	4.06487178802
20	9	0.499829851091	-0.540372258317	0.523856269234	-0.65846217175	-3.07769346237	2.97293996811	-3.79101467133
21	9	0.499665252864	0.476423700883	-0.388618997716	0.788667060204	2.72680830956	-2.23788189888	4.49473667145
22	9	0.499985471368	-0.472516222202	0.419542436472	-0.775056490686	-2.6860537529	2.39039945602	-4.44527053833
23	9	0.499992463738	0.288143560161	-0.391091298863	0.874082882049	1.68243145943	-2.25074338913	4.98007106781
24	9	0.49999742955	-0.357260034084	0.41763460399	-0.835431987415	-2.03479385376	2.38538980484	-4.78026628494
25	9	0.49998581782	0.241121006704	-0.450631648742	0.859529974625	1.41164052486	-2.56026124954	4.91488218307
26	9	0.499232396483	-0.525302494972	0.212119902776	-0.824052447131	-2.95520305634	1.25054204464	-4.72480344772
27	9	0.498109199107	0.370095924765	-0.372253606166	0.851149962797	2.13762617111	-2.12536692619	4.86634588242
28	9	0.445049412549	-0.296722714813	0.523113660168	-0.798941630571	-1.52976989746	2.66169023514	-4.09877252579
29	9	0.497163705528	0.150954430104	-0.271495085775	0.950527842008	0.876879096031	-1.57068765163	5.42504453659
0	10	0.498839654028	0.157904207335	-0.339083058792	0.927409801839	0.928960800171	-1.94801950455	5.28637838364
1	10	0.498177684844	-0.317300826842	0.410949578868	-0.8546581942	-1.79787254333	2.34560680389	-4.90289115906
2	10	0.446150401607	0.222121604151	-0.302794018331	0.926810539125	1.14251637459	-1.56163716316	4.7533659935
3	10	0.498111698776	-0.415976673874	0.310280994334	-0.854803551319	-2.37261414528	1.78976964951	-4.89213371277
4	10	0.499189011753	0.46385538262	-0.449527506004	0.763389288215	2.64941310883	-2.52526950836	4.38185834885
5	10	0.499973677099	-0.558238919682	0.335246078169	-0.758933050819	-3.1862411499	1.90343213081	-4.34953355789
6	10	0.499959126115	0.564697702514	-0.263552658823	0.782084714595	3.22519016266	-1.493932724	4.4775967598
7	10	0.499991629273	-0.494825952363	0.183136640015	-0.849475278011	-2.84598588943	1.04348635674	-4.8476395607
8	10	0.499986998737	0.592917041544	-0.067977952684	0.802389169789	3.3834233284	-0.418846130371	4.58987045288
9	10	0.499997172505	-0.563053851914	0.229610234908	-0.793882547907	-3.23695206642	1.29330050945	-4.53251123428
10	10	0.499999545515	0.738115392788	-0.213158212892	0.640116585636	4.19656229019	-1.22623407841	3.68507099152
11	10	0.499998182058	-0.702825814921	0.277429722381	-0.65503329917	-4.01978683472	1.5879317522	-3.7419052124
12	10	0.499999940395	0.710254731288	-0.302957187547	0.635417311062	4.04579210281	-1.72133779526	3.65486097336
13	10	0.499998904765	-0.600381477409	0.202883309873	-0.773550544024	-3.43318557739	1.18626534939	-4.41557359695
14	10	0.499996989965	0.543152217245	-0.306318901131	0.781763646962	3.1258354187	-1.73651003838	4.4610877037
15	10	0.499987900257	-0.574040654157	0.20541109327	-0.792643431902	-3.28124332428	1.21093201637	-4.52329158783
16	10	0.49973205477	0.607828953883	-0.331483777042	0.721569448064	3.46991300583	-1.89002072811	4.12797641754
17	10	0.499852858484	-0.523187893448	0.392991299803	-0.756195918019	-2.99563574791	2.24407482147	-4.32078742981
18	10	0.499581597745	0.45449342794	-0.439391875	0.774835791729	2.60656666756	-2.50537443161	4.42338466644
19	10	0.499975584447	-0.504221061561	0.462819815728	-0.729080886629	-2.88296151161	2.62927985191	-4.17923402786
20	10	0.499976851046	0.497339653363	-0.413768545323	0.762527940533	2.84300422668	-2.37433409691	4.35461235046
21	10	0.499995134771	-0.54637756408	0.403565180716	-0.73389829158	-3.10991621017	2.29946017265	-4.21036100388
22	10	0.49999435246	0.436423287166	-0.304260327191	0.846735122525	2.50407385826	-1.77163517475	4.82572841644
23	10	0.499998606741	-0.33449530552	0.510928927553	-0.791874056637	-1.92771863937	2.8826174736	-4.5468287468
24	10	0.49999916926	0.395208741846	-0.370541656407	0.840540856375	2.24891710281	-2.14102172852	4.80081129074
25	10	0.499967716634	-0.256968302194	0.457960761199	-0.851022463199	-1.49090886116	2.59948134422	-4.86889123917
26	10	0.499531254172	0.270763198533	-0.301078921288	0.914351559017	1.57328176498	-1.74888253212	5.21224689484
27	10	0.446286994964	-0.432522878083	0.494794234566	-0.753725829049	-2.20522427559	2.52863049507	-3.88615131378
28	10	0.235656412318	-0.345782279926	0.431131773198	-0.833402669199	-0.972316026688	1.23386716843	-2.33912181854
29	10	0.444305133075	-0.210640373292	0.580290511419	-0.786697880699	-1.09340906143	2.9426612854	-4.03674936295
0	11	0.499233603477	-0.352308472566	0.310036629166	-0.8830379543	-1.99968802929	1.78753876686	-5.04041910172
1	11	0.499242160469	0.279569488206	-0.393523717525	0.875773934877	1.60447502136	-2.2375626564	5.00040245056
2	11	0.49971411936	-0.24479062262	0.301310893984	-0.9215689319	-1.41799283028	1.73286390305	-5.26205015182
3	11	0.499242004007	0.364627539558	-0.358533744636	0.8593604083	2.07949542999	-2.0349521637	4.91119718552
4	11	0.499947279692	-0.398605619243	0.233319133897	-0.886947429144	-2.29470014572	1.36081790924	-5.05888271332
5	11	0.499273478985	0.560708381443	-0.101195562078	0.82180628447	3.18768835068	-0.616463780403	4.6974902153
6	11	0.499690547585	-0.581980370446	0.108115324799	-0.805983824254	-3.31821346283	0.632030546665	-4.613717556
7	11	0.499245814979	0.498077961462	-0.187599585601	0.846595971989	2.85553979874	-1.06108677387	4.82747077942
8	11	0.49996438995	-0.56901521463	0.111174696378	-0.814777191879	-3.25092744827	0.646167159081	-4.65813922882
9	11	0.499976877123	0.563420409075	-0.124453536748	0.81674277458	3.2268383503	-0.73400592804	4.66220664978
10	11	0.499961927533	-0.631662025195	0.217968104742	-0.743971095703	-3.61634635925	1.24972057343	-4.24782276154
11	11	0.499991908669	0.659005866128	-0.276377111694	0.699519092335	3.76325583458	-1.58046746254	4.00303220749
12	11	0.499987795949	-0.648902303224	0.291888778786	-0.702656916062	-3.70290660858	1.68028330803	-4.01906442642
13	11	0.499999493361	0.571480991342	-0.309677450498	0.759940361599	3.27291512489	-1.77304291725	4.33953714371
14	11	0.499999217689	-0.612452162088	0.321794082853	-0.722046340199	-3.48872041702	1.85261917114	-4.13328838348
15	11	0.499996721745	0.537309104379	-0.395355592221	0.744978444018	3.08727478981	-2.24202060699	4.25824260712
16	11	0.499996110797	-0.616189069437	0.287986675713	-0.733058459687	-3.50928282738	1.66874349117	-4.19388866425
17	11	0.49998536706	0.584418534228	-0.309153421175	0.750252716773	3.33512949944	-1.77655112743	4.28983020782
18	11	0.499994847924	-0.549298558706	0.277677122001	-0.788141173471	-3.12944197655	1.60581457615	-4.5075378418
19	11	0.499992433935	0.534489504536	-0.249758925102	0.807428912582	3.04905700684	-1.4559327364	4.6129026413
20	11	0.499999441206	-0.375575179165	0.416219459029	-0.828072851095	-2.18840551376	2.36166954041	-4.72596645355
21	11	0.499998822808	0.560925459695	-0.357651155912	0.746624590635	3.18740606308	-2.05096721649	4.28039550781
22	11	0.499993942678	-0.507652654269	0.363210947121	-0.781259617864	-2.88847923279	2.07310247421	-4.47702407837
23	11	0.499996047467	0.399630880361	-0.330742672484	0.854929496544	2.29438495636	-1.91717326641	4.87372159958
24	11	0.499979257584	-0.457416058313	0.446597768517	-0.768973980544	-2.6045923233	2.53962469101	-4.41016674042
25	11	0.499984528869	0.418741712908	-0.400016851584	0.815255724494	2.37471103668	-2.30040574074	4.66472673416
26	11	0.499256752431	-0.264948738991	0.464598116601	-0.844956067354	-1.52174544334	2.64478850365	-4.82514572144
27	11	0.498169869184	0.319031969732	-0.510491257169	0.798509410491	1.82354235649	-2.91099452972	4.57899665833
28	11	0.445904567838	-0.430698987845	0.503465004299	-0.749013598885	-2.19080734253	2.57368969917	-3.85903954506
29	11	0.497496601194	0.479055649769	-0.325120581976	0.815354089706	2.71574258804	-1.8687210083	4.67315196991
0	12	0.499965615571	0.280188824155	-0.441601584823	0.852339288723	1.61738634109	-2.51515340805	4.87312602997
1	12	0.499978881329	-0.337433170012	0.408198984435	-0.848240794162	-1.92329382896	2.33084464073	-4.85309696198
2	12	0.49996117875	0.368840106425	-0.274978054599	0.887887405802	2.09702014923	-1.59960412979	5.07249403
3	12	0.499982547015	-0.344645671594	0.384471382863	-0.856388414687	-1.98043656349	2.18838000298	-4.89624071121
4	12	0.499216586351	0.403930614439	-0.411013576275	0.817256323828	2.30753993988	-2.32579278946	4.67467355728
5	12	0.49817789346	-0.453968345965	0.271225243717	-0.848734120931	-2.6032397747	1.54810273647	-4.85843038559
6	12	0.446967720985	0.557451479501	-0.0295517011052	0.829683400439	2.85367822647	-0.184158340096	4.27291488647
7	12	0.49830153957	-0.518710153222	0.184626886858	-0.834777029867	-2.97116279602	1.05654680729	-4.77910280228
8	12	0.499218061566	0.585413439393	-0.199840739482	0.785719278	3.33381414413	-1.14545631409	4.49009275436
9	12	0.499250616878	-0.540860911435	0.279596168597	-0.793281448786	-3.09975099564	1.57876574993	-4.52663564682
10	12	0.49969600141	0.643999749886	-0.291790242509	0.70719359197	3.66901874542	-1.66718435287	4.05675315857
11	12	0.499271005392	-0.579137027571	0.308138774782	-0.754752143933	-3.30637025833	1.77226519585	-4.30364894867
12	12	0.499977149069	0.537433134264	-0.453193863312	0.711182781324	3.07886219025	-2.56851005554	4.07641458511
13	12	0.499987833202	-0.493584171227	0.433344035702	-0.75404748699	-2.8437037468	2.46634960175	-4.30335998535
14	12	0.499999769032	0.582104569419	-0.479373652965	0.656776347857	3.3241648674	-2.71686959267	3.77640914917
15	12	0.5	-0.566126929422	0.450910914259	-0.690057712938	-3.23617172241	2.57325100899	-3.94808101654
16	12	0.499998837709	0.508016566002	-0.448126690871	0.735596110373	2.92527484894	-2.54464006424	4.20200061798
17	12	0.500000067055	-0.570962264835	0.393457099623	-0.720550902359	-3.25161552429	2.24943590164	-4.12975978851
18	12	0.499998807907	0.427631871798	-0.365034028588	0.826971063699	2.47374629974	-2.08117651939	4.71651172638
19	12	0.500000223517	-0.578400641856	0.237414282237	-0.780440360368	-3.2848277092	1.37948179245	-4.47183704376
20	12	0.499999519438	0.497608639246	-0.325642724279	0.803954263793	2.84287977219	-1.86637854576	4.59569168091
21	12	0.499993570149	-0.50886466243	0.339057763496	-0.79126265446	-2.90396618843	1.94421386719	-4.5242395401
22	12	0.499987516552	0.413287869208	-0.375277381187	0.829674649688	2.37978863716	-2.15004491806	4.73302173615
23	12	0.499605227262	-0.424854526404	0.400296700422	-0.811949002725	-2.4309694767	2.28269982338	-4.6379981041
24	12	0.499819599092	0.470097166668	-0.451369778852	0.75846817773	2.6723446846	-2.57493829727	4.34878730774
25	12	0.499461479485	-0.390286578079	0.431539699943	-0.813295686909	-2.21788883209	2.47084927559	-4.64729213715
26	12	0.499942973256	0.173593698427	-0.520649620857	0.835936122062	1.03190493584	-2.95459294319	4.78630685806
27	12	0.499249976128	-0.304353805847	0.390349634898	-0.868905014027	-1.72501051426	2.24913930893	-4.95548963547
28	12	0.499474208802	0.204814130463	-0.374286363872	0.90441190272	1.20005595684	-2.15456748009	5.15761184692
29	12	0.49930845201	-0.316433539637	0.351002004481	-0.881287358268	-1.80639529228	2.0147163868	-5.02752494812
0	13	0.499988600612	-0.342474456613	0.541264999959	-0.767947554451	-1.94947350025	3.07029104233	-4.41159772873
1	13	0.499997332692	0.321525208377	-0.473389224173	0.820075717733	1.84821009636	-2.70156598091	4.68719434738
2	13	0.499998740852	-0.350909527365	0.407331749473	-0.84317456643	-2.01337122917	2.32202100754	-4.82086896896
3	13	0.499963339418	0.395633579605	-0.3410106127	0.85275191745	2.25928020477	-1.96536779404	4.86953687668
4	13	0.499642442912	-0.422789358166	0.43491859879	-0.795044005731	-2.41187000275	2.4704246521	-4.55774211884
5	13	0.445678051561	0.39836464271	-0.25218802615	0.881876868336	2.05309438705	-1.29545021057	4.515583992
6	13	0.234588347375	0.4216648182	-0.266727630118	0.866634382208	1.20355200768	-0.725949704647	2.42733311653
7	13	0.444802183658	0.430988777304	-0.193530408575	0.881359549103	2.21768522263	-0.996933102608	4.50322628021
8	13	0.498882003129	-0.585460264425	0.294394171658	-0.755359749042	-3.33467626572	1.67237782478	-4.32220888138
9	13	0.497907299548	0.536739039536	-0.22955897893	0.81191987205	3.07785201073	-1.32841992378	4.63718128204
10	13	0.445827230811	-0.594621359288	0.345324456856	-0.726069183051	-3.04866361618	1.7803709507	-3.71955037117
11	13	0.498121708632	0.461121423924	-0.408683763331	0.787619587103	2.65644335747	-2.33677864075	4.50059270859
12	13	0.499249771237	-0.489086153123	0.427563146464	-0.760252912266	-2.80596351624	2.42859268188	-4.33760309219
13	13	0.49998921901	0.591786907332	-0.322256421605	0.738876887611	3.37018203735	-1.86370933056	4.22568655014
14	13	0.499997973442	-0.56346643185	0.332274376391	-0.756372473701	-3.23398447037	1.92216801643	-4.30558776855
15	13	0.499999925494	0.618007093968	-0.441993504806	0.650160728985	3.52165699005	-2.51862311363	3.73376178741
16	13	0.499999828637	-0.58418910018	0.375748150092	-0.71940004374	-3.33289217949	2.16265630722	-4.11087417603
17	13	0.499999970198	0.546883164937	-0.453749518621	0.703583810402	3.12036752701	-2.58425378799	4.03374528885
18	13	0.499999817461	-0.423147837114	0.43614179806	-0.794182749706	-2.43377447128	2.48368930817	-4.53838634491
19	13	0.499999258667	0.504444428803	-0.310252140297	0.805778770936	2.87595844269	-1.78859615326	4.60640478134
20	13	0.49999897927	-0.480824052571	0.372683874698	-0.793671821353	-2.74632978439	2.1324365139	-4.5382976532
21	13	0.499995198101	0.49145337978	-0.369125016593	0.788809417812	2.80009841919	-2.12278318405	4.51004266739
22	13	0.499599047005	-0.460692410968	0.469303949478	-0.753336780916	-2.62705421448	2.6590359211	-4.32029914856
23	13	0.498949449509	0.467143976205	-0.365925971529	0.804906633627	2.66050767899	-2.10530471802	4.60372638702
24	13	0.468222286552	-0.366149167997	0.448224904417	-0.815493238375	-1.98248147964	2.41465044022	-4.39989852905
25	13	0.498244609684	0.314068550675	-0.440396575333	0.841077762108	1.80405521393	-2.51816821098	4.81266736984
26	13	0.499138597399	-0.318479625432	0.408205637135	-0.855534269329	-1.8058630228	2.34522342682	-4.87992191315
27	13	0.499964531511	0.315129587885	-0.464306733594	0.827715289202	1.79582726955	-2.6419634819	4.74133872986
28	13	0.49995617941	-0.262541707099	0.488225644098	-0.832290557725	-1.50973129272	2.76909399033	-4.76831531525
29	13	0.499990526587	0.272410818053	-0.415802301237	0.867698560846	1.56920146942	-2.38189268112	4.95508575439
0	14	0.499999433756	0.336871690285	-0.463955652512	0.819306180122	1.93727612495	-2.65007305145	4.68084049225
1	14	0.499999053776	-0.404177679088	0.479064890546	-0.779190114397	-2.30807065964	2.72641801834	-4.46383666992
2	14	0.499998241663	0.418557466126	-0.417520323413	0.806527387686	2.39678478241	-2.38634395599	4.60938501358
3	14	0.499990973622	-0.419766130054	0.381431562114	-0.823593564498	-2.39570522308	2.1797618866	-4.71077680588
4	14	0.499260213226	0.382769693058	-0.442765319925	0.810830582519	2.21368741989	-2.51169085503	4.6246213913
5	14	0.497945286334	-0.567757360795	0.309193992696	-0.762922443072	-3.23008155823	1.78151345253	-4.37611436844
6	14	0.444260455668	0.439558448706	-0.166238427956	0.882696524997	2.24770140648	-0.871734380722	4.50760793686
7	14	0.497145533562	-0.568111874015	0.430824210212	-0.701170021106	-3.24617528915	2.44824433327	-4.01580476761
8	14	0.498905204237	0.60623078187	-0.389663130378	0.693287014112	3.4498052597	-2.2292509079	3.96545362473
9	14	0.445548437536	-0.545431981033	0.483765726397	-0.684452099149	-2.80088043213	2.46966958046	-3.51084256172
10	14	0.233949750662	-0.58541064699	0.437463199294	-0.682583565326	-1.62559652328	1.22708320618	-1.91789340973
11	14	0.444791384041	-0.591671413157	0.50006943319	-0.6323412851	-3.02361416817	2.54415464401	-3.25145816803
12	14	0.499639980495	0.570675919182	-0.333400324099	0.750448678563	3.25432777405	-1.92721903324	4.28866863251
13	14	0.499963842332	-0.588923812891	0.406714823974	-0.698392292748	-3.36818981171	2.31485056877	-3.9967918396
14	14	0.500000357628	0.644132791836	-0.406414105347	0.648012747912	3.66454195976	-2.32039427757	3.72503519058
15	14	0.500000245869	-0.571112664231	0.468630525027	-0.673955306952	-3.26546931267	2.66525554657	-3.86271190643
16	14	0.49999973923	0.553813489548	-0.373708292177	0.744065004655	3.15878772736	-2.15081763268	4.25254154205
17	14	0.49999986589	-0.516861472817	0.453952614622	-0.725796969955	-2.94359588623	2.59089922905	-4.16072130203
18	14	0.499999545515	0.407038538068	-0.461390906396	0.788313427529	2.33253931999	-2.6336479187	4.50639295578
19	14	0.499999672174	-0.407748128306	0.391808942225	-0.82475888395	-2.33546590805	2.25320506096	-4.70708274841
20	14	0.500000298023	0.386996980393	-0.505165971947	0.771388798177	2.21867799759	-2.86798667908	4.42045640945
21	14	0.499979633838	-0.366546428022	0.481596940345	-0.796057851638	-2.10616827011	2.74148988724	-4.55325698853
22	14	0.499808955938	0.388328669961	-0.414527242701	0.823023699018	2.22187876701	-2.37516355515	4.70135974884
23	14	0.46812332049	-0.374574201193	0.359879244407	-0.854506347107	-2.02314424515	1.94604885578	-4.60715913773
24	14	0.305858757347	-0.322230349663	0.39107234637	-0.862107894443	-1.19214379787	1.4464468956	-3.14622998238
25	14	0.418098174036	-0.344089885136	0.497018253948	-0.796602163059	-1.66942369938	2.40166759491	-3.88405275345
26	14	0.498085416853	0.271876084754	-0.456258788996	0.847296472318	1.56682348251	-2.59695339203	4.85049247742
27	14	0.499162930995	-0.293050212364	0.367167752332	-0.882785033109	-1.68000018597	2.11288881302	-5.02914237976
28	14	0.499975696206	0.375428614416	-0.356400736662	0.855588610481	2.12696385384	-2.04586911201	4.89683294296
29	14	0.499990239739	-0.337645942887	0.351564747111	-0.873153735513	-1.93703866005	2.02131891251	-4.98473024368
0	15	0.499998606741	-0.424561035254	0.460175073121	-0.779735102084	-2.43196368217	2.60761880875	-4.46933031082
1	15	0.500000283122	0.481759165791	-0.362685215697	0.797726482255	2.75343418121	-2.08469343185	4.55643033981
2	15	0.499999701977	-0.560155629969	0.399503356026	-0.725687769456	-3.17727684975	2.27028226852	-4.17727470398
3	15	0.499987941235	0.394092537172	-0.300713728364	0.868482772264	2.27899932861	-1.73584234715	4.9485206604
4	15	0.499969989061	-0.539741328564	0.385425409187	-0.748416028819	-3.06381297112	2.19655752182	-4.29923677444
5	15	0.499218560755	0.531721536442	-0.392396144967	0.750531460433	3.02589130402	-2.22660160065	4.29771518707
6	15	0.49961804226	-0.451548797509	0.369721879722	-0.812040279249	-2.60164380074	2.1049489975	-4.63654136658
7	15	0.499234616756	0.595478027173	-0.370688717932	0.712738236347	3.38426184654	-2.12290239334	4.07794475555
8	15	0.499218389392	-0.519712649797	0.443187021763	-0.730399907846	-2.97820925713	2.52501010895	-4.16467285156
9	15	0.498329482973	0.529000565277	-0.547541701175	0.648349047513	3.02873039246	-3.12170648575	3.7246723175
10	15	0.445617459714	-0.509157762302	0.547751718846	-0.663872297652	-2.61653232574	2.79381155968	-3.40918040276
11	15	0.497565381229	0.459880539128	-0.332266951288	0.823473474262	2.63616847992	-1.91186964512	4.70080804825
12	15	0.49923953414	-0.459011712681	0.358717866256	-0.812791326264	-2.64197492599	2.04398536682	-4.62941837311
13	15	0.499990016222	0.59222918113	-0.403668942337	0.697363593838	3.37472581863	-2.2927904129	4.00572633743
14	15	0.499997541308	-0.561542615013	0.354426248075	-0.747697750565	-3.20778417587	2.03854465485	-4.27101707458
15	15	0.499999992549	0.471147669581	-0.442283281102	0.763154881204	2.70660018921	-2.51447892189	4.36368465424
16	15	0.49999864772	-0.421572392972	0.398215866028	-0.81467836692	-2.42599821091	2.2760822773	-4.64999866486
17	15	0.499999742955	0.377526607216	-0.450009999535	0.809298870111	2.17048954964	-2.56825423241	4.62386894226
18	15	0.499997965991	-0.347209600889	0.503403924842	-0.791220564384	-1.99706721306	2.86236429214	-4.52801895142
19	15	0.499999038875	0.389014672697	-0.482204897312	0.784949693569	2.22079229355	-2.74433803558	4.49683666229
20	15	0.499997984618	-0.366008494521	0.463142674835	-0.807178198841	-2.09789419174	2.64868783951	-4.61130237579
21	15	0.499994367361	0.348373485595	-0.453422210067	0.820392719344	1.99755084515	-2.59564328194	4.68556690216
22	15	0.499490361661	-0.371373566448	0.427046158822	-0.824447240507	-2.1142077446	2.43235516548	-4.71517944336
23	15	0.498094648123	0.324373873073	-0.292667719668	0.899514978381	1.86494231224	-1.68609547615	5.14079761505
24	15	0.417446359992	-0.394670504556	0.444466059541	-0.804167342504	-1.90659463406	2.1434545517	-3.91703248024
25	15	0.36575704813	-0.318266533143	0.333892575161	-0.887255409751	-1.39921844006	1.4728705883	-3.88256692886
26	15	0.417395584285	-0.422434806194	0.287478301069	-0.859595870703	-2.04108738899	1.40792918205	-4.17394733429
27	15	0.498043332249	0.330835324538	-0.44500808789	0.832175335942	1.89244699478	-2.52712702751	4.77232122421
28	15	0.499476935714	-0.29083897651	0.322642970893	-0.900729816913	-1.68171739578	1.85421895981	-5.1337389946
29	15	0.499993745238	0.470495957636	-0.315647517472	0.824014683462	2.65463399887	-1.82429373264	4.72505140305
0	16	0.499999180436	0.482073646553	-0.322033117901	0.814800386766	2.74452638626	-1.8573641777	4.65979290009
1	16	0.499999616295	-0.525078941055	0.284989473615	-0.801918390854	-2.9967751503	1.63281047344	-4.5864238739
2	16	0.499999493361	0.524576073245	-0.271834357553	0.806799867026	2.99477124214	-1.5637717247	4.61200523376
3	16	0.499999057502	-0.431927333317	0.270913083936	-0.860258612097	-2.49021029472	1.55209887028	-4.90703344345
4	16	0.499987546355	0.477283916389	-0.288503782571	0.830039535564	2.72820234299	-1.65451908112	4.7435760498
5	16	0.499991055578	-0.413111482562	0.28744276983	-0.864127049136	-2.38483715057	1.65125989914	-4.92723417282
6	16	0.499962046742	0.52062497401	-0.337931894642	0.784061012308	2.96947193146	-1.93183040619	4.48666810989
7	16	0.49997638166	-0.59335090175	0.327038757753	-0.735513669703	-3.38183403015	1.87660717964	-4.2099852562
8	16	0.49996484071	0.509126004905	-0.370896397653	0.776676620826	2.91620540619	-2.13360524178	4.4306435585
9	16	0.499249815941	-0.502205685874	0.474223289576	-0.723119437368	-2.87002491951	2.70369696617	-4.12776517868
10	16	0.499679379165	0.482023634913	-0.462603352333	0.744077518673	2.76322221756	-2.64065623283	4.25289869308
11	16	0.499254181981	-0.467310356205	0.392937778124	-0.791972811091	-2.67763280869	2.235932827	-4.51869153976
12	16	0.499965719879	0.532368455943	-0.302917372627	0.790458659563	3.03978180885	-1.74268364906	4.5175204277
13	16	0.499986227602	-0.560723387475	0.246640697961	-0.790416123854	-3.21053600311	1.43815851212	-4.50747966766
14	16	0.499999474734	0.485379640521	-0.354779777111	0.799085673955	2.78688335419	-2.02349948883	4.56309175491
15	16	0.499986860901	-0.501530614899	0.326160631451	-0.801302867092	-2.86259555817	1.86818397045	-4.58233356476
16	16	0.499991584569	0.504466454639	-0.303398041822	0.808370722109	2.87108016014	-1.74571442604	4.62568759918
17	16	0.4999624677	-0.385302655143	0.379930867611	-0.840948511965	-2.20737552643	2.17180538177	-4.8052482605
18	16	0.499990891665	0.384659461749	-0.388958603654	0.837107103739	2.18575596809	-2.23598361015	4.78665781021
19	16	0.499985959381	-0.370719698505	0.373054039543	-0.85052782948	-2.12647676468	2.14464592934	-4.85385894775
20	16	0.499999463558	0.423132184683	-0.438350181899	0.792974320085	2.40278363228	-2.50204992294	4.54470920563
21	16	0.499991297722	-0.374696748879	0.503010294845	-0.778834378837	-2.13857507706	2.86344885826	-4.46196556091
22	16	0.499976731837	0.305196477559	-0.445330967019	0.841745472159	1.76671028137	-2.53435659409	4.81153392792
23	16	0.499139018357	-0.376511158915	0.243059798376	-0.893958210223	-2.13928937912	1.41096401215	-5.10023546219
24	16	0.498070210218	0.350349736332	-0.289599727374	0.890722774019	2.00982928276	-1.66298532486	5.09106397629
25	16	0.417793644592	-0.239494471549	0.365057930001	-0.899652769595	-1.17464971542	1.77357745171	-4.36869764328
26	16	0.306418009102	-0.344067013137	0.360000805473	-0.867189316429	-1.26147520542	1.31838703156	-3.18258190155
27	16	0.468212902546	-0.434848770607	0.315774965135	-0.843322428313	-2.3344540596	1.71261668205	-4.55398225784
28	16	0.499781057239	0.313283499178	-0.324680996051	0.8924324624	1.79402852058	-1.86068964005	5.09856319427
29	16	0.499979116023	-0.235065712194	0.398670684728	-0.886456877738	-1.38964962959	2.27087020874	-5.06107234955
0	17	0.499998547137	-0.531223019066	0.382755378283	-0.755844179981	-3.01968884468	2.17863512039	-4.33917045593
1	17	0.499999877065	0.540167846749	-0.203553486036	0.816568843185	3.0731511116	-1.19921541214	4.67095518112
2	17	0.500000320375	-0.509492728703	0.2795117016	-0.813812243744	-2.92056727409	1.58898663521	-4.65037345886
3	17	0.499999493361	0.628152023485	-0.242220892278	0.739428207966	3.55202937126	-1.39408826828	4.25967741013
4	17	0.499999754131	-0.501846986398	0.286374554588	-0.816173521212	-2.87449455261	1.63165163994	-4.66456890106
5	17	0.499997437	0.451421581851	-0.228551837771	0.862544267206	2.59137868881	-1.32862639427	4.92010736465
6	17	0.499999053776	-0.495158564237	0.364084662805	-0.788834808165	-2.84761142731	2.06871056557	-4.50594043732
7	17	0.499997407198	0.606412946417	-0.31091366541	0.731844266958	3.44759893417	-1.79747235775	4.1919760704
8	17	0.499986588955	-0.482068449361	0.430988956397	-0.762796519128	-2.77076816559	2.45499825478	-4.3566827774
9	17	0.499991573393	0.528179046198	-0.464177533519	0.711031724	3.01194143295	-2.64542841911	4.07608032227
10	17	0.499961897731	-0.544609682064	0.397016592757	-0.738767973912	-3.10706090927	2.27761793137	-4.22332525253
11	17	0.499989807606	0.539170535398	-0.363675948536	0.759628157861	3.07923817635	-2.0792183876	4.34493160248
12	17	0.499987304211	-0.557405828114	0.371933297926	-0.742269738491	-3.1940870285	2.11383843422	-4.24432373047
13	17	0.499999076128	0.690426997178	-0.329989807496	0.643752505638	3.91762161255	-1.88554477692	3.71499490738
14	17	0.499986223876	-0.481289645631	0.408831523514	-0.775381881649	-2.77305984497	2.30873179436	-4.43619203568
15	17	0.499975953251	0.46272757273	-0.248604789314	0.850928229738	2.65566587448	-1.43808174133	4.85469865799
16	17	0.499257627875	-0.508688572249	0.261625724977	-0.820236500342	-2.88955116272	1.49602222443	-4.69085741043
17	17	0.499670054764	0.346680480025	-0.360651903136	0.865876925166	1.98911738396	-2.05970907211	4.95027160645
18	17	0.49919705838	-0.197350928724	0.480890626771	-0.854281461824	-1.17224729061	2.72129154205	-4.88058996201
19	17	0.499976307154	0.414815681745	-0.349330399907	0.840176304045	2.34977078438	-2.01165294647	4.80887842178
20	17	0.499987579882	-0.317628823384	0.330438144395	-0.888775879108	-1.83024394512	1.91854906082	-5.06591558456
21	17	0.499999191612	0.36187880709	-0.50303003752	0.784859548156	2.06648421288	-2.85527467728	4.50195789337
22	17	0.499988932163	-0.427701057503	0.411854325133	-0.804641423418	-2.42020845413	2.35346412659	-4.61465024948
23	17	0.499963194132	0.35427771222	-0.289799630767	0.889102624353	2.03063440323	-1.67070627213	5.07683372498
24	17	0.499116890132	-0.441205790779	0.321255710283	-0.837933302115	-2.49645376205	1.83688938618	-4.79306602478
25	17	0.49742398411	0.334536429801	-0.393465529244	0.856312007643	1.91862225533	-2.23995471001	4.89429950714
26	17	0.467948228121	-0.236895077695	0.421970758331	-0.875112222105	-1.29720401764	2.27062726021	-4.72302722931
27	17	0.498146511614	0.455118655009	-0.375990100342	0.807154541775	2.58252191544	-2.14304018021	4.6196937561
28	17	0.499596431851	-0.331734526164	0.311822789324	-0.890347545742	-1.90182137489	1.80314874649	-5.07690048218
29	17	0.49998266995	0.343955640633	-0.460671847607	0.818215109919	1.97050762177	-2.61354827881	4.68828296661
0	18	0.499997615814	0.499145453569	-0.36681187851	0.785049592042	2.82689237595	-2.09784722328	4.50589370728
1	18	0.500000014901	-0.316420751427	0.394224962323	-0.862823612999	-1.85359990597	2.22943019867	-4.92961883545
2	18	0.499999735504	0.496452859276	-0.236698644894	0.83516962949	2.81413459778	-1.3757288456	4.78361988068
3	18	0.499999016523	-0.39686539289	0.245793144176	-0.884354900593	-2.30169487	1.41082942486	-5.04063940048
4	18	0.499999694526	0.549094081835	-0.28838071008	0.784431166737	3.11868524551	-1.64895486832	4.49908733368
5	18	0.499998055398	-0.519792171105	0.297966489092	-0.800644784056	-2.97152209282	1.70500516891	-4.577439785
6	18	0.499999523163	0.647048364355	-0.357892913074	0.67323181517	3.66896939278	-2.04699993134	3.87886428833
7	18	0.499999664724	-0.534626002401	0.416175839054	-0.73550846939	-3.07009506226	2.36754918098	-4.20172452927
8	18	0.499999843538	0.502553943068	-0.428352062133	0.750968737813	2.87430119514	-2.44345188141	4.29524707794
9	18	0.499998062849	-0.453077810327	0.430053489166	-0.78088058898	-2.61310625076	2.45264339447	-4.45479345322
10	18	0.500000014901	0.538654614651	-0.427709521378	0.725889641362	3.07684421539	-2.4292948246	4.16152763367
11	18	0.499997679144	-0.528823890172	0.290234077824	-0.797564714147	-3.03616261482	1.67431235313	-4.54607868195
12	18	0.499999731779	0.579210803756	-0.296775412378	0.759235931329	3.31684970856	-1.70460319519	4.33343935013
13	18	0.499997526407	-0.652541802843	0.247482666062	-0.71619936159	-3.71530652046	1.43010401726	-4.10355091095
14	18	0.499987050891	0.571668909299	-0.239187457001	0.784846493624	3.25892758369	-1.3799393177	4.49058389664
15	18	0.499222222716	-0.496710243468	0.258297241848	-0.82859004875	-2.83329987526	1.46197497845	-4.73479175568
16	18	0.497925382107	0.482507043672	-0.145947285766	0.863647116932	2.75900793076	-0.854625344276	4.94007730484
17	18	0.445366414264	-0.373629218718	0.234681082967	-0.897399574447	-1.91088700294	1.20784687996	-4.59692144394
18	18	0.497976806015	0.316711443426	-0.407056465962	0.856737354807	1.81319761276	-2.3286857605	4.90286111832
19	18	0.499247502536	-0.412845427113	0.404370460722	-0.8161146879	-2.3370308876	2.31006193161	-4.6678647995
20	18	0.499987207353	0.272175767182	-0.457011284869	0.84679456615	1.57529675961	-2.59970808029	4.84227275848
21	18	0.499997932464	-0.2817637043	0.434463572243	-0.855482682076	-1.62229800224	2.48370051384	-4.88695716858
22	18	0.499997708946	0.286875125848	-0.376986685907	0.880672300472	1.65935397148	-2.16720342636	5.02413320541
23	18	0.499981079251	-0.251250948797	0.3721075372	-0.893537319583	-1.46628904343	2.12386274338	-5.10187005997
24	18	0.499225914478	0.378965103401	-0.356695295515	0.8539050981	2.16493797302	-2.03525686264	4.87425327301
25	18	0.497780714184	-0.385558486378	0.33976041887	-0.857850518069	-2.19831037521	1.9484910965	-4.9077205658
26	18	0.445578653365	0.332424486526	-0.354428192048	0.873999209061	1.70186769962	-1.81653177738	4.48219776154
27	18	0.49763790518	-0.475972636876	0.374254402343	-0.795854064055	-2.70280408859	2.1410317421	-4.56292247772
28	18	0.499281875789	0.292015119277	-0.410988770049	0.863606045027	1.69395554066	-2.33163404465	4.92897462845
29	18	0.49998479709	-0.296215955871	0.42767708807	-0.854018978611	-1.72723889351	2.43671441078	-4.87610673904
0	19	0.499999690801	-0.391498900468	0.257036111077	-0.88355025241	-2.25741243362	1.49697852135	-5.03543663025
1	19	0.499999918044	0.381593129835	-0.340412309254	0.859363801292	2.17287063599	-1.95173084736	4.91440105438
2	19	0.499993633479	-0.331390478833	0.367077113732	-0.869157490397	-1.91533076763	2.08106040955	-4.96881866455
3	19	0.499995168298	0.406942665447	-0.264752533376	0.874244681488	2.32666778564	-1.52367782593	4.99484539032
4	19	0.499980688095	-0.444586184048	0.324365753827	-0.834943101473	-2.54843235016	1.84592103958	-4.77284908295
5	19	0.499994300306	0.417930454833	-0.319388383198	0.850485270655	2.41429328918	-1.82518708706	4.85065984726
6	19	0.499991759658	-0.533247070758	0.354027911501	-0.768317512105	-3.05630636215	2.02535748482	-4.38683843613
7	19	0.49999935925	0.601218341134	-0.380058725633	0.702916688772	3.42623710632	-2.16941142082	4.02973842621
8	19	0.500000081956	-0.531600748384	0.368742327498	-0.762515403273	-3.04844331741	2.10329627991	-4.3552570343
9	19	0.499999783933	0.574422542326	-0.302802839272	0.760492724092	3.27533698082	-1.75084781647	4.3467040062
10	19	0.500000275671	-0.561070981375	0.342369393365	-0.753646171851	-3.21051311493	1.96057581902	-4.30494070053
11	19	0.499999813735	0.636290701356	-0.281910472695	0.718095139068	3.62668132782	-1.62722873688	4.10920190811
12	19	0.499999530613	-0.649921595643	0.391293748832	-0.651529831736	-3.70245409012	2.20969295502	-3.75598096848
13	19	0.499999508262	0.530043447192	-0.334015457532	0.779414920449	3.04582738876	-1.90062654018	4.44980478287
14	19	0.499957680702	-0.490612590216	0.227801476972	-0.841074178304	-2.81745243073	1.29859352112	-4.80226707458
15	19	0.49958852306	0.419373459554	-0.187918421036	0.888151208104	2.40780758858	-1.08219516277	5.07147264481
16	19	0.445272799581	-0.241609773348	0.174147082693	-0.954619039729	-1.2638181448	0.90581715107	-4.88092947006
17	19	0.233924766071	-0.378903616806	0.271151257709	-0.884821476126	-1.05536103249	0.756580710411	-2.4773170948
18	19	0.445507641882	-0.369667645474	0.233543866878	-0.899334806473	-1.89650940895	1.21332883835	-4.60365438461
19	19	0.499643579125	0.352220253937	-0.411056154836	0.840817298994	2.02548003197	-2.34223747253	4.80668497086
20	19	0.499961081892	-0.35194107513	0.444086160231	-0.823969029714	-2.01122879982	2.52618861198	-4.71732950211
21	19	0.499999366701	0.354016554049	-0.402316500409	0.844282957875	2.02619838715	-2.30266284943	4.82474803925
22	19	0.499999679625	-0.460560448524	0.460890524814	-0.758593433528	-2.60969543457	2.6121981144	-4.36644172668
23	19	0.499962862581	0.401248581754	-0.385275792108	0.831000685713	2.29658555984	-2.20642280579	4.74760532379
24	19	0.499672174454	-0.45523503067	0.373824147126	-0.808094409012	-2.59524941444	2.13745331764	-4.62529659271
25	19	0.445363603532	0.319488340561	-0.403599949922	0.857341402633	1.64670491219	-2.05760574341	4.39309501648
26	19	0.233096572571	0.313830447117	-0.308696406618	0.897895862004	0.890944123268	-0.880861401558	2.49044632912
27	19	0.445221420377	0.296690848418	-0.317883560296	0.900513510481	1.53102779388	-1.62978649139	4.60730981827
28	19	0.499677229673	-0.428530565973	0.276069151679	-0.860318183882	-2.43745303154	1.60156202316	-4.91918134689
29	19	0.499959558249	0.53785678476	-0.334749048845	0.773726795054	3.0388147831	-1.92322587967	4.44593906403
0	20	0.499997716397	0.452081622356	-0.361716198549	0.815342626406	2.56515979767	-2.08602643013	4.66515016556
1	20	0.49999352172	-0.312400547336	0.436478987761	-0.843736920649	-1.80467069149	2.47599649429	-4.82691717148
2	20	0.499987866729	0.351980222447	-0.333672991492	0.87451258296	2.01309871674	-1.91953158379	4.9949965477
3	20	0.499594695866	-0.427971942117	0.273946521476	-0.861274242115	-2.44557619095	1.57484269142	-4.91645145416
4	20	0.499813705683	0.502025054127	-0.295630290954	0.812756775486	2.85842037201	-1.69083309174	4.65312480927
5	20	0.499482352287	-0.520606588643	0.275047947385	-0.808280524633	-2.97556066513	1.58421778679	-4.61049747467
6	20	0.499974511564	0.571322339763	-0.378297374214	0.728341870793	3.26898384094	-2.1466691494	4.17058467865
7	20	0.499989658594	-0.626102484906	0.329621744263	-0.706643604728	-3.57235336304	1.88815116882	-4.04412651062
8	20	0.499999538064	0.583139968493	-0.273615844294	0.764906626261	3.33841538429	-1.58289670944	4.36297607422
9	20	0.499999560416	-0.599836871574	0.359371496652	-0.714876111571	-3.42856621742	2.04880738258	-4.09061098099
10	20	0.49999986589	0.535117474593	-0.401025359293	0.743524007406	3.07741355896	-2.27797865868	4.24573945999
11	20	0.499998159707	-0.630706343723	0.334277239523	-0.700334373799	-3.59948372841	1.90195393562	-4.01397418976
12	20	0.499999731779	0.60578488894	-0.198126210315	0.770565164745	3.46332883835	-1.17081236839	4.39662647247
13	20	0.499996304512	-0.536589266955	0.347345383044	-0.769040404314	-3.07947063446	1.95468127728	-4.40358877182
14	20	0.499972566962	0.608512799226	-0.0613766631397	0.791166909318	3.46245908737	-0.404764026403	4.53411054611
15	20	0.49921964854	-0.509418766278	0.195550506078	-0.838005083598	-2.90730810165	1.10326862335	-4.78702068329
16	20	0.497910212725	0.441420390019	-0.135013080824	0.887084836575	2.53390359879	-0.785525560379	5.07036209106
17	20	0.445755332708	-0.3826955207	0.400173048092	-0.832709835427	-1.95865488052	2.03050231934	-4.28179645538
18	20	0.498289179057	0.452146569986	-0.333441942525	0.827272597283	2.58478212357	-1.90923678875	4.73888492584
19	20	0.499243881553	-0.453128721963	0.385081449315	-0.803981740294	-2.57245111465	2.18983340263	-4.60139226913
20	20	0.499992027879	0.402751140724	-0.316079786706	0.859002378973	2.29684400558	-1.81847381592	4.9096827507
21	20	0.499997369945	-0.351747544734	0.317547787308	-0.880589045781	-2.02129936218	1.81552970409	-5.03008747101
22	20	0.499997377396	0.411060724852	-0.291736283668	0.863666035731	2.3545794487	-1.68586325645	4.92990398407
23	20	0.499991510063	-0.46827428243	0.40173966727	-0.78697168701	-2.67768764496	2.2817800045	-4.50681400299
24	20	0.499230273068	0.562434095025	-0.352577963112	0.747901510014	3.1946310997	-2.01322793961	4.28095197678
25	20	0.497948110104	-0.516637020766	0.277061649201	-0.810137661954	-2.94985151291	1.60189139843	-4.63475131989
26	20	0.445657409728	0.379851055071	-0.376168252641	0.845109828168	1.94258451462	-1.92351746559	4.33592128754
27	20	0.498221673071	-0.328077540773	0.467099393042	-0.821086648448	-1.89481568336	2.65708446503	-4.70513677597
28	20	0.499255262315	0.335906337656	-0.364785778328	0.868388316511	1.93777418137	-2.09751319885	4.94358921051
29	20	0.499989725649	-0.434903396585	0.481084877842	-0.761194046187	-2.48401236534	2.72571468353	-4.36957645416
0	21	0.499998897314	-0.333063674754	0.537135420131	-0.774954275425	-1.92637944221	3.04416894913	-4.44056510925
1	21	0.499995410442	0.343510189404	-0.388493691758	0.85502830435	1.9696893692	-2.24357509613	4.87613868713
2	21	0.499610308558	-0.31833742028	0.445990874333	-0.836512657921	-1.84055376053	2.53124475479	-4.77970743179
3	21	0.498971808702	0.468925921211	-0.335200593757	0.817159129155	2.66399502754	-1.91857230663	4.68316602707
4	21	0.468134373426	-0.424527234448	0.326722447832	-0.844410486253	-2.30172848701	1.75459349155	-4.55342721939
5	21	0.498024702072	0.605473731522	-0.303848654353	0.735579741214	3.45281195641	-1.73364830017	4.22110176086
6	21	0.499141581357	-0.633743305614	0.294681279139	-0.715214909181	-3.61230707169	1.68660521507	-4.08414745331
7	21	0.499974302948	0.64453038968	-0.344450676282	0.682593809222	3.67864513397	-1.9587174654	3.91354894638
8	21	0.499989368021	-0.627273256302	0.309152194465	-0.714809892619	-3.58675503731	1.77205729485	-4.08378362656
9	21	0.499998949468	0.688624295029	-0.362503159777	0.628003216112	3.91640138626	-2.06720733643	3.6165137291
10	21	0.499991305172	-0.60405125897	0.349270899244	-0.716332266115	-3.45823049545	1.9940059185	-4.09245824814
11	21	0.499993808568	0.640291346491	-0.296134921194	0.708753201092	3.65262436867	-1.69333910942	4.05896091461
12	21	0.49998178333	-0.56754114456	0.302349038771	-0.765821198443	-3.25712919235	1.71298789978	-4.37508392334
13	21	0.499982796609	0.54248394536	-0.275814201694	0.793497129907	3.10254430771	-1.58062553406	4.53361654282
14	21	0.499955400825	-0.567949938765	0.292565556479	-0.769310250952	-3.2432448864	1.64236235619	-4.41335248947
15	21	0.499220766127	0.54044004343	-0.176143174935	0.822738197352	3.08462953568	-1.00639796257	4.69661808014
16	21	0.498886689544	-0.540597710958	0.177005987259	-0.822449387733	-3.06198120117	1.02057361603	-4.71018743515
17	21	0.498961929232	0.340457914981	-0.339205440886	0.876942459344	1.97504162788	-1.91707324982	5.00371551514
18	21	0.499221034348	-0.44417641072	0.30155327095	-0.843666368264	-2.52028632164	1.7270257473	-4.82201433182
19	21	0.49996580556	0.382676267387	-0.347581218595	0.856005940902	2.18888044357	-1.98311591148	4.89512252808
20	21	0.499986801296	-0.363396621435	0.285869179688	-0.886691438796	-2.07660627365	1.64456677437	-5.06621551514
21	21	0.499999877065	0.388424122852	-0.238738644788	0.890017168526	2.22133350372	-1.38252079487	5.08319711685
22	21	0.499999221414	-0.420361700264	0.251953650376	-0.871673906351	-2.40613818169	1.45602834225	-4.97758626938
23	21	0.499986961484	0.496387922824	-0.334598400974	0.801026179435	2.83591294289	-1.91377067566	4.58029556274
24	21	0.499970555305	-0.567565614229	0.366898496345	-0.737058184219	-3.23065471649	2.0907523632	-4.22841310501
25	21	0.499265160412	0.462628690838	-0.391860162985	0.795248581941	2.64692258835	-2.2231771946	4.54325056076
26	21	0.499709602445	-0.426628044177	0.382770430591	-0.819435970279	-2.44901227951	2.18987226486	-4.68026590347
27	21	0.499255768955	0.553818046896	-0.360842126334	0.750385588078	3.12642788887	-2.07998323441	4.30115032196
28	21	0.49997407943	-0.430855193475	0.45404475635	-0.779876375771	-2.46375370026	2.58171343803	-4.4670419693
29	21	0.499987710267	0.363061497587	-0.457287622003	0.811833960692	2.09267783165	-2.61895227432	4.63092470169
0	22	0.49999986589	0.484102316059	-0.493049107878	0.722874487589	2.75149917603	-2.81617474556	4.14546871185
1	22	0.499980084598	-0.460094686551	0.481594674208	-0.745908472389	-2.62211322784	2.75027942657	-4.27139949799
2	22	0.49982431531	0.426088523296	-0.454407195491	0.782280429898	2.42798829079	-2.59291887283	4.47955369949
3	22	0.468350064009	-0.381742066645	0.342219802732	-0.858579408775	-2.06686353683	1.84709477425	-4.63153266907
4	22	0.305639871396	-0.378427891037	0.122506782541	-0.917488103202	-1.39542138577	0.470369040966	-3.34894108772
5	22	0.417098512873	-0.463576889207	0.116939223397	-0.878306145842	-2.25264954567	0.572667479515	-4.2599439621
6	22	0.498115666211	0.640945080771	-0.22982020529	0.732374273631	3.65880846977	-1.31733119488	4.19652462006
7	22	0.499147132039	-0.594481155341	0.278949647644	-0.754174548777	-3.40742588043	1.59636592865	-4.29162168503
8	22	0.499976269901	0.606418802035	-0.323359773933	0.726425972236	3.46956205368	-1.8423961401	4.15341091156
9	22	0.499980434775	-0.588885906147	0.344676767562	-0.731034414679	-3.37812638283	1.96433579922	-4.17267560959
10	22	0.499966077507	0.621657890306	-0.302070255328	0.722699818919	3.55191278458	-1.7223225832	4.13544178009
11	22	0.499480381608	-0.630848248773	0.207126213705	-0.747749435717	-3.60363864899	1.19517469406	-4.26634931564
12	22	0.499822214246	0.666810158928	-0.180660507015	0.722997920575	3.79640436172	-1.04597878456	4.14545249939
13	22	0.4995922409	-0.499190514376	0.262199377712	-0.825869430773	-2.86894869804	1.48254799843	-4.71286582947
14	22	0.499243076891	0.494612586605	-0.166627390382	0.852991032747	2.83335375786	-0.954034090042	4.86348009109
15	22	0.498134307563	-0.534841249215	0.0699686581279	-0.84205060716	-3.05655622482	0.419057846069	-4.82188796997
16	22	0.445546161383	0.376171404648	-0.214548908738	0.901367760731	1.94876551628	-1.09017145634	4.61278533936
17	22	0.498290903866	-0.457547279948	0.193893185392	-0.867787946027	-2.60534000397	1.12631201744	-4.9732298851
18	22	0.499233976007	0.346762315643	-0.272912963927	0.897370832248	1.99605870247	-1.561876297	5.11519479752
19	22	0.499978709966	-0.287370765605	0.352729222272	-0.890505552387	-1.66053843498	2.00906062126	-5.08845710754
20	22	0.499997641891	0.250800336426	-0.383508078703	0.888831111527	1.462931633	-2.17711734772	5.08049488068
21	22	0.499999821186	-0.424759417493	0.349911398499	-0.834949968831	-2.41978812218	1.99004793167	-4.78277921677
22	22	0.499999910593	0.418141058048	-0.35823217323	0.834762101223	2.39639353752	-2.03827762604	4.773478508
23	22	0.499998737127	-0.498118798223	0.329474278446	-0.802075035579	-2.84134817123	1.88462805748	-4.58885145187
24	22	0.499987415969	0.533373830449	-0.280509295983	0.798014343142	3.04024553299	-1.61653339863	4.56380653381
25	22	0.499988436699	-0.40522348895	0.326833564818	-0.853799592944	-2.34004354477	1.87649738789	-4.86753511429
26	22	0.499961499125	0.446794422388	-0.419203228275	0.790343847655	2.54900169373	-2.38326978683	4.52785158157
27	22	0.499988585711	-0.459110886294	0.421957262119	-0.781773153179	-2.63333415985	2.40201663971	-4.46974802017
28	22	0.499987408519	0.464883203006	-0.384151070523	0.797691395578	2.65497255325	-2.20980143547	4.55505609512
29	22	0.499998852611	-0.498988347076	0.444480469818	-0.743940684083	-2.83597874641	2.53960299492	-4.26558303833
0	23	0.499997351319	-0.391152892119	0.472218891266	-0.789942234419	-2.25556993484	2.69650959969	-4.5087184906
1	23	0.499990835786	0.471096123803	-0.534509225272	0.701689625288	2.68092918396	-3.04202914238	4.03057670593
2	23	0.499451972544	-0.402676035966	0.462766450657	-0.789746302432	-2.31050729752	2.64151072502	-4.50540161133
3	23	0.498131647706	0.401489237039	-0.37612934792	0.835064731728	2.30221056938	-2.15659022331	4.77517366409
4	23	0.417014112696	-0.348932890478	0.134871040044	-0.927391848412	-1.70526909828	0.660717964172	-4.4942779541
5	23	0.364233218133	-0.529963898411	0.0939378020099	-0.842801255181	-2.31221532822	0.42129483819	-3.67665433884
6	23	0.416950937361	-0.650426650336	0.150909468244	-0.744426964132	-3.1552054882	0.737364292145	-3.6067943573
7	23	0.498139128089	0.693978131582	-0.279183815879	0.663664636572	3.95954489708	-1.59319376945	3.81255555153
8	23	0.499473340809	-0.636461403904	0.260859539418	-0.72585754941	-3.64576244354	1.48802852631	-4.13728046417
9	23	0.499959878623	0.608993319639	-0.308318028974	0.730798966641	3.49120950699	-1.74791371822	4.17670345306
10	23	0.499119982123	-0.617921376324	0.22787964087	-0.752491888301	-3.53080940247	1.30711364746	-4.28927373886
11	23	0.497260004282	0.6165381605	-0.223820016198	0.754841239597	3.53226900101	-1.27132356167	4.30872058868
12	23	0.468290701509	-0.699200541355	0.143341886277	-0.700408242818	-3.77026677132	0.770538032055	-3.78587770462
13	23	0.498762764037	0.528657791393	-0.182697593511	0.828940606392	3.03524422646	-1.03172707558	4.73481082916
14	23	0.499318324029	-0.499367533178	0.0905385585644	-0.861646584291	-2.86357593536	0.528844535351	-4.91638088226
15	23	0.445613391697	0.489369798714	-0.136797439977	0.861280245055	2.5040204525	-0.7004737854	4.4164481163
16	23	0.232926380821	0.469980078406	-0.130634996804	0.87295659887	1.30397891998	-0.387171685696	2.43074607849
17	23	0.445682991296	0.47900261233	-0.266479600653	0.836388139453	2.44897675514	-1.3552685976	4.29455184937
18	23	0.499708209187	-0.441279027282	0.293781392169	-0.847918223472	-2.51248335838	1.67736160755	-4.85492753983
19	23	0.499961830676	0.409166343697	-0.292005921862	0.864474085663	2.33471179008	-1.67982172966	4.94064760208
20	23	0.499999176711	-0.333386694791	0.304984124392	-0.892097525838	-1.92698192596	1.74740624428	-5.09175539017
21	23	0.499999690801	0.493683055972	-0.247543152167	0.833666257	2.80515646935	-1.43945467472	4.7698469162
22	23	0.499999608845	-0.410858129642	0.356740352429	-0.839006506683	-2.36016559601	2.0321764946	-4.79408502579
23	23	0.499999228865	0.444895448134	-0.361751825365	0.819270197844	2.54847574234	-2.06135725975	4.68398952484
24	23	0.499989770353	-0.52214516661	0.279400727726	-0.805791324309	-2.97622966766	1.60592699051	-4.60923099518
25	23	0.499988202006	0.520908692228	-0.331175507238	0.786750861307	2.95854234695	-1.88442587852	4.51507520676
26	23	0.499961003661	-0.383460719512	0.345658115019	-0.856433502446	-2.21711158752	1.97348666191	-4.8864159584
27	23	0.499990604818	0.524026062255	-0.355423015983	0.773996877117	2.97310113907	-2.04069232941	4.43680906296
28	23	0.499984007329	-0.424690910456	0.433370347841	-0.794875947673	-2.44131469727	2.46428751945	-4.54413509369
29	23	0.499996714294	0.42451343445	-0.399067631237	0.812732040509	2.43628358841	-2.287296772	4.63876676559
0	24	0.49996150285	0.466547028273	-0.406556726177	0.785522436859	2.66619110107	-2.33100795746	4.4875831604
1	24	0.499977618456	-0.41803515018	0.51230377842	-0.750194276059	-2.40879034996	2.9121286869	-4.29015779495
2	24	0.499950192869	0.472672229206	-0.46021205372	0.751522341217	2.70001769066	-2.63045692444	4.29796934128
3	24	0.499098524451	-0.461693019094	0.431986774805	-0.774743171969	-2.64087772369	2.46549105644	-4.4187335968
4	24	0.496967688203	0.520619256847	-0.357600432338	0.775291893542	2.96698713303	-2.03533625603	4.43284511566
5	24	0.414622742683	-0.571989775213	0.113371867631	-0.812388156414	-2.76955127716	0.563306748867	-3.91956853867
6	24	0.309294525534	-0.693045092981	0.240835854199	-0.679475231651	-2.54427957535	0.891222953796	-2.53127503395
7	24	0.468174010515	-0.638301658785	0.215591419389	-0.738979926844	-3.44881224632	1.17542207241	-3.98209357262
8	24	0.499751612544	0.778363699265	-0.089575214788	0.621390563625	4.42578220367	-0.552379488945	3.57919645309
9	24	0.49914111197	-0.71157785919	0.171132277643	-0.681447498975	-4.05492067337	0.986235260963	-3.89402794838
10	24	0.497563555837	0.687059722264	-0.173898312099	0.705484454181	3.93534851074	-0.993517041206	4.02522420883
11	24	0.416143164039	-0.89702170926	-0.0782079998558	-0.435012139916	-4.32993841171	-0.357735335827	-2.14281105995
12	24	0.307814840227	-0.740220306217	-0.0265372169965	-0.671840512606	-2.73314619064	-0.0887953490019	-2.4684305191
13	24	0.468079403043	-0.676128777063	-0.0591465462437	-0.734405584738	-3.6418390274	-0.295305967331	-3.97152686119
14	24	0.499038890004	0.622955563573	-0.0513440912055	0.780570400484	3.5479259491	-0.302409887314	4.46167230606
15	24	0.498170029372	-0.555023341769	0.107139235673	-0.824906221501	-3.18297290802	0.611371517181	-4.7184510231
16	24	0.44521016255	0.449036088132	-0.186559159132	0.873820503135	2.30017948151	-0.953196823597	4.47457170486
17	24	0.497965123504	-0.27815240957	0.319890851654	-0.905704742219	-1.62080311775	1.8212031126	-5.17831850052
18	24	0.499257005751	0.373029655497	-0.294929212734	0.879696331467	2.14686608315	-1.68826150894	5.01349925995
19	24	0.499990791082	-0.499488244015	0.373132116876	-0.781846479461	-2.84324717522	2.12003326416	-4.48457336426
20	24	0.499995421618	0.471466267084	-0.327429816021	0.818846307058	2.69665813446	-1.87954926491	4.67795276642
21	24	0.499999806285	-0.526303127396	0.329925204077	-0.783680022591	-2.99694085121	1.88466739655	-4.48884820938
22	24	0.499999277294	0.451795621719	-0.340663298	0.824517576278	2.57953000069	-1.95313811302	4.71316337585
23	24	0.499990087003	-0.417915752454	0.380831076279	-0.824811563444	-2.39647436142	2.17466330528	-4.71310091019
24	24	0.499977644533	0.464752212835	-0.267765434598	0.843982850951	2.6614074707	-1.53958320618	4.82006788254
25	24	0.499333463609	-0.445045366717	0.216078591049	-0.869048136787	-2.55237054825	1.25817108154	-4.95052242279
26	24	0.499742563814	0.412622967408	-0.22302351058	0.8831776721	2.36587452888	-1.2940955162	5.0421833992
27	24	0.499267842621	-0.459532681595	0.35183249572	-0.815502059777	-2.61698484421	2.00491714478	-4.66087627411
28	24	0.499965265393	0.485985615715	-0.385747518268	0.784230089622	2.7681491375	-2.20115995407	4.49182033539
29	24	0.499974031001	-0.51098631209	0.327912167498	-0.794585803588	-2.9154214859	1.8858499527	-4.54179811478
0	25	0.499656870961	-0.506709342412	0.420525931575	-0.752597889437	-2.91010189056	2.38935160637	-4.3033823967
1	25	0.499250560999	0.540563429709	-0.378873049033	0.751163358516	3.07646012306	-2.17847037315	4.28684329987
2	25	0.49995303899	-0.560496887658	0.422732907591	-0.712137716854	-3.19442558289	2.42703938484	-4.07322788239
3	25	0.499235987663	0.525975507442	-0.526560330561	0.66789518927	3.00010514259	-2.99036216736	3.82794547081
4	25	0.496823728085	-0.517207698849	0.403767834594	-0.754630858101	-2.958786726	2.31667709351	-4.29947757721
5	25	0.441895172	0.617164305674	-0.538402073004	0.573786918278	3.15802717209	-2.74822044373	2.94094371796
6	25	0.467818558216	-0.303903598751	0.658130431308	-0.688844639997	-1.66878581047	3.55490326881	-3.74396705627
7	25	0.498271845281	0.487348700997	-0.472998881882	0.734004973672	2.80153822899	-2.68601942062	4.19219207764
8	25	0.499092377722	-0.667007725296	0.300056678349	-0.681957978305	-3.80489349365	1.71302938461	-3.89555978775
9	25	0.498192287982	0.667842092373	-0.237537532054	0.705381358218	3.82880401611	-1.35897183418	4.0309510231
10	25	0.417668297887	-0.791321318797	0.24359955088	-0.56077609545	-3.83879566193	1.17625904083	-2.73547887802
11	25	0.36619734019	-0.809536670295	0.109479288563	-0.57677089457	-3.552090168	0.4777315557	-2.52896261215
12	25	0.418550796807	-0.736308455995	0.0109725710916	-0.676557063605	-3.58376598358	0.0549231097102	-3.29452705383
13	25	0.498100496829	0.602351754542	-0.0947822655956	0.792583551387	3.45737934113	-0.540673136711	4.52764987946
14	25	0.4994379282	-0.62507576804	0.181162736862	-0.759249858071	-3.56761074066	1.01328396797	-4.3431763649
15	25	0.499218821526	0.607480558513	-0.108520423442	0.78688670641	3.44974923134	-0.628930211067	4.50484800339
16	25	0.499706078321	-0.413422548373	0.192573382226	-0.889942295295	-2.3840970993	1.10094714165	-5.0803027153
17	25	0.499282661825	0.475798557416	-0.261288888833	0.839847515525	2.7023692131	-1.49498593807	4.80185127258
18	25	0.499968916178	-0.527383843216	0.249030798056	-0.812311481844	-3.00385046005	1.43901133537	-4.64737415314
19	25	0.499949254096	0.538206204846	-0.364415613142	0.759957460627	3.07192087173	-2.07585859299	4.35102462769
20	25	0.499990209937	-0.533036891865	0.418782041856	-0.735182476213	-3.039083004	2.37775087357	-4.21870088577
21	25	0.499986447394	0.522457176732	-0.360395154128	0.772757291368	2.97302675247	-2.06659650803	4.42440462112
22	25	0.499990228564	-0.389607519616	0.374495864791	-0.841402892741	-2.23918390274	2.15145659447	-4.80059719086
23	25	0.499961979687	0.402352571178	-0.520980403706	0.752789364577	2.30891132355	-2.93990802765	4.32776546478
24	25	0.499156087637	-0.533727791261	0.289689938938	-0.794490015113	-3.029692173	1.67972803116	-4.53726243973
25	25	0.497947186232	0.53106396926	-0.394062394589	0.750123916246	3.03113079071	-2.23256468773	4.31132221222
26	25	0.451058313251	-0.441700726605	0.245023569869	-0.863054991484	-2.29077744484	1.28084826469	-4.4784078598
27	25	0.498199135065	0.325014528964	-0.368040957137	0.871155215694	1.87859797478	-2.10062718391	4.97822856903
28	25	0.499208476394	-0.381276459765	0.367334362898	-0.848347645169	-2.20058298111	2.08770799637	-4.83683729172
29	25	0.49924479425	0.586157222588	-0.264414294094	0.76583600822	3.3220345974	-1.53534889221	4.38232326508
0	26	0.446083091199	0.666143174637	-0.36142426708	0.652400007703	3.40710258484	-1.85858345032	3.35747814178
1	26	0.498027272522	-0.528199475978	0.388773609787	-0.754890981473	-3.03232741356	2.22963285446	-4.31120347977
2	26	0.499221481383	0.557043990184	-0.466942035819	0.686780261936	3.17586755753	-2.66842794418	3.92138886452
3	26	0.499684929848	-0.504045637054	0.599441747984	-0.621777762983	-2.8946762085	3.40535545349	-3.56752157211
4	26	0.445610918105	0.585356776531	-0.563159439409	0.583274283655	2.9978518486	-2.88163900375	2.99740982056
5	26	0.234952811152	0.594779996087	-0.50725107324	0.623645015174	1.65906715393	-1.42417097092	1.76506471634
6	26	0.445548571646	0.532848016884	-0.420503608707	0.734336234954	2.74049019814	-2.1614716053	3.75731801987
7	26	0.499271199107	-0.524293106483	0.420116359697	-0.740688181902	-3.01122021675	2.39994287491	-4.22083902359
8	26	0.499751321971	0.653563080373	-0.384158336355	0.652133170896	3.73671126366	-2.1878361702	3.73271012306
9	26	0.468408569694	-0.690654619055	0.247874805538	-0.679377860956	-3.73521780968	1.34390211105	-3.65898609161
10	26	0.306603167206	-0.766154380908	0.216252987985	-0.60517940299	-2.81926369667	0.790939450264	-2.21379113197
11	26	0.417421258986	-0.857073440515	0.142277951912	-0.495158663424	-4.15125083923	0.692959070206	-2.42140388489
12	26	0.498087830842	0.719967279282	-0.0703824911078	0.690429881819	4.11809682846	-0.398719906807	3.95088243484
13	26	0.499165795743	-0.637493064311	0.0806499672517	-0.766223319756	-3.64601945877	0.46331718564	-4.36690235138
14	26	0.499964103103	0.633942583347	-0.142659995639	0.76010849664	3.61929750443	-0.814450800419	4.34998035431
15	26	0.499982997775	-0.530463934221	0.0976321668319	-0.84206649054	-3.04471302032	0.571248888969	-4.80575084686
16	26	0.499948270619	0.40341058823	-0.197063980922	0.893546688611	2.3354640007	-1.13078522682	5.09492397308
17	26	0.499967280775	-0.457961293768	0.328823240867	-0.825921745492	-2.62454891205	1.85584783554	-4.72853040695
18	26	0.499255497009	0.544588521513	-0.293222279042	0.785776073261	3.0999174118	-1.66714704037	4.49411392212
19	26	0.49968810007	-0.534910619746	0.306605451526	-0.787314248555	-3.05041337013	1.76284313202	-4.50366210938
20	26	0.499246131629	0.466224979643	-0.366242950681	0.805295206389	2.66984009743	-2.09058046341	4.59194660187
21	26	0.499964509159	-0.430884727998	0.409751889623	-0.804016007383	-2.46308660507	2.33580875397	-4.60037374496
22	26	0.499953847378	0.344551708339	-0.433803280307	0.832525575749	1.97857379913	-2.46912646294	4.7614030838
23	26	0.499150268734	-0.354379429376	0.402108879364	-0.844229630594	-2.03422904015	2.30675768852	-4.8082280159
24	26	0.497434847057	0.458481692827	-0.370027889881	0.808006125009	2.61538887024	-2.10762047768	4.62703084946
25	26	0.419876340777	-0.433068992293	0.338692334093	-0.835307578525	-2.1110496521	1.64587688446	-4.08512687683
26	26	0.267220778391	-0.407867777854	0.305284969678	-0.860491117373	-1.31173276901	0.970824837685	-2.75094246864
27	26	0.451418150216	-0.47922625283	0.290844334902	-0.828101305067	-2.48087692261	1.50764644146	-4.30805587769
28	26	0.498981434852	0.480966482783	-0.280122516949	0.830784339006	2.74429988861	-1.60832452774	4.74067115784
29	26	0.498115666211	-0.542887294926	0.32049913459	-0.776243318641	-3.11057376862	1.83064174652	-4.44234514236
0	27	0.235149424523	0.640745205162	-0.369222187121	0.673142301895	1.79789865017	-1.03830528259	1.89694166183
1	27	0.445736087859	0.703525522458	-0.312385734894	0.638331412266	3.59605789185	-1.615847826	3.27956414223
2	27	0.499588474631	-0.574088647816	0.498575635644	-0.649495619685	-3.27961587906	2.83065390587	-3.73229813576
3	27	0.499228209257	0.539087987098	-0.487639003028	0.686725814931	3.06558823586	-2.79694533348	3.92026567459
4	27	0.498144634068	-0.464151648302	0.616236942917	-0.636250954863	-2.6739487648	3.50596618652	-3.65131545067
5	27	0.446296982467	0.593454925158	-0.450624850949	0.66689466598	3.0402712822	-2.32064890862	3.42388486862
6	27	0.498310551047	-0.560326681808	0.468769423866	-0.682853744884	-3.22269773483	2.67539310455	-3.9037899971
7	27	0.499232344329	0.621070140674	-0.404438053179	0.67134323673	3.54717445374	-2.31451439857	3.8274846077
8	27	0.49958729744	-0.717263745099	0.415121653405	-0.559648758455	-4.08894872665	2.35742807388	-3.21975970268
9	27	0.498973749578	0.794379893658	-0.228383581065	0.562851245404	4.52925300598	-1.32520318031	3.23221611977
10	27	0.468188643456	-0.82217952038	0.206338932338	-0.530513978391	-4.4275598526	1.10837876797	-2.87884759903
11	27	0.497938424349	0.739948066528	-0.098278649144	0.665445839993	4.23315954208	-0.56788444519	3.80644273758
12	27	0.499132484198	-0.706057590366	-0.0160170130467	-0.707973258238	-4.031498909	-0.0657376050949	-4.03967571259
13	27	0.499975264072	0.699824514442	-0.0482778742387	0.712681482743	3.99602842331	-0.292868673801	4.07881498337
14	27	0.499989308417	-0.653034232602	0.202994724807	-0.729615948805	-3.73182606697	1.14478230476	-4.17722082138
15	27	0.499995142221	0.632760216442	-0.117903522725	0.765319062755	3.60847091675	-0.691366136074	4.38034009933
16	27	0.499986298382	-0.610335468784	0.230321910706	-0.757919806439	-3.46756458282	1.30598115921	-4.35513544083
17	27	0.499225806445	0.474134742132	-0.191380065806	0.859400905698	2.72388458252	-1.10993933678	4.89251708984
18	27	0.497820779681	-0.518778550769	0.19006567763	-0.833512959377	-2.9652941227	1.10482740402	-4.76696586609
19	27	0.44581951946	0.433661701263	-0.353782533802	0.828719160895	2.23252344131	-1.81684923172	4.24386072159
20	27	0.498311091214	-0.492062074907	0.327006330563	-0.806809626994	-2.80651688576	1.88106894493	-4.62271165848
21	27	0.499242823571	0.37582269544	-0.371692907577	0.84888260911	2.14754939079	-2.12365198135	4.84459257126
22	27	0.499045606703	-0.317165515761	0.367739198357	-0.874170416797	-1.81646883488	2.10917806625	-4.98144817352
23	27	0.497328493744	0.359861854684	-0.471642151901	0.805017469434	2.05852842331	-2.6717300415	4.61610364914
24	27	0.401913466863	-0.199592794639	0.137309162002	-0.970210755639	-0.95943582058	0.649859189987	-4.52654314041
25	27	0.315692005679	-0.353967090559	0.151227037986	-0.922950530518	-1.33822250366	0.587479829788	-3.48718380928
26	27	0.4195967298	-0.373357761841	0.211914419857	-0.90315904487	-1.82952833176	1.03733599186	-4.40448999405
27	27	0.49818213284	0.436818214564	-0.207900025372	0.875195650626	2.50459599495	-1.20616269112	5.00499391556
28	27	0.498907752335	-0.486792112583	0.291119082788	-0.82357945504	-2.78208303452	1.66596198082	-4.69932365417
29	27	0.445617780089	0.6021947332	-0.425380768645	0.675583233194	3.08718061447	-2.16995644569	3.47121405602
0	28	0.444088920951	0.714918267726	-0.353201500517	0.603440610586	3.63361978531	-1.81015753746	3.10633301735
1	28	0.49787349999	-0.560381880783	0.294462250713	-0.774121521853	-3.19870090485	1.696570158	-4.43093156815
2	28	0.499219663441	0.469131068776	-0.326734906118	0.820463491835	2.68719792366	-1.89210319519	4.66847705841
3	28	0.499957814813	-0.403468235398	0.432695274976	-0.806218445608	-2.33836960793	2.47773694992	-4.59236001968
4	28	0.499273739755	0.548841016897	-0.46898377847	0.691973809984	3.11863183975	-2.67579579353	3.96379327774
5	28	0.499708756804	-0.539169751912	0.429732753656	-0.724310526679	-3.10039663315	2.4553976059	-4.13033914566
6	28	0.499250151217	0.665945092555	-0.428485786067	0.610669358033	3.78744602203	-2.44171094894	3.50487804413
7	28	0.499969683588	-0.688226188742	0.395792490649	-0.608023862587	-3.92474365234	2.26885652542	-3.48309445381
8	28	0.499974891543	0.633952151577	-0.409753460998	0.65590149467	3.63875293732	-2.33221197128	3.74232316017
9	28	0.499610126019	-0.669814886943	0.30656463983	-0.676288502664	-3.84126424789	1.74600470066	-3.85210371017
10	28	0.499785415828	0.732371863318	-0.151569432482	0.663820880175	4.18377876282	-0.893708646297	3.79259586334
11	28	0.49946372211	-0.701738864383	0.221493802103	-0.677128541597	-4.00505638123	1.24685561657	-3.87630558014
12	28	0.499973364174	0.684979103512	-0.0872624860994	0.723317970378	3.92408227921	-0.513881802559	4.1263628006
13	28	0.499989181757	-0.710474221514	0.167739121119	-0.68343980555	-4.04660224915	0.955850064754	-3.92451691628
14	28	0.499999731779	0.613695303114	-0.26005876669	0.745484750216	3.51505064964	-1.47004354	4.26247835159
15	28	0.499999918044	-0.595444762008	0.192852807036	-0.77990597524	-3.40678668022	1.11333966255	-4.45428371429
16	28	0.499959610403	0.551347020118	-0.222113302697	0.804165495512	3.15817689896	-1.27452588081	4.59097099304
17	28	0.499606899917	-0.557474443923	0.290199664351	-0.777821572845	-3.17084360123	1.65361154079	-4.46182203293
18	28	0.444149810821	0.422506853787	-0.478559375093	0.769720002997	2.17131376266	-2.42559432983	3.93979239464
19	28	0.233691370115	0.479422155755	-0.420168123578	0.770462941679	1.32787036896	-1.15104556084	2.17334032059
20	28	0.446112450212	0.443214236816	-0.3195780602	0.837514778212	2.27167749405	-1.65073919296	4.29473352432
21	28	0.498935192823	-0.283583779786	0.397756609082	-0.87256513784	-1.63408005238	2.26283502579	-4.98108625412
22	28	0.497948873788	0.285169855443	-0.355994521412	0.889913509433	1.64046216011	-2.03467988968	5.09049367905
23	28	0.41017486155	-0.538871416491	0.28823829231	-0.791540449589	-2.56637477875	1.35654437542	-3.78347587585
24	28	0.330171642825	-0.420666476886	0.134752797979	-0.89715182587	-1.66077125072	0.541221261024	-3.54584813118
25	28	0.403869289905	-0.379313842826	0.167645098521	-0.909953916186	-1.78798532486	0.783324301243	-4.26749658585
26	28	0.49788011238	0.540512131135	-0.195046082382	0.818415335782	3.07462882996	-1.13317394257	4.6916270256
27	28	0.499156966805	-0.42654619201	0.309085461059	-0.850014425668	-2.44994449615	1.75630187988	-4.84716415405
28	28	0.499265581369	0.486103741015	-0.335613911747	0.806886891214	2.7649641037	-1.92749547958	4.60824108124
29	28	0.497497975826	-0.402771710078	0.484077981512	-0.776816231406	-2.3187417984	2.75246787071	-4.44446086884
0	29	0.49941245839	-0.410725104917	0.372410425746	-0.832235160869	-2.35924315453	2.13206672668	-4.75042057037
1	29	0.499220222235	0.444762925715	-0.386163979798	0.808123332553	2.5393280983	-2.20580816269	4.61196613312
2	29	0.499970398843	-0.440505854176	0.465711119119	-0.767507489192	-2.52885293961	2.64522814751	-4.39260911942
3	29	0.499975942075	0.517861716901	-0.465952180701	0.717431395653	2.94818711281	-2.64683628082	4.12175416946
4	29	0.499991200864	-0.51927310454	0.348173121528	-0.780468398045	-2.97632932663	2.00229525566	-4.45222520828
5	29	0.499962560833	0.617552063115	-0.336050401172	0.711125570637	3.52192878723	-1.92608761787	4.07019233704
6	29	0.499991454184	-0.633254568192	0.337315609953	-0.69656789414	-3.62899589539	1.94132447243	-3.96857213974
7	29	0.49998678267	0.68067923219	-0.438108786891	0.587142634898	3.88432979584	-2.49241495132	3.37416863441
8	29	0.499993354082	-0.662702190513	0.363257059977	-0.654881756554	-3.79191875458	2.08381915092	-3.73644256592
9	29	0.499995157123	0.712367396237	-0.330108687033	0.61932297513	4.05908489227	-1.88623344898	3.5567779541
10	29	0.499980129302	-0.677054007759	0.285683536295	-0.678220309093	-3.86457443237	1.62394237518	-3.88800430298
11	29	0.499991171062	0.574026069618	-0.261404742512	0.775990742207	3.3161740303	-1.48816049099	4.414021492
12	29	0.49999152869	-0.740487424914	0.192977116791	-0.643768751913	-4.20594024658	1.10511910915	-3.71311640739
13	29	0.499999254942	0.574836022351	-0.220966308776	0.787868921708	3.30672883987	-1.25162279606	4.49370241165
14	29	0.5	-0.585142983181	0.226080191933	-0.778778168704	-3.3503074646	1.29560470581	-4.44745922089
15	29	0.499998196959	0.612571324687	-0.334981645284	0.715921552612	3.49528884888	-1.88903641701	4.1114859581
16	29	0.499990254641	-0.551191804928	0.251502730672	-0.795571474253	-3.14431619644	1.43855929375	-4.55316114426
17	29	0.499239761382	0.454198144006	-0.231392249142	0.860326492105	2.60449457169	-1.31609773636	4.90640640259
18	29	0.497888408601	-0.418306466853	0.208812790214	-0.883977894764	-2.39804697037	1.19827604294	-5.05535793304
19	29	0.44579320401	0.460053136534	-0.342675423401	0.819099911953	2.35591459274	-1.76409006119	4.19864225388
20	29	0.498130571097	-0.389981142762	0.419163627215	-0.819888139876	-2.21748352051	2.38985729218	-4.70598316193
21	29	0.498326059431	0.287130273055	-0.388364439388	0.875630783215	1.64695262909	-2.20928478241	4.99094581604
22	29	0.459503533319	-0.268314024838	0.263141827591	-0.926695183244	-1.43540287018	1.4057892561	-4.91490888596
23	29	0.315719261765	-0.686112376132	-0.0283249041857	-0.726943950468	-2.57097482681	-0.103974923491	-2.71117734909
24	29	0.402180749923	-0.575040946978	-0.119982408926	-0.809278772023	-2.69986653328	-0.549526631832	-3.78028178215
25	29	0.497250702232	0.481140216393	-0.257921570245	0.837842798961	2.74415826797	-1.47612512112	4.7924861908
26	29	0.499134168029	-0.488453279214	0.321540532916	-0.811187450418	-2.78655457497	1.83215308189	-4.63185024261
27	29	0.499962184578	0.461815910746	-0.360439941076	0.810437606148	2.64493608475	-2.05246448517	4.63420009613
28	29	0.499960452318	-0.469006575064	0.432675796962	-0.769950964198	-2.67754268646	2.45540904999	-4.41465044022
29	29	0.499222751707	0.377553099081	-0.43072042086	0.819715546045	2.16838932037	-2.45453858376	4.67494773865
