0	0	0.499959819019	0.477151635168	-0.398932042414	0.783057815613	2.71535181999	-2.25904130936	4.49613428116
1	0	0.499991260469	-0.523450357857	0.216337208007	-0.82413465847	-2.97654891014	1.27279949188	-4.71338653564
2	0	0.499987531453	0.444919494033	-0.294120532749	0.845895830493	2.55338335037	-1.68454635143	4.82949447632
3	0	0.499999459833	-0.494089478483	0.336349369816	-0.801713595168	-2.83561992645	1.92443561554	-4.57636499405
4	0	0.499998264015	0.616650822231	-0.389634667347	0.684051598524	3.5071516037	-2.21888828278	3.93263792992
5	0	0.499999761581	-0.532402003392	0.391738532953	-0.750392582975	-3.05061531067	2.22286820412	-4.29467964172
6	0	0.499997708946	0.522685398096	-0.245123791402	0.816525750669	3.00225377083	-1.41129648685	4.65663909912
7	0	0.499999210238	-0.60757920582	0.192899196702	-0.770478687938	-3.47963953018	1.10705423355	-4.39900541306
8	0	0.499999500811	0.662201416552	-0.229603231741	0.713282300279	3.77876830101	-1.32767343521	4.07968711853
9	0	0.499999009073	-0.64605752327	0.338545765127	-0.684102654242	-3.69868135452	1.93044626713	-3.90873384476
10	0	0.500000044703	0.742447879237	-0.352712827567	0.569530339742	4.22003269196	-2.00750112534	3.29602456093
11	0	0.499998085201	-0.64868957323	0.244124702477	-0.720836297104	-3.71056580544	1.39890217781	-4.11926841736
12	0	0.499999903142	0.623803429844	-0.191067243579	0.757867131723	3.57422208786	-1.10695624352	4.3223528862
13	0	0.500000044703	-0.709443067404	0.244988445833	-0.660811013468	-4.03420543671	1.38834691048	-3.80684709549
14	0	0.500000081956	0.61094828315	-0.201365871199	0.76563305913	3.49638652802	-1.14576053619	4.3760471344
15	0	0.500000003725	-0.572758124334	0.0622277289795	-0.817359064766	-3.27821803093	0.386830031872	-4.66860389709
16	0	0.499987326562	0.587470899452	-0.223542669769	0.77775742818	3.35147333145	-1.27578544617	4.45273923874
17	0	0.499976985157	-0.538158461332	0.332928210124	-0.774302445689	-3.06863594055	1.89575600624	-4.43623447418
18	0	0.499231487513	0.39465078166	-0.407202899671	0.823672604276	2.27695775032	-2.30838775635	4.6984910965
19	0	0.499663103372	-0.465312334436	0.311427174325	-0.828551474873	-2.63805341721	1.80773139	-4.74134922028
20	0	0.49840625003	0.385846088881	-0.419162818847	0.821842641259	2.18857860565	-2.38160514832	4.69353485107
21	0	0.49759048596	-0.108053399761	0.435310157288	-0.893772638741	-0.642165362835	2.48179769516	-5.11332178116
22	0	0.406490324065	-0.0456881958379	-0.368880659649	0.928353191247	-0.250200092793	-1.75916838646	4.38754320145
23	0	0.350234884769	-0.560811888134	-0.41347183653	0.717308208878	-2.31692457199	-1.71165919304	2.99144887924
24	0	0.474030441605	0.113516252259	-0.0396118981998	0.992746169972	0.63320761919	-0.239147856832	5.44215488434
25	0	0.499217769131	-0.337211519956	0.12082856213	-0.933642784679	-1.9217903614	0.698565363884	-5.33238315582
26	0	0.499950151891	0.422474255049	-0.103020347966	0.900501144767	2.39517903328	-0.629977107048	5.15511369705
27	0	0.499988753349	-0.225635425535	0.431715274271	-0.873333027375	-1.32228922844	2.43072867393	-5.00552988052
28	0	0.499986566603	0.27936773976	-0.381447949962	0.881164642647	1.5953335762	-2.17357397079	5.04081296921
29	0	0.499981518835	-0.262183379063	0.325857951744	-0.908337201169	-1.52899885178	1.87378978729	-5.18159627914
0	1	0.499999877065	-0.451907631195	0.328639006473	-0.829322552625	-2.56662559509	1.88496112823	-4.74855279922
1	1	0.499997910112	0.425499047908	-0.390015970286	0.816601557157	2.44001483917	-2.20195007324	4.6785993576
2	1	0.499999824911	-0.424640964179	0.347260064018	-0.836116319347	-2.43857908249	1.98167681694	-4.7759771347
3	1	0.499999821186	0.529316184631	-0.364613448539	0.76608185583	3.01765775681	-2.07368588448	4.39080047607
4	1	0.499999813735	-0.574839823923	0.30577169296	-0.758988042473	-3.27583646774	1.75853168964	-4.34323883057
5	1	0.499999511987	0.431005999314	-0.33732020756	0.83692825626	2.49463653564	-1.92136538029	4.77269172668
6	1	0.499999381602	-0.520662047719	0.218133947756	-0.825426321909	-2.98346400261	1.26119339466	-4.71137809753
7	1	0.499997586012	0.656431957786	-0.203292495411	0.726477285335	3.73107385635	-1.17429745197	4.17032384872
8	1	0.499999977648	-0.618805386424	0.297031268322	-0.727222331458	-3.54087591171	1.68548834324	-4.16003131866
9	1	0.499997109175	0.64826683639	-0.311398236207	0.694824616233	3.69475030899	-1.7852704525	3.98050355911
10	1	0.499999418855	-0.56821432519	0.379426546704	-0.730183522345	-3.26190805435	2.15300369263	-4.17386198044
11	1	0.499999687076	0.493726511166	-0.224538682134	0.840128866542	2.86213707924	-1.30479025841	4.77606582642
12	1	0.499999426305	-0.662846683086	0.286467290003	-0.691788093624	-3.77133274078	1.61923348904	-3.98094296455
13	1	0.499999538064	0.565171468509	-0.243907656831	0.788092802989	3.25270175934	-1.38465130329	4.49398422241
14	1	0.499998100102	-0.572625898302	0.217376589882	-0.790472642642	-3.27860927582	1.23793780804	-4.51637744904
15	1	0.499999321997	0.58280407749	-0.202492347155	0.78697919706	3.33633518219	-1.16041207314	4.49544858932
16	1	0.499997183681	-0.606288081053	0.237132894164	-0.759067028186	-3.45289134979	1.35767483711	-4.34939527512
17	1	0.499984506518	0.510991408097	-0.280937859154	0.812380268191	2.91866159439	-1.61606287956	4.64293575287
18	1	0.499977644533	-0.386340818202	0.425106631314	-0.818550624094	-2.2030916214	2.41405105591	-4.69219636917
19	1	0.4993843548	0.237363694562	-0.477391391134	0.846023602611	1.39700341225	-2.70336580276	4.83379268646
20	1	0.496549103409	-0.466919837109	0.406563009381	-0.7852976411	-2.62949085236	2.32971024513	-4.50300359726
21	1	0.41765707545	-0.0286466361622	-0.297841321101	0.954185473418	-0.142299368978	-1.46412563324	4.63492774963
22	1	0.330996956676	-0.180935715512	-0.434441716447	0.882339312205	-0.690048277378	-1.70254182816	3.51291227341
23	1	0.399459542707	-0.356650721103	-0.24203283007	0.902341605106	-1.65704441071	-1.14775669575	4.18951463699
24	1	0.496470727026	-0.25949465506	0.306006131485	-0.915981861987	-1.46092820168	1.74350643158	-5.231944561
25	1	0.49951120466	0.297606657798	-0.23446891255	0.925448327181	1.69540190697	-1.34946799278	5.28547525406
26	1	0.499981552362	-0.339032968937	0.239840281135	-0.909688565125	-1.94041609764	1.37551033497	-5.19885635376
27	1	0.499998554587	0.286187394004	-0.35920902216	0.888293675488	1.63621902466	-2.04967236519	5.07984352112
28	1	0.499999575317	-0.246145313202	0.363289615504	-0.898572835142	-1.41773974895	2.07539558411	-5.13458395004
29	1	0.49999813363	0.270716175041	-0.372275494426	0.88776331802	1.56715154648	-2.11456894875	5.0758023262
0	2	0.499999672174	0.357117555877	-0.262985029829	0.896273354156	2.04818463326	-1.50296187401	5.12153530121
1	2	0.499999862164	-0.400624467469	0.214752088254	-0.890719695895	-2.29380559921	1.25244295597	-5.08513832092
2	2	0.499999731779	0.454827298677	-0.301252091998	0.838080727284	2.59266281128	-1.72122979164	4.79573488235
3	2	0.499999493361	-0.480516781068	0.297246737306	-0.825074542252	-2.75161719322	1.7094783783	-4.71069335938
4	2	0.500000059605	0.554992761776	-0.283659782672	0.781997546077	3.16570806503	-1.63893663883	4.46988010406
5	2	0.499999325722	-0.527580125423	0.309272587968	-0.791207733525	-3.01100969315	1.76723313332	-4.52683877945
6	2	0.499987713993	0.5537825026	-0.283273752318	0.782994841019	3.15439271927	-1.6194524765	4.48422574997
7	2	0.499990805984	-0.516212524483	0.273520207747	-0.811610328619	-2.96693468094	1.56464409828	-4.6300573349
8	2	0.499964334071	0.563669800025	-0.233664643221	0.792260809991	3.22034811974	-1.35212552547	4.52567100525
9	2	0.499991752207	-0.574325878826	0.316751586685	-0.754863045355	-3.28276252747	1.8082805872	-4.31726074219
10	2	0.499987483025	0.546402620433	-0.365541166318	0.753540862934	3.13252830505	-2.07348561287	4.30946302414
11	2	0.499998822808	-0.632593598011	0.293117444041	-0.716873422408	-3.60677480698	1.66410470009	-4.11242389679
12	2	0.499999448657	0.631221676633	-0.186345400245	0.752884178846	3.61458539963	-1.07130694389	4.29810810089
13	2	0.499986790121	-0.622423035646	0.0728684279737	-0.779281564585	-3.55581736565	0.446176111698	-4.45473670959
14	2	0.499992407858	0.589783183577	-0.153847134302	0.79277162893	3.37907123566	-0.892037451267	4.52492952347
15	2	0.499965019524	-0.638528504778	0.330017042647	-0.695248229159	-3.63463926315	1.85503840446	-4.00544166565
16	2	0.499985221773	0.541898802964	-0.263239585502	0.798154501316	3.09447050095	-1.51299571991	4.56343746185
17	2	0.499981366098	-0.476401745916	0.276126337123	-0.834742848089	-2.70302820206	1.58468163013	-4.78354597092
18	2	0.499940678477	0.257748645673	-0.268429927159	0.928176173934	1.49511504173	-1.55828237534	5.29422140121
19	2	0.499745178968	-0.239550787229	0.370171526936	-0.897545798823	-1.35927712917	2.12408590317	-5.1316280365
20	2	0.455205399543	0.0950125167451	-0.439403081312	0.893251114634	0.500397861004	-2.29825854301	4.68565225601
21	2	0.277962449938	-0.0779139899003	-0.384278018827	0.919923809032	-0.226046472788	-1.28691506386	3.05963516235
22	2	0.420131532475	-0.0605423415055	-0.433982025945	0.898884990442	-0.299597173929	-2.12007689476	4.39438819885
23	2	0.496789574623	-0.177467200415	0.398456922004	-0.89985414045	-0.99884557724	2.28560185432	-5.13859033585
24	2	0.499018635601	0.150283482703	-0.433761677031	0.888406259752	0.872060358524	-2.46575212479	5.07154989243
25	2	0.499947901815	-0.16011073334	0.411192528247	-0.897376876113	-0.94586455822	2.34120368958	-5.13085031509
26	2	0.499989792705	0.398883100327	-0.29316282071	0.868877340496	2.25316333771	-1.69095730782	4.97575187683
27	2	0.499999575317	-0.310846481232	0.35887986033	-0.880102102574	-1.77614343166	2.04682636261	-5.03373861313
28	2	0.499999128282	0.297116387545	-0.325467620529	0.897659556981	1.70134186745	-1.86551451683	5.12939071655
29	2	0.500000096858	-0.399355182826	0.237179502995	-0.88558529872	-2.26049017906	1.37804532051	-5.06770086288
0	3	0.500000227243	-0.278777050171	0.229983221552	-0.932411429629	-1.60681021214	1.33321464062	-5.32253646851
1	3	0.500000085682	0.408772460644	-0.270664301028	0.871576681405	2.32527375221	-1.55865764618	4.98555183411
2	3	0.500000637025	-0.383581528318	0.309709621081	-0.870025954638	-2.20410203934	1.77530217171	-4.96726703644
3	3	0.49999974668	0.451154451088	-0.383184273132	0.805995951657	2.58466863632	-2.18233704567	4.60911035538
4	3	0.499999888241	-0.527934965843	0.47499534742	-0.704034155258	-3.00415945053	2.68266868591	-4.06016492844
5	3	0.499988168478	0.483837968808	-0.306954532569	0.819560696272	2.77374267578	-1.77468013763	4.67367267609
6	3	0.4999717623	-0.463063751631	0.321207402624	-0.826073705201	-2.66450619698	1.83991479874	-4.71192216873
7	3	0.499260760844	0.530384919429	-0.374645399537	0.760481861616	3.01799058914	-2.12670230865	4.35406255722
8	3	0.499670032412	-0.49393836869	0.289793457814	-0.81978328828	-2.83988809586	1.6565912962	-4.67838954926
9	3	0.499242495745	0.522684330762	-0.315817626856	0.791871401771	2.99220132828	-1.7932267189	4.51819610596
10	3	0.499976024032	-0.522124586542	0.233716151021	-0.820221114627	-3.01099777222	1.34544062614	-4.67166519165
11	3	0.499987870455	0.673295623725	-0.202595371814	0.7110753254	3.83561825752	-1.16427612305	4.07655906677
12	3	0.499986991286	-0.698203352643	0.177276414778	-0.693603021275	-3.98164176941	1.01574397087	-3.97444224358
13	3	0.499977275729	0.630196224633	-0.137056017905	0.764243656444	3.6070356369	-0.794444918633	4.36421585083
14	3	0.499265693128	-0.625246391503	0.17804343637	-0.759847013996	-3.56397342682	1.02221536636	-4.34048986435
15	3	0.499676086009	0.554519450348	-0.184861051029	0.811378192336	3.17482709885	-1.08016657829	4.63261651993
16	3	0.499202184379	-0.387793139663	0.334608246676	-0.858867744235	-2.22906303406	1.89645719528	-4.90214252472
17	3	0.499626930803	0.232781179329	-0.345861473545	0.908951463868	1.36672055721	-1.9679980278	5.18799734116
18	3	0.499827023596	-0.250562640266	0.33306286991	-0.909003568745	-1.42480134964	1.90440630913	-5.19802045822
19	3	0.498873982579	0.156954314463	-0.41600088488	0.895716811805	0.900493919849	-2.3627808094	5.1133813858
20	3	0.498487763107	-0.0467157191073	0.403246532504	-0.913898175735	-0.277173012495	2.30956149101	-5.22718000412
21	3	0.456252686679	-0.00426020148282	-0.540253752369	0.841491374724	-0.0152466315776	-2.82517886162	4.42884206772
22	3	0.49805476144	-0.00835004649068	0.440079552635	-0.897919965295	-0.0725385844707	2.52995038033	-5.13529491425
23	3	0.49879186973	0.265235499264	-0.480357483502	0.836006470055	1.48180365562	-2.73311376572	4.78296947479
24	3	0.499940823764	-0.178201007464	0.458067447535	-0.870872329591	-1.02749335766	2.62222838402	-4.97496986389
25	3	0.499980073422	0.231845620417	-0.504910354816	0.831452429122	1.33388411999	-2.8710963726	4.76099872589
26	3	0.499999467283	-0.352670421284	0.36187951994	-0.862940778385	-2.00950193405	2.08772969246	-4.92954826355
27	3	0.499999348074	0.246617468025	-0.376105447182	0.893154251552	1.42801332474	-2.15761590004	5.09818744659
28	3	0.499999869615	-0.274640774853	0.407412891179	-0.87096910444	-1.57349252701	2.31395530701	-4.98527860641
29	3	0.499999638647	0.311973316007	-0.306737084547	0.899213551423	1.77892792225	-1.75673341751	5.14171075821
0	4	0.500000465661	0.216277404431	-0.334060225797	0.917402774071	1.25807785988	-1.92497313023	5.2352771759
1	4	0.499999973923	-0.375803464207	0.481010433693	-0.792086307777	-2.13713312149	2.71309781075	-4.55822277069
2	4	0.499999903142	0.38168376459	-0.348485176965	0.856081529578	2.19085931778	-1.99593150616	4.88887071609
3	4	0.499999567866	-0.492208756545	0.320492920978	-0.809329863272	-2.79045701027	1.84581363201	-4.63612413406
4	4	0.499997615814	0.333540151652	-0.373597201227	0.865549593305	1.95314574242	-2.1435918808	4.92895507812
5	4	0.499989129603	-0.520752524882	0.428921684881	-0.738134808872	-2.96410059929	2.43197345734	-4.2417807579
6	4	0.499266043305	0.543046622825	-0.3588068122	0.759182479354	3.08595728874	-2.05238866806	4.34197187424
7	4	0.497811198235	-0.47275599635	0.421014399557	-0.774111518634	-2.71944499016	2.39421534538	-4.42731237411
8	4	0.445571023971	0.613043368926	-0.186069163136	0.767825562446	3.1375784874	-0.969037055969	3.93559169769
9	4	0.498341396451	-0.605709912974	0.277554034077	-0.745707221028	-3.4723405838	1.58249795437	-4.26988506317
10	4	0.499246954918	0.702239423735	-0.169574580532	0.691450832229	3.98539733887	-0.992374897003	3.96606397629
11	4	0.499990165234	-0.608062249644	0.187154067157	-0.771513872659	-3.49585461617	1.07846856117	-4.39347076416
12	4	0.499987445772	0.716076762421	-0.2064537226	0.666791519701	4.07111644745	-1.17939639091	3.83786678314
13	4	0.499249666929	-0.62729038212	0.270177637285	-0.730418250601	-3.58219623566	1.52337503433	-4.17612552643
14	4	0.498182967305	0.631516723949	-0.300640161672	0.714704218934	3.61175060272	-1.71140694618	4.09868621826
15	4	0.445614300668	-0.623293364307	0.251494724559	-0.740442965751	-3.17914795876	1.30075478554	-3.80384588242
16	4	0.49745240435	0.417497034008	-0.309319791866	0.854410611448	2.38534450531	-1.77111649513	4.88383150101
17	4	0.498277056962	-0.358712331126	0.29667145056	-0.885048876572	-2.03771543503	1.6949133873	-5.05529117584
18	4	0.472912298515	0.200473716875	-0.299852783849	0.932683545936	1.10385215282	-1.63956809044	5.08168315887
19	4	0.49830180034	-0.169358249933	0.402052526978	-0.899817508571	-0.968532323837	2.2923719883	-5.15012025833
20	4	0.497701153159	0.116143961713	-0.372014554821	0.920932001376	0.660198509693	-2.12626791	5.23808860779
21	4	0.498070385307	-0.164799026798	0.54158928585	-0.82433144197	-0.930438101292	3.08740496635	-4.72995233536
22	4	0.470706567168	0.157129237196	-0.505477317568	0.848412095766	0.84797513485	-2.74100828171	4.60568094254
23	4	0.499044489115	-0.209576452157	0.489775552049	-0.846284597117	-1.19586491585	2.79927825928	-4.84006881714
24	4	0.499645546079	0.187378378369	-0.470077915663	0.862505708112	1.08799672127	-2.68986153603	4.92167282104
25	4	0.49999293685	-0.339437489605	0.535721025711	-0.773165682931	-1.9383494854	3.05478572845	-4.42767047882
26	4	0.499997869134	0.421089741249	-0.530327804385	0.735823246243	2.39021158218	-3.01795101166	4.22744369507
27	4	0.500000357628	-0.306921588547	0.483563176629	-0.81973519669	-1.76142311096	2.7585234642	-4.68822908401
28	4	0.499999571592	0.282369456004	-0.380384375826	0.880667483755	1.61554527283	-2.18543887138	5.02968549728
29	4	0.499999646097	-0.215496604556	0.384106330748	-0.89778813765	-1.24793839455	2.1890540123	-5.13174104691
0	5	0.499999627471	-0.295872163363	0.465324923613	-0.834225616012	-1.68797206879	2.63838267326	-4.7829785347
1	5	0.499997805804	0.274726013175	-0.359325204358	0.891858181102	1.59046733379	-2.06482577324	5.08879995346
2	5	0.499999441206	-0.413260833787	0.336124979016	-0.846306966614	-2.34568667412	1.92941904068	-4.84361076355
3	5	0.499997980893	0.411871020326	-0.370450413832	0.832543544512	2.36452794075	-2.11117076874	4.75740242004
4	5	0.499999381602	-0.46933438609	0.364568575217	-0.804248088588	-2.67301654816	2.07647204399	-4.60738801956
5	5	0.499962471426	0.484471581483	-0.341115978585	0.805560162799	2.77944493294	-1.94721531868	4.60057878494
6	5	0.49970260635	-0.491067749711	0.322396933282	-0.809266756147	-2.81975793839	1.83619987965	-4.62340354919
7	5	0.446086265147	0.549306372925	-0.230639160877	0.803161307667	2.82953572273	-1.1909173727	4.11155891418
8	5	0.23410385102	0.656632765939	-0.265055534744	0.706101249253	1.82501959801	-0.736060857773	1.99094581604
9	5	0.445527665317	0.643455321435	-0.247533907467	0.724356413632	3.29920959473	-1.27259421349	3.70904970169
10	5	0.499679766595	-0.660978959886	0.324648334715	-0.676542883604	-3.77471399307	1.84291505814	-3.87997221947
11	5	0.499962255359	0.643393924407	-0.283792835184	0.710989370339	3.66810560226	-1.61703693867	4.07612705231
12	5	0.49996297434	-0.542194437562	0.166355981282	-0.82362059188	-3.12410116196	0.963653206825	-4.69069194794
13	5	0.499683585018	0.527085050591	-0.134839221749	0.839046919857	3.02702045441	-0.790455400944	4.78678274155
14	5	0.445784833282	-0.481082718012	0.272046024744	-0.833396891554	-2.47321581841	1.40200531483	-4.26707792282
15	5	0.233194809407	-0.494819472571	0.426838213739	-0.756943081649	-1.39005410671	1.14876461029	-2.12686181068
16	5	0.444753635675	-0.562685176259	0.328878924583	-0.758435261168	-2.86770415306	1.6867954731	-3.88936233521
17	5	0.472107894719	0.384712350396	-0.211914517428	0.898381124443	2.10480690002	-1.17146682739	4.88746404648
18	5	0.329337472096	0.320674638697	-0.396798061179	0.860069226714	1.27133798599	-1.54455256462	3.39731383324
19	5	0.429003776982	0.24060674692	-0.249255226453	0.93807261202	1.20018827915	-1.25656747818	4.68061065674
20	5	0.496120151132	-0.0689481985291	0.26392488296	-0.962075777719	-0.419556409121	1.52271962166	-5.49235296249
21	5	0.416906353086	0.182779181251	-0.54913701549	0.815500036247	0.880086779594	-2.64922046661	3.96465110779
22	5	0.317613005638	0.1487580174	-0.609043298298	0.779061815942	0.57945984602	-2.31144380569	2.96333885193
23	5	0.471551354975	0.167334517596	-0.472684637323	0.865198470214	0.920979738235	-2.5741379261	4.69833898544
24	5	0.499824654311	-0.265026605375	0.443516923965	-0.856185515294	-1.53327655792	2.55184793472	-4.88221788406
25	5	0.499977909029	0.474504900866	-0.507350618499	0.719333336474	2.68832206726	-2.89959716797	4.12996959686
26	5	0.500000268221	-0.414833130521	0.50146468126	-0.759240836145	-2.36226081848	2.87312602997	-4.34145450592
27	5	0.499999530613	0.363044591024	-0.548861736555	0.752960436593	2.0746076107	-3.11280059814	4.32412433624
28	5	0.499999996275	-0.339035945566	0.412403502491	-0.845563704725	-1.93576550484	2.35617160797	-4.83643436432
29	5	0.500000100583	0.276848044739	-0.396784905497	0.875166783473	1.58789730072	-2.26931262016	5.00121641159
0	6	0.499987762421	0.34079118083	-0.425993026194	0.838087890798	1.93829989433	-2.42975902557	4.79831123352
1	6	0.499990638345	-0.314829949617	0.308439439329	-0.897634232352	-1.79271531105	1.79157781601	-5.12521743774
2	6	0.499963033944	0.301556453205	-0.375893400399	0.876223634164	1.74037528038	-2.13963413239	5.00743246078
3	6	0.499992117286	-0.447431101768	0.358899105667	-0.819143968495	-2.5398170948	2.04571127892	-4.69628000259
4	6	0.499985042959	0.454260093656	-0.247305504891	0.85585498454	2.60814261436	-1.43036139011	4.88256883621
5	6	0.49999114871	-0.608821068545	0.207161086203	-0.76578142499	-3.45338845253	1.19819736481	-4.39705371857
6	6	0.499251876026	0.553759363688	-0.217685762526	0.803718530284	3.16498875618	-1.24312257767	4.58504533768
7	6	0.498281024396	-0.612160832401	0.175484978804	-0.77101500471	-3.50702381134	1.00779676437	-4.41290092468
8	6	0.444577813148	0.749341283426	-0.257755868269	0.609958648865	3.81628131866	-1.31317615509	3.1430516243
9	6	0.49738997221	-0.450610388036	0.291791636893	-0.843687097705	-2.6044895649	1.6692006588	-4.80890274048
10	6	0.499299295247	0.570881552854	-0.367520223924	0.734181951302	3.25398516655	-2.08688116074	4.2015209198
11	6	0.499990157783	-0.570235644471	0.374652085508	-0.731072585041	-3.27060699463	2.11897993088	-4.18351316452
12	6	0.499988883734	0.625269868967	-0.208824646187	0.751950701912	3.56499290466	-1.20178508759	4.30520153046
13	6	0.499228704721	-0.600331827696	0.135572847234	-0.788176185728	-3.42281007767	0.803417265415	-4.49807739258
14	6	0.498302325606	0.518227413439	-0.291230051695	0.804130216414	2.97590494156	-1.66387867928	4.60022258759
15	6	0.445790082216	-0.434195488351	0.366093365103	-0.823073463261	-2.23447656631	1.87631177902	-4.21602535248
16	6	0.497158542275	0.412420253938	-0.412382478659	0.812311655362	2.37143588066	-2.33790159225	4.64369344711
17	6	0.496068775654	-0.461966075169	0.362988443863	-0.809213652267	-2.63468170166	2.0744137764	-4.62872505188
18	6	0.394302494824	0.518136521707	-0.263457118065	0.813710570052	2.39788460732	-1.2341991663	3.78603792191
19	6	0.385420937091	0.570021720071	-0.215915488246	0.792752004464	2.63072824478	-0.993348836899	3.65988683701
20	6	0.399648046121	0.489280642219	-0.0826660094973	0.868199737401	2.30319142342	-0.400010883808	4.09261131287
21	6	0.373382206075	0.150540349686	-0.309110769087	0.939035747749	0.691977858543	-1.39943790436	4.18621206284
22	6	0.418698381633	0.243575647937	-0.643564125767	0.725600523537	1.18176865578	-3.11543273926	3.55006361008
23	6	0.498246211559	-0.251401918303	0.46554117711	-0.84856849334	-1.44813239574	2.68115258217	-4.84506607056
24	6	0.499512284994	0.469615642989	-0.523125228956	0.711196978825	2.64687108994	-2.97983169556	4.09397220612
25	6	0.499994240701	-0.500032983942	0.501575788867	-0.705966531071	-2.83377861977	2.86749148369	-4.0545668602
26	6	0.499997079372	0.25483587892	-0.523038710949	0.813319852004	1.50133645535	-2.98553848267	4.64062309265
27	6	0.499997228384	-0.36674871894	0.39827097826	-0.840758945853	-2.08938884735	2.29274845123	-4.80294799805
28	6	0.499999798834	0.39124152591	-0.281254218649	0.876256887503	2.22157406807	-1.64408493042	5.00573015213
29	6	0.499998193234	-0.327996352013	0.346185354611	-0.878961940768	-1.8716032505	1.99034392834	-5.02203464508
0	7	0.499965704978	-0.281558308721	0.487125526375	-0.826700453819	-1.60357928276	2.77858924866	-4.73208856583
1	7	0.499263484031	0.206088652114	-0.487721494904	0.848324944157	1.19206023216	-2.76761341095	4.84944438934
2	7	0.499669771641	-0.289466261232	0.334556239839	-0.896817376055	-1.65801000595	1.92938685417	-5.12098073959
3	7	0.499238327146	0.314673449187	-0.337291758047	0.887251311822	1.81667947769	-1.92568767071	5.05752372742
4	7	0.499976519495	-0.466362653017	0.299170576254	-0.83246792261	-2.66264271736	1.69483709335	-4.76758337021
5	7	0.499974094331	0.489539530595	-0.209656572906	0.846401305187	2.81747341156	-1.19578361511	4.82884025574
6	7	0.499975334853	-0.561581228923	0.164475299157	-0.81090961228	-3.21433258057	0.950585365295	-4.63158082962
7	7	0.499232821167	0.656206013425	-0.144333265418	0.740649428838	3.73242807388	-0.832929074764	4.23813199997
8	7	0.499629229307	-0.689047567355	0.105089647652	-0.717056215285	-3.93078422546	0.625205516815	-4.10525798798
9	7	0.499290816486	0.591695947568	-0.228714641525	0.773036556951	3.36439609528	-1.3005977869	4.42637968063
10	7	0.49996496737	-0.494699377058	0.316736565908	-0.809290105065	-2.84780335426	1.7966105938	-4.6210103035
11	7	0.499988690019	0.592569311922	-0.290985348463	0.751125247578	3.38236522675	-1.65920341015	4.3002820015
12	7	0.499986335635	-0.614692638832	0.262340295277	-0.743861901995	-3.51555109024	1.49741458893	-4.25199890137
13	7	0.499973259866	0.633923597894	-0.3405183807	0.694397655842	3.61731958389	-1.9292678833	3.98558759689
14	7	0.499218150973	-0.570711128646	0.337028410045	-0.748799478139	-3.24860787392	1.93131375313	-4.2784280777
15	7	0.49925975129	0.460227273307	-0.322267204556	0.827245251284	2.6478934288	-1.84092199802	4.71659183502
16	7	0.497351143509	-0.507294897751	0.189806381316	-0.840610150027	-2.89478492737	1.11924469471	-4.7973856926
17	7	0.416705157608	0.486908464742	-0.412443275186	0.769942005424	2.36565423012	-1.98865127563	3.73389053345
18	7	0.378559611738	0.588455429954	-0.297818402912	0.75168105327	2.6639611721	-1.35745799541	3.40905237198
19	7	0.41512323916	0.829785748267	-0.0951220815839	0.549915813164	4.05262517929	-0.480438232422	2.71409869194
20	7	0.346341773868	0.68856232253	-0.0955041109878	0.718860829908	2.84154868126	-0.409421980381	2.98771190643
21	7	0.441019568592	0.514494765273	-0.373568107975	0.771843251711	2.63604903221	-1.92202699184	3.9647936821
22	7	0.498322367668	-0.428435159376	0.547640631099	-0.718702339902	-2.42735743523	3.12564396858	-4.13259363174
23	7	0.499177999794	0.222090024455	-0.591295370911	0.775271439805	1.28542971611	-3.35558652878	4.43562030792
24	7	0.499972779304	-0.272682217494	0.487954622204	-0.829183149209	-1.57517361641	2.8007838726	-4.72975301743
25	7	0.499990753829	0.416882649951	-0.420279357156	0.805961610821	2.37988376617	-2.42873215675	4.5964589119
26	7	0.499987527728	-0.395243143508	0.571671492543	-0.719009431179	-2.23977851868	3.24999976158	-4.13715362549
27	7	0.499991308898	0.322148849496	-0.448507208046	0.833703426345	1.84357142448	-2.57637643814	4.75927877426
28	7	0.499964311719	-0.287804575144	0.480309298113	-0.828535759441	-1.64398312569	2.73097324371	-4.74628162384
29	7	0.499978289008	0.24827375962	-0.421264661903	0.8722936575	1.43380248547	-2.41281747818	4.98051834106
0	8	0.499244172126	0.224872244637	-0.527182496935	0.819457801548	1.29900443554	-3.0011036396	4.67960596085
1	8	0.497890420258	-0.168547819902	0.531697384222	-0.829993689143	-0.976352453232	3.03497600555	-4.75079965591
2	8	0.445945966989	0.390801947817	-0.393012104812	0.832355286554	1.98439383507	-2.02136111259	4.27645111084
3	8	0.498285584152	-0.354663152814	0.370355132344	-0.858516816366	-2.03871297836	2.1066737175	-4.91955804825
4	8	0.499210894108	0.514030031824	-0.143156967315	0.845741809947	2.9300403595	-0.84969830513	4.82601070404
5	8	0.499987579882	-0.601310093294	0.108631130282	-0.791596771871	-3.42570352554	0.643794894218	-4.53204917908
6	8	0.499985620379	0.590500520224	-0.241682428383	0.769999181445	3.36976075172	-1.36659669876	4.41133117676
7	8	0.499989748001	-0.539208467892	0.26080266957	-0.800772249581	-3.10182762146	1.47848057747	-4.56966495514
8	8	0.499959371984	0.652373363557	-0.188602660845	0.734055877194	3.70760607719	-1.07782018185	4.21715259552
9	8	0.49998389557	-0.476941277528	0.0944050978431	-0.873850499394	-2.75642871857	0.569851100445	-4.97776603699
10	8	0.49998819083	0.509494915203	-0.16226943666	0.845034650951	2.9170820713	-0.935984909534	4.82687616348
11	8	0.49999961257	-0.588704383745	0.15413804475	-0.793516610866	-3.36121273041	0.885400593281	-4.53942871094
12	8	0.500000022352	0.63425801501	-0.169191923707	0.754381112799	3.618745327	-0.992394626141	4.31384181976
13	8	0.499986685812	-0.629263609763	0.335404931281	-0.70109260551	-3.59132695198	1.92537355423	-4.01104927063
14	8	0.499978400767	0.489663739927	-0.521025358027	0.699115153672	2.82430267334	-2.94292616844	4.00773143768
15	8	0.499819204211	-0.574615645625	0.379546301489	-0.725094107567	-3.27410984039	2.17619991302	-4.14984989166
16	8	0.476065270603	0.615292566264	-0.329041331358	0.716342697428	3.3644964695	-1.81614685059	3.94162416458
17	8	0.334449116141	0.489750751148	-0.373787831653	0.787671796282	1.96161842346	-1.50237703323	3.15218997002
18	8	0.417618229985	0.528748606502	-0.388027096854	0.754890643225	2.57022953033	-1.88136684895	3.66695857048
19	8	0.496372893453	-0.463030703148	0.50605562459	-0.727674565148	-2.65100169182	2.8735294342	-4.16919946671
20	8	0.478922426701	0.489592266153	-0.482273419447	0.726437720536	2.69823479652	-2.65574121475	4.02252721786
21	8	0.498752128333	-0.430532912903	0.432826231072	-0.792024535354	-2.45444345474	2.47348880768	-4.534324646
22	8	0.499361749738	0.318140359589	-0.438482239613	0.840547462756	1.82066607475	-2.52174067497	4.78952693939
23	8	0.499977316707	-0.170060492683	0.544728741132	-0.821188180269	-1.00076127052	3.11116027832	-4.69164180756
24	8	0.499990012497	0.20529524149	-0.561029931031	0.801934710752	1.19742560387	-3.20029783249	4.58436822891
25	8	0.4999871701	-0.462656798038	0.480059414993	-0.745313118968	-2.60242319107	2.75966072083	-4.27984571457
26	8	0.499973766506	0.234627906036	-0.577974671149	0.78159773875	1.36415743828	-3.30280017853	4.46436309814
27	8	0.499255336821	-0.278120793682	0.522488284584	-0.806011672741	-1.57548379898	2.9812951088	-4.60605430603
28	8	0.49968476966	0.141157941903	-0.513494616894	0.846402808276	0.845370233059	-2.93030023575	4.83787441254
29	8	0.499284204096	-0.322068471797	0.428129676866	-0.844379582451	-1.81030631065	2.46662569046	-4.82067346573
0	9	0.498932205141	-0.380001164865	0.509935495008	-0.77172851809	-2.14459276199	2.90945458412	-4.42048072815
1	9	0.445966497064	0.276943867011	-0.464382022062	0.841220204293	1.42217350006	-2.37826347351	4.31668376923
2	9	0.234006556682	0.238460112586	-0.422592803259	0.874386697828	0.686776280403	-1.18424105644	2.44072937965
3	9	0.444688741118	0.265343386211	-0.490678316207	0.829956431024	1.37003576756	-2.49347472191	4.25291538239
4	9	0.499395500869	-0.536669755431	0.280950388953	-0.795645934164	-3.05888032913	1.58541679382	-4.56233930588
5	9	0.499955005944	0.615449947269	-0.165958774786	0.77050570892	3.5030837059	-0.95175242424	4.4161901474
6	9	0.499999325722	-0.555064635026	0.196048913698	-0.808373721976	-3.17695474625	1.12146997452	-4.61880159378
7	9	0.499996170402	0.539757164399	-0.281603001798	0.793323359582	3.09407091141	-1.59786200523	4.5339884758
8	9	0.499999735504	-0.516158416546	0.26109949032	-0.815725165226	-2.96563315392	1.48845136166	-4.65549325943
9	9	0.49999755621	0.570696093691	-0.240183000771	0.785250338928	3.25434589386	-1.3606621027	4.49939250946
10	9	0.499999701977	-0.510919881178	0.203069179911	-0.83529861917	-2.93046927452	1.14284133911	-4.77417469025
11	9	0.499999795109	0.5346517972	-0.0167401689746	0.844906635371	3.07294559479	-0.145137518644	4.82126092911
12	9	0.49999962002	-0.570935463239	0.293985605807	-0.766554081845	-3.27445149422	1.6624764204	-4.38359308243
13	9	0.499998874962	0.637240325397	-0.423736349098	0.643717542204	3.63340854645	-2.41224217415	3.69734406471
14	9	0.499994695187	-0.517501483672	0.449018017103	-0.728405817326	-2.97813129425	2.56720542908	-4.15069627762
15	9	0.499732017517	0.56022388415	-0.435147786871	0.704837288464	3.1993689537	-2.49422073364	4.02438831329
16	9	0.499138474464	-0.482724665672	0.498706535368	-0.719908805845	-2.773198843	2.83740258217	-4.11475324631
17	9	0.4761608392	0.517274565961	-0.44747978949	0.729512756165	2.83921003342	-2.45654439926	4.0074672699
18	9	0.498286828399	-0.465731907438	0.343850695421	-0.815389777746	-2.66343736649	1.97987055779	-4.66138553619
19	9	0.498910274357	0.382358675365	-0.393202286421	0.836178094264	2.19160246849	-2.24707198143	4.76404571533
20	9	0.499816402793	-0.360937263018	0.388513513838	-0.847809849984	-2.07140135765	2.22751569748	-4.83965730667
21	9	0.49965172261	0.329466025791	-0.417730456002	0.846731010403	1.8810864687	-2.39173388481	4.8356719017
22	9	0.499984566122	-0.285471128377	0.481621027954	-0.828581571299	-1.63780808449	2.75043439865	-4.73667097092
23	9	0.499991960824	0.341586167685	-0.519493681125	0.783227428859	1.93338298798	-2.97236442566	4.48488521576
24	9	0.499997377396	-0.253115665933	0.596628322889	-0.761555712988	-1.45189070702	3.39400935173	-4.36539363861
25	9	0.499988745898	0.299937119071	-0.515710494418	0.80254620462	1.71847915649	-2.96413469315	4.57800579071
26	9	0.499259799719	-0.132940124029	0.694963364779	-0.706649025357	-0.797472119331	3.9370071888	-4.05908679962
27	9	0.498296160251	0.215655069562	-0.511349996073	0.831873832074	1.23524105549	-2.94497466087	4.75322055817
28	9	0.445909250528	-0.286304151104	0.50358119642	-0.815129383394	-1.45572900772	2.58758425713	-4.18144369125
29	9	0.49802768603	0.203004769729	-0.560135541894	0.80314210335	1.18471097946	-3.19303107262	4.5999045372
0	10	0.498871713877	0.391438534863	-0.428416095905	0.814392732159	2.21071004868	-2.44935655594	4.65918254852
1	10	0.498298119754	-0.247701118408	0.387250186942	-0.888077388887	-1.43612241745	2.21927714348	-5.07949495316
2	10	0.445313885808	0.195745846965	-0.419270992817	0.886507415636	1.01930904388	-2.14650511742	4.53848028183
3	10	0.497824635357	-0.380570193378	0.287366909943	-0.878969047795	-2.18602275848	1.63508033752	-5.02889633179
4	10	0.499123886228	0.489493620581	-0.0439913571609	0.870896524224	2.80138158798	-0.303354203701	4.96567726135
5	10	0.499976150692	-0.53745560626	0.123520164314	-0.834196763544	-3.0699930191	0.715963721275	-4.76982879639
6	10	0.499957043678	0.519094448635	-0.104000487783	0.84836598938	2.98083496094	-0.62147051096	4.83908176422
7	10	0.4999865219	-0.662617348115	0.233824611681	-0.71152252315	-3.75834202766	1.3358039856	-4.09763145447
8	10	0.499987419695	0.513011602108	-0.281190629854	0.811018449719	2.95079135895	-1.60012471676	4.62808227539
9	10	0.499997451901	-0.627496411806	0.208143392808	-0.750283000741	-3.56619977951	1.19258081913	-4.30698394775
10	10	0.499999418855	0.54356747666	-0.0960064147205	0.833856802245	3.12149620056	-0.573659241199	4.7558016777
11	10	0.499998100102	-0.650139432561	0.164476524043	-0.741799293116	-3.70185256004	0.935035407543	-4.2559671402
12	10	0.499999992549	0.574042838847	-0.239613740907	0.782981528733	3.29936242104	-1.38367390633	4.46063423157
13	10	0.499999493361	-0.653689473783	0.460015808016	-0.600895605109	-3.7340092659	2.60662174225	-3.4582028389
14	10	0.499994896352	0.651722616487	-0.415434589265	0.634564207312	3.71808338165	-2.3831410408	3.63089561462
15	10	0.499990046024	-0.624135668559	0.526101119375	-0.577643730534	-3.56304311752	2.98591470718	-3.32991600037
16	10	0.499726928771	0.475867916306	-0.507004561339	0.718676631742	2.7381696701	-2.89762592316	4.09377765656
17	10	0.499865747988	-0.531547324695	0.489275956436	-0.691423517146	-3.02174425125	2.79472184181	-3.96743226051
18	10	0.499568611383	0.468565791958	-0.409690200709	0.782687701481	2.67364811897	-2.34677171707	4.46960544586
19	10	0.499976232648	-0.388766592818	0.373220632678	-0.842357937964	-2.22909045219	2.1448700428	-4.80811786652
20	10	0.499974731356	0.366215611473	-0.362781382327	0.856898940687	2.09307456017	-2.08447647095	4.89485359192
21	10	0.499995015562	-0.203141140421	0.440222847512	-0.874607066972	-1.1871445179	2.51021337509	-4.99800300598
22	10	0.499993391335	0.241589183571	-0.496849274888	0.833531921659	1.38907933235	-2.83285522461	4.76741504669
23	10	0.499999005347	-0.356235773944	0.483855068512	-0.79936246224	-2.01212286949	2.7719476223	-4.57775306702
24	10	0.499999828637	0.212919118604	-0.530436117993	0.82055040897	1.24225091934	-3.02480983734	4.69062328339
25	10	0.499960973859	-0.402733376249	0.496586218101	-0.768900484879	-2.26827049255	2.85098838806	-4.40682554245
26	10	0.499698802829	0.324758327415	-0.640229706183	0.696159430085	1.85059404373	-3.64545536041	3.99960136414
27	10	0.445500552654	-0.235643062772	0.629749284739	-0.74019469421	-1.2107770443	3.21976423264	-3.79770183563
28	10	0.233470678329	-0.21958725887	0.57429181993	-0.788650962913	-0.624206125736	1.58660280704	-2.21020174026
29	10	0.445999275893	-0.273681726691	0.373788627692	-0.886216888963	-1.4026607275	1.94395530224	-4.53569841385
0	11	0.499258182943	-0.254926752808	0.455964487122	-0.852706712291	-1.47234559059	2.57917118073	-4.87683010101
1	11	0.499236170202	0.36723599324	-0.329125231132	0.869950750044	2.0850481987	-1.89020383358	4.96654987335
2	11	0.49958620593	-0.416668652485	0.312856800437	-0.853526716897	-2.36398792267	1.80221664906	-4.88419437408
3	11	0.499209314585	0.443011401436	-0.284978920892	0.850016419162	2.53189277649	-1.62683880329	4.84979152679
4	11	0.499941851944	-0.55389125718	0.277843970646	-0.78486126366	-3.14715147018	1.57143723965	-4.50841856003
5	11	0.499224256724	0.461185961731	-0.294530504398	0.836994199909	2.64596986771	-1.6613843441	4.77745246887
6	11	0.499620337039	-0.503209500888	0.251920351298	-0.826629502751	-2.87363696098	1.43456470966	-4.73055791855
7	11	0.499220151454	0.572593151984	-0.227685519588	0.787588970511	3.26592493057	-1.30509829521	4.49573135376
8	11	0.499961685389	-0.510118622253	0.308022072094	-0.803057528657	-2.92019557953	1.74511170387	-4.59476661682
9	11	0.499977014959	0.536285977505	-0.24247483505	0.808457361089	3.07363367081	-1.38468337059	4.6171169281
10	11	0.49995950982	-0.577956126303	0.180218627555	-0.795919570277	-3.30589771271	1.03528606892	-4.54765939713
11	11	0.49998742342	0.687490631759	-0.180690146787	0.703354606225	3.91523313522	-1.0435359478	4.03356933594
12	11	0.499987833202	-0.644456904146	0.243792758356	-0.724734702958	-3.6852312088	1.40159058571	-4.14007377625
13	11	0.499999552965	0.667302398281	-0.38967966416	0.634710381661	3.81467700005	-2.21379494667	3.63806009293
14	11	0.499999478459	-0.673160526579	0.352877660893	-0.649870957882	-3.84409427643	2.02366900444	-3.71619296074
15	11	0.499996893108	0.693541809833	-0.369539167917	0.618417788707	3.94664478302	-2.13188123703	3.54595565796
16	11	0.49999679625	-0.54075419787	0.527483208627	-0.655245268661	-3.09239244461	3.00114941597	-3.75850701332
17	11	0.499988861382	0.379922861051	-0.545519704889	0.747038734758	2.20809841156	-3.10605740547	4.2627415657
18	11	0.499994963408	-0.439267918001	0.514182936725	-0.736654331281	-2.51559066772	2.92718791962	-4.21770811081
19	11	0.49999345839	0.421272173487	-0.484520631372	0.76666127698	2.41340398788	-2.76255917549	4.38508176804
20	11	0.499999754131	-0.494185088588	0.387912777403	-0.778013351649	-2.79089021683	2.22625780106	-4.46717977524
21	11	0.499999813735	0.237877529174	-0.357529506503	0.903098517934	1.3827483654	-2.06569170952	5.14982843399
22	11	0.499993279576	-0.228799710971	0.470509546875	-0.852215617411	-1.32242560387	2.67882394791	-4.87462472916
23	11	0.499995548278	0.24983462012	-0.467390019058	0.848014877626	1.43474733829	-2.6668920517	4.84903049469
24	11	0.499979589134	-0.21546371832	0.398322018969	-0.891580033027	-1.24068379402	2.28888654709	-5.08974313736
25	11	0.499984975904	0.225368734565	-0.442175582652	0.868153032355	1.3164960146	-2.53552007675	4.9529914856
26	11	0.499211579561	-0.391081447197	0.474904424771	-0.78836608818	-2.22111845016	2.71756029129	-4.50248527527
27	11	0.497989904135	0.32735123669	-0.496875174374	0.803714021856	1.87911748886	-2.84607720375	4.59550666809
28	11	0.444535341114	-0.204083794437	0.627314288484	-0.751549458327	-1.05579388142	3.19590520859	-3.85077285767
29	11	0.498003698885	0.140293832561	-0.367535690796	0.919366714938	0.826409935951	-2.12192559242	5.25194215775
0	12	0.499958068132	0.37462593302	-0.295718327016	0.878752571192	2.12491703033	-1.70995223522	5.02513170242
1	12	0.499978750944	-0.36049038381	0.326631831763	-0.873703799728	-2.0590057373	1.87472581863	-4.99263525009
2	12	0.499963611364	0.293977893623	-0.440350241546	0.848332872657	1.70676779747	-2.49387693405	4.85385322571
3	12	0.499978855252	-0.475025248174	0.277733938164	-0.834993936019	-2.70260381699	1.6052724123	-4.77654123306
4	12	0.499220337719	0.484711749281	-0.199067885433	0.851719729194	2.76388239861	-1.15294229984	4.85924339294
5	12	0.498313430697	-0.443484660062	0.235370030592	-0.864825014086	-2.54049015045	1.35135829449	-4.95056629181
6	12	0.444600017741	0.313497876008	-0.303212105509	0.899878603375	1.62422394753	-1.54359698296	4.59801483154
7	12	0.497960995883	-0.582279653432	0.207638286114	-0.786025920271	-3.3157749176	1.19544279575	-4.50905847549
8	12	0.49924800545	0.442468160825	-0.242712922316	0.863314753724	2.54881620407	-1.387591362	4.91662597656
9	12	0.499235872179	-0.554025937039	0.253675761032	-0.792908487376	-3.15049886703	1.4473682642	-4.53478336334
10	12	0.49957523495	0.552105252566	-0.258643626205	0.792643214008	3.16342401505	-1.48595201969	4.52478122711
11	12	0.499247550964	-0.642687305547	0.286027935143	-0.710732753998	-3.66708040237	1.63142538071	-4.05961227417
12	12	0.499970339239	0.644537226978	-0.269505509692	0.715498807326	3.68528175354	-1.54252839088	4.08913516998
13	12	0.499986670911	-0.685388738973	0.283726268693	-0.670627825953	-3.90475773811	1.63584709167	-3.84210824966
14	12	0.499999411404	0.617860231696	-0.318638370267	0.718831220163	3.53663420677	-1.8307492733	4.10200834274
15	12	0.49999986589	-0.630936033901	0.345401941158	-0.694706571273	-3.60371112823	1.98077940941	-3.97165489197
16	12	0.499999031425	0.580255728909	-0.440254682499	0.685185451981	3.30751633644	-2.51711344719	3.92581295967
17	12	0.499999657273	-0.528063533702	0.442092791642	-0.725053700048	-3.00812673569	2.53156280518	-4.15101957321
18	12	0.499999530613	0.534394215464	-0.422218046424	0.732225883012	3.04260206223	-2.42659902573	4.18829536438
19	12	0.500000074506	-0.432429910675	0.553462783229	-0.711816914617	-2.47843074799	3.13854885101	-4.08638858795
20	12	0.500000342727	0.389623805692	-0.428368188001	0.815287670425	2.23546433449	-2.45492386818	4.65424203873
21	12	0.499993871897	-0.340086977574	0.435166235424	-0.833649323896	-1.9485013485	2.47303342819	-4.77202129364
22	12	0.499986886978	0.38815262843	-0.373169330903	0.842663745225	2.19579935074	-2.1479511261	4.82234287262
23	12	0.499604474753	-0.29071505087	0.438724409396	-0.85029739021	-1.66398286819	2.49229168892	-4.86364555359
24	12	0.499821092933	0.271185876928	-0.30647239349	0.912432404172	1.55501496792	-1.78537344933	5.20453548431
25	12	0.499463379383	-0.306005257177	0.48326573027	-0.820253019822	-1.75852584839	2.7419564724	-4.69203472137
26	12	0.499940313399	0.493016737842	-0.392910048076	0.776244929342	2.7880487442	-2.27041745186	4.4463186264
27	12	0.499207906425	-0.38762017653	0.488654211956	-0.781644202873	-2.21053886414	2.78920221329	-4.46272563934
28	12	0.499584160745	0.413311411876	-0.576073032097	0.705204607546	2.34233140945	-3.27002763748	4.06567144394
29	12	0.499290514737	-0.295584072298	0.446227508486	-0.844695842818	-1.69451069832	2.5374994278	-4.82644367218
0	13	0.499987339601	-0.308667679311	0.23564562676	-0.921517988071	-1.78099822998	1.37044048309	-5.25708198547
1	13	0.499997388572	0.385788267735	-0.346754283805	0.854943787123	2.18424725533	-1.98427295685	4.89717388153
2	13	0.499999236315	-0.295354648737	0.458710019566	-0.838063690551	-1.70616030693	2.60719060898	-4.79369163513
3	13	0.499963358045	0.449046293405	-0.442436900653	0.77627766638	2.55459213257	-2.50325250626	4.46126270294
4	13	0.49970991537	-0.426676526954	0.240333476468	-0.871887011851	-2.4495806694	1.39303326607	-4.9763212204
5	13	0.445928521454	0.441890284663	-0.275354364864	0.853763989678	2.25657892227	-1.41585576534	4.38252401352
6	13	0.232926531695	0.350509439178	-0.285411379654	0.892010917765	1.00342273712	-0.796909093857	2.47318029404
7	13	0.445711825043	0.475081008567	-0.212427755636	0.853915970067	2.42172241211	-1.10173153877	4.38208389282
8	13	0.498927872628	-0.448196582267	0.231697412604	-0.86338643297	-2.56447672844	1.32484769821	-4.92550945282
9	13	0.497918486595	0.488027826116	-0.267008240222	0.830984621151	2.7943675518	-1.53147792816	4.75262546539
10	13	0.445409566164	-0.504564829849	0.484725328853	-0.714461817068	-2.58944702148	2.46569609642	-3.67060041428
11	13	0.497722841799	0.643165452604	-0.415638895861	0.643103808747	3.67256712914	-2.36181545258	3.69602131844
12	13	0.499239586294	-0.613309163255	0.273237402719	-0.741075699253	-3.49968385696	1.57831096649	-4.22487449646
13	13	0.49998871237	0.595507613676	-0.363305278724	0.716505377862	3.40390872955	-2.06244587898	4.10497951508
14	13	0.499998748302	-0.536824772627	0.420535227894	-0.731415945679	-3.08180308342	2.37883806229	-4.18727827072
15	13	0.500000081956	0.592007168778	-0.317879615584	0.74059439784	3.37257099152	-1.83187830448	4.23793125153
16	13	0.499999374151	-0.460224414052	0.444834964873	-0.768319818004	-2.64679813385	2.53012633324	-4.39126157761
17	13	0.500000417233	0.43094116503	-0.408240857954	0.80475407062	2.47854232788	-2.33265686035	4.5937871933
18	13	0.499999880791	-0.550000800126	0.361991291955	-0.752636316164	-3.12535524368	2.0822467804	-4.31115102768
19	13	0.499999925494	0.453955064055	-0.477318156631	0.75239097361	2.59956789017	-2.71563625336	4.30767822266
20	13	0.499998826534	-0.413016365901	0.432622101539	-0.801408509288	-2.36710643768	2.46038389206	-4.58600521088
21	13	0.499995265156	0.398000540932	-0.331534422963	0.855383244989	2.2717256546	-1.91070091724	4.88620901108
22	13	0.499602351338	-0.322022607283	0.369117276347	-0.871810688568	-1.85360908508	2.10679864883	-4.97571992874
23	13	0.498957887292	0.305527930525	-0.3764728586	0.87459754768	1.752997756	-2.16068530083	4.99619197845
24	13	0.468258008361	-0.329193684075	0.39661080291	-0.856931379621	-1.77555751801	2.13977122307	-4.62505674362
25	13	0.49815543741	0.381104476147	-0.471681397116	0.795157869782	2.17566680908	-2.69681739807	4.55442619324
26	13	0.499134927988	-0.40537179564	0.467857900588	-0.785355137602	-2.31169748306	2.66654968262	-4.48551702499
27	13	0.499967638403	0.274237473096	-0.491222331621	0.826737218992	1.60061895847	-2.79408121109	4.72521305084
28	13	0.499951928854	-0.348511973205	0.347571370409	-0.870478918185	-1.99327492714	2.01813554764	-4.96433734894
29	13	0.499991003424	0.349827524738	-0.365166470715	0.862713249928	1.99203836918	-2.08668875694	4.93580579758
0	14	0.499999411404	0.386407574324	-0.252827339025	0.886999167501	2.18543457985	-1.46929657459	5.07527685165
1	14	0.499999817461	-0.223612769351	0.379256672616	-0.897865082103	-1.3079726696	2.15914392471	-5.13021850586
2	14	0.499998107553	0.308829349201	-0.383604419046	0.870328721094	1.76069378853	-2.19670581818	4.97563409805
3	14	0.49999178201	-0.371924932196	0.363718267415	-0.854037977352	-2.13893461227	2.08796548843	-4.87372112274
4	14	0.499251566827	0.479609257534	-0.321988229701	0.816271119189	2.72500610352	-1.83871412277	4.66680288315
5	14	0.498328942806	-0.465544415057	0.389299998905	-0.794804320863	-2.66430282593	2.21455717087	-4.55920028687
6	14	0.445766482502	0.402253344654	-0.377793827664	0.833944884566	2.06818032265	-1.92051422596	4.28018331528
7	14	0.498182222247	-0.350264856165	0.321845319599	-0.879619304465	-2.02265238762	1.83208107948	-5.03265953064
8	14	0.498919490725	0.483163417018	-0.220627162492	0.847276087014	2.75165367126	-1.28329443932	4.83581447601
9	14	0.445540491492	-0.499380555992	0.413154411282	-0.761526422874	-2.56164717674	2.10810518265	-3.90740537643
10	14	0.235163403675	-0.533976499343	0.394905404437	-0.747608734363	-1.48292732239	1.12037062645	-2.11028456688
11	14	0.445419903845	-0.383285886961	0.493426422456	-0.780783128967	-1.98702287674	2.51427602768	-3.99896073341
12	14	0.499602921307	0.523966630928	-0.334980053483	0.783101100397	2.99972629547	-1.91392743587	4.47539138794
13	14	0.499960504472	-0.514513382939	0.237104385684	-0.824049445765	-2.9468896389	1.37695360184	-4.70134449005
14	14	0.4999996759	0.511338427485	-0.289347941422	0.809203794709	2.93001890182	-1.66167390347	4.61940765381
15	14	0.500000208616	-0.535264433939	0.272271033895	-0.799600193761	-3.05757594109	1.56997084618	-4.56864786148
16	14	0.499999888241	0.453900391837	-0.408891297558	0.791695863998	2.60113573074	-2.32297420502	4.53047132492
17	14	0.499999970198	-0.389265457584	0.354397851785	-0.850220304499	-2.25008845329	2.02737140656	-4.84933423996
18	14	0.500000417233	0.47958231521	-0.313723228314	0.819498956042	2.73872232437	-1.79833507538	4.68516206741
19	14	0.500000193715	-0.470789299036	0.368660538134	-0.801527818317	-2.69610023499	2.09693336487	-4.58490896225
20	14	0.499999541789	0.489940669504	-0.274697908892	0.827344667727	2.78523111343	-1.59327173233	4.73217964172
21	14	0.499981146306	-0.443542968848	0.322535546512	-0.836205988989	-2.53155994415	1.84520578384	-4.7817773819
22	14	0.499811917543	0.413302940113	-0.349230735461	0.840962884498	2.35617232323	-2.00287532806	4.80822706223
23	14	0.468165647238	-0.410207607399	0.453421333288	-0.791289336053	-2.20303320885	2.43693089485	-4.28065299988
24	14	0.305944776163	-0.338310625591	0.479884590899	-0.809479277085	-1.23847997189	1.73989105225	-2.97646045685
25	14	0.417539235204	-0.324681893104	0.389845030682	-0.861743883264	-1.58237063885	1.90447592735	-4.17733430862
26	14	0.498193129897	0.439533485541	-0.445667729465	0.779865751269	2.50661492348	-2.54773402214	4.46786260605
27	14	0.499161995947	-0.430719594464	0.406038033178	-0.805986195017	-2.44248795509	2.32180833817	-4.6069817543
28	14	0.499977566302	0.343468096856	-0.417364593875	0.84133017432	1.96953213215	-2.37518119812	4.81290531158
29	14	0.499989807606	-0.305323962616	0.398994020436	-0.86462769416	-1.75026261806	2.26826930046	-4.94741249084
0	15	0.499998733401	-0.323174149057	0.33683153829	-0.884365865575	-1.83751893044	1.92323708534	-5.06039428711
1	15	0.500000011176	0.263072659283	-0.371402255866	0.890423011987	1.50289058685	-2.12316465378	5.09056282043
2	15	0.500000085682	-0.23109648119	0.387661910459	-0.892363524333	-1.3503408432	2.21507525444	-5.09546852112
3	15	0.499987229705	0.449230360955	-0.443259755575	0.775701535311	2.55622029305	-2.51149940491	4.45600366592
4	15	0.499978706241	-0.44443945156	0.284059680495	-0.849578525985	-2.54859566689	1.63771271706	-4.84878253937
5	15	0.499259285629	0.466646630714	-0.284668168858	0.837379815664	2.67144012451	-1.63590574265	4.77223825455
6	15	0.499623980373	-0.529598450545	0.266489204099	-0.805300555867	-3.01159954071	1.53153276443	-4.61241483688
7	15	0.499257113785	0.437235854502	-0.275879247306	0.855987995502	2.50112104416	-1.58547067642	4.88064432144
8	15	0.499276846647	-0.520173314418	0.315778482711	-0.793538702789	-2.96899580956	1.7887339592	-4.53672790527
9	15	0.497612453997	0.618549270391	-0.225690220959	0.752635851035	3.51896619797	-1.31353998184	4.31373023987
10	15	0.445331387222	-0.373233644273	0.455738934829	-0.808083331138	-1.93787550926	2.32405591011	-4.1347360611
11	15	0.497817263007	0.561545504056	-0.363295552333	0.743426518581	3.20983076096	-2.07711219788	4.25563097
12	15	0.499233826995	-0.578905358892	0.347101384227	-0.737827360915	-3.29409837723	1.97705602646	-4.22190237045
13	15	0.499989170581	0.483077497271	-0.270600748217	0.832713255986	2.77966332436	-1.55977463722	4.74649477005
14	15	0.499998025596	-0.543847931464	0.338669808203	-0.767809995021	-3.10868644714	1.9175208807	-4.39827632904
15	15	0.499999925494	0.538438464664	-0.251774836986	0.804172525787	3.07238531113	-1.45634829998	4.59596729279
16	15	0.499997720122	-0.494738532308	0.340099027187	-0.799728976814	-2.82558059692	1.94148850441	-4.57512712479
17	15	0.499998807907	0.547612158888	-0.297131181248	0.782198174741	3.10368418694	-1.70215702057	4.49020576477
18	15	0.499997720122	-0.444584307886	0.225678379315	-0.866841428574	-2.55541205406	1.31001138687	-4.94382429123
19	15	0.500000130385	0.53155291115	-0.229128634139	0.815445627657	3.01356697083	-1.33027207851	4.67356348038
20	15	0.4999983944	-0.367679408375	0.313712528768	-0.875440633025	-2.12672042847	1.79039788246	-4.99604845047
21	15	0.499994121492	0.428311739293	-0.33779685527	0.838118332071	2.44204854965	-1.92704367638	4.79639816284
22	15	0.499476347119	-0.377857419372	0.362111234763	-0.85211456054	-2.16169118881	2.06883144379	-4.86440944672
23	15	0.498273447156	0.292642100965	-0.433093533119	0.852520141881	1.69002223015	-2.48210334778	4.87352657318
24	15	0.417841080576	-0.327102369234	0.395180571537	-0.858391726382	-1.59223222733	1.92947530746	-4.16579198837
25	15	0.365498300642	-0.363633431835	0.447339352801	-0.817103561788	-1.59186458588	1.94920134544	-3.58347845078
26	15	0.417864769697	-0.411855118677	0.451653203608	-0.791444720046	-1.99900817871	2.18533277512	-3.85256814957
27	15	0.498140599579	0.403397207806	-0.338319622765	0.850182642487	2.30828952789	-1.9450968504	4.86156320572
28	15	0.499468784779	-0.387666932864	0.33913927771	-0.857145786595	-2.20656108856	1.9492868185	-4.89414215088
29	15	0.499992664903	0.196413675073	-0.362186815404	0.911176370958	1.17084240913	-2.07137060165	5.200258255
0	16	0.499999731779	0.279384336306	-0.304690681279	0.910553667484	1.60648262501	-1.74472475052	5.20278787613
1	16	0.500000186265	-0.231094215439	0.396822470401	-0.888328424951	-1.33788561821	2.24891519547	-5.08321714401
2	16	0.499999605119	0.328537684095	-0.316337580344	0.889940180794	1.88302469254	-1.8216688633	5.08219575882
3	16	0.499999441206	-0.531215824603	0.368080987342	-0.763102964513	-3.00373077393	2.09280657768	-4.39399814606
4	16	0.499987050891	0.491162573253	-0.280316367259	0.82473150836	2.81006526947	-1.60991597176	4.71094989777
5	16	0.499990291893	-0.534610599359	0.363507506046	-0.76292450485	-3.04903268814	2.05755114555	-4.37694549561
6	16	0.49996156618	0.522712790311	-0.268566674948	0.809100290417	2.98187446594	-1.54458665848	4.62642288208
7	16	0.499981090426	-0.409139512707	0.369225679795	-0.834432295948	-2.36149644852	2.09145617485	-4.76846981049
8	16	0.499957680702	0.526585353794	-0.309001063159	0.791976141141	3.00024962425	-1.77084541321	4.53266477585
9	16	0.499298490584	-0.498803159431	0.336613004009	-0.798678341808	-2.86425209045	1.90986132622	-4.55432319641
10	16	0.499634459615	0.543855781978	-0.346410132252	0.764343449428	3.10218143463	-1.9784078598	4.37655687332
11	16	0.499221742153	-0.583402571059	0.303113437778	-0.753500951506	-3.32429838181	1.73923015594	-4.30164527893
12	16	0.499972321093	0.566842366402	-0.362924458165	0.73957796703	3.23877048492	-2.06212997437	4.23592615128
13	16	0.49998704344	-0.548166663596	0.348766839426	-0.760180899944	-3.13019657135	1.97682929039	-4.35695648193
14	16	0.499999269843	0.628132296299	-0.239240150329	0.740414727579	3.56684207916	-1.3868547678	4.24800205231
15	16	0.499987076968	-0.488929987612	0.306613117737	-0.816661412854	-2.80268502235	1.75277638435	-4.66465997696
16	16	0.499991104007	0.393940720921	-0.359267044752	0.846012942546	2.26951360703	-2.04170560837	4.83397483826
17	16	0.499962959439	-0.420552767358	0.291892914844	-0.859030788815	-2.4152469635	1.67548620701	-4.90298366547
18	16	0.499990772456	0.432823226804	-0.343968189367	0.833276628163	2.48296165466	-1.94667983055	4.76775360107
19	16	0.499988105148	-0.422674208897	0.292347708397	-0.857834092659	-2.42119455338	1.68540477753	-4.89726495743
20	16	0.499999821186	0.39044222781	-0.343790511475	0.854027488412	2.23787689209	-1.96323609352	4.88071537018
21	16	0.499991111457	-0.413135436494	0.283987923747	-0.865257170024	-2.36407256126	1.64367449284	-4.93902349472
22	16	0.499977678061	0.434741757578	-0.324561197007	0.84003549545	2.47121047974	-1.87210798264	4.80427265167
23	16	0.499143451452	-0.34145754383	0.533052716459	-0.774119853276	-1.95203626156	3.01333808899	-4.43803787231
24	16	0.498111274093	0.298553188282	-0.411710051909	0.861023127984	1.71851301193	-2.35958194733	4.9202504158
25	16	0.417522525415	-0.356389617678	0.22977787726	-0.905642626831	-1.72882068157	1.12960386276	-4.39464759827
26	16	0.306196432561	-0.378701491765	0.293449553691	-0.877765651853	-1.38877463341	1.08685481548	-3.21330666542
27	16	0.468405708671	-0.397296351418	0.438732779483	-0.806020568818	-2.14685368538	2.35742592812	-4.3559384346
28	16	0.499814040959	0.462526646349	-0.420054553366	0.780783755987	2.63516783714	-2.39215183258	4.47365570068
29	16	0.499979577959	-0.47711522407	0.351541712949	-0.805468489152	-2.69649600983	2.00456380844	-4.62757396698
0	17	0.499998459592	-0.207473462212	0.158829308361	-0.965260593458	-1.22081708908	0.935290455818	-5.50784444809
1	17	0.500000186265	0.293821766587	-0.291853865931	0.910214310161	1.68315267563	-1.66190767288	5.20542001724
2	17	0.500000510365	-0.377723776411	0.308726744015	-0.872933300008	-2.14497447014	1.75582170486	-4.99976873398
3	17	0.500000130385	0.283663138336	-0.213872205681	0.934769438732	1.67275822163	-1.2395939827	5.32720088959
4	17	0.499999821186	-0.502131795095	0.213398612157	-0.83804814461	-2.85394191742	1.23079943657	-4.79914999008
5	17	0.499997593462	0.536260361354	-0.305646538713	0.786768719646	3.05781364441	-1.73201942444	4.50972747803
6	17	0.499999094754	-0.519104657502	0.214625567406	-0.827324736954	-2.95970058441	1.24436032772	-4.73052692413
7	17	0.499997094274	0.467734312464	-0.320837471049	0.823582376034	2.68011140823	-1.82404136658	4.70891666412
8	17	0.499988060445	-0.502428776617	0.297353105735	-0.811878349839	-2.88183021545	1.70048809052	-4.63528490067
9	17	0.499987475574	0.547712232487	-0.283279701579	0.78725086285	3.13143491745	-1.62251639366	4.49953889847
10	17	0.49996189028	-0.53344440629	0.287299215094	-0.795547752435	-3.05981445312	1.64445018768	-4.53994989395
11	17	0.499989874661	0.568425069349	-0.286215305898	0.771345408495	3.24747776985	-1.64736664295	4.4075922966
12	17	0.499987125397	-0.533049078625	0.262323413633	-0.804391140203	-3.04499816895	1.51438045502	-4.59563350677
13	17	0.499999027699	0.432484420884	-0.242722789058	0.868356420696	2.49502897263	-1.40477764606	4.94919157028
14	17	0.49998729676	-0.551429538026	0.24689610869	-0.7968486532	-3.13678050041	1.424041152	-4.56329536438
15	17	0.499976709485	0.501836070651	-0.363152388367	0.785035604936	2.86220192909	-2.06198310852	4.49940824509
16	17	0.499252360314	-0.408572707713	0.307673547048	-0.859305144264	-2.33886289597	1.76356506348	-4.89953184128
17	17	0.49970870465	0.465290815853	-0.277790427368	0.840438537399	2.65820121765	-1.58844518661	4.80704450607
18	17	0.499232135713	-0.55798824903	0.236399887592	-0.795464774262	-3.15462899208	1.37878596783	-4.55484008789
19	17	0.499973963946	0.392411519965	-0.468836224796	0.79133165823	2.25620079041	-2.64400529861	4.54157114029
20	17	0.499986954033	-0.426612140963	0.439297199852	-0.79058209655	-2.43685936928	2.49843382835	-4.52784633636
21	17	0.499999634922	0.434749349714	-0.425713050016	0.793575076454	2.47857046127	-2.41723585129	4.54981136322
22	17	0.499988939613	-0.368265256585	0.346968662438	-0.86255054813	-2.1216878891	2.00009036064	-4.91789340973
23	17	0.49996227026	0.365134748145	-0.495984194341	0.787830117894	2.09624505043	-2.8146853447	4.51394367218
24	17	0.49912128225	-0.351888038875	0.417591410042	-0.837730399565	-2.01247525215	2.38028502464	-4.78143930435
25	17	0.497339017689	0.363408791027	-0.355745672627	0.86103372002	2.07829666138	-2.03521490097	4.91758441925
26	17	0.467681851238	-0.28601922284	0.233083887151	-0.929443331095	-1.55373823643	1.27537190914	-5.00732660294
27	17	0.498212970793	0.384027931209	-0.355697614025	0.852057366278	2.19557285309	-2.0406370163	4.8605890274
28	17	0.499574147165	-0.460284818035	0.430603684696	-0.776349375612	-2.62657785416	2.43604040146	-4.45090055466
29	17	0.499980576336	0.445361350143	-0.198602631022	0.873046540999	2.53593873978	-1.1685757637	4.99095964432
0	18	0.499998517334	0.298238838728	-0.211681360759	0.930722620646	1.71733880043	-1.22645330429	5.31426143646
1	18	0.499999724329	-0.389463099601	0.186935649737	-0.901872250879	-2.21017289162	1.08267688751	-5.1601319313
2	18	0.49999981001	0.351956852588	-0.269233805127	0.896459442526	2.030159235	-1.51977860928	5.12443208694
3	18	0.499998994172	-0.476421595877	0.187200378751	-0.859056739207	-2.70231676102	1.07957780361	-4.9214425087
4	18	0.50000044331	0.395842168738	-0.19772585739	0.896779495064	2.28650808334	-1.13257777691	5.11604547501
5	18	0.499998226762	-0.467732906791	0.18868724863	-0.86349467289	-2.68099164963	1.09009873867	-4.93090105057
6	18	0.499999959022	0.415354965424	-0.219033883735	0.882895469732	2.39810705185	-1.25539588928	5.0358171463
7	18	0.49999935925	-0.513600676935	0.245666926991	-0.822108329622	-2.93632125854	1.41357135773	-4.6975736618
8	18	0.499999701977	0.610928656791	-0.282188617471	0.73968625814	3.48083353043	-1.61312806606	4.2389216423
9	18	0.499998115003	-0.641653249009	0.253371781571	-0.723936356553	-3.65593457222	1.45992267132	-4.14581489563
10	18	0.499999672174	0.627499346413	-0.246904873146	0.738432497841	3.57790517807	-1.43421578407	4.22284698486
11	18	0.499997936189	-0.577573887755	0.452757862886	-0.679278088692	-3.29929232597	2.55676364899	-3.9083776474
12	18	0.499999493361	0.511179019179	-0.36150000108	0.779752370673	2.91670107841	-2.05986905098	4.46561861038
13	18	0.499997593462	-0.412132686336	0.35532914112	-0.838980244299	-2.36743378639	2.01486968994	-4.79808807373
14	18	0.499989639968	0.38139359712	-0.303560083655	0.873149586089	2.20317721367	-1.73999404907	4.98071956635
15	18	0.49924730137	-0.450856058862	0.367154168608	-0.813588735579	-2.56443762779	2.08111691475	-4.65631866455
16	18	0.498096186668	0.365047263135	-0.340143302631	0.866627387839	2.1017742157	-1.94188022614	4.95729780197
17	18	0.445784207433	-0.430358439034	0.247178253589	-0.868155818332	-2.20522046089	1.27042448521	-4.45057535172
18	18	0.498379141092	0.437758326403	-0.300080202295	0.847537326527	2.50596165657	-1.71379232407	4.85559368134
19	18	0.499239977449	-0.31326904594	0.300497682731	-0.900868274238	-1.8174008131	1.72987103462	-5.12820053101
20	18	0.49999057129	0.458935037097	-0.344217860034	0.819080396883	2.60416412354	-1.97094118595	4.69293451309
21	18	0.499998148531	-0.406186554065	0.370903641976	-0.835130511756	-2.33113336563	2.12056851387	-4.76972007751
22	18	0.499997410923	0.478271775824	-0.386986676735	0.788351076919	2.71638298035	-2.20018291473	4.52458143234
23	18	0.499980501831	-0.510482945579	0.360110503378	-0.780850553966	-2.89453577995	2.06612753868	-4.47696304321
24	18	0.499220348895	0.426354253403	-0.339857315676	0.838283398134	2.42982769012	-1.95533657074	4.78118991852
25	18	0.497718736529	-0.42064541739	0.409134783605	-0.809732154279	-2.39916348457	2.33278465271	-4.63807296753
26	18	0.445357438177	0.275832435826	-0.413663048853	0.867640103591	1.42644846439	-2.11694478989	4.44358587265
27	18	0.497843950987	-0.371442876272	0.456125269866	-0.808690254582	-2.13310527802	2.5956158638	-4.63052082062
28	18	0.499204251915	0.493847518541	-0.347439987164	0.797119867868	2.79583024979	-2.00011301041	4.55751895905
29	18	0.499985326082	-0.441447600052	0.329077360604	-0.834764701665	-2.50771617889	1.87046706676	-4.78612184525
0	19	0.499999515712	-0.318777850039	0.406590303687	-0.856192155578	-1.8239030838	2.28104257584	-4.91672897339
1	19	0.499999970198	0.350578931924	-0.180364739214	0.919001073634	2.00884389877	-1.03947925568	5.2511806488
2	19	0.499993562698	-0.440894896723	0.0742249777253	-0.894484400493	-2.51341891289	0.461588948965	-5.11516571045
3	19	0.499995365739	0.509428497831	-0.203904173129	0.836005797694	2.89408493042	-1.160384655	4.79233789444
4	19	0.499979894608	-0.486515931272	0.218481682019	-0.845912526944	-2.78104925156	1.24718844891	-4.83670520782
5	19	0.499993652105	0.607541281593	-0.196570998435	0.769580037251	3.44414997101	-1.13173401356	4.42157125473
6	19	0.49999153614	-0.49364299154	0.25332445397	-0.831951511763	-2.83407521248	1.44201755524	-4.7513012886
7	19	0.49999987334	0.541536989627	-0.294372989615	0.787453002947	3.09463167191	-1.67901730537	4.50412321091
8	19	0.499999910593	-0.601223172107	0.313202545492	-0.73514274996	-3.43529844284	1.79148054123	-4.20374393463
9	19	0.499999657273	0.595758232253	-0.363032819899	0.716435133406	3.40582084656	-2.05959486961	4.10405874252
10	19	0.499999761581	-0.596832889004	0.325979211365	-0.73316304896	-3.40700244904	1.86408162117	-4.19544887543
11	19	0.499999351799	0.531656776316	-0.414865146613	0.738395545979	3.03748703003	-2.3542842865	4.23381233215
12	19	0.499999765307	-0.403366378673	0.26650012998	-0.875370347497	-2.3316411972	1.5420384407	-4.98809719086
13	19	0.500000167638	0.469448477533	-0.254176709577	0.845584015489	2.67472076416	-1.46480631828	4.83555030823
14	19	0.499961119145	-0.447650285231	0.316498564371	-0.836324028642	-2.54501867294	1.80086410046	-4.79173517227
15	19	0.499679941684	0.398193370891	-0.22988275822	0.888029254502	2.28646707535	-1.33119225502	5.06941890717
16	19	0.445068649948	-0.504495872641	0.189277998565	-0.842411867051	-2.56166219711	0.976582050323	-4.32386064529
17	19	0.233108664863	-0.371845604091	0.22634259595	-0.900277666044	-1.0479888916	0.644755721092	-2.50099682808
18	19	0.446201976389	-0.414510248505	0.354695719339	-0.838076488494	-2.12048625946	1.80400705338	-4.3108997345
19	19	0.499680645764	0.382473191621	-0.308434523203	0.870966361341	2.17764091492	-1.76391899586	4.98380327225
20	19	0.499962858856	-0.366794306214	0.292231640669	-0.883211529092	-2.10400533676	1.6830265522	-5.04181146622
21	19	0.499999571592	0.408055570823	-0.339017087166	0.847678043676	2.32520532608	-1.93758702278	4.85010099411
22	19	0.500000067055	-0.333505983912	0.246504689747	-0.909950106669	-1.93032181263	1.44227731228	-5.18584537506
23	19	0.49996150285	0.405884913963	-0.320572730577	0.855856624107	2.32077288628	-1.83593094349	4.89117956161
24	19	0.499681822956	-0.359858552501	0.403485475931	-0.841249839765	-2.06794953346	2.28816199303	-4.81526565552
25	19	0.445728626102	0.390747081803	-0.435743735084	0.810829276357	1.99687027931	-2.22785615921	4.16245079041
26	19	0.232750525698	0.375120667898	-0.391603624016	0.84019705199	1.0316041708	-1.1019525528	2.33843779564
27	19	0.445472128689	0.311656480851	-0.507566502545	0.803272359439	1.60146081448	-2.58420348167	4.12400722504
28	19	0.499679982662	-0.337897328177	0.439297585668	-0.832371928189	-1.94416880608	2.49963188171	-4.76158761978
29	19	0.499960858375	0.268304962904	-0.349820425739	0.89757346029	1.55863630772	-1.99925708771	5.12440729141
0	20	0.499997567385	0.328910322093	-0.18634887066	0.925792686526	1.87959170341	-1.08271563053	5.28976535797
1	20	0.499993773177	-0.308468480815	0.164569575285	-0.936890629281	-1.78560781479	0.951921582222	-5.34715509415
2	20	0.499987922609	0.421366917322	-0.204187034338	0.883604875493	2.40188026428	-1.15603971481	5.05781936646
3	20	0.499604105949	-0.350188704087	0.233543677334	-0.907097140502	-2.02341413498	1.32536530495	-5.17558908463
4	20	0.499825362116	0.430450854341	-0.244135721254	0.86897054703	2.46558451653	-1.38990485668	4.96711492538
5	20	0.499475412071	-0.513571149577	0.236649352091	-0.824767699705	-2.94259953499	1.34380459785	-4.70667266846
6	20	0.499978527427	0.586087062816	-0.195360629035	0.786343550506	3.3357796669	-1.13327181339	4.50290489197
7	20	0.499989774078	-0.523238214161	0.309599787618	-0.793958275194	-3.00652742386	1.75934052467	-4.5333943367
8	20	0.499999597669	0.640761308235	-0.337306252929	0.689673428229	3.64176273346	-1.92317986488	3.96596455574
9	20	0.499999783933	-0.532444192421	0.316768479212	-0.784959178897	-3.05714702606	1.80929160118	-4.47953796387
10	20	0.500000528991	0.554861131633	-0.280454440649	0.783246086056	3.17038059235	-1.61144077778	4.47612285614
11	20	0.49999846518	-0.480004295557	0.34343718933	-0.807246414195	-2.75505900383	1.95547676086	-4.61206579208
12	20	0.499999541789	0.464150987036	-0.297543747471	0.834285070929	2.65186500549	-1.69390332699	4.77286720276
13	20	0.499997064471	-0.474326579472	0.248012265938	-0.84469178518	-2.69919872284	1.41775000095	-4.83686447144
14	20	0.499975968152	0.302964194177	-0.338676023863	0.890792483077	1.76578807831	-1.91431117058	5.09057474136
15	20	0.499249968678	-0.376544855255	0.277685347039	-0.883801346469	-2.14191293716	1.58666205406	-5.04787826538
16	20	0.497895918787	0.296439395852	-0.354174546444	0.886952126802	1.7066270113	-2.01893758774	5.0750670433
17	20	0.444967148826	-0.301316690841	0.167523483593	-0.938692779489	-1.56161832809	0.875003576279	-4.79572439194
18	20	0.498310886323	0.344998664009	-0.347745531843	0.871807872708	1.9778175354	-1.98788785934	4.99264812469
19	20	0.499245349318	-0.294294220288	0.300653877759	-0.907192459015	-1.69448661804	1.72917342186	-5.16946363449
20	20	0.499991532415	0.334128169522	-0.357891723932	0.871935708796	1.91865730286	-2.04443836212	4.98244571686
21	20	0.499997593462	-0.392129996852	0.416567119408	-0.820186503545	-2.23751235008	2.37736392021	-4.69313573837
22	20	0.499997768551	0.371313895935	-0.418181165952	0.829005731662	2.12945532799	-2.37890315056	4.74303627014
23	20	0.499992094934	-0.418840536212	0.307658674787	-0.854352822348	-2.38707065582	1.76467144489	-4.88590288162
24	20	0.499235305935	0.365531106325	-0.224733120962	0.903261885973	2.09736204147	-1.31715118885	5.14390182495
25	20	0.498285587877	-0.423519513685	0.394605633427	-0.815424806831	-2.42108631134	2.24217844009	-4.6797413826
26	20	0.445465613157	0.298047663742	-0.41153830109	0.861280335822	1.53944587708	-2.10810732841	4.40838098526
27	20	0.498050868511	-0.351686737976	0.308183645793	-0.883933978755	-2.01407384872	1.77520442009	-5.05471801758
28	20	0.499242715538	0.436545746778	-0.392856450752	0.809377303903	2.46504926682	-2.2271194458	4.6434545517
29	20	0.499986011535	-0.3280043459	0.220124347778	-0.918672096336	-1.88201844692	1.28255140781	-5.24459552765
0	21	0.499998573214	-0.321810192539	0.202154949501	-0.924971121912	-1.85510396957	1.17677855492	-5.27876091003
1	21	0.49999570474	0.461263496458	-0.24564225824	0.852581883341	2.6109457016	-1.39308702946	4.8924074173
2	21	0.499598227441	-0.459020446839	0.15139953436	-0.875430414356	-2.61345028877	0.883558988571	-5.00234556198
3	21	0.498930618167	0.372496853426	-0.155300204148	0.914946960637	2.1376285553	-0.897233247757	5.22747039795
4	21	0.468284972012	-0.412497886242	0.20248891938	-0.888168751631	-2.23423266411	1.09186518192	-4.7901673317
5	21	0.498272288591	0.582064291476	-0.179901412238	0.792992208325	3.31994748116	-1.0369758606	4.54618358612
6	21	0.499166078866	-0.559550924289	0.234610517435	-0.79489663997	-3.20058488846	1.33197045326	-4.53398799896
7	21	0.499975368381	0.549180443933	-0.239642556067	0.800607447706	3.14922046661	-1.37708520889	4.56889820099
8	21	0.49998857826	-0.551841802167	0.33104537119	-0.76542771546	-3.1670987606	1.87459874153	-4.37530565262
9	21	0.499998927116	0.526675453133	-0.257620447772	0.810089298755	3.02513694763	-1.47991740704	4.6199593544
10	21	0.499991774559	-0.575232268278	0.254042699544	-0.777541088522	-3.28565263748	1.45211482048	-4.44725465775
11	21	0.499993767589	0.524902438466	-0.267816442815	0.807930555834	3.00374722481	-1.52917695045	4.61799383163
12	21	0.499979570508	-0.455910774674	0.223382102507	-0.861536883607	-2.61749911308	1.27613306046	-4.91983890533
13	21	0.499982230365	0.444618844247	-0.0872105972199	0.891464186086	2.55428123474	-0.52523380518	5.08862113953
14	21	0.499959625304	-0.403293048449	0.169920776776	-0.899156074712	-2.31344270706	0.978870391846	-5.13640880585
15	21	0.49926090613	0.376062642723	-0.190125096279	0.906878898482	2.15502500534	-1.11369800568	5.1691570282
16	21	0.498900607228	-0.299070869749	0.419177510709	-0.857232074402	-1.73150038719	2.36155486107	-4.90247964859
17	21	0.498858705163	0.459821801503	-0.29182461934	0.838690826473	2.60761094093	-1.6878657341	4.79099082947
18	21	0.49920450151	-0.407709378279	0.401024068364	-0.820336979208	-2.32569885254	2.2806892395	-4.68789815903
19	21	0.499963887036	0.317517834833	-0.377526420715	0.869859888847	1.83641004562	-2.15241479874	4.96838998795
20	21	0.499986682087	-0.399992050072	0.381343847543	-0.833416600399	-2.28078222275	2.18300700188	-4.76621961594
21	21	0.500000216067	0.38151352061	-0.500010303822	0.777455548352	2.18602085114	-2.83550977707	4.45765209198
22	21	0.499999776483	-0.42268219284	0.50741451912	-0.750912957434	-2.41161155701	2.87189650536	-4.31659793854
23	21	0.49998620525	0.412361273577	-0.33447855094	0.847397356035	2.35835933685	-1.92155385017	4.84051132202
24	21	0.499977599829	-0.393215368082	0.304757925945	-0.867470046098	-2.25550913811	1.74172735214	-4.95625400543
25	21	0.499225929379	0.452114556064	-0.281734611329	0.846296660146	2.57432436943	-1.62724876404	4.82796001434
26	21	0.499697405845	-0.365643674325	0.371280470263	-0.853496054957	-2.09835076332	2.10696411133	-4.88476514816
27	21	0.499245051295	0.302607349074	-0.316399053521	0.899066422027	1.73980736732	-1.80619478226	5.1278090477
28	21	0.499974615872	-0.282387359679	0.347755797	-0.89404881564	-1.6370010376	1.98439121246	-5.1059794426
29	21	0.499987229705	0.37412277191	-0.295262652356	0.87912008148	2.1194934845	-1.68943524361	5.03387117386
0	22	0.499999687076	0.359623346481	-0.391424510123	0.847028867005	2.05324935913	-2.21739292145	4.85404777527
1	22	0.499981354922	-0.321203111783	0.256926788097	-0.911491736956	-1.8673324585	1.48004448414	-5.19745349884
2	22	0.499812383205	0.463086257552	-0.283912434646	0.839609937721	2.63143587112	-1.61690568924	4.81137943268
3	22	0.467824518681	-0.382362479577	0.231876471357	-0.894445211426	-2.07472586632	1.24855518341	-4.81812000275
4	22	0.306569425389	-0.466841663487	0.125256485126	-0.875425424675	-1.72416436672	0.458400785923	-3.20715427399
5	22	0.418641839176	-0.561793285709	0.122504970787	-0.81815697532	-2.730509758	0.600019216537	-3.98652982712
6	22	0.498207420111	0.622960498699	-0.205621869348	0.754744899888	3.56356811523	-1.17604410648	4.31924629211
7	22	0.49915175885	-0.680194624314	0.194606266302	-0.706727439803	-3.86682486534	1.11244380474	-4.04823303223
8	22	0.49997664988	0.656649623597	-0.204373154181	0.725977193636	3.74685144424	-1.18356251717	4.15303039551
9	22	0.499981090426	-0.635352848304	0.239491992205	-0.734145996258	-3.63281869888	1.36690294743	-4.19733333588
10	22	0.49997741729	0.64247673075	-0.194173999387	0.741296235257	3.67261862755	-1.12331676483	4.23536157608
11	22	0.499475106597	-0.613608619315	0.219969945936	-0.758351953374	-3.50687742233	1.25694799423	-4.32969713211
12	22	0.499793037772	0.529126096361	-0.219301837664	0.819714754135	3.0432472229	-1.24167692661	4.67827033997
13	22	0.499613810331	-0.608045037697	0.0818902209295	-0.789667793346	-3.4609131813	0.492172569036	-4.51966333389
14	22	0.499238632619	0.564157328485	-0.150392321941	0.811855072176	3.21514558792	-0.863725781441	4.63806915283
15	22	0.498181324452	-0.510954505961	0.311101393551	-0.801337267178	-2.91885757446	1.75934135914	-4.6007475853
16	22	0.445590402931	0.432188832084	-0.294130132749	0.852467171468	2.21706819534	-1.50638222694	4.36871385574
17	22	0.49781960994	-0.475916505695	0.440344252195	-0.761314927718	-2.72142744064	2.50300359726	-4.36619853973
18	22	0.499206244946	0.472189506731	-0.45066788358	0.757585327499	2.69002628326	-2.55433368683	4.33861160278
19	22	0.499978750944	-0.472614153981	0.313882013336	-0.823476741117	-2.69133520126	1.81761264801	-4.70561742783
20	22	0.499997187406	0.462842495822	-0.339487626762	0.818855894121	2.63885831833	-1.94486165047	4.68355989456
21	22	0.499999132007	-0.372415994556	0.3448300394	-0.861625539853	-2.13595581055	1.9870429039	-4.91716051102
22	22	0.499999348074	0.42201980956	-0.316615993549	0.849501967607	2.41078066826	-1.83381915092	4.84912919998
23	22	0.499999713153	-0.422825381093	0.363860902532	-0.829954179887	-2.41698503494	2.0775616169	-4.74577951431
24	22	0.49998645857	0.444281881871	-0.341093523922	0.828413433848	2.54244017601	-1.95213222504	4.73356246948
25	22	0.499989576638	-0.518668739961	0.358382712663	-0.776237443989	-2.94812917709	2.03288245201	-4.45708560944
26	22	0.499960958958	0.481003665048	-0.22013317755	0.848632345808	2.73938894272	-1.28323936462	4.85145664215
27	22	0.499987483025	-0.368714288171	0.241827772624	-0.897535014407	-2.116989851	1.39875411987	-5.12358808517
28	22	0.499987151474	0.362282148717	-0.331741130403	0.871033562568	2.06585550308	-1.89587903023	4.98225593567
29	22	0.499999210238	-0.229951667401	0.413180234373	-0.881138084856	-1.35966479778	2.3446393013	-5.03559398651
0	23	0.499998632818	-0.467779910359	0.368742554365	-0.803250200164	-2.6677467823	2.09833741188	-4.60041904449
1	23	0.499991025776	0.462614184671	-0.26878875386	0.844831771384	2.63568496704	-1.55128788948	4.83067703247
2	23	0.499482948333	-0.398100033922	0.389061419666	-0.830751211085	-2.29619979858	2.20401287079	-4.74267101288
3	23	0.497303277254	0.52178357003	-0.400998018095	0.752955839031	2.96763491631	-2.2744281292	4.32350540161
4	23	0.416082955897	-0.527893410299	-0.0415599148195	-0.848293180948	-2.55386686325	-0.172860205173	-4.11108016968
5	23	0.365232147276	-0.608964111305	0.0583584171157	-0.791048042975	-2.66728186607	0.270990520716	-3.45744848251
6	23	0.417518377304	-0.688834808227	0.268533562842	-0.673347111528	-3.33793926239	1.29194319248	-3.28037905693
7	23	0.498125068843	0.651391401498	-0.138966756139	0.745907154238	3.72923374176	-0.815245747566	4.26374816895
8	23	0.499493017793	-0.640772578385	0.287351821165	-0.711926564797	-3.65929484367	1.63525724411	-4.06985998154
9	23	0.499971359968	0.716705492413	-0.244364649375	0.653160895401	4.08587360382	-1.4091823101	3.74287462234
10	23	0.499154336751	-0.727625011565	0.257709868752	-0.635725936306	-4.14744758606	1.46671831608	-3.63650512695
11	23	0.498301558197	0.768367118729	-0.197118963591	0.608897433931	4.38665294647	-1.13291144371	3.50042963028
12	23	0.468817964196	-0.705983638119	0.137606008864	-0.694731379047	-3.81205940247	0.756482183933	-3.75469398499
13	23	0.498948693275	0.661284654997	-0.228353771106	0.714532826598	3.78055524826	-1.28139150143	4.09495353699
14	23	0.499129116535	-0.629013346397	0.100303174792	-0.770896545057	-3.57974529266	0.59017598629	-4.41268777847
15	23	0.445366494358	0.404957248514	-0.22383082945	0.886515305375	2.09811592102	-1.14239001274	4.53226137161
16	23	0.233286621049	0.528775119414	-0.212642926283	0.821693287663	1.45189940929	-0.597509384155	2.3059015274
17	23	0.445077747107	0.421574799215	-0.199307034564	0.884619350139	2.17091345787	-1.0302259922	4.52097415924
18	23	0.499634731561	-0.441833223815	0.358100446092	-0.822525059097	-2.53449368477	2.04346060753	-4.70059680939
19	23	0.499959498644	0.456399168607	-0.437668058942	0.774691208855	2.6124355793	-2.4725484848	4.44380569458
20	23	0.499999731779	-0.51519488786	0.349934986277	-0.782380810669	-2.91769862175	2.00745153427	-4.48929071426
21	23	0.499999079853	0.298966966835	-0.447103147434	0.84304064451	1.74121451378	-2.53973770142	4.81798791885
22	23	0.499999251217	-0.434734916915	0.394763804307	-0.809423925285	-2.47619533539	2.2590649128	-4.63141393661
23	23	0.499999001622	0.402431241463	-0.411785993397	0.817607113189	2.31699323654	-2.34366512299	4.67158460617
24	23	0.499988645315	-0.485935419516	0.374665003721	-0.789615667934	-2.7708568573	2.13507413864	-4.52185821533
25	23	0.499989744276	0.422276321243	-0.320333073245	0.847979616915	2.43807554245	-1.83462643623	4.8350982666
26	23	0.499965760857	-0.501101210204	0.269580092674	-0.822328493223	-2.85483288765	1.553576231	-4.70284318924
27	23	0.49999024719	0.453031200739	-0.326540349323	0.829538505086	2.58483934402	-1.85932469368	4.7483215332
28	23	0.499984454364	-0.453644720512	0.308615028105	-0.836040209547	-2.5861530304	1.76659154892	-4.782371521
29	23	0.499997407198	0.487716069729	-0.341440949072	0.803461955306	2.76143527031	-1.95882260799	4.60791969299
0	24	0.499963257462	0.481362919428	-0.322295911173	0.815116608493	2.74369001389	-1.84335303307	4.66408634186
1	24	0.499982591718	-0.499622393141	0.270486833366	-0.822930335598	-2.85205173492	1.55988907814	-4.70267629623
2	24	0.499946944416	0.485718873844	-0.312816384048	0.816224898825	2.76615309715	-1.79651641846	4.66931867599
3	24	0.499146968126	-0.457416474647	0.317216493732	-0.830748978227	-2.62359452248	1.81167697906	-4.73457860947
4	24	0.497003559023	0.51996956488	-0.300477308702	0.799590544312	2.97089672089	-1.70550692081	4.56716537476
5	24	0.416865460575	-0.659457601132	0.234315060976	-0.714291344277	-3.19449090958	1.1340419054	-3.47742819786
6	24	0.307815860957	-0.636443472458	0.249901251125	-0.729718487536	-2.34371495247	0.929162442684	-2.68348264694
7	24	0.468050256371	-0.658220345205	0.252766663336	-0.709122691122	-3.53831672668	1.37536561489	-3.83341288567
8	24	0.499692186713	0.493422744058	-0.455985931833	0.740682675386	2.86545205116	-2.5716688633	4.22813415527
9	24	0.499125577509	-0.680626653693	0.372719117797	-0.630735933265	-3.87787413597	2.11749315262	-3.61375284195
10	24	0.498041056097	0.702083420508	-0.31568109236	0.63829798572	4.02297019958	-1.79931235313	3.64692258835
11	24	0.416998550296	-0.857058156456	0.233068952609	-0.459489042069	-4.14961242676	1.12660503387	-2.24488162994
12	24	0.307698346674	-0.839278989557	0.152984460502	-0.521734158872	-3.08275175095	0.555783867836	-1.93507540226
13	24	0.46900434792	-0.679925093972	0.154744447483	-0.716767760547	-3.67650604248	0.831324398518	-3.87463355064
14	24	0.499058056623	0.581470608184	-0.092098377321	0.808337689777	3.32915782928	-0.529991030693	4.60636091232
15	24	0.49825194478	-0.521281595653	0.108179305818	-0.846500286962	-2.98723602295	0.625075817108	-4.84395551682
16	24	0.445952802896	0.508848036969	-0.151001364097	0.84750944733	2.61065292358	-0.781293272972	4.34508085251
17	24	0.498251222074	-0.518226056908	0.083479196613	-0.851159783868	-2.96475696564	0.500470161438	-4.8729133606
18	24	0.499268434942	0.516783077764	-0.243591418497	0.820730449887	2.93579745293	-1.391887784	4.69442462921
19	24	0.499991685152	-0.434180457847	0.259865991158	-0.862529417854	-2.48468446732	1.49769663811	-4.92667341232
20	24	0.499995738268	0.386909856965	-0.264803032978	0.883278051527	2.22018718719	-1.53611969948	5.04003334045
21	24	0.49999942258	-0.33465792219	0.430508763392	-0.83825191903	-1.92460298538	2.45006227493	-4.79391002655
22	24	0.49999897182	0.459520047784	-0.438749752632	0.772230522739	2.62108373642	-2.49583673477	4.42570781708
23	24	0.499989382923	-0.508619068707	0.354667748274	-0.784549189842	-2.90023374557	2.02840280533	-4.48991012573
24	24	0.499973870814	0.547039394375	-0.316405181269	0.775006878852	3.11337947845	-1.81985521317	4.43626022339
25	24	0.499302364886	-0.54319524435	0.322333402743	-0.775267762771	-3.09022307396	1.83970928192	-4.43385410309
26	24	0.499750778079	0.493263249886	-0.391417142563	0.776842317861	2.81701159477	-2.22068977356	4.45289802551
27	24	0.499262776226	-0.401629239092	0.362756736275	-0.840893277767	-2.31082057953	2.06162261963	-4.79570436478
28	24	0.499966416508	0.421542415372	-0.257146928394	0.869584641803	2.41236257553	-1.49257469177	4.96396017075
29	24	0.499972715974	-0.351141058361	0.371609108631	-0.859422263801	-2.03314757347	2.11046385765	-4.90919971466
0	25	0.499624088407	-0.473839489376	0.287226588285	-0.832452416232	-2.71593141556	1.65179038048	-4.75266933441
1	25	0.499260753393	0.517770617514	-0.367642438403	0.772497653798	2.94499778748	-2.09206652641	4.42029857635
2	25	0.49994179979	-0.399509537254	0.39915898817	-0.825266158161	-2.3129734993	2.26434183121	-4.71336126328
3	25	0.499206844717	0.501860216071	-0.236215021074	0.832068979919	2.85589981079	-1.37974953651	4.74682426453
4	25	0.49701461941	-0.533553927048	0.322239618361	-0.781973040002	-3.05049419403	1.838534832	-4.46505355835
5	25	0.442223593593	0.721895708848	-0.377575572075	0.57991660859	3.6907145977	-1.94056069851	2.97527933121
6	25	0.462920179591	-0.172309663354	0.402573501766	-0.899023890445	-0.956740379333	2.16087269783	-4.82944536209
7	25	0.497969843447	0.660734512579	-0.270718099471	0.700101145911	3.75692510605	-1.5568510294	4.00945997238
8	25	0.49909889698	-0.627944731263	0.307001249529	-0.71514729061	-3.58735322952	1.75391817093	-4.07769632339
9	25	0.498190306127	0.667490487302	-0.320382618659	0.672169195235	3.82124900818	-1.83443117142	3.84519314766
10	25	0.41827147454	-0.723698317955	0.200486783646	-0.66035278009	-3.52387690544	0.988907754421	-3.204433918
11	25	0.365558102727	-0.817258718333	0.177213899567	-0.548346077864	-3.5744497776	0.774494469166	-2.40811419487
12	25	0.416852198541	-0.847083794857	-0.0377920320463	-0.530113956432	-4.10240602493	-0.156384438276	-2.58195209503
13	25	0.498087361455	0.679171849405	-0.135492551428	0.721364933638	3.88758230209	-0.772685170174	4.12742948532
14	25	0.499443039298	-0.647101873851	0.0695596190198	-0.759223698432	-3.6837477684	0.414013981819	-4.34519386292
15	25	0.499237954617	0.505327302839	-0.155891650628	0.848729703893	2.90671563148	-0.887077510357	4.83265113831
16	25	0.499688912183	-0.58002451891	0.186206068822	-0.793031435314	-3.30465745926	1.06126236916	-4.54411077499
17	25	0.499244179577	0.496795287698	-0.183379853172	0.848272521995	2.8402929306	-1.04836463928	4.83935022354
18	25	0.499970391393	-0.431689973172	0.27540553867	-0.858950264179	-2.47445774078	1.56649565697	-4.91014957428
19	25	0.499948564917	0.400919837106	-0.257919818373	0.87905668276	2.29504108429	-1.494114995	5.01822042465
20	25	0.499991320074	-0.378288214518	0.331456934349	-0.864311475933	-2.16634869576	1.89482402802	-4.93975687027
21	25	0.499986264855	0.326319722479	-0.397785067446	0.857486139152	1.88858294487	-2.26729774475	4.89686203003
22	25	0.499989159405	-0.468852213141	0.384598085244	-0.795148989221	-2.68248152733	2.19380760193	-4.54776239395
23	25	0.499969296157	0.507261928543	-0.248072432773	0.825315336068	2.90021562576	-1.44672632217	4.71042108536
24	25	0.499171227217	-0.433432810013	0.389822771763	-0.81251104966	-2.50017523766	2.19839739799	-4.63715600967
25	25	0.498047243804	0.538789288899	-0.242048889986	0.806919101908	3.07342028618	-1.40434145927	4.62039709091
26	25	0.452362593263	-0.471192761006	0.333747808577	-0.81644949767	-2.44980239868	1.73462295532	-4.25334501266
27	25	0.498539354652	0.498969785294	-0.330672668026	0.801052270445	2.84514379501	-1.89289879799	4.59104251862
28	25	0.499224074185	-0.494376448318	0.322731470422	-0.807116054448	-2.80789446831	1.83772563934	-4.61807012558
29	25	0.499208230525	0.386289404243	-0.336725793654	0.858717786038	2.21999835968	-1.91590094566	4.89741897583
0	26	0.446041092277	0.654829069387	-0.255000634009	0.71145875955	3.34682250023	-1.30486524105	3.66545033455
1	26	0.498046442866	-0.520413215389	0.40236513885	-0.753174867005	-2.98324537277	2.29067420959	-4.31379985809
2	26	0.499224178493	0.525240008146	-0.382363139153	0.76021139406	2.97966003418	-2.18436002731	4.3511428833
3	26	0.499609202147	-0.450028721383	0.370313968662	-0.812614124013	-2.59425735474	2.11282634735	-4.63684749603
4	26	0.446517750621	0.660904227428	-0.340681952848	0.668686330929	3.38085889816	-1.76600122452	3.44384908676
5	26	0.238851305097	0.581645334929	-0.51210725298	0.632008596303	1.67249131203	-1.42062628269	1.82967531681
6	26	0.443930849433	0.625852201118	-0.436217379725	0.64654730684	3.2022228241	-2.22689247131	3.30607533455
7	26	0.499155804515	-0.68773620559	0.306607586472	-0.658035484939	-3.92799377441	1.74573504925	-3.76220822334
8	26	0.499754317105	0.710535134736	-0.196983387989	0.675527473285	4.04858016968	-1.14385974407	3.87116932869
9	26	0.468041881919	-0.721419832577	0.278824120134	-0.633885269742	-3.88477373123	1.50000333786	-3.42886948586
10	26	0.305607881397	-0.716009735295	0.339150636582	-0.610169570422	-2.61869382858	1.22396683693	-2.24380111694
11	26	0.417108125985	-0.760602710369	0.301955973693	-0.574722634781	-3.68745613098	1.45922327042	-2.79653024673
12	26	0.497848778963	0.675246668129	-0.10295073398	0.730371880314	3.87133741379	-0.611644387245	4.16576576233
13	26	0.499140560627	-0.672989201511	0.165377697824	-0.720927008589	-3.83269739151	0.942176878452	-4.12272262573
14	26	0.499961964786	0.612139876677	-0.136758876238	0.778833602994	3.50260686874	-0.785072028637	4.44954156876
15	26	0.499983094633	-0.58978720379	0.210809335845	-0.77955787352	-3.36544895172	1.19880223274	-4.46333503723
16	26	0.499950557947	0.607511942592	-0.179613397105	0.773736561879	3.45589542389	-1.03334879875	4.4348077774
17	26	0.499967005104	-0.510037845816	0.203168464812	-0.835813358796	-2.91724038124	1.17606663704	-4.77498197556
18	26	0.499227315187	0.397365887587	-0.281116093655	0.873541122827	2.29161071777	-1.61962509155	4.97228717804
19	26	0.499681066722	-0.384359430237	0.463493509265	-0.798399395827	-2.20990180969	2.61975741386	-4.57824993134
20	26	0.499244779348	0.440989767224	-0.382641170017	0.811858214353	2.50967621803	-2.1892156601	4.63608646393
21	26	0.499966904521	-0.441566276115	0.332484228174	-0.833350743573	-2.53103733063	1.91339099407	-4.75647211075
22	26	0.499951541424	0.594697158418	-0.367015616856	0.715286534721	3.38137507439	-2.08519983292	4.11238861084
23	26	0.499094694853	-0.592227216292	0.282437784611	-0.754649469692	-3.36885523796	1.61745524406	-4.31332921982
24	26	0.497512552887	0.506900874024	-0.317555988135	0.801379871418	2.8954577446	-1.80983412266	4.58749628067
25	26	0.41926304996	-0.347137322328	0.244729509536	-0.905319361667	-1.70884180069	1.19560599327	-4.40915107727
26	26	0.269043784589	-0.419274283619	0.304854749095	-0.85514481642	-1.35002040863	0.970414042473	-2.75801253319
27	26	0.4522610493	-0.389394879166	0.289413040939	-0.874420791046	-2.03518605232	1.5073530674	-4.54717350006
28	26	0.498999848962	0.449158753442	-0.282795958436	0.847515699028	2.56012296677	-1.61806416512	4.83933639526
29	26	0.497632179409	-0.449082319904	0.272447643159	-0.85093909987	-2.57330441475	1.56032943726	-4.86352729797
0	27	0.235961763188	0.593998133206	-0.181350022268	0.783759138493	1.67778360844	-0.53310585022	2.20581078529
1	27	0.445596780628	0.617525319356	-0.191972878169	0.762763983157	3.15622758865	-0.9983984828	3.91614151001
2	27	0.49958582595	-0.425255461824	0.383440289887	-0.819836164292	-2.45824074745	2.1958990097	-4.6727104187
3	27	0.499276809394	0.484740704376	-0.412288276824	0.771391487064	2.75883483887	-2.34311842918	4.41462230682
4	27	0.497568823397	-0.385090172008	0.301962348817	-0.872080443147	-2.23170495033	1.74480128288	-4.96891593933
5	27	0.446140214801	0.571035371516	-0.464118458641	0.677135629565	2.9358856678	-2.37365579605	3.47943687439
6	27	0.497812896967	-0.662852248615	0.219365203869	-0.715895106728	-3.7958958149	1.27114772797	-4.08736991882
7	27	0.499213077128	0.720161626974	-0.272028056338	0.638253842605	4.0907907486	-1.54169774055	3.67198443413
8	27	0.499567206949	-0.568241993029	0.160452910123	-0.807066230858	-3.28010129929	0.936949253082	-4.58378076553
9	27	0.498908266425	0.605767292133	-0.240330344166	0.758476969627	3.47650671005	-1.38257408142	4.32542419434
10	27	0.467875525355	-0.675553461175	0.320041404517	-0.664229644392	-3.636708498	1.72296953201	-3.59012722969
11	27	0.497967340052	0.608121358628	-0.179924030295	0.773185460612	3.49603366852	-1.05242300034	4.40618371964
12	27	0.499196380377	-0.659424350147	0.321506357393	-0.67955366866	-3.75810909271	1.80639266968	-3.89948749542
13	27	0.499967120588	0.592390880594	-0.248710262348	0.766300365387	3.39516305923	-1.41173505783	4.37816429138
14	27	0.499988976866	-0.594267306529	0.132044457052	-0.793354038089	-3.39499926567	0.770060241222	-4.53508424759
15	27	0.499994881451	0.522556446062	-0.281692005625	0.804726273118	2.99824810028	-1.58544552326	4.60271549225
16	27	0.499989051372	-0.490527102798	0.200937348805	-0.847943007092	-2.82088756561	1.16678977013	-4.83454322815
17	27	0.499235138297	0.53005546562	-0.378194983055	0.758953067165	3.02594327927	-2.13356137276	4.34545516968
18	27	0.498378127813	-0.581406232474	0.390931928607	-0.713539781677	-3.31358575821	2.23148322105	-4.10456418991
19	27	0.445385992527	0.47069246192	-0.44355580373	0.762697092737	2.41210889816	-2.27001953125	3.90705442429
20	27	0.498301558197	-0.430761795134	0.48153053546	-0.763264449108	-2.47278141975	2.74069213867	-4.37760782242
21	27	0.499211937189	0.485954991824	-0.365671780899	0.793808474744	2.77408409119	-2.08062267303	4.53480386734
22	27	0.499075256288	-0.573859210636	0.24077581336	-0.782759614485	-3.27023363113	1.39811217785	-4.46351623535
23	27	0.497437305748	0.594662282267	-0.258934392244	0.761137143071	3.3910241127	-1.4704502821	4.36229705811
24	27	0.402327248827	-0.429315936366	-0.00449050817557	-0.903143212408	-2.00904750824	-0.0101834777743	-4.22366714478
25	27	0.318045096472	-0.436159015317	0.105832841639	-0.893624486565	-1.65972518921	0.412465184927	-3.40439033508
26	27	0.419689372182	-0.431288073698	0.184882592711	-0.88306796137	-2.10398387909	0.910192966461	-4.30988454819
27	27	0.49808094278	0.371206070784	-0.331473233174	0.867370479497	2.13424801826	-1.88849925995	4.96394824982
28	27	0.498790554702	-0.394757939563	0.298673470887	-0.868884530269	-2.27166557312	1.69978618622	-4.95406150818
29	27	0.44435211271	0.686606504967	-0.167163721588	0.707550561813	3.48974490166	-0.866610050201	3.63774442673
0	28	0.445267584175	0.613815826578	-0.192319051631	0.765665405659	3.13633728027	-0.994326472282	3.92787575722
1	28	0.497785210609	-0.509042064965	0.434400570466	-0.743082983573	-2.91580152512	2.47391414642	-4.25568342209
2	28	0.499201335013	0.50569161313	-0.530261957895	0.68051322428	2.88409876823	-2.99173903465	3.91538190842
3	28	0.499965615571	-0.52800764264	0.422892395075	-0.736457705168	-3.01672029495	2.40980195999	-4.21668577194
4	28	0.499327048659	0.549514291539	-0.319355542405	0.772040206809	3.13223314285	-1.83500170708	4.40719223022
5	28	0.4996823892	-0.619041422681	0.332206265246	-0.711636644881	-3.53661155701	1.90030121803	-4.07151222229
6	28	0.499247759581	0.659604183952	-0.250993719043	0.708466282553	3.75609469414	-1.43830490112	4.05060148239
7	28	0.49996124208	-0.580558248283	0.218860028279	-0.784252770714	-3.34957194328	1.25165534019	-4.46169614792
8	28	0.499974630773	0.709333642089	-0.209463789846	0.673030983643	4.03511619568	-1.21255326271	3.8653383255
9	28	0.499611824751	-0.675089098776	0.35342424005	-0.647569313092	-3.84462690353	2.00664663315	-3.71940040588
10	28	0.499810136855	0.556811046909	-0.390877570547	0.732923040219	3.21691179276	-2.21345806122	4.17685890198
11	28	0.499493189156	-0.696548161032	0.255107568395	-0.670627160134	-3.96289920807	1.46353459358	-3.8443069458
12	28	0.499974042177	0.626871770153	-0.31050061147	0.714577605346	3.58487462997	-1.75991845131	4.0912694931
13	28	0.499989461154	-0.552217836032	0.231184353087	-0.801005153826	-3.17670965195	1.31312954426	-4.56883382797
14	28	0.499999579042	0.593395209891	-0.083440409607	0.800574682914	3.39147734642	-0.505441427231	4.57500457764
15	28	0.499999593943	-0.554535884685	0.199914945204	-0.807789556308	-3.1692302227	1.13577961922	-4.62082576752
16	28	0.499962147325	0.531649031058	-0.243005979922	0.811355286849	3.03660607338	-1.38702654839	4.64028692245
17	28	0.499602083117	-0.515871115779	0.315920789107	-0.796285782188	-2.95701003075	1.80535960197	-4.54780960083
18	28	0.44566180557	0.647956143085	-0.338972653822	0.682092645173	3.29855680466	-1.74602472782	3.51345491409
19	28	0.232335882261	0.495502466616	-0.431406040787	0.753900612514	1.37103033066	-1.18215656281	2.10649681091
20	28	0.445459321141	0.362937321855	-0.420578827311	0.83149861721	1.87677812576	-2.14943671227	4.2553153038
21	28	0.498995583504	-0.477884401006	0.276572974057	-0.833746897623	-2.71974039078	1.60268592834	-4.75935220718
22	28	0.497469618917	0.530484978338	-0.337595379588	0.77756996305	3.03031897545	-1.91122484207	4.45283269882
23	28	0.414976557717	-0.406670361201	0.0938180506796	-0.908744953597	-1.98835849762	0.445666432381	-4.37348031998
24	28	0.3293175539	-0.40313687083	-0.0338479230941	-0.914513521759	-1.60502743721	-0.111042395234	-3.6006834507
25	28	0.404613124207	-0.424970197968	0.127893465124	-0.896126995697	-1.99976885319	0.59242016077	-4.21270275116
26	28	0.498102296144	0.404303368376	-0.193256987955	0.893974565033	2.32049322128	-1.11231076717	5.11272096634
27	28	0.499152041972	-0.45748137193	0.2799560747	-0.843999638966	-2.59364128113	1.59443593025	-4.82807254791
28	28	0.499224245548	0.412541340614	-0.274240631933	0.868678144126	2.34831666946	-1.56771326065	4.96113729477
29	28	0.497395362705	-0.379041357055	0.237297586753	-0.894436976518	-2.18516516685	1.3614628315	-5.1049041748
0	29	0.499644663185	-0.455798708746	0.362215446772	-0.813048280992	-2.61638474464	2.0582048893	-4.64884233475
1	29	0.499284356833	0.473030949004	-0.318015137678	0.821649617229	2.70537209511	-1.82073831558	4.68577241898
2	29	0.49997407943	-0.475457660048	0.300979887287	-0.826650543428	-2.72456026077	1.73827648163	-4.71705818176
3	29	0.499975331128	0.545634833559	-0.312799107242	0.777456974318	3.11251354218	-1.80195045471	4.44372701645
4	29	0.499991856515	-0.569324833521	0.388430724786	-0.724562492804	-3.25865793228	2.20825052261	-4.14597320557
5	29	0.499961651862	0.632511507727	-0.331251097432	0.700144201606	3.60316991806	-1.90004181862	4.01066064835
6	29	0.499990947545	-0.609988279856	0.326021196951	-0.722235749307	-3.49219799042	1.84251785278	-4.1354842186
7	29	0.499986365438	0.68080351493	-0.122134751695	0.722211656294	3.87810230255	-0.736266851425	4.13697290421
8	29	0.49999333173	-0.652244493981	0.32281973777	-0.685831274423	-3.73333740234	1.82425689697	-3.92731547356
9	29	0.499994918704	0.609741837369	-0.380642800002	0.695216477486	3.49995470047	-2.16098570824	3.97038674355
10	29	0.499980337918	-0.667750802133	0.287075318864	-0.686801738168	-3.81707715988	1.65449714661	-3.92160367966
11	29	0.499994680285	0.732392076249	-0.22883275778	0.641277955036	4.1672000885	-1.31563723087	3.68685984612
12	29	0.4999916628	-0.592766049491	0.215690111015	-0.775955015823	-3.40855407715	1.23461592197	-4.42113208771
13	29	0.499999411404	0.668149966316	-0.136210485552	0.731452203591	3.80927705765	-0.801237940788	4.18758630753
14	29	0.49999987334	-0.637169637286	0.196939937314	-0.745137245353	-3.63462686539	1.10832703114	-4.27185297012
15	29	0.499997712672	0.536267885347	-0.0711609122116	0.841042733586	3.07672595978	-0.433531939983	4.79973840714
16	29	0.499991007149	-0.516365697152	0.216200806955	-0.828627586963	-2.95994520187	1.23508250713	-4.73294734955
17	29	0.499239359051	0.515161639979	-0.300706711571	0.802610714052	2.94430541992	-1.71410346031	4.57967090607
18	29	0.49838090688	-0.551050354923	0.299383455595	-0.778917872985	-3.14316654205	1.72549533844	-4.46595478058
19	29	0.445630960166	0.440839856759	-0.333153116851	0.833468188611	2.26820158958	-1.71475589275	4.26413059235
20	29	0.498260769993	-0.32103542637	0.370209694631	-0.871711556087	-1.84645736217	2.12436914444	-4.98615121841
21	29	0.498349066824	0.321584055312	-0.364818656544	0.873779745249	1.8360786438	-2.07461118698	4.98335266113
22	29	0.462772466242	-0.396383606975	0.250275289095	-0.883313260282	-2.11883854866	1.34065914154	-4.72085857391
23	29	0.316641446203	-0.779013815654	-0.100139971395	-0.618958367864	-2.92054653168	-0.371312648058	-2.3308095932
24	29	0.402643594891	-0.667370480611	-0.125408585811	-0.734090817416	-3.13338088989	-0.587424457073	-3.43932080269
25	29	0.497455328703	0.447482382822	-0.174668036585	0.877069321125	2.55453920364	-0.989486753941	5.01950550079
26	29	0.499149046838	-0.427911088423	0.226377137915	-0.875011709541	-2.43714618683	1.28189015388	-4.99902677536
27	29	0.499962572008	0.37260213239	-0.255412701839	0.892150213068	2.12780427933	-1.4744874239	5.09788894653
28	29	0.499944008887	-0.322605463597	0.309740089551	-0.894419807351	-1.85898792744	1.76990556717	-5.10845899582
29	29	0.499258816242	0.459239222873	-0.302129532579	0.835354464715	2.59596705437	-1.72789573669	4.78226995468
