0	0	0.499960336834	0.327409087159	-0.313927439881	0.891208646802	1.88445663452	-1.78502702713	5.09330177307
1	0	0.499990716577	-0.369980246028	0.33399877787	-0.866925275863	-2.12576913834	1.89621198177	-4.95697450638
2	0	0.499986611307	0.482250219783	-0.297006021622	0.824149348504	2.74484968185	-1.67280817032	4.72887372971
3	0	0.499999441206	-0.404534057877	0.0862631517131	-0.91044542103	-2.32083368301	0.52220338583	-5.1993522644
4	0	0.499997608364	0.364692372594	-0.182934253704	0.912981123679	2.10816264153	-1.04771053791	5.21046066284
5	0	0.499999839813	-0.541918038216	0.183034270883	-0.820258066427	-3.09109973907	1.06622445583	-4.69074630737
6	0	0.499997779727	0.535247760074	-0.312705622685	0.784681482435	3.05730438232	-1.77685379982	4.49214458466
7	0	0.499999500811	-0.488534574102	0.319765962037	-0.811839700575	-2.79960012436	1.832208395	-4.63577079773
8	0	0.499999605119	0.523903749371	-0.294743391755	0.799156551879	3.00369691849	-1.69581234455	4.5594997406
9	0	0.499999254942	-0.638980710051	0.268585627314	-0.720808860228	-3.62454366684	1.55388855934	-4.14036989212
10	0	0.500000156462	0.510178508258	-0.327523112827	0.79526505033	2.93188023567	-1.86921906471	4.53814888
11	0	0.499998480082	-0.558289417973	0.285355460454	-0.779028360824	-3.18228721619	1.64221966267	-4.45654296875
12	0	0.500000216067	0.488398804351	-0.374996511973	0.787936687759	2.80066466331	-2.13118886948	4.50554561615
13	0	0.49999954924	-0.492096730132	0.350102887354	-0.797037500033	-2.80353164673	2.00910878181	-4.55922460556
14	0	0.499999836087	0.396759339494	-0.396296739206	0.827967946855	2.27935171127	-2.26501369476	4.72843170166
15	0	0.500000149012	-0.38297499183	0.457996989569	-0.802227469723	-2.19286441803	2.5888698101	-4.60221529007
16	0	0.499987080693	0.346985564524	-0.322692006773	0.880608248188	1.98372924328	-1.86154532433	5.02822256088
17	0	0.499972432852	-0.29828386222	0.309526646921	-0.902895338555	-1.7263430357	1.78521287441	-5.15025949478
18	0	0.499236989766	0.425378146632	-0.323441380839	0.84524499734	2.41300630569	-1.85136818886	4.83083152771
19	0	0.499593894929	-0.446911283272	0.406638343911	-0.796815889742	-2.53960800171	2.31383180618	-4.57061767578
20	0	0.498431228101	0.294952114588	-0.401613078704	0.867012217396	1.67664456367	-2.28687262535	4.94478082657
21	0	0.496302485466	-0.0573986549697	0.465327521864	-0.88327554693	-0.360888779163	2.64834046364	-5.0458073616
22	0	0.393199872226	-0.523852548238	-0.450507882894	0.722925414656	-2.40655684471	-2.07147121429	3.32487154007
23	0	0.360273987055	-0.791005033656	-0.290644492148	0.538364946774	-3.36165380478	-1.27702260017	2.3043653965
24	0	0.480685736984	0.347622975709	-0.470494526514	0.811044491554	1.92560005188	-2.59837532043	4.52019691467
25	0	0.499118793756	-0.367054560929	0.349131391501	-0.862193841761	-2.0695605278	2.00116443634	-4.93153762817
26	0	0.499927870929	0.0823575225989	-0.405354324796	0.910442260575	0.512475013733	-2.29339647293	5.2137169838
27	0	0.499988440424	-0.185798319471	0.26650087576	-0.945756981312	-1.0651614666	1.52767682076	-5.4054942131
28	0	0.49998748675	0.318882513403	-0.188138401915	0.928933735188	1.81248903275	-1.09116029739	5.31114530563
29	0	0.499988354743	-0.343323313659	0.242640003692	-0.907333968783	-1.9578602314	1.38516128063	-5.18968248367
0	1	0.500000074506	-0.383862133501	0.326135739042	-0.86387808294	-2.18830394745	1.85894680023	-4.94353961945
1	1	0.499997656792	0.39479463711	-0.223492127621	0.891172521682	2.26368904114	-1.29104733467	5.08867359161
2	1	0.499999891967	-0.460632653871	0.187512029083	-0.867557950305	-2.63407278061	1.08244681358	-4.95724725723
3	1	0.499999899417	0.451978014803	-0.145227649014	0.880127720332	2.57873082161	-0.848798155785	5.03160381317
4	1	0.499999973923	-0.415982446572	0.286126669919	-0.863186036093	-2.39452791214	1.62582707405	-4.93137216568
5	1	0.49999962002	0.601938948029	-0.326767348282	0.728623773249	3.41314315796	-1.85666275024	4.19567108154
6	1	0.499999567866	-0.532652815578	0.331092529867	-0.778882991677	-3.03767538071	1.89419531822	-4.4575676918
7	1	0.499997925013	0.395794189155	-0.429377213414	0.811777166735	2.29901266098	-2.43077039719	4.6374578476
8	1	0.500000052154	-0.542939096004	0.430622864565	-0.720958449943	-3.08944416046	2.44786286354	-4.1415514946
9	1	0.49999820441	0.492886620607	-0.382134420606	0.781687958085	2.8300151825	-2.17898321152	4.46432828903
10	1	0.499999545515	-0.520249976345	0.341168738236	-0.782907308794	-2.97116041183	1.95044898987	-4.47796821594
11	1	0.499999798834	0.577407591479	-0.233358415447	0.782396525581	3.28414726257	-1.34484887123	4.48261737823
12	1	0.499999370426	-0.540100055117	0.244458177597	-0.805314925894	-3.08077955246	1.42263638973	-4.60146903992
13	1	0.499999448657	0.505528462698	-0.361179018486	0.783575580278	2.87970995903	-2.07188940048	4.48370170593
14	1	0.499998025596	-0.426042651739	0.457236174782	-0.78065532687	-2.43464374542	2.5886516571	-4.47906494141
15	1	0.499998938292	0.407139970383	-0.275592327263	0.870796137836	2.31341123581	-1.60796749592	4.97606992722
16	1	0.499997358769	-0.306806366691	0.398750421881	-0.864215224586	-1.76383316517	2.26533961296	-4.9438533783
17	1	0.499983344227	0.307076163864	-0.436182017545	0.845842465922	1.75385022163	-2.46693682671	4.85015439987
18	1	0.499977169558	-0.266335810481	0.242014218693	-0.933002869238	-1.55457258224	1.43087172508	-5.31541204453
19	1	0.499269515276	0.460610161305	-0.394008199527	0.795358924013	2.6075322628	-2.24150776863	4.55796098709
20	1	0.498013895005	-0.329257173582	0.358598243709	-0.87349700243	-1.88968896866	2.06825327873	-4.99158382416
21	1	0.419696867466	0.219128915159	-0.494485296589	0.841110462424	1.05404222012	-2.42952609062	4.10154819489
22	1	0.326378792524	-0.145253911008	-0.596911494378	0.789048774929	-0.56783592701	-2.31636786461	3.09273910522
23	1	0.410234954208	-0.308261760888	-0.571549459201	0.760464267708	-1.46901631355	-2.720484972	3.6309325695
24	1	0.497678797692	-0.154786481442	0.421550714151	-0.89349658117	-0.879124522209	2.41121816635	-5.10175418854
25	1	0.499653846025	0.200233499561	-0.354572677191	0.913337156938	1.14338052273	-2.03436422348	5.21549415588
26	1	0.499986326322	-0.121913097098	0.337656278953	-0.933341006299	-0.702959656715	1.93584084511	-5.33280181885
27	1	0.499999154359	0.145186800911	-0.295874962368	0.944128592664	0.840844631195	-1.69316232204	5.39582204819
28	1	0.499999506399	-0.317989362649	0.209187232084	-0.924728861437	-1.80343329906	1.21637749672	-5.28781366348
29	1	0.49999756366	0.365161545216	-0.28489334174	0.886280333601	2.07719373703	-1.63940870762	5.06865692139
0	2	0.499999955297	0.349345028878	-0.388336155573	0.852732713735	1.99854254723	-2.22067403793	4.87514543533
1	2	0.499999303371	-0.456754759762	0.234410807891	-0.85815305312	-2.60246682167	1.35270571709	-4.90770149231
2	2	0.499999467283	0.53196309416	-0.231859078582	0.814405693823	3.0192553997	-1.33445620537	4.66823673248
3	2	0.500000026077	-0.421322913616	0.280082356057	-0.862578040694	-2.42283248901	1.59713351727	-4.92613363266
4	2	0.499999728054	0.471868166315	-0.328626923076	0.818134939389	2.68989896774	-1.8677662611	4.68580293655
5	2	0.499998964369	-0.44835690351	0.303670501247	-0.84069037924	-2.57245850563	1.74589109421	-4.79814624786
6	2	0.499987527728	0.47198581754	-0.288992277396	0.832894261985	2.7021074295	-1.66092824936	4.75628376007
7	2	0.499989807606	-0.537790081025	0.237221951853	-0.809016424005	-3.05681371689	1.39141571522	-4.62782764435
8	2	0.499958083034	0.50046912109	-0.41024960148	0.762381743827	2.86190700531	-2.32878518105	4.36673116684
9	2	0.499988552183	-0.4555962351	0.391830918135	-0.799312581007	-2.60727548599	2.24034762383	-4.56781768799
10	2	0.499986831099	0.439266978531	-0.430478520735	0.788500326416	2.52173495293	-2.4358215332	4.51662111282
11	2	0.499998956919	-0.425695714915	0.179533717526	-0.88687699405	-2.44813752174	1.06705462933	-5.05714941025
12	2	0.499999240041	0.479049150633	-0.378769315544	0.791862183009	2.73459458351	-2.14567399025	4.54027700424
13	2	0.499987371266	-0.397650947614	0.493119774312	-0.773761340494	-2.28737282753	2.78564453125	-4.43873405457
14	2	0.499991819263	0.368149219096	-0.380785945081	0.848214723114	2.1083009243	-2.18337917328	4.84536361694
15	2	0.499961461872	-0.256820443432	0.266528651638	-0.928981021168	-1.50114154816	1.55055391788	-5.29518985748
16	2	0.499983992428	0.315666613967	-0.330545254188	0.889434890119	1.80397105217	-1.89870607853	5.08176374435
17	2	0.499982547015	-0.295472882225	0.359342366283	-0.885194238382	-1.69645357132	2.06848144531	-5.05237531662
18	2	0.499943725765	0.316404253035	-0.503186347048	0.804171529468	1.81629037857	-2.84587049484	4.61455249786
19	2	0.49973872304	-0.444765255477	0.410589481804	-0.795990040737	-2.51921892166	2.36063075066	-4.55817079544
20	2	0.4544053711	0.342338969	-0.549081238343	0.762439390381	1.7844504118	-2.86665725708	3.99590325356
21	2	0.273670248687	0.201349559831	-0.626403346256	0.753045285859	0.657395839691	-2.02188324928	2.4913392067
22	2	0.41953767091	0.0148036062206	-0.544886501137	0.838379123143	0.077981941402	-2.67020916939	4.08361673355
23	2	0.497996930033	0.0456089134266	0.524362650427	-0.85027268441	0.261284202337	2.99759459496	-4.86761856079
24	2	0.499118097126	0.0838534108496	-0.415027285907	0.905936508505	0.47895821929	-2.38227939606	5.16425132751
25	2	0.499966047704	-0.1562535599	0.419779638604	-0.89407487384	-0.890459179878	2.40403628349	-5.11036968231
26	2	0.499994203448	0.126100750271	-0.377483908464	0.917390047707	0.722730338573	-2.16388225555	5.24181747437
27	2	0.499999750406	-0.107588366112	0.374641983858	-0.920906144734	-0.635181367397	2.13626360893	-5.26487874985
28	2	0.499999530613	0.216656843997	-0.343032838354	0.913995778853	1.24705553055	-1.97017228603	5.22095680237
29	2	0.500000085682	-0.245607988226	0.51394671317	-0.821909661789	-1.42230391502	2.90257310867	-4.7175321579
0	3	0.499999903142	-0.306802221992	0.496843882731	-0.811799576727	-1.76943135262	2.80488586426	-4.65863132477
1	3	0.500000204891	0.412576921911	-0.253791860801	0.874854259233	2.35769057274	-1.47514247894	4.99594831467
2	3	0.49999981001	-0.444264564377	0.352835416635	-0.823490234069	-2.54441213608	2.00179195404	-4.71208238602
3	3	0.499999761581	0.44165882617	-0.339638361404	0.830411503249	2.52492189407	-1.94272112846	4.74714565277
4	3	0.499999854714	-0.471269630107	0.270722121961	-0.839413169077	-2.68790721893	1.57188487053	-4.79495811462
5	3	0.499986421317	0.378770317215	-0.41950598214	0.824953197306	2.18134760857	-2.37481474876	4.72117519379
6	3	0.499964553863	-0.426950630426	0.393549207809	-0.814145060914	-2.44188261032	2.2405974865	-4.65852928162
7	3	0.499242208898	0.465452374975	-0.336910073729	0.818441011222	2.65979528427	-1.92372822762	4.66991567612
8	3	0.499541796744	-0.483129327074	0.3136652608	-0.817435109038	-2.75598669052	1.79350352287	-4.67700433731
9	3	0.499223377556	0.411572978457	-0.361086024561	0.836794219788	2.36515855789	-2.06181120872	4.7681927681
10	3	0.49997176975	-0.491072505848	0.405191648084	-0.771146887644	-2.78558254242	2.30761837959	-4.42822647095
11	3	0.49998787418	0.368626308499	-0.270676879228	0.889296728732	2.12962675095	-1.55486726761	5.07298612595
12	3	0.499986682087	-0.456755912153	0.268675759458	-0.848049157179	-2.59694123268	1.54625105858	-4.85277414322
13	3	0.499977685511	0.421130301111	-0.323366336595	0.847398065753	2.41275048256	-1.85459053516	4.84055519104
14	3	0.499265909195	-0.410545681236	0.406641146577	-0.816146568656	-2.34843301773	2.31076264381	-4.66167640686
15	3	0.49966172874	0.409946500608	-0.440952969979	0.798438692015	2.33645415306	-2.50248098373	4.58051538467
16	3	0.499268960208	-0.369293064951	0.415602039853	-0.831202488356	-2.10700082779	2.37783050537	-4.74360942841
17	3	0.499640550464	0.34496795122	-0.384732417354	0.856141389998	1.96825957298	-2.20979881287	4.88728809357
18	3	0.499821413308	-0.342256886284	0.48563594987	-0.804374258654	-1.9538860321	2.75936031342	-4.60957050323
19	3	0.498812831938	0.276692859147	-0.413677731933	0.867359092764	1.59428966045	-2.37657213211	4.93404197693
20	3	0.498557198793	-0.293006881377	0.497549931014	-0.816450264017	-1.66889500618	2.85336661339	-4.67201900482
21	3	0.453285958618	0.204984208545	-0.611683428042	0.764084326567	1.07271659374	-3.18951630592	3.98931288719
22	3	0.497774932534	-0.0715176051134	0.406569711789	-0.91081628313	-0.40927451849	2.34669947624	-5.20393133163
23	3	0.498762942851	-0.115200847271	-0.542523027111	0.832104278226	-0.615996837616	-3.07683563232	4.76420307159
24	3	0.499958686531	-0.0662039359761	0.487545294157	-0.870584071188	-0.386890679598	2.79505038261	-4.97355031967
25	3	0.49998209998	0.170730489349	-0.582826202895	0.79445875741	0.971164822578	-3.30644655228	4.56258296967
26	3	0.499999307096	-0.125414375039	0.461384600585	-0.878291230104	-0.73569715023	2.63697600365	-5.01958560944
27	3	0.499999850988	0.229843008914	-0.384666566787	0.893982004097	1.30977964401	-2.20661282539	5.10914039612
28	3	0.5	-0.302778419369	0.398523883886	-0.865738957618	-1.72431850433	2.27474951744	-4.95352268219
29	3	0.499999891967	0.294941580653	-0.45771046469	0.838755384194	1.69267606735	-2.61581850052	4.79317617416
0	4	0.499999377877	0.367868394789	-0.299635073886	0.880279311703	2.10755467415	-1.73874914646	5.02256202698
1	4	0.499999262393	-0.39602612428	0.289482712451	-0.871414406629	-2.27392244339	1.66453719139	-4.97417545319
2	4	0.500000167638	0.464979949973	-0.332801800445	0.820388083619	2.64933609962	-1.92392086983	4.68749046326
3	4	0.500000156462	-0.409004528665	0.474939240476	-0.779197031172	-2.3501265049	2.68724822998	-4.46603965759
4	4	0.499998353422	0.490948688968	-0.356496908154	0.794908384204	2.79116201401	-2.04835891724	4.55010414124
5	4	0.499990589917	-0.388470335388	0.333108617412	-0.859144602223	-2.22573828697	1.91996860504	-4.90357065201
6	4	0.499237693846	0.388305985982	-0.390709266786	0.834604535153	2.22812581062	-2.22832369804	4.75947570801
7	4	0.497621685266	-0.462828230231	0.387262569487	-0.797381797871	-2.64140748978	2.20299363136	-4.56999778748
8	4	0.44413886033	0.421804996487	-0.0536363946554	0.905098714012	2.16135215759	-0.307292878628	4.62141370773
9	4	0.498147752136	-0.462160053858	0.330220864784	-0.8230202094	-2.63546204567	1.89279603958	-4.71662139893
10	4	0.499231483787	0.369810377399	-0.421868316815	0.827808799201	2.12643384933	-2.39412522316	4.72573566437
11	4	0.499990358949	-0.434581949164	0.3069992775	-0.846693553227	-2.46529912949	1.75572562218	-4.85040998459
12	4	0.499989271164	0.312105958324	-0.247347591304	0.917283511165	1.82387018204	-1.42699432373	5.2284526825
13	4	0.49923376739	-0.485033590845	0.203045664424	-0.850596775159	-2.75285601616	1.18935465813	-4.85806322098
14	4	0.498242054135	0.511169581347	-0.327979542241	0.794440104084	2.91546463966	-1.8766797781	4.55641841888
15	4	0.445387892425	-0.488305136822	0.330955845288	-0.807481468408	-2.49380540848	1.70856118202	-4.13612508774
16	4	0.497272446752	0.395260275332	-0.570883004484	0.719626229328	2.25745010376	-3.2381734848	4.13440465927
17	4	0.498232714832	-0.326610960598	0.438792247177	-0.837130004381	-1.87817573547	2.50308418274	-4.77383756638
18	4	0.472197707742	0.381558159157	-0.364911755974	0.849266025185	2.07102537155	-2.00115013123	4.62016153336
19	4	0.498261526227	-0.274253627201	0.499224650472	-0.821924386017	-1.5721861124	2.84696364403	-4.70551395416
20	4	0.497678458691	0.207788093987	-0.571885996346	0.793580818304	1.20603764057	-3.2383825779	4.5233001709
21	4	0.497384093702	-0.300007507453	0.668158352274	-0.680852342112	-1.70479989052	3.79950356483	-3.91957330704
22	4	0.4701782763	0.208515400689	-0.400217340177	0.892382994178	1.12382566929	-2.18162918091	4.83486366272
23	4	0.498907998204	-0.053333841392	0.43889791044	-0.896952688593	-0.322430431843	2.51562309265	-5.12507295609
24	4	0.499663718045	0.237652371817	-0.507908820973	0.827979456115	1.34250259399	-2.89465546608	4.74053049088
25	4	0.49999454245	-0.242010118094	0.55479384074	-0.796011869897	-1.38473749161	3.15865898132	-4.55971717834
26	4	0.500000573695	0.24916236143	-0.477229991425	0.842715641798	1.42424035072	-2.72462749481	4.82029628754
27	4	0.49999910593	-0.301534089152	0.412720921698	-0.859499059843	-1.72444272041	2.35708403587	-4.91486692429
28	4	0.499999798834	0.365205054492	-0.332057885675	0.869691226088	2.08065509796	-1.91698861122	4.96811056137
29	4	0.499999664724	-0.413657903294	0.445085223014	-0.79422055079	-2.35296654701	2.52106714249	-4.56091356277
0	5	0.5	-0.395819731319	0.357881355005	-0.845723167495	-2.26811647415	2.04091405869	-4.83456611633
1	5	0.499997127801	0.490083049777	-0.373247436643	0.787721369115	2.7814822197	-2.13957500458	4.51423454285
2	5	0.499999791384	-0.444009763171	0.542188324027	-0.713363267555	-2.54530644417	3.0619020462	-4.10447978973
3	5	0.499997820705	0.401058849603	-0.415618265026	0.816341385041	2.30567407608	-2.38908338547	4.65418767929
4	5	0.499999441206	-0.447745175468	0.491258601127	-0.747120635951	-2.55451965332	2.77986478806	-4.29435443878
5	5	0.49996316433	0.345600150292	-0.39748817965	0.850037459855	1.99973750114	-2.26769399643	4.85234069824
6	5	0.499643169343	-0.449946412577	0.409179842843	-0.793801034278	-2.56817102432	2.32287549973	-4.55047225952
7	5	0.445248682052	0.453430709003	-0.189797726572	0.870848675214	2.31823015213	-0.983927249908	4.46055698395
8	5	0.233938613907	0.401696756043	-0.188960796623	0.896065585504	1.13969326019	-0.550966382027	2.49475383759
9	5	0.446239747107	0.457524476562	-0.289516811879	0.840744532534	2.33920145035	-1.48317837715	4.32175970078
10	5	0.499666452408	-0.328825113244	0.432815826381	-0.839371494235	-1.90264070034	2.44728970528	-4.80572223663
11	5	0.499964006245	0.353098515859	-0.271359753145	0.895368819242	2.0391523838	-1.57582163811	5.10364437103
12	5	0.499962221831	-0.465542280381	0.374909734382	-0.801693879385	-2.63778877258	2.12443518639	-4.60613155365
13	5	0.499698046595	0.412321954545	-0.344419938541	0.843424870238	2.35899305344	-1.97479653358	4.820333004
14	5	0.445966280997	-0.351488952163	0.409682359758	-0.841793252889	-1.81673598289	2.09517383575	-4.31511640549
15	5	0.233829692006	-0.433450722264	0.380508128582	-0.81690515695	-1.21774637699	1.0685955286	-2.2788848877
16	5	0.444871477783	-0.563894733884	0.388902907367	-0.728544616163	-2.86904215813	1.99074482918	-3.74411725998
17	5	0.471767231822	0.453355320162	-0.302000329911	0.838608820854	2.4625222683	-1.65943288803	4.56317663193
18	5	0.326711315662	0.384124056729	-0.481144452829	0.788002997808	1.50217938423	-1.87266588211	3.08894324303
19	5	0.429522883147	0.387224073459	-0.360937978908	0.848399252897	1.92796802521	-1.80446386337	4.24166059494
20	5	0.49693589285	-0.305967414252	0.327607431624	-0.893900057143	-1.75232076645	1.89292681217	-5.10745477676
21	5	0.416977338493	0.384818495577	-0.432260263344	0.815515659075	1.86156249046	-2.0957608223	3.95820617676
22	5	0.319483682513	0.324649136929	-0.460531744046	0.826143722737	1.25069093704	-1.75045919418	3.16167354584
23	5	0.471900092438	0.226943780501	-0.297445277793	0.927374157075	1.24257779121	-1.63520550728	5.03845119476
24	5	0.499780982733	-0.350012264205	0.406374053173	-0.84400920837	-1.97810804844	2.32064843178	-4.83589363098
25	5	0.499978996813	0.337411483756	-0.463860644832	0.819137835047	1.91077542305	-2.64801430702	4.69297266006
26	5	0.500000242144	-0.307487912559	0.417931727281	-0.854859201835	-1.76520752907	2.3907353878	-4.88387203217
27	5	0.499999694526	0.376844352966	-0.407242146627	0.83195082045	2.14165401459	-2.32892489433	4.76161718369
28	5	0.499999772757	-0.328904085439	0.350658580594	-0.876847000586	-1.89487409592	2.0084862709	-5.00597572327
29	5	0.49999973923	0.431564202663	-0.291465234688	0.853698047291	2.45805597305	-1.69086074829	4.87722110748
0	6	0.499987050891	0.371312337819	-0.36783059704	0.85254196358	2.13972401619	-2.10705804825	4.86461544037
1	6	0.499990224838	-0.383149664843	0.381980316365	-0.841003788482	-2.21413040161	2.18818330765	-4.79579353333
2	6	0.499962806702	0.498193257818	-0.429594756088	0.753161220063	2.83672833443	-2.45403313637	4.31422138214
3	6	0.499992012978	-0.479237008639	0.376665676066	-0.792751447822	-2.73439025879	2.15597343445	-4.53416204453
4	6	0.499984961003	0.44096389812	-0.334595974553	0.83282433584	2.52660036087	-1.91994595528	4.75547456741
5	6	0.499991305172	-0.435650501636	0.276311611731	-0.85665660194	-2.49831557274	1.59848594666	-4.88808965683
6	6	0.499245688319	0.526371844328	-0.338973078878	0.779762741668	2.9910030365	-1.93940484524	4.45852184296
7	6	0.498311422765	-0.452438789412	0.341255469492	-0.823919805793	-2.60752677917	1.94939661026	-4.71104955673
8	6	0.446047231555	0.414167107867	-0.284502076714	0.864594804001	2.13038229942	-1.46204805374	4.43302583694
9	6	0.498305082321	-0.455946375444	0.410265267603	-0.789807136533	-2.61007881165	2.33287334442	-4.53108215332
10	6	0.499283384532	0.473425698318	-0.274288803784	0.837038685062	2.69333720207	-1.59789347649	4.77388334274
11	6	0.499989200383	-0.487831958862	0.341798189041	-0.803239676486	-2.76864099503	1.94502639771	-4.60857582092
12	6	0.49998517707	0.377592494817	-0.314829626149	0.870807794152	2.17518925667	-1.81750607491	4.96530485153
13	6	0.499274432659	-0.338535463815	0.493488926648	-0.801163166287	-1.95026993752	2.77105402946	-4.59643793106
14	6	0.498190514743	0.363029149027	-0.311577359858	0.878139730214	2.08905744553	-1.80121779442	5.01705694199
15	6	0.445505410433	-0.432527851117	0.459219726234	-0.775910369208	-2.22051787376	2.34074878693	-3.98186540604
16	6	0.496761936694	0.359233747027	-0.32095764405	0.876320321414	2.07417201996	-1.83254170418	4.99451255798
17	6	0.496235571802	-0.422367725124	0.344731727362	-0.83831112418	-2.41622042656	1.96315121651	-4.79552555084
18	6	0.396071508527	0.363818369283	-0.392230198302	0.844861921093	1.69974565506	-1.81467711926	3.94744896889
19	6	0.38695164863	0.210172377997	0.068597451931	0.975254818555	0.98736423254	0.291667312384	4.51698827744
20	6	0.400373134762	0.356188238641	-0.162072025897	0.920251377112	1.67058730125	-0.776645898819	4.34471035004
21	6	0.370952613652	0.544934942521	-0.38359611859	0.745586967578	2.40826225281	-1.70061528683	3.3239068985
22	6	0.418287035078	0.512952644033	-0.355423399755	0.781379416088	2.47745943069	-1.73768234253	3.80964541435
23	6	0.498264469206	-0.288610452876	0.298138955455	-0.909844585482	-1.66185498238	1.70703744888	-5.20392036438
24	6	0.499532444403	0.232709919567	-0.267575909849	0.935012954885	1.34796333313	-1.55751466751	5.32861232758
25	6	0.499994657934	-0.157803053703	0.414795941929	-0.896126398898	-0.943531632423	2.36617326736	-5.12002849579
26	6	0.499999538064	0.394842058191	-0.327152475479	0.858528396078	2.23428988457	-1.89932608604	4.90892791748
27	6	0.499997872859	-0.367077237546	0.46032239075	-0.808305386751	-2.10058236122	2.61761784554	-4.62809419632
28	6	0.499999828637	0.359742296932	-0.404201005766	0.840956019502	2.06717681885	-2.30565357208	4.80570411682
29	6	0.499997328967	-0.444539203042	0.380937093392	-0.81072302782	-2.52044630051	2.17463707924	-4.64809799194
0	7	0.499963670969	-0.515681596687	0.408787285672	-0.752971079067	-2.91581487656	2.34182786942	-4.32617855072
1	7	0.499240964651	0.523081861141	-0.401172187297	0.751961596549	2.96371603012	-2.29618024826	4.30517292023
2	7	0.499629229307	-0.498231653281	0.393013360419	-0.772855561021	-2.84308958054	2.25229978561	-4.41949558258
3	7	0.499231979251	0.490636570067	-0.348968632763	0.798433872941	2.79129624367	-2.00139498711	4.55940055847
4	7	0.499971918762	-0.481569225806	0.288521961298	-0.827554323658	-2.74598932266	1.67074537277	-4.72878313065
5	7	0.499974448234	0.525710743725	-0.293315850848	0.79849485006	2.9922940731	-1.6868737936	4.56976366043
6	7	0.499974749982	-0.543986382978	0.3887604336	-0.743602138514	-3.11596345901	2.20993208885	-4.25356483459
7	7	0.499232873321	0.626274253243	-0.346041138767	0.698595798732	3.54623842239	-1.98421740532	4.01001930237
8	7	0.499654844403	-0.498625243445	0.430019552123	-0.752632746691	-2.85040831566	2.44736719131	-4.3108291626
9	7	0.499255273491	0.442074977974	-0.401699846757	0.802001837258	2.53290987015	-2.29792690277	4.57018899918
10	7	0.499975398183	-0.467338992999	0.394326514214	-0.791265357393	-2.66155648232	2.24422693253	-4.53508138657
11	7	0.499988298863	0.417711989983	-0.328671592363	0.84704880485	2.39464950562	-1.88662004471	4.8361082077
12	7	0.499987430871	-0.465145157586	0.333558357605	-0.81998707578	-2.64276242256	1.89774107933	-4.70073223114
13	7	0.499965857714	0.410417959431	-0.244864215384	0.878406861654	2.35192084312	-1.43296563625	5.01115369797
14	7	0.499242894351	-0.498354426968	0.317729331188	-0.806654162094	-2.83499026299	1.81334114075	-4.61104440689
15	7	0.499195553362	0.535184198129	-0.381581409056	0.753640167677	3.04338598251	-2.16611385345	4.32276153564
16	7	0.497658751905	-0.537576018879	0.244857333673	-0.806880976398	-3.06135249138	1.41720962524	-4.61455440521
17	7	0.416682306677	0.521860994591	-0.272559088817	0.808314694551	2.53300905228	-1.32520461082	3.91333866119
18	7	0.378720980138	0.573522932842	-0.209068411559	0.792061768293	2.59284973145	-0.953696489334	3.59556341171
19	7	0.415765025653	0.262283671182	0.127353333013	0.95655026235	1.28939819336	0.6033167243	4.6944231987
20	7	0.346176818945	0.184152627914	-0.216281335764	0.958806650703	0.787309765816	-0.887335717678	3.96954274178
21	7	0.439878407866	0.3144062743	-0.424796168902	0.848938696001	1.61986255646	-2.16833686829	4.34867048264
22	7	0.498318213969	-0.431497907077	0.363205523598	-0.825767100226	-2.46454286575	2.07291197777	-4.72801494598
23	7	0.499171063304	0.45143548671	-0.279862880785	0.847279628752	2.56230926514	-1.61083269119	4.83958768845
24	7	0.499977655709	-0.391289795933	0.368524058551	-0.843256967874	-2.22321772575	2.10046625137	-4.83120346069
25	7	0.499990519136	0.264754970534	-0.471760176889	0.841039321958	1.5248541832	-2.67555689812	4.81731367111
26	7	0.499986629933	-0.358666285037	0.42776100548	-0.829686096164	-2.04829835892	2.43985891342	-4.74711894989
27	7	0.499990228564	0.367390691263	-0.4910283523	0.789883052869	2.11047458649	-2.78054046631	4.52848911285
28	7	0.499960415065	-0.464061251341	0.338623699723	-0.818523759576	-2.62570548058	1.95259213448	-4.68839168549
29	7	0.499978717417	0.263839116564	-0.393673074871	0.880573921197	1.55235433578	-2.25960874557	5.01902246475
0	8	0.499212048948	0.369711016343	-0.499012290543	0.783773244173	2.10693383217	-2.850877285	4.4746670723
1	8	0.49834721908	-0.344861548709	0.494580755366	-0.797784675613	-1.99002385139	2.82583856583	-4.56602668762
2	8	0.445573359728	0.376877506032	-0.501085318717	0.779023009168	1.93265199661	-2.55846643448	3.99737501144
3	8	0.498347811401	-0.359444283174	0.461542827244	-0.811035157014	-2.06678104401	2.63671326637	-4.64420843124
4	8	0.499228797853	0.343365216038	-0.484082027132	0.804838443057	1.97703123093	-2.74105238914	4.60105228424
5	8	0.499989327043	-0.431622468847	0.344622244333	-0.833629146022	-2.47490978241	1.98463058472	-4.75757741928
6	8	0.499984659255	0.615725393031	-0.374115918213	0.693483612003	3.48753070831	-2.14352416992	3.99275970459
7	8	0.499992087483	-0.539796644757	0.333892961323	-0.772745153779	-3.08695435524	1.92812681198	-4.4093079567
8	8	0.499963544309	0.458922282842	-0.470529528874	0.75365263933	2.63265013695	-2.6695356369	4.31576776505
9	8	0.499990291893	-0.493668833387	0.459740041319	-0.738193861631	-2.81060552597	2.60976862907	-4.24063873291
10	8	0.499987404794	0.362378387649	-0.396421515194	0.843523494905	2.09681487083	-2.25503015518	4.81813240051
11	8	0.499999731779	-0.360738161011	0.373304551707	-0.854699766506	-2.07322120667	2.11550998688	-4.89022779465
12	8	0.499999720603	0.395249519492	-0.272637535359	0.87718104839	2.26131486893	-1.57269310951	5.0097155571
13	8	0.499987948686	-0.396308086121	0.344842602039	-0.850895693192	-2.2754406929	1.95253801346	-4.86789321899
14	8	0.49998024106	0.539816926163	-0.304451925164	0.784797242281	3.06099486351	-1.74386966228	4.50308036804
15	8	0.499825302511	-0.402941355112	0.312142274416	-0.860351942442	-2.33459758759	1.78958177567	-4.90187263489
16	8	0.476096931845	0.531740089256	-0.301691594513	0.791349896871	2.91367816925	-1.65461421013	4.34984493256
17	8	0.333514600992	0.592469118301	-0.300750404777	0.747348337715	2.35780334473	-1.19484865665	2.99422383308
18	8	0.4171051085	0.592279182583	-0.243731649014	0.767984539654	2.86885738373	-1.17919254303	3.73015880585
19	8	0.496828280389	-0.447079876847	0.279048357401	-0.849853868586	-2.56253242493	1.59629523754	-4.85756111145
20	8	0.478928815573	0.487141204396	-0.348565973709	0.800746657159	2.68307185173	-1.91728520393	4.43129396439
21	8	0.498758777976	-0.40135173684	0.377185241943	-0.83465446539	-2.29215121269	2.14891457558	-4.77815389633
22	8	0.499358780682	0.37482638987	-0.339303633746	0.862773563331	2.15433979034	-1.93411636353	4.92157316208
23	8	0.499978054315	-0.486952102612	0.283313180993	-0.826202935868	-2.76277422905	1.63185095787	-4.7321062088
24	8	0.49998876825	0.39061174924	-0.334019202797	0.857819114685	2.233751297	-1.90788650513	4.90437078476
25	8	0.499986693263	-0.289565279079	0.347896558781	-0.89169497786	-1.674518466	1.99472057819	-5.08961057663
26	8	0.499976560473	0.375284510382	-0.33637178138	0.863721923398	2.14435625076	-1.9280115366	4.93668460846
27	8	0.499231792986	-0.425161391074	0.320081098194	-0.84663208191	-2.41720128059	1.83688902855	-4.83402395248
28	8	0.499653406441	0.417222866478	-0.293265197781	0.860186377164	2.37433815002	-1.70088922977	4.91673755646
29	8	0.499234445393	-0.278789844097	0.541178708085	-0.793348491361	-1.60903906822	3.06396603584	-4.54132080078
0	9	0.498908549547	-0.27255110081	0.586249580433	-0.762907154829	-1.56970703602	3.3291144371	-4.36462688446
1	9	0.445746500045	0.345377773987	-0.503281374307	0.79209977371	1.76684260368	-2.58079051971	4.06179141998
2	9	0.232469925657	0.352608636196	-0.428334539661	0.831983576649	0.974936306477	-1.21817421913	2.30084943771
3	9	0.445579811931	0.329502461357	-0.482525614775	0.811539992265	1.68979454041	-2.47089099884	4.15886354446
4	9	0.49971447885	-0.332079087166	0.479621652918	-0.812210902364	-1.90829014778	2.74166870117	-4.64120817184
5	9	0.499960746616	0.32532755406	-0.416764678383	0.848804562559	1.87428081036	-2.39229631424	4.84203720093
6	9	0.499999403954	-0.400520970535	0.466392756709	-0.788708278548	-2.30764913559	2.65768742561	-4.5060968399
7	9	0.499995648861	0.481425860448	-0.423770987446	0.767233531001	2.73936724663	-2.41601610184	4.39847040176
8	9	0.499999646097	-0.423837609711	0.344831288771	-0.837527947521	-2.43314504623	1.98452377319	-4.77796411514
9	9	0.499997574836	0.49936184092	-0.279699027232	0.820003784137	2.84140110016	-1.6148250103	4.69172048569
10	9	0.49999973923	-0.486721980391	0.173936222876	-0.856065362093	-2.76589751244	1.02423632145	-4.89863872528
11	9	0.499999992549	0.404157948171	-0.201773165012	0.892156904817	2.30882954597	-1.16502130032	5.09907960892
12	9	0.499999903142	-0.375977255147	0.268650778568	-0.886830233352	-2.15397930145	1.52835381031	-5.07006645203
13	9	0.499999012798	0.373973293843	-0.246645174638	0.894041460627	2.14574098587	-1.41920375824	5.10548830032
14	9	0.499995078892	-0.45776849563	0.287361054316	-0.841351073495	-2.61891293526	1.64267385006	-4.80907726288
15	9	0.49972891435	0.476208203344	-0.335227927043	0.812925571008	2.71930837631	-1.90781760216	4.6491317749
16	9	0.499179951847	-0.543430023541	0.313228298199	-0.778827222638	-3.10230207443	1.78042984009	-4.45885658264
17	9	0.476016439497	0.575727626114	-0.173276546029	0.799070046445	3.15276479721	-0.965671896935	4.38927745819
18	9	0.498361539096	-0.539213289018	0.140239565357	-0.830410677469	-3.08351254463	0.83414876461	-4.74978208542
19	9	0.498907539994	0.461243141353	-0.315701858643	0.829208719807	2.64290237427	-1.78792083263	4.7292547226
20	9	0.499844130129	-0.499958616814	0.290173806912	-0.815990528901	-2.8453540802	1.66411828995	-4.67013454437
21	9	0.499648559839	0.369638698536	-0.315308673244	0.874041001968	2.1297981739	-1.79955160618	4.98673534393
22	9	0.499983489513	-0.39548384612	0.276562125359	-0.875845830198	-2.26149439812	1.59714126587	-5.00186920166
23	9	0.499994259328	0.402124733643	-0.355042305032	0.843943517203	2.29826951027	-2.01681995392	4.83058643341
24	9	0.499997749925	-0.407545969231	0.295862654831	-0.863927990309	-2.32493042946	1.70547628403	-4.93637514114
25	9	0.499990638345	0.398544086239	-0.335519502839	0.853574410663	2.27036619186	-1.91019558907	4.88684177399
26	9	0.499242223799	-0.40844223674	0.309970306092	-0.858541407614	-2.32276344299	1.77180743217	-4.9036989212
27	9	0.498223431408	0.378529969197	-0.306105793391	0.873506900758	2.1700720787	-1.75680994987	4.99829912186
28	9	0.445108188316	-0.274287126368	0.288811826462	-0.917253673312	-1.41574072838	1.49498915672	-4.68766593933
29	9	0.497521024197	0.285787459971	-0.539336015716	0.79211248562	1.63318443298	-3.0804476738	4.53170108795
0	10	0.498872745782	0.308462480676	-0.492443012016	0.813849358255	1.75720977783	-2.81091022491	4.64787960052
1	10	0.498260851949	-0.353932414133	0.50878301372	-0.784774930268	-2.02299880981	2.91116714478	-4.49567270279
2	10	0.445363994688	0.236319389373	-0.571040654701	0.786171556904	1.23399603367	-2.91099882126	4.03056335449
3	10	0.498120114207	-0.380874153284	0.427846258211	-0.819684365286	-2.18211555481	2.46481895447	-4.68302297592
4	10	0.49922607094	0.458401328957	-0.523798460899	0.717985650254	2.59046077728	-2.9753344059	4.12667322159
5	10	0.499979965389	-0.31900644876	0.511960835978	-0.797578201855	-1.84010410309	2.90976238251	-4.5657453537
6	10	0.499961845577	0.447892128071	-0.500647597797	0.74077299116	2.53552007675	-2.85409283638	4.25556755066
7	10	0.499991595745	-0.333067291322	0.422050221092	-0.843172455864	-1.92403578758	2.4225525856	-4.80845546722
8	10	0.499986745417	0.404311808899	-0.394309428773	0.825258768851	2.30093955994	-2.25397968292	4.7230424881
9	10	0.499996971339	-0.373223724229	0.351202284518	-0.858697273212	-2.14805531502	1.99993491173	-4.90634155273
10	10	0.499999064952	0.40137395521	-0.23874217819	0.884251729109	2.2951426506	-1.37148594856	5.05373716354
11	10	0.499998146668	-0.352988413399	0.143574163566	-0.92454618033	-2.02887058258	0.840652763844	-5.27844142914
12	10	0.499999687076	0.401484504512	-0.227747167665	0.887097187605	2.28679871559	-1.30100417137	5.07552433014
13	10	0.499999731779	-0.361566756396	0.227027407233	-0.904283161977	-2.07984161377	1.30027532578	-5.1640329361
14	10	0.499997913837	0.480710009839	-0.251388735374	0.840072371982	2.73242521286	-1.44761550426	4.80878829956
15	10	0.499990504235	-0.456455113623	0.317584623708	-0.831137013995	-2.61100435257	1.80697655678	-4.75438737869
16	10	0.499732825905	0.537211975817	-0.233505681275	0.810480345136	3.05534434319	-1.35210680962	4.63570070267
17	10	0.499839678407	-0.472678602414	0.281939182411	-0.834916304932	-2.71418333054	1.6071035862	-4.76733160019
18	10	0.499566242099	0.512310081335	-0.361220688478	0.77913926533	2.92930555344	-2.03746795654	4.46125793457
19	10	0.499977298081	-0.527766137488	0.328447111597	-0.783316921179	-3.00766944885	1.87413024902	-4.48615884781
20	10	0.499975040555	0.489166380071	-0.270805868704	0.829084093494	2.79121112823	-1.55554842949	4.74001979828
21	10	0.499995980412	-0.445429285648	0.277089348036	-0.851360232036	-2.55590629578	1.59475684166	-4.85939264297
22	10	0.499992661178	0.431059727609	-0.343659556689	0.834317457764	2.45483374596	-1.95322442055	4.77928543091
23	10	0.499998643994	-0.302984240401	0.347804414275	-0.887261314089	-1.75995731354	1.9907630682	-5.06236076355
24	10	0.499999616295	0.369192346638	-0.381592719384	0.847398376029	2.10761404037	-2.16925382614	4.8515920639
25	10	0.499959360808	-0.359241847148	0.247042155155	-0.899953037016	-2.05852651596	1.44295835495	-5.13482236862
26	10	0.4996086061	0.351438125119	-0.302289056774	0.88606578219	2.00924968719	-1.74178481102	5.06153917313
27	10	0.445622704923	-0.330538188443	0.491030324285	-0.805998589709	-1.69367742538	2.49927139282	-4.14235496521
28	10	0.23351056315	-0.338137168811	0.406885131614	-0.848591624246	-0.923961639404	1.14081835747	-2.37488245964
29	10	0.445135014132	-0.20087551852	0.35665005299	-0.912386850936	-1.04612219334	1.83926963806	-4.66299962997
0	11	0.499216996133	-0.291466543946	0.462817398841	-0.837166237428	-1.67546463013	2.64539217949	-4.77293157578
1	11	0.49923235178	0.376638639598	-0.509180368217	0.773872526831	2.15409660339	-2.90211057663	4.41858577728
2	11	0.499594002962	-0.449364019235	0.540957688577	-0.710940755188	-2.55545258522	3.08349132538	-4.08107948303
3	11	0.499250911176	0.365381576678	-0.524105809192	0.769291494946	2.09742069244	-2.97528195381	4.39722681046
4	11	0.499947823584	-0.373213466065	0.436518027889	-0.818635279032	-2.13612222672	2.50075769424	-4.67738103867
5	11	0.49922202155	0.272784539404	-0.30423806532	0.912703563416	1.57855796814	-1.7749632597	5.19208812714
6	11	0.499655336142	-0.335406690028	0.479092834497	-0.811154984093	-1.9238216877	2.7256770134	-4.64436435699
7	11	0.499225255102	0.294853667392	-0.507605841079	0.809566319043	1.69940829277	-2.88160514832	4.62520551682
8	11	0.499962568283	-0.302185182383	0.449773853226	-0.840468676693	-1.74472010136	2.56276226044	-4.80361843109
9	11	0.499979544431	0.407929197978	-0.358978120821	0.839481076743	2.31449770927	-2.04918408394	4.80965662003
10	11	0.49996817857	-0.381939395824	0.375654722221	-0.844396724053	-2.18529677391	2.11218690872	-4.84324407578
11	11	0.499990701675	0.359255533988	-0.184576114115	0.914804415926	2.0585296154	-1.06588172913	5.22640800476
12	11	0.499987933785	-0.375983500333	0.255115426259	-0.890815652513	-2.15554141998	1.45008850098	-5.09234952927
13	11	0.499999482185	0.380693246506	-0.197069069425	0.903458042158	2.18120718002	-1.15006732941	5.15826320648
14	11	0.499999385327	-0.400588260147	0.331460455694	-0.854203144541	-2.29132771492	1.88097524643	-4.88851737976
15	11	0.499995928258	0.34729350638	-0.306289856125	0.886325980924	2.00587272644	-1.75036692619	5.059445858
16	11	0.499995592982	-0.451612613301	0.288806955706	-0.84417805577	-2.58063745499	1.65081560612	-4.82698297501
17	11	0.49998543039	0.449205784983	-0.269058204769	0.851951785716	2.58191251755	-1.5409655571	4.86216068268
18	11	0.499995522201	-0.541117326787	0.282928855766	-0.791923797613	-3.08491444588	1.63328897953	-4.52803611755
19	11	0.499993145466	0.498472494056	-0.327526269433	0.802652923436	2.84697389603	-1.87019562721	4.5912270546
20	11	0.499999906868	-0.393668954056	0.288475735503	-0.872815275209	-2.28782272339	1.65622210503	-4.97200202942
21	11	0.4999987185	0.632441816919	-0.332699015461	0.699520345182	3.57141423225	-1.90180206299	4.0431060791
22	11	0.499993991107	-0.407522374568	0.278863841128	-0.869574880236	-2.34956645966	1.61360144615	-4.95673704147
23	11	0.499994773418	0.424736761836	-0.349886216845	0.834972046482	2.4128947258	-1.99755072594	4.78265237808
24	11	0.499978683889	-0.337143260973	0.430401275522	-0.837310673293	-1.94087255001	2.45230317116	-4.78530931473
25	11	0.49998409301	0.383770654229	-0.423019348805	0.820837813145	2.17953634262	-2.40283250809	4.70817995071
26	11	0.499252509326	-0.290509380988	0.399831373965	-0.869332601454	-1.66974842548	2.28586196899	-4.95720911026
27	11	0.498365022242	0.31592417072	-0.49313703474	0.81056016638	1.81206059456	-2.81101489067	4.64832782745
28	11	0.446174122393	-0.238265119926	0.491567267389	-0.837610502715	-1.23661363125	2.5149512291	-4.29861831665
29	11	0.498277641833	0.271744170953	-0.482262198538	0.832813470961	1.56313443184	-2.75528669357	4.76935625076
0	12	0.499961979687	0.368510197709	-0.410862541	0.833901796729	2.10837030411	-2.36082220078	4.76102495193
1	12	0.499976038933	-0.46184000121	0.457049980574	-0.760137572114	-2.62983107567	2.61292862892	-4.35215520859
2	12	0.499958023429	0.528093063586	-0.422356569911	0.736703905274	2.99903130531	-2.42080044746	4.22257804871
3	12	0.499981373549	-0.408668518684	0.430626647241	-0.80470537001	-2.34558010101	2.4704477787	-4.59149026871
4	12	0.499254692346	0.415862222113	-0.458649485106	0.785302019628	2.3716211319	-2.60608291626	4.49131011963
5	12	0.498317696154	-0.344529278967	0.332986582072	-0.87773544539	-1.97556066513	1.91473567486	-5.02209329605
6	12	0.445608880371	0.428277068383	-0.334935128043	0.839283749813	2.18880748749	-1.72159087658	4.30271959305
7	12	0.498188722879	-0.434579120468	0.428303534498	-0.79227335585	-2.47348356247	2.45257329941	-4.54338026047
8	12	0.499213062227	0.354885045162	-0.415563194436	0.837474677916	2.02395176888	-2.36054754257	4.78789329529
9	12	0.49921740219	-0.272941078004	0.211217876551	-0.93855749774	-1.58709645271	1.23539531231	-5.34389209747
10	12	0.49961842224	0.368719069788	-0.162215726766	0.915277174174	2.1076271534	-0.951097249985	5.22975587845
11	12	0.499222790822	-0.373585632561	0.116184315192	-0.920290704097	-2.14082860947	0.690704345703	-5.24662256241
12	12	0.499976277351	0.455879142998	-0.281975069491	0.84419444867	2.59441518784	-1.59956598282	4.83751487732
13	12	0.499987117946	-0.436323079262	0.329003348032	-0.837483711775	-2.4865193367	1.8650239706	-4.79830360413
14	12	0.500000014901	0.399400178066	-0.350624484465	0.847078490256	2.28716230392	-1.98655152321	4.84851837158
15	12	0.499999590218	-0.369716600652	0.275409894857	-0.887388880377	-2.12025904655	1.58699369431	-5.06646108627
16	12	0.499999582767	0.440237011517	-0.337914395652	0.831868520201	2.52241683006	-1.91486239433	4.75991153717
17	12	0.499999690801	-0.533581458049	0.243360279552	-0.809979383666	-3.04230546951	1.41657006741	-4.62914276123
18	12	0.499998435378	0.562245615469	-0.421056650847	0.711752179247	3.19966888428	-2.38029909134	4.098092556
19	12	0.500000152737	-0.475333531692	0.368408332003	-0.798957655048	-2.72298836708	2.09825921059	-4.56807327271
20	12	0.499999590218	0.50189541301	-0.292464083926	0.813981421172	2.85718083382	-1.69393253326	4.65351676941
21	12	0.499993547797	-0.499209679536	0.424694142754	-0.7552645768	-2.86225390434	2.40583848953	-4.32508850098
22	12	0.499985899776	0.439904729347	-0.368149722722	0.81911513889	2.51582813263	-2.10228729248	4.68375110626
23	12	0.499607708305	-0.387476832244	0.275273121589	-0.87982180753	-2.22939038277	1.60230755806	-5.01065349579
24	12	0.499800354242	0.387442338225	-0.467241543891	0.794716159527	2.20042037964	-2.64944219589	4.56392860413
25	12	0.499462258071	-0.302081847106	0.347668056924	-0.887622374573	-1.73888444901	2.01155614853	-5.05478429794
26	12	0.499954171479	0.268441709948	-0.444684880393	0.854514134178	1.5495454073	-2.52861142159	4.88813924789
27	12	0.49922657758	-0.391611537338	0.411233491604	-0.823120537471	-2.22454619408	2.36113834381	-4.69688034058
28	12	0.499659758061	0.361538083772	-0.474344798113	0.80267504414	2.06407165527	-2.70815348625	4.59305143356
29	12	0.499238859862	-0.349059993812	0.462664893577	-0.814922276645	-1.99066078663	2.64126682281	-4.65217351913
0	13	0.499986547977	-0.390395147583	0.423705176029	-0.817352771176	-2.22846961021	2.43430066109	-4.66780996323
1	13	0.499997511506	0.411966307077	-0.481459624076	0.77361514477	2.3633685112	-2.73212862015	4.43140459061
2	13	0.499999165535	-0.488362273867	0.326350830568	-0.809319111878	-2.78786635399	1.894338727	-4.61838674545
3	13	0.499959796667	0.455030793702	-0.450354904608	0.76819752452	2.60233163834	-2.55988121033	4.3994140625
4	13	0.499590396881	-0.49827361069	0.438593741808	-0.747903027496	-2.83372139931	2.504799366	-4.28747940063
5	13	0.44552712515	0.366918577348	-0.349834987977	0.861966495164	1.89424133301	-1.79630923271	4.40967702866
6	13	0.233135545626	0.406910519613	-0.327254453789	0.852835477395	1.1442784071	-0.922711014748	2.36881923676
7	13	0.445417340845	0.460832679952	-0.283426550907	0.841012860383	2.35376167297	-1.46582353115	4.30815267563
8	13	0.498916018754	-0.354119570739	0.36415562793	-0.86138841893	-2.02951717377	2.07112622261	-4.91778326035
9	13	0.498268518597	0.383758152667	-0.328189296799	0.863146259754	2.18959999084	-1.87521648407	4.9468536377
10	13	0.44548137486	-0.427601912684	0.332764174723	-0.840490694946	-2.18707370758	1.69532132149	-4.31222867966
11	13	0.498316232115	0.423970999761	-0.236761978826	0.874180963385	2.42577624321	-1.35077238083	5.00777721405
12	13	0.499250389636	-0.447278529166	0.227899160838	-0.864872181213	-2.54704666138	1.31432843208	-4.93656158447
13	13	0.499992072582	0.376292054327	-0.244689402424	0.893605833795	2.16813421249	-1.40583276749	5.09992599487
14	13	0.499998290092	-0.448110906084	0.191911322977	-0.873136106207	-2.55426025391	1.12324404716	-4.99041843414
15	13	0.49999981001	0.366700562936	-0.311321905945	0.876703694541	2.11341643333	-1.76468420029	5.01057767868
16	13	0.500000156462	-0.488106320509	0.265557377524	-0.831403331195	-2.78138113022	1.53407526016	-4.75363731384
17	13	0.499999813735	0.541777935885	-0.330534510165	0.772802436447	3.08598875999	-1.87932109833	4.43049478531
18	13	0.499999906868	-0.439956576641	0.349841299016	-0.827072715166	-2.53349280357	2.00151085854	-4.71838951111
19	13	0.499999411404	0.426320438288	-0.305793574109	0.851317316828	2.44112706184	-1.76621723175	4.85854196548
20	13	0.49999845773	-0.411273546854	0.422559673122	-0.807649300321	-2.37263464928	2.39596319199	-4.61742830276
21	13	0.499993719161	0.566239662852	-0.346835694067	0.747714949385	3.20924592018	-2.00545215607	4.2862329483
22	13	0.499613560736	-0.437782619294	0.449372871609	-0.778723571305	-2.52007436752	2.54665184021	-4.44993877411
23	13	0.49878950417	0.529747584312	-0.347522798537	0.773689473505	3.00202846527	-1.99857294559	4.43811655045
24	13	0.467721320689	-0.231485912032	0.454879074984	-0.859941451305	-1.27726280689	2.44999194145	-4.62977695465
25	13	0.498062696308	0.366028249065	-0.451226953327	0.81389038419	2.08084535599	-2.57075381279	4.6694355011
26	13	0.499149356037	-0.28854548121	0.379838869059	-0.878899276837	-1.66358578205	2.18879151344	-5.00248670578
27	13	0.499960578978	0.452796422437	-0.442786952967	0.773896061568	2.56686019897	-2.5299949646	4.4386100769
28	13	0.499952737242	-0.375830183942	0.479149622735	-0.793200675662	-2.1559817791	2.73500990868	-4.53296947479
29	13	0.499990094453	0.356290071738	-0.486965612677	0.797447099719	2.04788398743	-2.77323484421	4.56075620651
0	14	0.499999813735	0.353956142364	-0.510992318239	0.783327453868	2.04354572296	-2.89128684998	4.48985433578
1	14	0.499999813735	-0.423330510314	0.384174029732	-0.820488631193	-2.41927528381	2.20760965347	-4.6860833168
2	14	0.499997820705	0.490388732228	-0.376448408476	0.786006035002	2.78972005844	-2.14834022522	4.50387144089
3	14	0.499992128462	-0.429361321786	0.365805303843	-0.825733210568	-2.46904611588	2.09593725204	-4.71146678925
4	14	0.499280139804	0.481701171889	-0.433276562623	0.761731843422	2.75227570534	-2.45513796806	4.35768890381
5	14	0.498141076416	-0.499621331043	0.261431298518	-0.825852409164	-2.85585641861	1.51507723331	-4.72461557388
6	14	0.445503763855	0.521656590905	-0.427626923158	0.738247665595	2.65426802635	-2.17604279518	3.80540966988
7	14	0.498048476875	-0.355377973085	0.424835252869	-0.832599245835	-2.04185819626	2.41205453873	-4.77225446701
8	14	0.498936697841	0.37272543515	-0.285516448999	0.882924746138	2.12722969055	-1.64541685581	5.03647708893
9	14	0.445509951562	-0.452630446973	0.305249712384	-0.837823544407	-2.31117916107	1.56435155869	-4.29731607437
10	14	0.232569558546	-0.405065492974	0.328298954938	-0.853312218703	-1.12969517708	0.901973605156	-2.37634253502
11	14	0.445828352123	-0.384470223526	0.284645672942	-0.878156869869	-1.97617483139	1.46676671505	-4.49811077118
12	14	0.499691560864	0.436622334171	-0.358565975599	0.82510082926	2.48937535286	-2.02833986282	4.73171710968
13	14	0.499962665141	-0.420387718895	0.321879615118	-0.848332292898	-2.40849018097	1.81949794292	-4.85542964935
14	14	0.499999646097	0.517249933471	-0.249056669816	0.818793796718	2.93351078033	-1.42183971405	4.69697809219
15	14	0.499999757856	-0.400993618515	0.253843232641	-0.880208913357	-2.3063852787	1.45787596703	-5.02403736115
16	14	0.500000417233	0.45221263681	-0.336853100286	0.825853328344	2.58630228043	-1.91021299362	4.72725200653
17	14	0.500000033528	-0.530943956027	0.275860824872	-0.801248601159	-3.02452898026	1.60047411919	-4.58021593094
18	14	0.499999172986	0.499586186514	-0.366257351732	0.785028148888	2.85030269623	-2.08822607994	4.49437522888
19	14	0.499999370426	-0.404380106515	0.351523738791	-0.844338670511	-2.32689976692	2.01693344116	-4.81700325012
20	14	0.499999634922	0.466894482051	-0.40941902524	0.783827534858	2.66322612762	-2.33523535728	4.48733377457
21	14	0.499980673194	-0.451466831322	0.436440688017	-0.778265524136	-2.59066605568	2.48848748207	-4.44715356827
22	14	0.499824397266	0.50647926639	-0.404868224485	0.761288692625	2.88658833504	-2.32623839378	4.35183334351
23	14	0.468138180673	-0.479451069446	0.436960197219	-0.761046948653	-2.58524417877	2.3533217907	-4.10906028748
24	14	0.305553874001	-0.388920023637	0.405827986691	-0.827070045663	-1.41130268574	1.49759590626	-3.02402925491
25	14	0.41837156564	-0.214302949929	0.47652984183	-0.85263917075	-1.06536889076	2.30853271484	-4.14791154861
26	14	0.498077429831	0.294502750344	-0.492605615688	0.81890648882	1.69844985008	-2.80218696594	4.68965482712
27	14	0.499196406454	-0.415739175215	0.449618907379	-0.790571803392	-2.3583958149	2.57059788704	-4.51842164993
28	14	0.499971732497	0.449451746056	-0.460249554977	0.765613136715	2.56081581116	-2.62511205673	4.38572645187
29	14	0.499989837408	-0.473230656463	0.407739827519	-0.780897546954	-2.69170379639	2.34184551239	-4.46738147736
0	15	0.499999903142	-0.409617145307	0.335280289582	-0.848410821294	-2.34836053848	1.93101835251	-4.84199237823
1	15	0.499999944121	0.409593971404	-0.352227326325	0.841527592643	2.34536910057	-2.01238512993	4.80941152573
2	15	0.500000089407	-0.402043134124	0.354701215548	-0.844125799862	-2.31313943863	2.02441453934	-4.82032203674
3	15	0.499987654388	0.502272920166	-0.269875049023	0.821516507188	2.85599422455	-1.56017827988	4.70089673996
4	15	0.499976798892	-0.523459445029	0.391055076176	-0.757011318811	-2.98240017891	2.21498155594	-4.34662151337
5	15	0.499257497489	0.470530821306	-0.298201932259	0.830467551321	2.68700098991	-1.69661545753	4.74275875092
6	15	0.499551273882	-0.359453489297	0.322354986861	-0.875717106992	-2.07603788376	1.84139800072	-4.99834680557
7	15	0.49924826622	0.393303988093	-0.319667884888	0.862046643936	2.23928785324	-1.83102655411	4.92129039764
8	15	0.49924216792	-0.336003395372	0.275587054405	-0.900640601873	-1.93995046616	1.57385993004	-5.13360023499
9	15	0.498096056283	0.474615300735	-0.154304541044	0.866562418365	2.70930671692	-0.909193515778	4.96049880981
10	15	0.445329636335	-0.379929770619	0.327177452311	-0.865221523135	-1.95642352104	1.67185091972	-4.42875576019
11	15	0.498360294849	0.396703572563	-0.262969613459	0.879473284366	2.27258586884	-1.51410806179	5.03341817856
12	15	0.499248206615	-0.353220030571	0.250586758716	-0.901355582642	-2.03652119637	1.42988586426	-5.13788223267
13	15	0.499991297722	0.418176452195	-0.114149287923	0.901165020901	2.3935918808	-0.684299111366	5.14745664597
14	15	0.499998111278	-0.427193046749	0.187458505949	-0.884514222247	-2.44962263107	1.07950031757	-5.05155420303
15	15	0.499999564141	0.47370677129	-0.22469202178	0.851537075048	2.69549465179	-1.29219210148	4.87318992615
16	15	0.499997980893	-0.390783402111	0.294187093571	-0.872205415376	-2.25759840012	1.68723630905	-4.97466564178
17	15	0.499999858439	0.457797752036	-0.430873697995	0.777669000673	2.62764906883	-2.43671631813	4.45538139343
18	15	0.499997489154	-0.529041079636	0.385427507756	-0.756016648178	-3.00926589966	2.20652699471	-4.33110952377
19	15	0.499999400228	0.438960173436	-0.42810917768	0.789959807916	2.5204885006	-2.43416023254	4.51745176315
20	15	0.49999813363	-0.495619424759	0.341694922533	-0.798502326682	-2.82332706451	1.97786235809	-4.56115961075
21	15	0.499994143844	0.415604192028	-0.475237047246	0.775514606241	2.39314079285	-2.7055773735	4.43175649643
22	15	0.499464102089	-0.514269055012	0.484162863734	-0.707893820031	-2.92765569687	2.75730109215	-4.05473423004
23	15	0.498280279338	0.494282470946	-0.466656295269	0.733428074866	2.82750511169	-2.66516327858	4.20341873169
24	15	0.417467731982	-0.409043366498	0.429131327785	-0.80531349662	-1.99356687069	2.07756996155	-3.90908193588
25	15	0.365961760283	-0.44616565978	0.323371892471	-0.834485963449	-1.94994997978	1.43429207802	-3.65466451645
26	15	0.41707444936	-0.486658023613	0.32185334235	-0.81214185588	-2.34374189377	1.57662916183	-3.94426345825
27	15	0.497624773532	0.247041249404	-0.453431999098	0.856370272304	1.44602239132	-2.58513569832	4.89176177979
28	15	0.499504249543	-0.41022736232	0.405786760414	-0.816731667243	-2.34027123451	2.31494259834	-4.66813182831
29	15	0.499994173646	0.51869189216	-0.336127897068	0.786114977481	2.94022798538	-1.93400430679	4.50607061386
0	16	0.499999772757	0.44234584676	-0.354083645151	0.823987211121	2.52738666534	-2.01660966873	4.71461772919
1	16	0.499999988824	-0.454889001863	0.299556461133	-0.838654829222	-2.59348154068	1.72238266468	-4.79477977753
2	16	0.499999370426	0.430075439973	-0.370153964208	0.823420402172	2.45954084396	-2.09280347824	4.71787643433
3	16	0.499999571592	-0.387534180966	0.210472188704	-0.897506945023	-2.24101400375	1.23153030872	-5.11442327499
4	16	0.499987743795	0.465349389025	-0.249653042934	0.849189792854	2.66535568237	-1.42146849632	4.85416793823
5	16	0.499985877424	-0.503426133678	0.117656992144	-0.855990046747	-2.86211776733	0.705046117306	-4.89962625504
6	16	0.499961063266	0.405684231217	-0.25742397438	0.877013798042	2.32502365112	-1.46602404118	5.01302671432
7	16	0.499978203326	-0.425262326239	0.357810698475	-0.831338353463	-2.42582011223	2.03322696686	-4.76054096222
8	16	0.499965436757	0.417742201426	-0.33218544635	0.845662037921	2.39592862129	-1.89241242409	4.83371353149
9	16	0.499266717583	-0.514050787038	0.298816114441	-0.804027809281	-2.92663574219	1.70510280132	-4.59543275833
10	16	0.499648064375	0.519450011633	-0.321077871867	0.791884262763	2.95620536804	-1.83895325661	4.53546333313
11	16	0.499246560037	-0.448266760674	0.358902763305	-0.818685359443	-2.56423211098	2.0242934227	-4.68151092529
12	16	0.499976858497	0.449647831494	-0.236066865368	0.861446030061	2.56646609306	-1.35152447224	4.92688465118
13	16	0.49998614192	-0.480625771522	0.158625725856	-0.862459707375	-2.74490022659	0.91601395607	-4.93074274063
14	16	0.499999523163	0.410121956981	-0.263235474624	0.873216505399	2.35669493675	-1.49563407898	4.98935317993
15	16	0.49998761341	-0.461689228629	0.266911695248	-0.845932150416	-2.64221930504	1.52198791504	-4.83551597595
16	16	0.499991934747	0.516216074401	-0.261163440166	0.81566820586	2.94103145599	-1.50754487514	4.66531801224
17	16	0.499961160123	-0.51700560502	0.340073318655	-0.785528702415	-2.95116686821	1.94908726215	-4.49111413956
18	16	0.499991238117	0.479435703198	-0.374967812056	0.793435911981	2.74501872063	-2.15267086029	4.52935409546
19	16	0.499986894429	-0.483922909324	0.418260088024	-0.768685317017	-2.76961040497	2.3831782341	-4.39663124084
20	16	0.499999701977	0.493193734922	-0.421777162406	0.760831101563	2.81493210793	-2.40232014656	4.3576374054
21	16	0.499991573393	-0.446201126771	0.457174820187	-0.769347605608	-2.55796098709	2.60701370239	-4.39801883698
22	16	0.49997831881	0.496117569982	-0.476026389873	0.726131002574	2.82916975021	-2.71342921257	4.16167736053
23	16	0.49915240705	-0.482195053061	0.39020628516	-0.784364064593	-2.75311684608	2.24107646942	-4.46919393539
24	16	0.498159520328	0.505188842194	-0.41359876259	0.757443263424	2.87969470024	-2.36739444733	4.33990907669
25	16	0.417961753905	-0.441558213349	0.522033763772	-0.729730836477	-2.13851928711	2.52671289444	-3.55973243713
26	16	0.307184159756	-0.355937744112	0.490327449618	-0.795542151283	-1.32849144936	1.78501033783	-2.92712044716
27	16	0.468463562429	-0.450948886421	0.275412711884	-0.848995253207	-2.42311930656	1.49954414368	-4.5859541893
28	16	0.499803416431	0.372179483232	-0.307588459782	0.875712151149	2.14506244659	-1.77071738243	4.9947180748
29	16	0.499980308115	-0.387261877759	0.359590148405	-0.848954158482	-2.23052430153	2.04798579216	-4.84907817841
0	17	0.499998893589	-0.490154476829	0.302149086651	-0.817590678935	-2.78954815865	1.72955179214	-4.68078422546
1	17	0.499999836087	0.424004062954	-0.279635430658	0.861408486445	2.42990064621	-1.59528827667	4.92279052734
2	17	0.49999993667	-0.461957847904	0.235869344486	-0.85496233782	-2.64005851746	1.37082886696	-4.88228845596
3	17	0.499999918044	0.510772312723	-0.375714435937	0.77327246633	2.90908265114	-2.10773158073	4.44953727722
4	17	0.499999579042	-0.509385778587	0.162977398448	-0.844964198158	-2.90234971046	0.95106947422	-4.83347177505
5	17	0.499997194856	0.392296499684	-0.143667175235	0.908550053159	2.2656853199	-0.826987802982	5.18360137939
6	17	0.499999076128	-0.408510132153	0.119628444706	-0.904880382783	-2.33909201622	0.71760392189	-5.16796827316
7	17	0.499998126179	0.395641648045	-0.351289042291	0.848565669291	2.27751064301	-1.98375463486	4.85508394241
8	17	0.499986767769	-0.50346869503	0.291338361774	-0.813413321801	-2.86343002319	1.6789264679	-4.65466356277
9	17	0.49999127537	0.521371402508	-0.374250107635	0.766882466602	2.96762228012	-2.13018870354	4.39811420441
10	17	0.499961998314	-0.477704313309	0.355314005885	-0.803461602236	-2.73605442047	2.02463293076	-4.59278488159
11	17	0.499990470707	0.501947825092	-0.228073212261	0.834284718027	2.86438107491	-1.31925368309	4.76897239685
12	17	0.49998722598	-0.424108410263	0.212946285526	-0.880219254405	-2.44901013374	1.22009444237	-5.02018022537
13	17	0.4999996759	0.60316901821	-0.133760680325	0.78631750322	3.41780233383	-0.790802836418	4.51615715027
14	17	0.499987352639	-0.430418915036	0.305161985141	-0.849479676275	-2.48435688019	1.7260248661	-4.85195732117
15	17	0.499976430088	0.494665451731	-0.247791387965	0.833009915256	2.82703232765	-1.42953491211	4.75922727585
16	17	0.49926199764	-0.524848979522	0.352968631423	-0.774562259555	-2.98894619942	2.01051139832	-4.42870569229
17	17	0.499694287777	0.549678657633	-0.360643494548	0.753518177075	3.13579416275	-2.0681014061	4.31147003174
18	17	0.499234206975	-0.441254020964	0.49685780835	-0.747279872113	-2.53656768799	2.80886745453	-4.27429771423
19	17	0.499975338578	0.571203599523	-0.323464090465	0.754385465178	3.24503278732	-1.87512564659	4.31851387024
20	17	0.499986950308	-0.468531040802	0.322612063671	-0.822435480861	-2.69107294083	1.86113226414	-4.68827438354
21	17	0.499999400228	0.480727662419	-0.361495562907	0.798887897382	2.74292802811	-2.07983970642	4.56455564499
22	17	0.499988816679	-0.42613568138	0.450135937994	-0.78472034406	-2.44789743423	2.56386685371	-4.48525285721
23	17	0.499963976443	0.444545307663	-0.413571366274	0.794567929401	2.54329633713	-2.36401748657	4.54138851166
24	17	0.499143108726	-0.446266339337	0.412608948259	-0.794103400189	-2.55774879456	2.34905529022	-4.52975702286
25	17	0.497392553836	0.466089799646	-0.353246041799	0.811158142793	2.66190361977	-2.02596521378	4.63296365738
26	17	0.467836875468	-0.272824861022	0.400923018641	-0.874544068833	-1.49755549431	2.1639778614	-4.71354722977
27	17	0.498111557215	0.482213820813	-0.250693861788	0.839417904669	2.74975514412	-1.45326137543	4.788189888
28	17	0.499583736062	-0.50149537735	0.35957827534	-0.786896340315	-2.85159707069	2.03908061981	-4.51111602783
29	17	0.499982949346	0.459576112556	-0.309292088986	0.832543212367	2.62557601929	-1.77411150932	4.75818014145
0	18	0.499998036772	0.444806261955	-0.303783828997	0.842533545068	2.5487279892	-1.71971487999	4.82044887543
1	18	0.499999497086	-0.371657078666	0.207200823915	-0.90495239347	-2.15156579018	1.19881987572	-5.16003751755
2	18	0.500000346452	0.464817792584	-0.278055465282	0.840612620607	2.65262842178	-1.57711136341	4.81239032745
3	18	0.499998819083	-0.462988270519	0.227810342595	-0.856588763158	-2.65200304985	1.31430649757	-4.89126777649
4	18	0.499999687076	0.498506711621	-0.177207653024	0.848580288587	2.84871578217	-1.02236604691	4.84977436066
5	18	0.499998122454	-0.490409420077	0.224062940329	-0.842196176357	-2.79189538956	1.27697634697	-4.82284402847
6	18	0.499999605119	0.451694529079	-0.231371586112	0.861649140625	2.58424806595	-1.31416583061	4.92711830139
7	18	0.49999955669	-0.464327092718	0.234428631172	-0.854074685174	-2.65385961533	1.35284638405	-4.87971353531
8	18	0.49999955669	0.444094746866	-0.314872019844	0.838829820002	2.54095864296	-1.79937505722	4.79471826553
9	18	0.499997798353	-0.382471835869	0.402071171364	-0.83189787109	-2.20738124847	2.28808879852	-4.75174283981
10	18	0.500000011176	0.449010734719	-0.399650805922	0.79916743767	2.57625436783	-2.2692797184	4.57199287415
11	18	0.499997388572	-0.5605918846	0.206442303024	-0.801946578297	-3.18625020981	1.20413637161	-4.59232616425
12	18	0.499999776483	0.499557678405	-0.275310552192	0.821368507917	2.85743570328	-1.56206035614	4.69887399673
13	18	0.499997798353	-0.557822483757	0.232208671494	-0.79681441346	-3.18322515488	1.32514595985	-4.56003761292
14	18	0.499991383404	0.551976016138	-0.275608254497	0.78699591337	3.14678835869	-1.57388186455	4.50602722168
15	18	0.499292805791	-0.541064013527	0.254603912386	-0.801515178311	-3.07986497879	1.46734797955	-4.577896595
16	18	0.498056631535	0.419015551296	-0.460336828551	0.782633996228	2.42290759087	-2.60714149475	4.48475170135
17	18	0.444963186979	-0.620981910051	0.345882519294	-0.703382364178	-3.1688747406	1.76648676395	-3.61163067818
18	18	0.49810385704	0.411254107112	-0.480629115886	0.774509982083	2.37575483322	-2.74272942543	4.42757129669
19	18	0.499281473458	-0.549298938295	0.432387320265	-0.715060753826	-3.12110352516	2.45900845528	-4.09954738617
20	18	0.499991498888	0.517748364559	-0.413996936021	0.748694308755	2.95080518723	-2.35815739632	4.29178237915
21	18	0.499997548759	-0.483127476342	0.406130648402	-0.775658261112	-2.75983428955	2.31798815727	-4.43747758865
22	18	0.499997574836	0.457158188312	-0.399823282947	0.794448068329	2.61094117165	-2.2898170948	4.54098558426
23	18	0.499980509281	-0.435607313075	0.395202245832	-0.808740659102	-2.50331711769	2.26449346542	-4.61398172379
24	18	0.499224804342	0.520626970536	-0.385591767834	0.761752286593	2.97181940079	-2.19603419304	4.3513879776
25	18	0.497737906873	-0.558510157348	0.331679530087	-0.760299344641	-3.18354511261	1.90597271919	-4.35321426392
26	18	0.444979969412	0.38196748696	-0.48394145568	0.787338241406	1.97140693665	-2.46320390701	4.03353118896
27	18	0.497729420662	-0.542204063655	0.336359707406	-0.769985000237	-3.08934545517	1.92067086697	-4.41402387619
28	18	0.499249488115	0.469821196306	-0.319212597176	0.823025735507	2.685120821	-1.83163523674	4.69281244278
29	18	0.499985843897	-0.433628249406	0.309922923495	-0.846117203944	-2.48798441887	1.77041482925	-4.8327999115
0	19	0.499999590218	-0.549045226474	0.111622275497	-0.828305382633	-3.12477779388	0.680399417877	-4.74052429199
1	19	0.499999672174	0.532761399461	-0.182269756838	0.826403670724	3.03279089928	-1.04539370537	4.73236751556
2	19	0.499993409961	-0.474304484423	0.232815976729	-0.849018243053	-2.7133705616	1.33091282845	-4.85252189636
3	19	0.499994348735	0.443592122436	-0.276394524837	0.852544483035	2.55445837975	-1.57028067112	4.86786365509
4	19	0.499979209155	-0.525905622172	0.215152545275	-0.822880707533	-2.99912214279	1.23662853241	-4.70753860474
5	19	0.499994076788	0.419555948482	-0.286878254765	0.861204779966	2.41567254066	-1.62536716461	4.9201593399
6	19	0.499991875142	-0.475015142367	0.192194764061	-0.8587326634	-2.71139335632	1.12483859062	-4.90649223328
7	19	0.500000186265	0.548354426143	-0.239592096814	0.801188523678	3.11463832855	-1.37310767174	4.59345531464
8	19	0.49999903515	-0.446692723869	0.311185641339	-0.838826029083	-2.55976080894	1.77731144428	-4.79294490814
9	19	0.49999968335	0.409241409195	-0.361704110758	0.837670344026	2.3552737236	-2.06920003891	4.78095340729
10	19	0.499999940395	-0.496136842983	0.394506317399	-0.773442304614	-2.83507037163	2.24479675293	-4.42850542068
11	19	0.499999668449	0.48742147608	-0.26954086798	0.8305227421	2.79489421844	-1.54909443855	4.74077129364
12	19	0.499999511987	-0.466098659089	0.265406943734	-0.843985304501	-2.67187309265	1.51684892178	-4.82102823257
13	19	0.499999430031	0.502115517688	-0.190689518504	0.843514975818	2.87706661224	-1.10910093784	4.81438589096
14	19	0.499960891902	-0.536585936369	0.295852065273	-0.790282916661	-3.06425070763	1.67997264862	-4.52405929565
15	19	0.499653585255	0.547257714646	-0.224539596462	0.80628218595	3.12208366394	-1.29486918449	4.61154651642
16	19	0.44541278854	-0.452202058277	0.209594752733	-0.866939062517	-2.34194087982	1.08347773552	-4.42648410797
17	19	0.233460465446	-0.640169754082	0.23557527429	-0.731222931876	-1.75238847733	0.688273906708	-2.06089830399
18	19	0.445895843208	-0.546666101149	0.418934581507	-0.725017234466	-2.80862832069	2.12939882278	-3.72628736496
19	19	0.499675478786	0.473348047307	-0.349345065364	0.808640619445	2.71190190315	-2.00460600853	4.61771917343
20	19	0.49996258691	-0.418171995947	0.356320575938	-0.835564377513	-2.4019370079	2.04448080063	-4.76770019531
21	19	0.499999701977	0.456144893664	-0.390587206952	0.799608322712	2.59890055656	-2.23268914223	4.57656764984
22	19	0.49999961257	-0.4345749619	0.412736920957	-0.800495369486	-2.48929953575	2.3578350544	-4.57459163666
23	19	0.499960303307	0.510298265638	-0.462830151117	0.72483372666	2.91001367569	-2.62175893784	4.16553926468
24	19	0.499702699482	-0.628015767372	0.314949371448	-0.71162004564	-3.5691614151	1.8196388483	-4.08094501495
25	19	0.445666529238	0.618030936029	-0.341418499251	0.708146291722	3.15000677109	-1.75648999214	3.64242696762
26	19	0.232760179788	0.480742882247	-0.401837136934	0.779367176977	1.34119284153	-1.10513436794	2.17364120483
27	19	0.445621155202	0.478517740949	-0.347081882276	0.80656985971	2.4487798214	-1.78795480728	4.1318116188
28	19	0.499669842422	-0.441209188358	0.428815755315	-0.788321952062	-2.52620363235	2.43039631844	-4.51762056351
29	19	0.499965079129	0.489960254833	-0.28675393002	0.823232125407	2.79318475723	-1.64165186882	4.71063041687
0	20	0.499997641891	0.48526439392	-0.304699929024	0.819558674682	2.77430915833	-1.71977210045	4.69423866272
1	20	0.499992899597	-0.530743153247	0.195718097451	-0.824624842951	-3.02439403534	1.12639260292	-4.71873998642
2	20	0.499985899776	0.478056409672	-0.19485398337	0.856442639257	2.74321818352	-1.12584400177	4.88811254501
3	20	0.499597147107	-0.579073605093	0.277807488609	-0.766483371742	-3.29633426666	1.57550740242	-4.39196968079
4	20	0.499809160829	0.615672236801	-0.213016646195	0.75866435614	3.5033531189	-1.22858631611	4.34815263748
5	20	0.499473199248	-0.434413120655	0.275025192195	-0.857698306085	-2.4955663681	1.58729410172	-4.88681840897
6	20	0.499971412122	0.387170649198	-0.409591221636	0.826035059521	2.23979258537	-2.31497168541	4.72523593903
7	20	0.499989975244	-0.496474129813	0.242402328851	-0.833519375536	-2.83541917801	1.40145993233	-4.76249885559
8	20	0.49999986589	0.46921066997	-0.296409047081	0.831855170083	2.69112300873	-1.69804394245	4.74956941605
9	20	0.499999202788	-0.527822070088	0.360416716125	-0.769092746725	-3.01036906242	2.0589556694	-4.40289402008
10	20	0.499999947846	0.597921729702	-0.385407856699	0.70281604218	3.40138864517	-2.19692993164	4.03612089157
11	20	0.499998524785	-0.54768570476	0.314153353335	-0.775466336723	-3.12427282333	1.81001186371	-4.433198452
12	20	0.500000052154	0.46326046801	-0.316888856321	0.827629863839	2.66620540619	-1.80665624142	4.72372484207
13	20	0.499996118248	-0.540561948926	0.242473925056	-0.805604850433	-3.08451414108	1.40124201775	-4.60545635223
14	20	0.499977849424	0.487165238055	-0.314158989422	0.814846096018	2.8022108078	-1.79430651665	4.64918231964
15	20	0.499267689884	-0.509430742467	0.289986759285	-0.810177757081	-2.92308759689	1.6488057375	-4.61823415756
16	20	0.497859418392	0.638117869715	-0.287709153067	0.714163165945	3.6344268322	-1.64114999771	4.10324859619
17	20	0.445554725826	-0.561284359338	0.226913633458	-0.795908330722	-2.87734389305	1.17395710945	-4.07466888428
18	20	0.498263288289	0.486004606649	-0.282857016467	0.826916822027	2.78670096397	-1.62115323544	4.7313709259
19	20	0.499237038195	-0.461713044775	0.31856519776	-0.827851000519	-2.64060354233	1.82195091248	-4.72142028809
20	20	0.499990642071	0.38987059396	-0.382227936421	0.837796350305	2.23938083649	-2.17498731613	4.78955078125
21	20	0.499997515231	-0.339759010696	0.378115078166	-0.8611578266	-1.96251130104	2.1593272686	-4.91640853882
22	20	0.49999807775	0.394183103823	-0.378984653859	0.837251642459	2.2514629364	-2.16093826294	4.78995990753
23	20	0.499988391995	-0.395119094162	0.325255427391	-0.859121532952	-2.28167009354	1.87577426434	-4.89581012726
24	20	0.499265417457	0.540418298279	-0.344332646908	0.767712896309	3.06691551208	-1.96600019932	4.39581251144
25	20	0.498101182282	-0.421496395095	0.374438283627	-0.825915710394	-2.41542816162	2.13542962074	-4.73014974594
26	20	0.445626106113	0.459763015853	-0.31738117107	0.8293896319	2.36275672913	-1.62796902657	4.24663734436
27	20	0.498341389	-0.520251059295	0.303216684812	-0.798372392655	-2.96423530579	1.74200820923	-4.57959938049
28	20	0.499246142805	0.378260087083	-0.406355772352	0.831741722409	2.18610095978	-2.30243778229	4.74473333359
29	20	0.499991808087	-0.39874533	0.30695045462	-0.864166407709	-2.29498052597	1.76410579681	-4.93021774292
0	21	0.499999001622	-0.443634000733	0.235513201195	-0.86470943412	-2.54271864891	1.35888719559	-4.93693780899
1	21	0.499995205551	0.476114454847	-0.213097469698	0.853173191266	2.72737836838	-1.22419786453	4.87294054031
2	21	0.499598696828	-0.473356137042	0.25125140073	-0.844278805346	-2.71995043755	1.43226850033	-4.81518602371
3	21	0.498965159059	0.584381126196	-0.24586126582	0.773337531298	3.33905076981	-1.40843105316	4.42415714264
4	21	0.467790350318	-0.675529041558	0.230767420279	-0.700290590933	-3.63146352768	1.24863004684	-3.78551769257
5	21	0.497733898461	0.494477884895	-0.433265842356	0.75350668955	2.83543777466	-2.45993852615	4.31585025787
6	21	0.499129645526	-0.497157902996	0.48622132588	-0.718625661765	-2.83983325958	2.74007558823	-4.12538766861
7	21	0.499974165112	0.521864145462	-0.245560065741	0.816919866201	2.98346734047	-1.43192219734	4.66297531128
8	21	0.499988988042	-0.533241089762	0.317799814831	-0.78400077671	-3.04129815102	1.81600570679	-4.48707056046
9	21	0.499999091029	0.50967922406	-0.368756970361	0.777332223294	2.92380094528	-2.1070625782	4.43778753281
10	21	0.499991238117	-0.566880892605	0.359846625268	-0.74105091585	-3.23047447205	2.0774435997	-4.23493814468
11	21	0.499993100762	0.511659637094	-0.492723636552	0.703866346512	2.94262933731	-2.7877368927	4.03294372559
12	21	0.499980799854	-0.553661752126	0.349496666785	-0.755851006574	-3.16913866997	2.00671386719	-4.31492137909
13	21	0.499982349575	0.59268702507	-0.359548594026	0.720726646411	3.38713216782	-2.04699659348	4.12571811676
14	21	0.499955549836	-0.603055786827	0.408155130697	-0.685370780862	-3.43911075592	2.31400489807	-3.93864488602
15	21	0.499200385064	0.567613234756	-0.212974246908	0.79527176857	3.24122810364	-1.24161267281	4.53248071671
16	21	0.498966280371	-0.535575268577	0.246603064784	-0.80767942906	-3.0645840168	1.42446410656	-4.60255050659
17	21	0.498939864337	0.525724015035	-0.351147935867	0.774796352051	3.00875902176	-1.98599874973	4.42751407623
18	21	0.499221842736	-0.498793319944	0.274265560276	-0.822182234316	-2.85679244995	1.57143092155	-4.68563985825
19	21	0.499964855611	0.570068121653	-0.3164541919	0.758207808654	3.23725366592	-1.80894446373	4.35155534744
20	21	0.499987341464	-0.476707678651	0.312595487001	-0.821604436832	-2.71637248993	1.79848086834	-4.69815444946
21	21	0.499999448657	0.412967992326	-0.325519870179	0.850584652714	2.35683584213	-1.8630194664	4.86391067505
22	21	0.499999731779	-0.343921543219	0.30153565043	-0.889266115192	-1.9871263504	1.73642063141	-5.07186365128
23	21	0.499987263232	0.468400355869	-0.357211926799	0.808084615603	2.66395926476	-2.03043985367	4.63296508789
24	21	0.499976251274	-0.430544080837	0.341588476762	-0.835433484486	-2.4653968811	1.94131135941	-4.77979946136
25	21	0.499217312783	0.275712571431	-0.282062092763	0.918925216642	1.62329685688	-1.60978055	5.23257112503
26	21	0.499681930989	-0.430408994386	0.186466701631	-0.883163782508	-2.4600675106	1.09079408646	-5.04572534561
27	21	0.499248161912	0.450320920527	-0.239993428351	0.860008269079	2.57706665993	-1.37771296501	4.90366792679
28	21	0.499973759055	-0.54107732191	0.31132407967	-0.781225095048	-3.06584310532	1.78596675396	-4.4839348793
29	21	0.49998755753	0.449431721853	-0.388111412866	0.804599688414	2.57460093498	-2.19129943848	4.61068201065
0	22	0.499999247491	0.44495829384	-0.232668200885	0.864799181914	2.54968523979	-1.33116781712	4.9406542778
1	22	0.499980267137	-0.533641932591	0.250508661511	-0.807757202561	-3.04439687729	1.43016409874	-4.62252998352
2	22	0.499826870859	0.574670220309	-0.298843555774	0.761870505442	3.28165864944	-1.69264662266	4.36492395401
3	22	0.46853852272	-0.581978346624	0.302104388081	-0.755006054786	-3.14582157135	1.61508643627	-4.08104228973
4	22	0.306292224675	-0.68736628491	0.104040304079	-0.718820704693	-2.50693035126	0.403387784958	-2.64528179169
5	22	0.417167030275	-0.679209834706	0.206436116765	-0.704313942879	-3.29086685181	0.997547626495	-3.42411708832
6	22	0.498188599944	0.575121106992	-0.290261131381	0.764842590277	3.28433513641	-1.67541110516	4.37581396103
7	22	0.499156303704	-0.538220400384	0.355319173726	-0.764242818346	-3.07194852829	2.01240563393	-4.36894416809
8	22	0.499978892505	0.511332785923	-0.333185249448	0.792165621313	2.93123149872	-1.91013360023	4.52150583267
9	22	0.499982200563	-0.573390021265	0.411756687457	-0.708293945935	-3.25577163696	2.35203361511	-4.06904506683
10	22	0.499973103404	0.461556396796	-0.505174672534	0.729221669183	2.6648452282	-2.86646270752	4.16866636276
11	22	0.499482035637	-0.617236007713	0.472244674407	-0.629289026026	-3.51398086548	2.68543171883	-3.61468458176
12	22	0.499820627272	0.674320632171	-0.359903863546	0.644795234189	3.84357833862	-2.06824970245	3.69314575195
13	22	0.499577738345	-0.652461360744	0.292157438807	-0.699241162751	-3.72042489052	1.69194960594	-3.99122738838
14	22	0.499252080917	0.591909889471	-0.441145955483	0.674561286102	3.38357257843	-2.498939991	3.86000347137
15	22	0.497941821814	-0.606489784089	0.290643052883	-0.740065373873	-3.45987558365	1.67573666573	-4.23951339722
16	22	0.446018338203	0.483382632438	-0.401067844268	0.778129690316	2.47421789169	-2.05713152885	3.99724149704
17	22	0.49823884666	-0.610407214133	0.330134542104	-0.720009872879	-3.47860813141	1.89095282555	-4.13622808456
18	22	0.499227825552	0.55840458172	-0.229963962705	0.797057650971	3.18512320518	-1.32906293869	4.54692268372
19	22	0.499978594482	-0.502681102969	0.345633035414	-0.792369556173	-2.87458181381	1.96078634262	-4.53671693802
20	22	0.499997910112	0.39013194555	-0.398624495664	0.829997335247	2.24668741226	-2.25700426102	4.74841737747
21	22	0.499999567866	-0.41996281751	0.326398459648	-0.846814783438	-2.39732480049	1.8664226532	-4.84256505966
22	22	0.499999679625	0.410305994663	-0.334464993818	0.848399763469	2.34324407578	-1.895809412	4.85827255249
23	22	0.499999407679	-0.472431359048	0.275634234265	-0.83715851539	-2.69116592407	1.56945347786	-4.79427051544
24	22	0.499987397343	0.472535119824	-0.195092888753	0.859447104417	2.69688653946	-1.12390780449	4.91426897049
25	22	0.499986823648	-0.532661348812	0.180128581331	-0.826937471439	-3.02620744705	1.0428841114	-4.73815870285
26	22	0.499965365976	0.490027239342	-0.302746307031	0.817446009399	2.79739069939	-1.70894765854	4.68368911743
27	22	0.499989423901	-0.409006001025	0.255927020326	-0.875908357873	-2.35046720505	1.46378207207	-5.00163984299
28	22	0.499986734241	0.428040625283	-0.306745888949	0.85011068851	2.45811152458	-1.73701477051	4.86083030701
29	22	0.499998629093	-0.483025595152	0.261095404998	-0.835772375661	-2.74903225899	1.494982481	-4.78487348557
0	23	0.499998353422	-0.402080107125	0.191644021659	-0.895323492609	-2.31459951401	1.09689056873	-5.11124277115
1	23	0.499991167337	0.539661917451	-0.237419062903	0.80771108908	3.08211779594	-1.33822143078	4.62656164169
2	23	0.499482177198	-0.641540496512	0.162405162812	-0.749700176355	-3.64330434799	0.933472514153	-4.29880475998
3	23	0.498172808439	0.563897958792	-0.0753563637676	0.822399240339	3.23259067535	-0.445578485727	4.70198774338
4	23	0.417891394347	-0.596818004891	0.111773987611	-0.794553235933	-2.90181565285	0.545326709747	-3.86066150665
5	23	0.365446489304	-0.537399675063	0.188183301152	-0.822063643771	-2.35677647591	0.834511637688	-3.59393644333
6	23	0.41791094467	-0.479791567686	0.329936280159	-0.812983457773	-2.34206676483	1.58724164963	-3.95180940628
7	23	0.498314987868	0.540003872035	-0.294550128939	0.788438989224	3.09150314331	-1.68803262711	4.51250743866
8	23	0.49945922941	-0.527362175897	0.335333491332	-0.780666756705	-3.01170015335	1.9031213522	-4.46423578262
9	23	0.499966785312	0.431230321736	-0.407002573744	0.805226250554	2.49066114426	-2.31618857384	4.59606552124
10	23	0.499136328697	-0.4671924968	0.424339135367	-0.775672269151	-2.67382907867	2.42529392242	-4.42103052139
11	23	0.497971221805	0.620055082288	-0.346396217403	0.703946983443	3.5419383049	-2.0070309639	4.02135467529
12	23	0.46812209487	-0.688544746779	0.47655905289	-0.546623820183	-3.70994758606	2.56263995171	-2.96506500244
13	23	0.498736687005	0.639581791972	-0.34277035305	0.688072391866	3.65102219582	-1.98580574989	3.92718935013
14	23	0.499280773103	-0.556979430089	0.481183574807	-0.676931519279	-3.18097114563	2.73928594589	-3.87640023232
15	23	0.445128615946	0.385178430753	-0.49981530843	0.775772024465	1.98419559002	-2.54799556732	3.97502684593
16	23	0.234297722578	0.320738527789	-0.44615742859	0.835506041693	0.959533452988	-1.23628377914	2.3244907856
17	23	0.444826595485	0.497697974537	-0.45561096946	0.738048352515	2.54177498817	-2.31527900696	3.79190444946
18	23	0.49959648028	-0.576431173334	0.21520012843	-0.788299440018	-3.28169775009	1.23923611641	-4.51519441605
19	23	0.499960757792	0.489036774	-0.196704148552	0.849794393732	2.79695701599	-1.14274501801	4.85335922241
20	23	0.499999869615	-0.386340398986	0.27447833746	-0.880569553401	-2.22648715973	1.57353568077	-5.02546930313
21	23	0.499999966472	0.410955261275	-0.273303544584	0.869724637887	2.35306763649	-1.55381989479	4.97356414795
22	23	0.499999307096	-0.3465082353	0.177863701826	-0.921030155012	-2.00144028664	1.02801990509	-5.25636720657
23	23	0.49999993667	0.386841995082	-0.114128035639	0.915056316476	2.21963691711	-0.667821466923	5.22644519806
24	23	0.499988907948	-0.376037864211	0.103832015167	-0.920768395041	-2.17508506775	0.605715274811	-5.25284147263
25	23	0.499986879528	0.571574929042	-0.126496562539	0.810740846484	3.23876237869	-0.736367464066	4.65480995178
26	23	0.499964687973	-0.524982059048	0.250380100704	-0.813451684398	-2.9943318367	1.41750812531	-4.65903663635
27	23	0.499989714473	0.436126563874	-0.192931923999	0.878960120248	2.5009458065	-1.1100320816	5.01975393295
28	23	0.499985016882	-0.442510478581	0.13458307699	-0.886606943202	-2.5269382	0.784048080444	-5.06794595718
29	23	0.499996826053	0.397865138924	-0.161773043049	0.903068554303	2.29380321503	-0.929670989513	5.15387535095
0	24	0.499959733337	0.436581810079	-0.159896850535	0.885341358063	2.51288509369	-0.904545545578	5.05459547043
1	24	0.49998248741	-0.508577366144	0.0318790829355	-0.860425933313	-2.91135644913	0.207484811544	-4.91669654846
2	24	0.499952692538	0.553094666194	-0.138653951738	0.821499465548	3.16686058044	-0.775576293468	4.69641828537
3	24	0.499135132879	-0.519718274288	0.0819835451804	-0.850394975109	-2.97047829628	0.465444922447	-4.85148525238
4	24	0.496875185519	0.47996319794	-0.0196676017105	0.877068135361	2.75516271591	-0.132116064429	4.99738645554
5	24	0.415593307465	-0.537240319132	0.358521757001	-0.763436303339	-2.60157179832	1.71135640144	-3.7103433609
6	24	0.307172697037	-0.524213233616	0.224889579492	-0.821355685886	-1.9347435236	0.84038233757	-3.01113986969
7	24	0.468332003802	-0.599580426452	0.174796197506	-0.780992702625	-3.23300695419	0.944869041443	-4.21752023697
8	24	0.499787501991	0.593706838835	-0.103258059162	0.798028798189	3.38118481636	-0.630174875259	4.56834936142
9	24	0.499131411314	-0.526134813184	0.277822566356	-0.803739248749	-2.99582624435	1.60231733322	-4.5875992775
10	24	0.497764401138	0.434854349544	-0.492310541734	0.754010626703	2.51104736328	-2.80081796646	4.3080124855
11	24	0.416942544281	-0.710512717749	0.491079705079	-0.503996429725	-3.43550205231	2.39392781258	-2.45088243484
12	24	0.307070374489	-0.63808884069	0.603784027734	-0.477794390131	-2.34427499771	2.19888997078	-1.78396165371
13	24	0.46826800704	-0.47706368719	0.635544740765	-0.607036342282	-2.5933175087	3.4090154171	-3.28635597229
14	24	0.499043293297	0.51745099483	-0.490224423002	0.701373283667	2.95393943787	-2.81045055389	3.99456787109
15	24	0.498248763382	-0.51419333258	0.469856241932	-0.717523747794	-2.93667650223	2.69639539719	-4.10913848877
16	24	0.445655480027	0.488155013798	-0.360596050117	0.794779951398	2.48857164383	-1.86025035381	4.07735013962
17	24	0.49736893177	-0.435498434655	0.133629074152	-0.89021591985	-2.50134038925	0.788554787636	-5.08044195175
18	24	0.499245636165	0.520531374877	-0.157536304386	0.83918377044	2.96386885643	-0.913144826889	4.7926197052
19	24	0.499989107251	-0.493982408693	0.217563717757	-0.841811979374	-2.82182455063	1.24830436707	-4.81269073486
20	24	0.499995201826	0.499299641743	-0.29849542117	0.813388192252	2.84832334518	-1.68357586861	4.66276788712
21	24	0.500000245869	-0.526851682738	0.16318886103	-0.834144292094	-2.9962413311	0.943405687809	-4.77733039856
22	24	0.499999541789	0.458343566149	-0.151806251223	0.875714586757	2.61839056015	-0.86099255085	5.00886201859
23	24	0.499989561737	-0.446440920089	0.114466068926	-0.887461561948	-2.55693435669	0.658063232899	-5.07069396973
24	24	0.499977793545	0.443256798013	-0.142555144197	0.884986690227	2.52785778046	-0.808346807957	5.06355142593
25	24	0.499310646206	-0.364822573455	0.150771817806	-0.918788522378	-2.11055850983	0.864737272263	-5.2344956398
26	24	0.499683588743	0.506364506525	-0.162943591892	0.846784726122	2.8782582283	-0.945060074329	4.84892129898
27	24	0.499248676002	-0.475170882259	0.239754285471	-0.846599382973	-2.70929718018	1.34670567513	-4.84076690674
28	24	0.499963458627	0.437547116579	-0.0866587227005	0.895009936567	2.5078587532	-0.507507622242	5.11294174194
29	24	0.499975666404	-0.550465172497	0.119173563944	-0.826308511105	-3.1152472496	0.681996703148	-4.74582862854
0	25	0.499683108181	-0.53969012538	0.150605822643	-0.828282834999	-3.07189035416	0.840659976006	-4.74980211258
1	25	0.499294504523	0.522101323969	0.0301907884123	0.852348944861	2.99710011482	0.143915519118	4.85770225525
2	25	0.499950192869	-0.610932437902	0.00667399293119	-0.791654605329	-3.47574305534	0.0541442669928	-4.53932476044
3	25	0.499181881547	0.525101189211	-0.0605376868474	0.848883931736	3.01055717468	-0.343578368425	4.83733081818
4	25	0.496971063316	-0.579267611275	0.0522532819586	-0.813460895835	-3.30511164665	0.295884549618	-4.64883041382
5	25	0.442717559636	0.798447630152	-0.0791019000127	0.596845265809	4.08212566376	-0.403243929148	3.07343745232
6	25	0.466924540699	-0.638965089609	-0.0494421778163	-0.767645155859	-3.45945215225	-0.251532524824	-4.1591091156
7	25	0.49801632762	0.630571308435	-0.206046541219	0.748281128875	3.58310842514	-1.16029238701	4.28988409042
8	25	0.499052058905	-0.482962909123	0.208596437679	-0.850431863584	-2.77992510796	1.1933453083	-4.8394241333
9	25	0.49808954075	0.497854109556	-0.336030364376	0.799515403113	2.85457539558	-1.91549611092	4.57493019104
10	25	0.417381465435	-0.591840086611	0.524341241361	-0.612202233325	-2.87063026428	2.54419088364	-2.97775912285
11	25	0.365743257105	-0.60286074139	0.59499972987	-0.531539507418	-2.6446313858	2.59209036827	-2.34314370155
12	25	0.417823679745	-0.582090390048	0.574296653845	-0.575633677956	-2.83106231689	2.79257798195	-2.79579377174
13	25	0.4982727319	0.50175364951	-0.540528517981	0.67533117539	2.87174344063	-3.10257005692	3.85868740082
14	25	0.499444805086	-0.4984354627	0.58458847001	-0.640170610271	-2.84800004959	3.31933832169	-3.67297744751
15	25	0.499216504395	0.480048607349	-0.522782459954	0.704451442008	2.74540758133	-2.97693061829	4.02304697037
16	25	0.499661967158	-0.433975346991	0.410501060669	-0.80196900027	-2.5016078949	2.34844326973	-4.57474660873
17	25	0.499320052564	0.518737928982	-0.290421105135	0.804093615649	2.95098161697	-1.66177892685	4.59722900391
18	25	0.499961324036	-0.456452976182	0.268187579538	-0.848366726549	-2.62346792221	1.53230261803	-4.84337472916
19	25	0.499948322773	0.429551810329	-0.283904102786	0.857253581307	2.47359466553	-1.61118769646	4.89542245865
20	25	0.499990750104	-0.482501777423	0.179597908339	-0.857284448771	-2.76096105576	1.03387093544	-4.89853334427
21	25	0.499986305833	0.489709662474	-0.0923942896453	0.866976205971	2.80571246147	-0.533341407776	4.95246839523
22	25	0.499989841133	-0.468297101689	0.0319432828534	-0.882993460468	-2.68513870239	0.199601829052	-5.04331302643
23	25	0.4999746494	0.57565135555	-0.10762317331	0.810581747525	3.26228427887	-0.607603728771	4.65648937225
24	25	0.499168340117	-0.468388582212	0.0865350487584	-0.879274599537	-2.6691930294	0.513072729111	-5.01949214935
25	25	0.498210404068	0.34807584102	-0.22263327063	0.910646822707	2.00284862518	-1.25880992413	5.21389770508
26	25	0.452402351424	-0.350391872048	0.253678981708	-0.901594426692	-1.83140015602	1.30311131477	-4.69660377502
27	25	0.498383399099	0.459586714553	-0.17860071098	0.869989561916	2.62021017075	-1.01328325272	4.98539972305
28	25	0.499253960326	-0.372982941974	0.0261292634058	-0.927470207926	-2.14099097252	0.164831548929	-5.28998088837
29	25	0.49923382327	0.407316681964	-0.0681245969853	0.910742641957	2.34149980545	-0.391203135252	5.19177341461
0	26	0.44560873881	0.556160292245	-0.0637895976557	0.828623326102	2.84155225754	-0.333716571331	4.25234460831
1	26	0.497833922505	-0.654931160575	0.103387884806	-0.74858274104	-3.72759532928	0.581358194351	-4.30239057541
2	26	0.499225717038	0.550759174142	-0.0948429068203	0.829258195693	3.15495967865	-0.535987854004	4.72673654556
3	26	0.499689821154	-0.602545674968	0.067133120971	-0.79525584163	-3.44072055817	0.386955857277	-4.55072593689
4	26	0.444972656667	0.678220745977	-0.0525809163644	0.732974670068	3.46969652176	-0.27330455184	3.7532055378
5	26	0.23320813477	0.708649471642	-0.0381291384117	0.704529697844	1.95662736893	-0.125829085708	1.98303604126
6	26	0.44575112313	0.641919025719	-0.0970694762006	0.760603366552	3.29147672653	-0.500163078308	3.90316581726
7	26	0.499236144125	-0.526736883388	0.129466035792	-0.840111183865	-3.02670001984	0.748417496681	-4.78730630875
8	26	0.499746538699	0.560239277632	-0.217837380646	0.799173840532	3.19118976593	-1.25365614891	4.57427787781
9	26	0.468690481037	-0.514913444517	0.379284791842	-0.768769920934	-2.78731107712	2.04535150528	-4.1507434845
10	26	0.307128380984	-0.618575743176	0.481317073429	-0.621045831466	-2.27221751213	1.75942504406	-2.29304265976
11	26	0.417204163969	-0.693782425032	0.461189307187	-0.553145884604	-3.35674953461	2.24094748497	-2.6965982914
12	26	0.497898824513	0.542897546283	-0.345173773009	0.765582993977	3.10786294937	-2.00637531281	4.36327028275
13	26	0.499179422855	-0.468332125161	0.566988109677	-0.677635229329	-2.6863899231	3.20167922974	-3.88980031013
14	26	0.499962598085	0.499600826226	-0.472048440628	0.726339647916	2.86121702194	-2.71074032784	4.14132022858
15	26	0.499983251095	-0.538301963984	0.515805410046	-0.666465133776	-3.06904697418	2.93807005882	-3.82529640198
16	26	0.499949477613	0.553321310656	-0.439859249849	0.707360846737	3.15387654305	-2.51999902725	4.04757547379
17	26	0.499969705939	-0.552937951982	0.394761797635	-0.733772951523	-3.15844869614	2.24980020523	-4.20110416412
18	26	0.499263010919	0.555646023246	-0.319572551668	0.767548618051	3.17334890366	-1.8297598362	4.37904310226
19	26	0.49964979291	-0.538650907709	0.28916459893	-0.791352661176	-3.07679033279	1.64530813694	-4.52992486954
20	26	0.499232672155	0.52721042578	-0.154587301591	0.835554865425	3.0084092617	-0.891256570816	4.7687253952
21	26	0.499966688454	-0.573581135077	0.0509477629311	-0.817562845864	-3.2652361393	0.303461402655	-4.68350028992
22	26	0.499960515648	0.459513039532	-0.0274882746524	0.887745549838	2.64279294014	-0.167240351439	5.06691980362
23	26	0.499140519649	-0.455217900849	0.0542496045163	-0.888725853769	-2.61256957054	0.32853603363	-5.06435394287
24	26	0.497982885689	0.440937772459	-0.168804168713	0.881520863873	2.5268008709	-0.950573563576	5.04564332962
25	26	0.419541066512	-0.382447336089	0.131609923379	-0.914556101717	-1.86347937584	0.648040890694	-4.46319198608
26	26	0.269750499167	-0.308493022778	0.120894140376	-0.9435129367	-1.01142597198	0.393080115318	-3.04091453552
27	26	0.452037779614	-0.308374034599	0.0179737211151	-0.95109536858	-1.60932207108	0.107901960611	-4.94643545151
28	26	0.498991044238	0.334013316707	0.00344839823152	0.942562047195	1.91402900219	0.0150815397501	5.37832641602
29	26	0.498274277896	-0.414993022168	0.00782212228411	-0.909790968275	-2.37362909317	0.0499845892191	-5.21011161804
0	27	0.233766518533	0.532279487783	-0.0940420746644	0.841329088454	1.46264231205	-0.259767353535	2.36800193787
1	27	0.445214055479	0.382736295797	-0.1253235899	0.915317936945	1.98499035835	-0.638467550278	4.6778512001
2	27	0.499660789967	-0.498177324597	0.122206144843	-0.858420066995	-2.85184788704	0.691907763481	-4.90753936768
3	27	0.499198514968	0.599156721099	-0.100169685823	0.794340769194	3.39730811119	-0.574904382229	4.55111026764
4	27	0.498262811452	-0.505722794404	0.126032948492	-0.85344018602	-2.91149711609	0.715874731541	-4.87793922424
5	27	0.446115132421	0.574747622339	-0.153772870623	0.803753118113	2.95815992355	-0.786507844925	4.11865472794
6	27	0.498325210065	-0.541375235697	0.126673566659	-0.831183891617	-3.10650396347	0.730351030827	-4.75415277481
7	27	0.499234404415	0.565726526356	-0.0904299897694	0.819619371615	3.22493982315	-0.539602160454	4.67956113815
8	27	0.499604187906	-0.500834320513	0.29143395134	-0.815003825392	-2.87136673927	1.65828442574	-4.65290307999
9	27	0.49889498204	0.47664687855	-0.434771676747	0.764055850228	2.74088740349	-2.46299529076	4.37335777283
10	27	0.468238793314	-0.657002157825	0.327164245445	-0.679199323554	-3.53134703636	1.77580428123	-3.67535257339
11	27	0.497877851129	0.49537972853	-0.417334025367	0.761860378175	2.85050821304	-2.38139915466	4.35053443909
12	27	0.499152503908	-0.530791108334	0.397839116686	-0.748321345778	-3.02042627335	2.2557823658	-4.28547286987
13	27	0.499967560172	0.474695203562	-0.315629906213	0.821609533793	2.7249686718	-1.84132957458	4.67809486389
14	27	0.499990098178	-0.565595563911	0.416226247139	-0.711939161219	-3.21215415001	2.38394522667	-4.08486223221
15	27	0.499995999038	0.482765391754	-0.45482123458	0.748381734878	2.76879882812	-2.60327243805	4.27130365372
16	27	0.49998999387	-0.539626300488	0.527189353743	-0.65641057359	-3.07937192917	2.98958349228	-3.77795791626
17	27	0.499279998243	0.539955158741	-0.405049076786	0.737823604898	3.08664250374	-2.31834030151	4.20639944077
18	27	0.498208627105	-0.680643894087	0.396907345104	-0.61578279356	-3.87615895271	2.26641440392	-3.55357885361
19	27	0.445761561394	0.617233424272	-0.266123291171	0.740406168165	3.14729619026	-1.37156581879	3.80798864365
20	27	0.498334005475	-0.49347129223	0.227588720661	-0.839457835732	-2.83595705032	1.29019856453	-4.80507183075
21	27	0.499208588153	0.59396578304	-0.0950529203313	0.798855175182	3.37953829765	-0.557235240936	4.5667591095
22	27	0.499167568982	-0.561285092414	0.0987613611572	-0.821708730984	-3.19881820679	0.573287963867	-4.69266366959
23	27	0.497881598771	0.55025557872	-0.199209398645	0.810884957056	3.15052604675	-1.11240947247	4.64553642273
24	27	0.405417360365	-0.564405877574	0.0742217641099	-0.822153960699	-2.65201306343	0.351846814156	-3.87633442879
25	27	0.317940698937	-0.387144872148	0.182684575606	-0.903739560828	-1.49086165428	0.682749629021	-3.43721604347
26	27	0.419094895944	-0.367103359562	0.101117023222	-0.924667762503	-1.78257584572	0.497645437717	-4.51010131836
27	27	0.498021196574	0.242653484051	-0.122862403003	0.962301468671	1.39699149132	-0.700229883194	5.50632572174
28	27	0.499038029462	-0.335534149765	-0.0140536185168	-0.941923208201	-1.91245114803	-0.0578522607684	-5.3809838295
29	27	0.44594479166	0.414728011704	-0.0274059521619	0.909532621787	2.13705587387	-0.146384835243	4.66110610962
0	28	0.445109814405	0.452010724428	-0.0396497814154	0.891130854496	2.31549954414	-0.218957811594	4.56170034409
1	28	0.497971642762	-0.513095867481	0.231007317579	-0.826660903877	-2.92575478554	1.31105148792	-4.74112415314
2	28	0.499267846346	0.459338109995	-0.0645172635326	0.885915359057	2.62867379189	-0.396165072918	5.05224084854
3	28	0.499959293753	-0.416426067681	0.13824332595	-0.898597859438	-2.40469050407	0.782168090343	-5.12818241119
4	28	0.499263826758	0.546659597724	-0.0875614823683	0.832764234956	3.10197496414	-0.530148804188	4.76428031921
5	28	0.499658875167	-0.507866823865	0.363619392279	-0.780930359748	-2.91714525223	2.0332005024	-4.47992753983
6	28	0.499261122197	0.533151187587	-0.240964223161	0.810978454912	3.04799866676	-1.36951828003	4.62841367722
7	28	0.499971129	-0.606561366076	0.145746413629	-0.781563364097	-3.45489788055	0.858253002167	-4.47460794449
8	28	0.499975115061	0.529962572746	-0.310266765229	0.789223799618	3.03365468979	-1.76199865341	4.51410198212
9	28	0.49961264804	-0.502854348186	0.303170862138	-0.809459654869	-2.88323974609	1.74121677876	-4.61424732208
10	28	0.499823816121	0.594884596566	-0.279574097734	0.753625000013	3.39481735229	-1.61463940144	4.30733585358
11	28	0.499480046332	-0.579176776171	0.369362342302	-0.726722589461	-3.29199242592	2.09982442856	-4.1685423851
12	28	0.499965406954	0.45583351228	-0.236598914632	0.858042401445	2.62472105026	-1.3979023695	4.8850030899
13	28	0.499990038574	-0.467644934394	0.4340048702	-0.770031160395	-2.67189574242	2.46067714691	-4.41504716873
14	28	0.49999922514	0.46253503187	-0.458700684233	0.758719333204	2.64784121513	-2.60568022728	4.34592056274
15	28	0.499999452382	-0.414961393061	0.402684636471	-0.815875067531	-2.38490056992	2.30725288391	-4.65547037125
16	28	0.499962888658	0.476298628102	-0.414931693148	0.775223391604	2.71529579163	-2.37464690208	4.43542098999
17	28	0.499544207007	-0.435339444302	0.385420641836	-0.813591111727	-2.50617980957	2.20525336266	-4.64085865021
18	28	0.445613540709	0.614347053955	-0.347335337374	0.708474319018	3.12645435333	-1.77951169014	3.65150928497
19	28	0.233001416549	0.445575792579	-0.310005232568	0.839856516822	1.25756120682	-0.861485123634	2.33063387871
20	28	0.445109076798	0.410918649678	-0.239326255718	0.879698133834	2.11527967453	-1.23254001141	4.49667692184
21	28	0.499030712992	-0.58100625665	0.21413463881	-0.785224863459	-3.29822444916	1.2239575386	-4.50007104874
22	28	0.497904114425	0.556375694214	-0.209010105466	0.804214438257	3.19173359871	-1.17759847641	4.59676599503
23	28	0.415943190455	-0.735518434311	-0.0457427358553	-0.67595875237	-3.55716228485	-0.217617839575	-3.27416062355
24	28	0.328095316887	-0.641505490234	-0.0604313662121	-0.764734434937	-2.5160677433	-0.217454493046	-3.01007890701
25	28	0.403661541641	-0.515831285823	0.0901433209723	-0.851934426027	-2.41709184647	0.422433555126	-3.99814939499
26	28	0.497431814671	0.249010411885	-0.248186820243	0.936160839296	1.43173408508	-1.41253709793	5.35199832916
27	28	0.499127889052	-0.217941666112	0.241438405022	-0.945626208791	-1.25347447395	1.36277985573	-5.39894533157
28	28	0.499239373952	0.301544927561	-0.122901561322	0.945497680001	1.71990358829	-0.717347025871	5.39669132233
29	28	0.497896783054	-0.347513795105	0.236396215332	-0.907386902919	-1.98608136177	1.33204448223	-5.19840955734
0	29	0.499651119113	-0.402849686716	0.216467857059	-0.88929961024	-2.2952466011	1.23807179928	-5.08913516998
1	29	0.499226592481	0.419280154779	-0.315640199534	0.851219957617	2.40014648438	-1.78190910816	4.86320400238
2	29	0.499972436577	-0.48125732167	0.175698319791	-0.85879071418	-2.74263691902	1.01279485226	-4.91356182098
3	29	0.499975472689	0.416140405557	-0.147899231393	0.897191718763	2.38320398331	-0.845665216446	5.12664461136
4	29	0.499988567084	-0.41061040136	0.185487228142	-0.892744972818	-2.36341834068	1.05353927612	-5.09830379486
5	29	0.499966233969	0.540366627378	-0.197106923878	0.818017584515	3.07904076576	-1.1384036541	4.6803650856
6	29	0.499991986901	-0.530853703529	0.235414048735	-0.814109680024	-3.03897380829	1.35345327854	-4.64928627014
7	29	0.499987244606	0.57713919587	-0.308288503433	0.756219906669	3.29180383682	-1.74893188477	4.33492469788
8	29	0.499993346632	-0.55606273676	0.307501951381	-0.772163701998	-3.17645692825	1.75772488117	-4.41585302353
9	29	0.499995626509	0.55408007876	-0.325558208047	0.766163898584	3.1699757576	-1.85702455044	4.38013362885
10	29	0.499980688095	-0.558491099282	0.354489339733	-0.749949998358	-3.18881511688	2.01841282845	-4.29390048981
11	29	0.499993219972	0.503127791485	-0.362739929329	0.784399240888	2.88756036758	-2.07143306732	4.47825574875
12	29	0.499992206693	-0.491460645616	0.416290380078	-0.764963236545	-2.80526685715	2.36076068878	-4.3867225647
13	29	0.499999340624	0.418304756132	-0.383388744424	0.823428322106	2.4064848423	-2.1909198761	4.70022535324
14	29	0.499999523163	-0.449564163193	0.318979088936	-0.834352685616	-2.56441760063	1.84526181221	-4.7650308609
15	29	0.499998055398	0.415369472656	-0.354457805668	0.837751672745	2.37284135818	-2.03607368469	4.78606557846
16	29	0.499989781529	-0.376517214336	0.379328429034	-0.845189168314	-2.16301441193	2.1665802002	-4.82826662064
17	29	0.499232895672	0.428900446041	-0.380741534277	0.819194904441	2.43797683716	-2.1691031456	4.68339729309
18	29	0.498348589987	-0.432080323215	0.376606158143	-0.819435412915	-2.47422623634	2.1505651474	-4.69555902481
19	29	0.445447344333	0.332076714103	-0.30836856037	0.891422395347	1.72261667252	-1.58503174782	4.55752849579
20	29	0.49808194302	-0.241035574669	0.322602767013	-0.915330162542	-1.39873623848	1.85176455975	-5.23283004761
21	29	0.498274937272	0.378021609532	-0.317894014892	0.869507365134	2.15763258934	-1.80659866333	4.96239280701
22	29	0.458920057863	-0.5928722242	0.0860521318382	-0.800685678889	-3.14577102661	0.470221817493	-4.26381969452
23	29	0.316183194518	-0.862726239003	-0.166587501913	-0.477443233004	-3.24705719948	-0.612654745579	-1.80587315559
24	29	0.401430845261	-0.774406963197	-0.207291671975	-0.597765855567	-3.63037991524	-0.957898259163	-2.79930114746
25	29	0.496572952718	0.446220138211	-0.257570932514	0.857055892564	2.54224681854	-1.46470093727	4.90035057068
26	29	0.499110545963	-0.274230773689	0.257756196261	-0.926476781172	-1.55963909626	1.47953987122	-5.28790473938
27	29	0.499960260466	0.215174008983	-0.231178986476	0.948818434723	1.23627901077	-1.32818162441	5.4210896492
28	29	0.499954067171	-0.272655724426	0.26358171729	-0.92530186115	-1.56080842018	1.48424053192	-5.29592990875
29	29	0.499253960326	0.278302047442	-0.134929087578	0.950969038252	1.60593152046	-0.798422217369	5.41998958588
