0	0	0.499961592257	0.40810107785	-0.240565142093	0.88067129093	2.32111883163	-1.38394451141	5.03863811493
1	0	0.499990612268	-0.498523431012	0.131372392815	-0.856863864997	-2.83342170715	0.767661273479	-4.90654230118
2	0	0.499986987561	0.43185192307	-0.0772314441636	0.898631860427	2.48299598694	-0.470149338245	5.12917995453
3	0	0.499999489635	-0.530824083877	0.235763796487	-0.814027778544	-3.02617502213	1.33383083344	-4.66393899918
4	0	0.499997988343	0.554194216871	-0.195041564358	0.809214160874	3.15590333939	-1.11614835262	4.63448238373
5	0	0.499999672174	-0.438841804253	0.240013424285	-0.865916524269	-2.52825307846	1.36801743507	-4.94192790985
6	0	0.499997828156	0.542601384181	-0.255442508369	0.800208012209	3.09624242783	-1.4634553194	4.57758045197
7	0	0.499999701977	-0.543695741772	0.299949537642	-0.783852802028	-3.10923051834	1.70787525177	-4.4832983017
8	0	0.499999545515	0.519363333065	-0.362749172027	0.773740761794	2.96687436104	-2.06170511246	4.43091106415
9	0	0.499999251217	-0.416773446654	0.419656830234	-0.806342383236	-2.40879249573	2.3801677227	-4.60679483414
10	0	0.499999992549	0.486864158077	-0.380250669037	0.786366784826	2.77704167366	-2.18939089775	4.49202537537
11	0	0.499998368323	-0.440698517379	0.500782101623	-0.744984633046	-2.52232408524	2.84147500992	-4.27210617065
12	0	0.499999847263	0.397834815637	-0.438942268578	0.805640828362	2.2748374939	-2.51754713058	4.60122489929
13	0	0.499998915941	-0.302911881313	0.42763578713	-0.851687751307	-1.75502514839	2.43655633926	-4.86521482468
14	0	0.499999366701	0.403175117125	-0.384526432984	0.830415105395	2.28910517693	-2.192456007	4.75844669342
15	0	0.49999973923	-0.373884931057	0.287501565896	-0.881789605255	-2.14612841606	1.67589974403	-5.02770900726
16	0	0.49998710677	0.393932802588	-0.396356346831	0.829288003876	2.2619509697	-2.24663257599	4.74553108215
17	0	0.499977562577	-0.469300487818	0.337342374124	-0.81606199198	-2.66420650482	1.9255875349	-4.67783021927
18	0	0.499245654792	0.360739537397	-0.333318900342	0.871071464826	2.06792354584	-1.90562903881	4.96798324585
19	0	0.499550309032	-0.295459132227	0.254814410835	-0.920746174151	-1.7084223032	1.48202359676	-5.25172376633
20	0	0.498476810753	0.357493956965	-0.296643382424	0.885551113374	2.02758026123	-1.68565225601	5.0538983345
21	0	0.49385192059	-0.254873038335	0.223943576375	-0.940685393174	-1.45782756805	1.29184889793	-5.34075927734
22	0	0.388353705406	-0.569409292371	-0.487745477878	0.661723058818	-2.57980918884	-2.22909069061	3.01151418686
23	0	0.363356038928	-0.73152550998	-0.58481224485	0.350521135628	-3.14291882515	-2.51066160202	1.53052842617
24	0	0.482260797173	0.380244659275	-0.300153243192	0.874826856981	2.10623550415	-1.68504881859	4.87823581696
25	0	0.498940221965	-0.255821461735	0.383888447436	-0.887234489659	-1.47758901119	2.177485466	-5.06516742706
26	0	0.499939527363	0.365861925361	-0.284125520453	0.886237970411	2.07534694672	-1.64516866207	5.06679725647
27	0	0.499988209456	-0.302680670699	0.385979683516	-0.871437947015	-1.72123384476	2.20789051056	-4.98494911194
28	0	0.499985836446	0.167279546208	-0.397060709273	0.902419163456	0.982782840729	-2.26024723053	5.15923023224
29	0	0.499989870936	-0.278468494258	0.323859170209	-0.904196071423	-1.59500908852	1.85016107559	-5.16941690445
0	1	0.499999571592	-0.254511057875	0.391975675512	-0.88406967555	-1.47467172146	2.21754837036	-5.05988359451
1	1	0.499997396022	0.414440645944	-0.303297969643	0.858049702873	2.35380220413	-1.73444259167	4.91431236267
2	1	0.499999597669	-0.418080027086	0.292676146318	-0.859970792718	-2.39009523392	1.66071176529	-4.92128372192
3	1	0.499999541789	0.479563713481	-0.291960482127	0.827512973668	2.7423222065	-1.65391397476	4.73597431183
4	1	0.499999515712	-0.527400825999	0.150905557526	-0.836107577674	-3.00414204597	0.884199976921	-4.78336811066
5	1	0.499999664724	0.440563482246	-0.214655513298	0.87168046251	2.5392343998	-1.23468983173	4.97159719467
6	1	0.500000033528	-0.537448404287	0.273211949509	-0.797812285801	-3.07462072372	1.56287074089	-4.55970191956
7	1	0.499997459352	0.627928678819	-0.238802990052	0.740728496994	3.56193065643	-1.38893330097	4.25230884552
8	1	0.49999980256	-0.517555867926	0.27425801903	-0.810505066346	-2.96312046051	1.58317923546	-4.6259598732
9	1	0.499997891486	0.510411583866	-0.33490316331	0.792035280944	2.91271781921	-1.926227808	4.52664327621
10	1	0.499999992549	-0.499340367427	0.428361638011	-0.753103913506	-2.84879875183	2.43409895897	-4.31794643402
11	1	0.499999437481	0.428457385251	-0.426350211455	0.796649085995	2.45696353912	-2.45104050636	4.54295063019
12	1	0.49999923259	-0.409900649689	0.53354231214	-0.739806771083	-2.33936882019	3.0160753727	-4.25808858871
13	1	0.499999545515	0.301605614446	-0.393239767628	0.868560037355	1.73803400993	-2.23809194565	4.96695804596
14	1	0.499997513369	-0.259298227291	0.258366094307	-0.930597330018	-1.51139092445	1.50681471825	-5.30506515503
15	1	0.499999444932	0.343406304453	-0.414101590652	0.842966181221	1.97514605522	-2.34071588516	4.82840633392
16	1	0.499997660518	-0.425152396856	0.269476115772	-0.864076421664	-2.42494058609	1.56800937653	-4.93462514877
17	1	0.499985676259	0.401511357704	-0.271551717046	0.874670391978	2.30794048309	-1.57945370674	4.98690986633
18	1	0.499981768429	-0.432891076456	0.470426478758	-0.768963096649	-2.45998644829	2.65837645531	-4.42532110214
19	1	0.499298516661	0.278392082156	-0.41043054603	0.868357423806	1.61241579056	-2.33966350555	4.95239782333
20	1	0.498178571463	-0.367102293107	0.437201989976	-0.821030039863	-2.09172606468	2.49261784554	-4.71061706543
21	1	0.419303826988	0.228515731167	-0.457445193618	0.859374455895	1.10016262531	-2.23555660248	4.1944565773
22	1	0.328540775925	-0.11072122941	-0.46279923509	0.879521277376	-0.435823321342	-1.83200454712	3.44908452034
23	1	0.413397178054	-0.263457350369	-0.586864654834	0.76562399482	-1.2608281374	-2.81735754013	3.68340277672
24	1	0.497984047979	-0.1216432619	0.439094446168	-0.890167952793	-0.699066996574	2.5156981945	-5.08146047592
25	1	0.499691918492	0.181653178898	-0.478844426784	0.858900539955	1.04396700859	-2.71833443642	4.91664361954
26	1	0.499985504895	-0.303249376574	0.402800256759	-0.863592362612	-1.72155082226	2.30669736862	-4.94001197815
27	1	0.499998047948	0.189885934597	-0.481642657208	0.855548761088	1.10114085674	-2.73387670517	4.89926290512
28	1	0.499999504536	-0.150465992601	0.452242426639	-0.879111353935	-0.873365700245	2.57481145859	-5.02902317047
29	1	0.499998264015	0.221623814035	-0.363466021404	0.904862053761	1.27062368393	-2.07556033134	5.17328643799
0	2	0.499998981133	0.261119212634	-0.287701788796	0.921436073484	1.48875939846	-1.65652751923	5.26519298553
1	2	0.500000212342	-0.213111348619	0.403195211674	-0.889953467533	-1.25100123882	2.28441309929	-5.09046697617
2	2	0.499999392778	0.324964682841	-0.293019637972	0.89918710326	1.87319874763	-1.68273591995	5.13325405121
3	2	0.500000055879	-0.456332074304	0.26218333524	-0.850306378128	-2.5980694294	1.49966549873	-4.86673879623
4	2	0.499999567866	0.451003331277	-0.211751624178	0.86703935599	2.58638858795	-1.227684021	4.94917535782
5	2	0.499998927116	-0.547990267013	0.291396997972	-0.784088296579	-3.12320923805	1.66587710381	-4.48999452591
6	2	0.499986432493	0.569317994417	-0.378592413629	0.729756675595	3.24415779114	-2.15188908577	4.18700695038
7	2	0.499991565943	-0.438209853914	0.443767070501	-0.781692337862	-2.53141975403	2.51561951637	-4.46783733368
8	2	0.499962382019	0.481059646978	-0.366702470118	0.796310815234	2.75054717064	-2.09973526001	4.55017948151
9	2	0.499989069998	-0.515718320447	0.395296248589	-0.760115445052	-2.94348239899	2.24811506271	-4.35490560532
10	2	0.499987076968	0.475394526467	-0.31505532917	0.821425701915	2.72350740433	-1.82396245003	4.6843829155
11	2	0.499999389052	-0.474799469894	0.481166533693	-0.736915348084	-2.70865011215	2.72635507584	-4.23357248306
12	2	0.499999701977	0.404867635563	-0.311813874801	0.859566347152	2.32337522507	-1.80285024643	4.90436697006
13	2	0.499986257404	-0.395764007426	0.161699208968	-0.904004544372	-2.25788116455	0.970244646072	-5.16320991516
14	2	0.499989017844	0.395335319262	-0.281625723148	0.874297968318	2.25578832626	-1.61152589321	5.00030994415
15	2	0.499961983413	-0.464987970671	0.390749719381	-0.794418557144	-2.64291906357	2.22330403328	-4.55577468872
16	2	0.499985016882	0.446125244104	-0.405645928419	0.797761648194	2.55055856705	-2.3039727211	4.56849336624
17	2	0.499981533736	-0.4636245332	0.402532146614	-0.789316263077	-2.64185929298	2.29168224335	-4.52238798141
18	2	0.499945119023	0.415662383571	-0.348766667248	0.839992020617	2.37405133247	-2.00813794136	4.79665994644
19	2	0.499754715711	-0.345805785649	0.416366854804	-0.840866815157	-1.98229122162	2.38475966454	-4.80367994308
20	2	0.454997625202	0.368319188592	-0.406657299279	0.836044745368	1.91423141956	-2.14403438568	4.37768936157
21	2	0.273300498724	0.181726714416	-0.581774484826	0.792788654102	0.615849375725	-1.8831319809	2.60197877884
22	2	0.419193189591	0.129854048337	-0.635845644225	0.760814197325	0.627098679543	-3.0889878273	3.72009563446
23	2	0.497714340687	-0.0775797630889	0.484653957764	-0.87125881435	-0.454516947269	2.77973723412	-4.97817134857
24	2	0.499179992825	0.100393461927	-0.518450805467	0.849193685276	0.577074885368	-2.93588447571	4.86080646515
25	2	0.499965116382	-0.11535899908	0.410372300811	-0.904592104795	-0.678914189339	2.35264515877	-5.16668796539
26	2	0.499994110316	0.292839726486	-0.422474399151	0.857764697719	1.65620827675	-2.40382742882	4.91607570648
27	2	0.500000298023	-0.230463474242	0.377355968622	-0.896933141313	-1.31354260445	2.17089962959	-5.1230340004
28	2	0.49999968335	0.196178458849	-0.426028021827	0.883184090041	1.11977243423	-2.42027616501	5.05736064911
29	2	0.49999968335	-0.241659599297	0.249932926353	-0.937621549663	-1.37343859673	1.44973993301	-5.35746574402
0	3	0.499999651685	-0.255448576214	0.283180658155	-0.924421299926	-1.45872330666	1.62675881386	-5.28324985504
1	3	0.500000014901	0.327172215231	-0.391720083027	0.859949834661	1.86170649529	-2.22827148438	4.92517805099
2	3	0.500000014901	-0.425386827602	0.324780294269	-0.844727060865	-2.4091732502	1.85560834408	-4.84159040451
3	3	0.499999348074	0.391907495001	-0.248719357842	0.885746688617	2.24453353882	-1.44156527519	5.05659484863
4	3	0.499999526888	-0.376519710652	0.3877141252	-0.841374271422	-2.17208218575	2.19708371162	-4.81170845032
5	3	0.499986752868	0.567657269732	-0.347654744872	0.746258267953	3.22663211823	-1.98742747307	4.28107404709
6	3	0.49996945262	-0.578950424822	0.310760092308	-0.753819985558	-3.29257535934	1.79601311684	-4.31563091278
7	3	0.499230235815	0.444539527472	-0.447486358997	0.77597716914	2.54108405113	-2.53759813309	4.43756008148
8	3	0.499605610967	-0.442141187551	0.411663535733	-0.796896670603	-2.52802443504	2.34878468513	-4.55870485306
9	3	0.499216601253	0.522203382702	-0.375084015514	0.765908355093	2.96998310089	-2.14153003693	4.37880468369
10	3	0.499973047525	-0.486380747531	0.290121279942	-0.824174381643	-2.77992200851	1.68579089642	-4.7034330368
11	3	0.499986745417	0.473159867031	-0.469415049708	0.745499330207	2.69982624054	-2.66333580017	4.27870464325
12	3	0.499987032264	-0.446021150692	0.342892377948	-0.826734510154	-2.54417991638	1.97309327126	-4.72427845001
13	3	0.499971609563	0.372983833347	-0.322389069626	0.870027785676	2.13256692886	-1.84324073792	4.97459793091
14	3	0.499264977872	-0.384445219298	0.301835611405	-0.872408813027	-2.19171619415	1.72140491009	-4.98169898987
15	3	0.499647371471	0.436375771941	-0.309464463071	0.844871547491	2.4941945076	-1.78328597546	4.82628154755
16	3	0.499232042581	-0.435849969482	0.322306179021	-0.840329418185	-2.49413728714	1.8503100872	-4.78974437714
17	3	0.499642178416	0.454730349277	-0.436509226667	0.776324677233	2.59136295319	-2.47208595276	4.4522395134
18	3	0.499823275954	-0.390127449059	0.315084435904	-0.865171874105	-2.23441004753	1.83003795147	-4.93429613113
19	3	0.498804204166	0.402940017646	-0.544861316199	0.73536758719	2.28359532356	-3.07876467705	4.22541093826
20	3	0.49843814224	-0.257549631731	0.538668017933	-0.802187605022	-1.49569058418	3.07061648369	-4.59116983414
21	3	0.45369336009	0.308685838966	-0.52417629069	0.793695325109	1.59383296967	-2.7358212471	4.15326356888
22	3	0.497864317149	-0.243150925359	0.458753490774	-0.854647800091	-1.39075231552	2.63403248787	-4.88647079468
23	3	0.498764116317	0.339571487162	-0.454321475418	0.823579505622	1.89202070236	-2.58890938759	4.71879768372
24	3	0.49994832091	-0.109099596765	0.374786860879	-0.920669368937	-0.641842901707	2.15567731857	-5.2571182251
25	3	0.499982820824	0.17101841153	-0.323788373059	0.930544890045	0.975003182888	-1.85746192932	5.31800174713
26	3	0.499998118728	-0.250721062407	0.296676065939	-0.921478301841	-1.42869985104	1.71158444881	-5.26468896866
27	3	0.500000741333	0.180769896061	-0.398669014013	0.899102475774	1.03965425491	-2.26904249191	5.1433763504
28	3	0.499999798834	-0.125107219651	0.379522906005	-0.916684540837	-0.731040418148	2.16317272186	-5.24159669876
29	3	0.499999398366	0.155858162895	-0.21129034289	0.96491690008	0.902619361877	-1.23574709892	5.50910329819
0	4	0.499999362975	0.251399793862	-0.339128619608	0.906526294715	1.43499565125	-1.94408178329	5.18129062653
1	4	0.499999705702	-0.272994325193	0.38903840454	-0.879842723562	-1.56252884865	2.2098069191	-5.03573942184
2	4	0.499999307096	0.299565313981	-0.331459407301	0.894648134169	1.72478032112	-1.89175271988	5.11193943024
3	4	0.50000012666	-0.371374235337	0.312770812698	-0.874217133241	-2.12524437904	1.79516863823	-4.99459648132
4	4	0.499997440726	0.356389085107	-0.420606544306	0.834312264625	2.05482530594	-2.38592243195	4.7720708847
5	4	0.499991372228	-0.473793075102	0.387413047299	-0.790842116208	-2.70971155167	2.21204090118	-4.5222029686
6	4	0.499227609485	0.465599491327	-0.358216146704	0.809257873559	2.65537023544	-2.04437088966	4.62104129791
7	4	0.498327337205	-0.343819776477	0.361635643246	-0.866606959837	-1.98349392414	2.07401514053	-4.9553976059
8	4	0.44542824477	0.248302663975	-0.377537592956	0.892082481034	1.29213213921	-1.92425584793	4.57011365891
9	4	0.497882138938	-0.474044099132	0.404478993379	-0.78209905766	-2.70886778831	2.30601620674	-4.48173904419
10	4	0.499243840575	0.446889404398	-0.389993479715	0.805105549613	2.55348563194	-2.22205615044	4.59620332718
11	4	0.499987941235	-0.388996333821	0.440367842332	-0.80917119061	-2.23500061035	2.51688170433	-4.62092924118
12	4	0.499989941716	0.448837271324	-0.453535137995	0.76996816978	2.542283535	-2.58269786835	4.42287492752
13	4	0.499255504459	-0.247609448066	0.465648629916	-0.849623984293	-1.44333136082	2.63057971001	-4.85814571381
14	4	0.497816121206	0.296067949346	-0.256852718832	0.919983940185	1.70376396179	-1.49414134026	5.25441884995
15	4	0.444718897343	-0.446860221613	0.478369991739	-0.755961700977	-2.28391981125	2.43108940125	-3.87955951691
16	4	0.497609611601	0.496293504688	-0.304365231648	0.813052620049	2.82645988464	-1.75284409523	4.65208482742
17	4	0.49830301851	-0.408933107111	0.357622918485	-0.839571058388	-2.33701896667	2.04434752464	-4.7895450592
18	4	0.473120663315	0.321155612259	-0.354368776684	0.87822653275	1.76158094406	-1.93480789661	4.78596544266
19	4	0.498409211636	-0.351249509585	0.418306141782	-0.837641781291	-2.01470899582	2.39514660835	-4.78888320923
20	4	0.497746922076	0.401435259893	-0.374871937159	0.835655887818	2.25481128693	-2.15603756905	4.76219797134
21	4	0.497759312391	-0.104791660252	0.433466389451	-0.895056197765	-0.639110743999	2.48543691635	-5.11563253403
22	4	0.471492666751	0.135273252778	-0.52957237078	0.837409249524	0.750578999519	-2.86181235313	4.55950880051
23	4	0.498922314495	-0.217671401711	0.413205207705	-0.884240135485	-1.23865914345	2.36939167976	-5.0527586937
24	4	0.499666508287	0.1033119285	-0.38836558328	0.915695811475	0.599626839161	-2.21069049835	5.23409986496
25	4	0.499992594123	-0.149807831402	0.286072618051	-0.946424889176	-0.867196798325	1.64515209198	-5.40625858307
26	4	0.499998189509	0.301457663481	-0.26157849196	0.916896924236	1.69482064247	-1.51579523087	5.24622154236
27	4	0.49999954924	-0.198563650339	0.380554086349	-0.903189384419	-1.13843846321	2.16453456879	-5.16749334335
28	4	0.499999355525	0.192742951993	-0.375289536106	0.906646523484	1.0997338295	-2.14784669876	5.18269634247
29	4	0.499999627471	-0.158507727263	0.323123808949	-0.932987837267	-0.915768563747	1.85436558723	-5.33017253876
0	5	0.499999843538	-0.284915031556	0.442861711567	-0.850115832826	-1.61714482307	2.51333475113	-4.87421417236
1	5	0.499997906387	0.225423478529	-0.271904445848	0.935549158332	1.31206345558	-1.5833927393	5.33575439453
2	5	0.499999836087	-0.306656036197	0.241348222932	-0.920713370573	-1.75787639618	1.40194869041	-5.25685977936
3	5	0.499997917563	0.458076683875	-0.356382316804	0.814344764801	2.59697532654	-2.02899980545	4.67227172852
4	5	0.499999783933	-0.435531280489	0.302035483316	-0.847990017945	-2.49299001694	1.75336432457	-4.83747005463
5	5	0.499961517751	0.521950185449	-0.384443495906	0.761427082763	2.96430778503	-2.19945788383	4.36578845978
6	5	0.499685816467	-0.415677001489	0.350951989094	-0.839074091951	-2.38035416603	2.00778889656	-4.79569101334
7	5	0.446071926504	0.312636318621	-0.31430921054	0.896363906262	1.61164355278	-1.61082792282	4.59679698944
8	5	0.233498074114	0.332354436603	-0.240528467755	0.911968521754	0.933982610703	-0.699230253696	2.5370414257
9	5	0.444818234071	0.354316837551	-0.238018788632	0.904326619583	1.81655609608	-1.22917830944	4.62325239182
10	5	0.499668389559	-0.469110353355	0.341466793336	-0.814454360553	-2.65315842628	1.97041463852	-4.66806268692
11	5	0.499961696565	0.356074658858	-0.459997295948	0.813396167338	2.03347158432	-2.61561393738	4.65925598145
12	5	0.499961849302	-0.316296879408	0.389816520559	-0.86486956495	-1.8171762228	2.23523521423	-4.93784618378
13	5	0.499637644738	0.305985905559	-0.378831749037	0.873418073731	1.7602647543	-2.16576242447	4.99023866653
14	5	0.445657465607	-0.463955045636	0.307129079284	-0.830913620232	-2.3660633564	1.5910718441	-4.26018476486
15	5	0.233594294637	-0.411041916809	0.427772703501	-0.805018668582	-1.1578400135	1.18633365631	-2.24842309952
16	5	0.445517167449	-0.443092346225	0.493107575171	-0.748674890741	-2.26745820045	2.5176448822	-3.84743857384
17	5	0.47217541188	0.338127964137	-0.411849062535	0.846197275792	1.85730862617	-2.23836660385	4.6081776619
18	5	0.329439442605	0.475558024509	-0.384898002907	0.791010804404	1.86684298515	-1.50766575336	3.1308426857
19	5	0.429011104628	0.318682257892	-0.331367293452	0.888052552125	1.59842026234	-1.66065192223	4.42813682556
20	5	0.496955372393	-0.399236555451	0.401745813139	-0.824142265885	-2.27773857117	2.28723192215	-4.72371292114
21	5	0.416608817875	0.432668064277	-0.327120923573	0.840113234936	2.08441972733	-1.58747327328	4.07691001892
22	5	0.32066960074	0.386430664431	-0.365921216555	0.846624476886	1.47773897648	-1.40842556953	3.24926519394
23	5	0.47243796289	0.125990007974	-0.459871436647	0.879002149967	0.698879957199	-2.49503779411	4.79066944122
24	5	0.499825427309	-0.0436895140763	0.339512198192	-0.939586448199	-0.290435880423	1.95567274094	-5.36575698853
25	5	0.499983070418	0.191945484711	-0.297717570998	0.935158370982	1.09896826744	-1.71132409573	5.34366130829
26	5	0.500000312924	-0.157617918214	0.374213716834	-0.913849378175	-0.925952911377	2.12304258347	-5.22749900818
27	5	0.499999793246	0.168704317516	-0.300190054554	0.938842257463	0.980938315392	-1.73936080933	5.3575501442
28	5	0.500000435859	-0.252372267356	0.462815799294	-0.84977042464	-1.43112611771	2.62745308876	-4.87225675583
29	5	0.499999396503	0.161197955097	-0.448429961982	0.879161980791	0.936649382114	-2.56136536598	5.02496194839
0	6	0.499987442046	0.309052945608	-0.397795544551	0.863854722478	1.75119805336	-2.29141521454	4.93652248383
1	6	0.499991241843	-0.378200444681	0.437673152966	-0.815724607215	-2.13819932938	2.47859215736	-4.68850183487
2	6	0.4999627918	0.290842448879	-0.306700409441	0.906281153274	1.67612564564	-1.77551484108	5.16974687576
3	6	0.499992307276	-0.371833428985	0.40593259921	-0.834840479366	-2.1311314106	2.31605958939	-4.77301979065
4	6	0.499984920025	0.445105341345	-0.439089130848	0.780437037997	2.53868198395	-2.50581073761	4.46766042709
5	6	0.499988347292	-0.456992621337	0.511175585095	-0.727912951695	-2.61010074615	2.89129066467	-4.18639612198
6	6	0.499246265739	0.378642670194	-0.338193047329	0.861542332707	2.16980791092	-1.94305276871	4.90975475311
7	6	0.498355925083	-0.414012938318	0.318770179776	-0.852630552696	-2.3586628437	1.82061290741	-4.89018726349
8	6	0.445621158928	0.408221564862	-0.246381581083	0.879005842122	2.08237934113	-1.26888346672	4.50832796097
9	6	0.497904196382	-0.282926011887	0.421077676451	-0.861769378774	-1.62131929398	2.4016494751	-4.93415021896
10	6	0.499217908829	0.214583850647	-0.486991203704	0.846636485486	1.25083351135	-2.75711846352	4.84039592743
11	6	0.499988678843	-0.200496830631	0.434441112253	-0.878101327235	-1.1709625721	2.47912716866	-5.01721811295
12	6	0.499986503273	0.293578820452	-0.366055914859	0.883071086255	1.67744457722	-2.09608840942	5.04749679565
13	6	0.499255094677	-0.386778835376	0.307602483366	-0.86935771966	-2.19375348091	1.77418112755	-4.96250724792
14	6	0.498283911496	0.371309538761	-0.385991546558	0.844476022401	2.12900781631	-2.19932198524	4.83864307404
15	6	0.445814006031	-0.418363182944	0.40515982977	-0.81290698084	-2.15111064911	2.0731549263	-4.16832113266
16	6	0.497136719525	0.51835333326	-0.462459005421	0.719334060227	2.96283650398	-2.62583398819	4.11960077286
17	6	0.496140237898	-0.49908389436	0.302650205766	-0.811984063477	-2.85123157501	1.74703598022	-4.63712310791
18	6	0.395030127838	0.441078663051	-0.263819600276	0.857816315718	2.04330921173	-1.23863065243	3.99547743797
19	6	0.385197365191	0.084627001006	-0.226425466667	0.970345185357	0.407009243965	-1.04579150677	4.47653865814
20	6	0.400194173679	0.259454312765	-0.256393820248	0.931099172229	1.23858857155	-1.21123743057	4.39019966125
21	6	0.370470959693	0.395680774796	-0.173251899152	0.901898278021	1.75612270832	-0.790973305702	3.9980494976
22	6	0.4176065512	0.437869935181	-0.319156757086	0.840481340823	2.11603283882	-1.5522377491	4.08674669266
23	6	0.498362254351	-0.289317029367	0.451028511258	-0.84431566286	-1.6500442028	2.57308459282	-4.83966398239
24	6	0.499527890235	0.345043694435	-0.423592957414	0.837564239542	1.94821035862	-2.40298247337	4.80350923538
25	6	0.499994516373	-0.407349136279	0.306637737531	-0.860255763767	-2.30458879471	1.76137423515	-4.92748451233
26	6	0.49999916926	0.334617563353	-0.363186583408	0.869555398999	1.90464758873	-2.06404280663	4.98013830185
27	6	0.499997776002	-0.293253009929	0.330422910679	-0.897119486059	-1.67363297939	1.89391171932	-5.12807273865
28	6	0.49999980256	0.298373343346	-0.425539068408	0.854335911243	1.69127368927	-2.44124102592	4.88538646698
29	6	0.499997612089	-0.15687463717	0.537460770804	-0.828568807076	-0.931693553925	3.05059933662	-4.74612236023
0	7	0.499962151051	-0.157043420542	0.442806281924	-0.882757022489	-0.94293987751	2.52378344536	-5.04413080215
1	7	0.499237529933	0.299998796031	-0.359022679028	0.88380056479	1.70995330811	-2.07136774063	5.03706741333
2	7	0.499708365649	-0.294693610056	0.467681239582	-0.833324627222	-1.69365799427	2.65555787086	-4.77302360535
3	7	0.499268397689	0.370163710291	-0.443016909674	0.816526083678	2.11889696121	-2.52686452866	4.65964269638
4	7	0.499975703657	-0.412373824384	0.474533364918	-0.777666968916	-2.36394190788	2.69266414642	-4.45551395416
5	7	0.4999743402	0.423056827761	-0.377537882976	0.823703871183	2.41367530823	-2.17347431183	4.70458507538
6	7	0.4999769032	-0.339031584781	0.366741933178	-0.866347470112	-1.94066596031	2.08807635307	-4.95590925217
7	7	0.499249454588	0.302458962566	-0.256873946623	0.917896699803	1.74311614037	-1.48881721497	5.22816753387
8	7	0.499697715044	-0.346735878306	0.317524162622	-0.882582934827	-1.98968946934	1.80289912224	-5.04862642288
9	7	0.499265365303	0.349312877738	-0.343834232657	0.871641287399	1.98018431664	-1.96881246567	4.97878265381
10	7	0.499976176769	-0.274994704891	0.368698365744	-0.887941117068	-1.58225691319	2.1102001667	-5.07272815704
11	7	0.499986506999	0.288441903127	-0.354236476299	0.889560446164	1.64805793762	-2.03174185753	5.08325195312
12	7	0.499987047166	-0.236197782616	0.371303607014	-0.897966724832	-1.37491905689	2.11587977409	-5.13016796112
13	7	0.499975524843	0.36238856024	-0.370761932684	0.855108250855	2.06933999062	-2.10304832458	4.89745330811
14	7	0.499257083982	-0.365358956411	0.299110771327	-0.88150188851	-2.09941935539	1.70830655098	-5.02651691437
15	7	0.499188564718	0.52147874615	-0.244333780008	0.817533437396	2.97273039818	-1.41863465309	4.66842269897
16	7	0.49758221209	-0.58866373755	0.383654063238	-0.711536762124	-3.35519123077	2.18247628212	-4.07974624634
17	7	0.416858799756	0.580748289904	-0.307038419817	0.753962089584	2.8117814064	-1.48293721676	3.66073608398
18	7	0.37897801958	0.497411426699	-0.208965516197	0.841971071729	2.26079916954	-0.950252771378	3.81815242767
19	7	0.416003133636	0.0348325638874	-0.135468352301	0.990169186562	0.198801189661	-0.674684226513	4.85886907578
20	7	0.344863774255	0.377339700526	-0.288903740402	0.879857590289	1.54102015495	-1.19406354427	3.6398563385
21	7	0.439958594739	0.462386089931	-0.450296643438	0.763827229644	2.36604738235	-2.28939533234	3.92612600327
22	7	0.498235274106	-0.368428686144	0.355423686457	-0.859031027572	-2.10846471786	2.03478503227	-4.91293239594
23	7	0.499133400619	0.177522465141	-0.396067039446	0.900897704867	1.05403459072	-2.25542354584	5.13706445694
24	7	0.499979835004	-0.267764090048	0.302018937633	-0.914924561585	-1.55100882053	1.74224603176	-5.22075414658
25	7	0.499991286546	0.39864629887	-0.254255486337	0.881155648036	2.27489113808	-1.46645402908	5.03599786758
26	7	0.499985676259	-0.347549334173	0.244980632771	-0.905093337664	-1.99272108078	1.41958594322	-5.16704368591
27	7	0.499991029501	0.328627874517	-0.281019859012	0.9016826265	1.87694871426	-1.63143718243	5.14884757996
28	7	0.499960970134	-0.251620404571	0.51058452853	-0.822186482028	-1.4615445137	2.89598321915	-4.70818901062
29	7	0.499977238476	0.38489150535	-0.497682091836	0.777284416784	2.16537237167	-2.83740186691	4.46796274185
0	8	0.499214734882	0.31204217048	-0.343017041201	0.885984759061	1.77638363838	-1.97096610069	5.05449008942
1	8	0.498351030052	-0.310978960398	0.431137672989	-0.84700200302	-1.78118312359	2.46024107933	-4.85410785675
2	8	0.445723034441	0.33614101389	-0.447025300631	0.8289617599	1.72664308548	-2.29609727859	4.245470047
3	8	0.498096443713	-0.472370408971	0.410916753791	-0.779752280011	-2.69533205032	2.35118842125	-4.46890592575
4	8	0.49921759963	0.49877953349	-0.305480894016	0.811110596875	2.83046460152	-1.77135550976	4.63019418716
5	8	0.499991342425	-0.399029071794	0.40680666684	-0.821756737532	-2.28853082657	2.30707192421	-4.70453071594
6	8	0.499984618276	0.258138963872	-0.333833934478	0.906597584114	1.50653576851	-1.91139185429	5.17373418808
7	8	0.499990377575	-0.343495963119	0.373007900422	-0.861902331789	-1.96839666367	2.10441875458	-4.93855953217
8	8	0.499961782247	0.460504642181	-0.179400633761	0.869339339462	2.60385251045	-1.07298326492	4.97716617584
9	8	0.499989204109	-0.268714049124	0.357352960002	-0.894478407666	-1.56660223007	2.03385734558	-5.10923290253
10	8	0.49998755008	0.397397138211	-0.311384377497	0.863200604722	2.25187945366	-1.79648184776	4.93844461441
11	8	0.499999687076	-0.407933640675	0.341288165144	-0.846824971962	-2.31427359581	1.94663000107	-4.85184812546
12	8	0.499999344349	0.358938184348	-0.283751612383	0.889184121702	2.05006337166	-1.62861406803	5.08241415024
13	8	0.499987635761	-0.409317592986	0.238173078344	-0.880756886334	-2.33607769012	1.37149620056	-5.03440856934
14	8	0.499978493899	0.393177078109	-0.196383610856	0.89824565829	2.26098203659	-1.13830137253	5.12649440765
15	8	0.499828390777	-0.564321246338	0.266320609695	-0.781418494652	-3.20635199547	1.50638079643	-4.48731422424
16	8	0.475938089192	0.573068090547	-0.259938506902	0.777190411821	3.14054965973	-1.42792773247	4.26981830597
17	8	0.333640124649	0.573530601974	-0.265477618907	0.774973730174	2.29200649261	-1.05738973618	3.09722781181
18	8	0.417283654213	0.56267827272	-0.132221512088	0.816033475509	2.72432279587	-0.65821492672	3.96255159378
19	8	0.496157925576	-0.534500803562	0.266271428336	-0.802127432172	-3.04753828049	1.51418972015	-4.58832931519
20	8	0.477580435574	0.447169741626	-0.210269144895	0.869382602126	2.46562337875	-1.17379117012	4.7845454216
21	8	0.498731385916	-0.446053134966	0.324380615948	-0.834154552097	-2.55937218666	1.85267007351	-4.76698112488
22	8	0.499362885952	0.483135497172	-0.317311245741	0.816023078533	2.74357056618	-1.81717121601	4.66659259796
23	8	0.499980110675	-0.365011202548	0.369838808875	-0.854392226946	-2.09426140785	2.10495257378	-4.88660812378
24	8	0.499989945441	0.424820248704	-0.352058452716	0.834015948386	2.41990709305	-2.00456213951	4.77625083923
25	8	0.499986104667	-0.504998530766	0.327845687307	-0.798432019172	-2.86465883255	1.87012815475	-4.5807518959
26	8	0.499980285764	0.408295431471	-0.352172666444	0.842181247505	2.33243250847	-2.00718188286	4.81872081757
27	8	0.499247893691	-0.367782495261	0.390269356023	-0.844053236431	-2.09493374825	2.22376585007	-4.82190275192
28	8	0.49968059361	0.341912304981	-0.466149738592	0.81596592877	1.95779585838	-2.64996337891	4.67354011536
29	8	0.499244049191	-0.378574190402	0.347945470096	-0.857680320517	-2.15549492836	2.00738620758	-4.89015960693
0	9	0.498893212527	-0.295596095553	0.328278092534	-0.897137917076	-1.70112133026	1.89367246628	-5.11043119431
1	9	0.446035232395	0.27503081532	-0.485084865119	0.83009079278	1.42666518688	-2.48099684715	4.25783157349
2	9	0.232789726928	0.422230984437	-0.47570952394	0.771635564638	1.15142095089	-1.32114684582	2.16306948662
3	9	0.445138122886	0.351262473754	-0.51429858983	0.782375635504	1.80950880051	-2.62083363533	4.00896453857
4	9	0.499630473554	-0.431302819069	0.350541640395	-0.831323304505	-2.46759748459	2.00452804565	-4.7523727417
5	9	0.499959424138	0.515789052678	-0.297384613413	0.803445110037	2.92158460617	-1.70352995396	4.6097111702
6	9	0.499999508262	-0.386956811505	0.231332871603	-0.89260827273	-2.21697807312	1.33901309967	-5.0972495079
7	9	0.49999557808	0.397873901492	-0.25041136361	0.882604389003	2.27360868454	-1.45166897774	5.04069852829
8	9	0.499999787658	-0.388782609175	0.378042597166	-0.840197522926	-2.22505402565	2.13980436325	-4.81247186661
9	9	0.499997165054	0.328124509938	-0.415091772342	0.848547657184	1.87904405594	-2.35852336884	4.85698080063
10	9	0.499999623746	-0.319591876934	0.421689627762	-0.848551053288	-1.83613634109	2.39076328278	-4.85790061951
11	9	0.499999411404	0.321878479175	-0.328202375847	0.888075134846	1.85112738609	-1.87998080254	5.07182455063
12	9	0.49999980256	-0.341655175641	0.27103830911	-0.899894424893	-1.96175479889	1.55357527733	-5.14023780823
13	9	0.499999284744	0.468868729131	-0.241108976238	0.849722646762	2.65876364708	-1.38184165955	4.86912822723
14	9	0.499995276332	-0.417768065927	0.21204882083	-0.88346201994	-2.38775515556	1.21259713173	-5.05109119415
15	9	0.499723561108	0.447338839113	-0.0835975427317	0.890448995659	2.56390333176	-0.513131856918	5.08177042007
16	9	0.499109942466	-0.459206430285	0.149512619706	-0.875657142341	-2.63357400894	0.870488941669	-4.99795866013
17	9	0.475877225399	0.5088592669	-0.265287394691	0.818953505828	2.79834127426	-1.44807803631	4.49359560013
18	9	0.498166263103	-0.563723760215	0.343718713877	-0.751047913185	-3.22508764267	1.94435727596	-4.30733585358
19	9	0.49889588356	0.571530882903	-0.258408107254	0.778830982944	3.24934053421	-1.4826182127	4.44843387604
20	9	0.499846126884	-0.46934798594	0.30304958138	-0.829381347342	-2.69357132912	1.72783207893	-4.73684930801
21	9	0.499645411968	0.536354523708	-0.321234012091	0.780469432056	3.04936170578	-1.83061599731	4.4709649086
22	9	0.499984525144	-0.521067967497	0.299569070165	-0.799216206949	-2.97323203087	1.70975470543	-4.57381343842
23	9	0.499991297722	0.459892023013	-0.256827209942	0.850023006396	2.63552975655	-1.47888052464	4.8535284996
24	9	0.49999730289	-0.415630208753	0.278653791898	-0.865796508328	-2.39145350456	1.59762215614	-4.94099187851
25	9	0.49999082461	0.453244507469	-0.281341308806	0.845822962805	2.58624362946	-1.61708593369	4.83526659012
26	9	0.499242465943	-0.384939834374	0.34474743746	-0.856136979856	-2.19917726517	1.97157204151	-4.8845949173
27	9	0.498355858028	0.322760784426	-0.391991941664	0.861491609772	1.85621201992	-2.23847699165	4.93340110779
28	9	0.446090716869	-0.427560265005	0.351025090259	-0.833050782244	-2.18102455139	1.80416345596	-4.27937555313
29	9	0.498346678913	0.406418114453	-0.395325482542	0.8237366564	2.31708288193	-2.25368142128	4.72650098801
0	10	0.498970270157	0.365670558735	-0.414435770004	0.833383486167	2.0796983242	-2.36135315895	4.76441192627
1	10	0.498288352042	-0.266106219003	0.464393263673	-0.844704905196	-1.54166889191	2.6520922184	-4.83504629135
2	10	0.445214062929	0.427467880539	-0.494440540529	0.756835360557	2.17780542374	-2.52575874329	3.88630366325
3	10	0.498175162822	-0.393365481985	0.386914619109	-0.834002802814	-2.25913143158	2.21098566055	-4.77314662933
4	10	0.499208431691	0.355404573739	-0.323016959069	0.877124639444	2.04799866676	-1.8473906517	4.99740314484
5	10	0.499975420535	-0.413850448256	0.231751150853	-0.880351753878	-2.38106870651	1.35352420807	-5.01991605759
6	10	0.49995950982	0.432578681845	-0.267470546582	0.861008240799	2.46975421906	-1.53227233887	4.9220662117
7	10	0.499991983175	-0.446113845136	0.331984923089	-0.83112480893	-2.54863619804	1.88457751274	-4.75799465179
8	10	0.499987270683	0.400960162726	-0.311821011492	0.861393408785	2.29578399658	-1.78433418274	4.9220457077
9	10	0.499997571111	-0.356235682866	0.30238454371	-0.884115222116	-2.04100513458	1.7359675169	-5.05016231537
10	10	0.499999132007	0.359410278331	-0.324854475322	0.874810734784	2.0565199852	-1.85408353806	5.00189208984
11	10	0.4999980703	-0.380220661718	0.342971491114	-0.858954483478	-2.16406726837	1.95139467716	-4.91844463348
12	10	0.499999184161	0.338372942455	-0.282194626137	0.897702592618	1.94340014458	-1.61487340927	5.12809085846
13	10	0.500000059605	-0.373726960548	0.281162081193	-0.88389820854	-2.13696503639	1.61197280884	-5.05156373978
14	10	0.499995339662	0.334477730453	-0.311919928143	0.889286571505	1.9318420887	-1.76586031914	5.08291149139
15	10	0.499991748482	-0.444812915856	0.224830925444	-0.866944360874	-2.54547309875	1.28759086132	-4.9551448822
16	10	0.499736722559	0.45925643178	-0.281298260898	0.842588166476	2.63591480255	-1.5865240097	4.81558036804
17	10	0.499853607267	-0.575046115857	0.204909895781	-0.792044127084	-3.27884197235	1.18344676495	-4.53067874908
18	10	0.499577198178	0.578346771626	-0.183442859396	0.794898565281	3.29263758659	-1.07037043571	4.5439825058
19	10	0.499974399805	-0.532964069744	0.243822160781	-0.81024690945	-3.04497003555	1.39777421951	-4.63253068924
20	10	0.499974712729	0.481076699365	-0.337170559959	0.809247318701	2.75273656845	-1.91305351257	4.63056373596
21	10	0.4999955073	-0.477776683192	0.290408344526	-0.829091330571	-2.73047971725	1.66025090218	-4.74079322815
22	10	0.499991957098	0.526828053388	-0.252582444779	0.811575203387	3.01113080978	-1.44823026657	4.63867235184
23	10	0.499999321997	-0.615012562988	0.226250332629	-0.755361062243	-3.49076890945	1.30409181118	-4.33637952805
24	10	0.499998982996	0.5502619721	-0.285488427768	0.784670707795	3.13139247894	-1.62155580521	4.50074958801
25	10	0.49996034801	-0.42772477442	0.293858407532	-0.854809191382	-2.45256352425	1.68446135521	-4.88139820099
26	10	0.499615184963	0.374818666663	-0.410362320516	0.83133250449	2.15051174164	-2.32338356972	4.76165866852
27	10	0.444802992046	-0.219861120976	0.316322179928	-0.922822499709	-1.15087354183	1.62560498714	-4.71347904205
28	10	0.233340544626	-0.366905565722	0.301901408663	-0.879906725335	-1.01966917515	0.863446831703	-2.44963979721
29	10	0.446145385504	-0.397681515365	0.365828562927	-0.841438574635	-2.03705763817	1.87615227699	-4.31976985931
0	11	0.499222651124	-0.383600830914	0.410480699743	-0.827258120335	-2.19001698494	2.3464512825	-4.72042655945
1	11	0.499239139259	0.351577786835	-0.386927086143	0.852455564715	2.00626087189	-2.21497821808	4.86344718933
2	11	0.499646291137	-0.323010670043	0.371688608796	-0.870351472182	-1.86941194534	2.13338375092	-4.96523809433
3	11	0.499224733561	0.52024099793	-0.322958012291	0.790599409543	2.94331288338	-1.85566043854	4.52582263947
4	11	0.499950800091	-0.443215638431	0.368011876624	-0.81739045536	-2.5450835228	2.10279774666	-4.66835689545
5	11	0.499216072261	0.557432201881	-0.458620015638	0.692052759233	3.15753078461	-2.58479976654	3.9950838089
6	11	0.499663151801	-0.415483621339	0.305982789882	-0.856590854898	-2.39219546318	1.75996804237	-4.88685178757
7	11	0.499218635261	0.529780048261	-0.281473639928	0.80006605383	2.99676942825	-1.6167743206	4.58185482025
8	11	0.499963663518	-0.464204887223	0.26412353643	-0.8454304112	-2.64834976196	1.52112984657	-4.83296298981
9	11	0.499979127198	0.391509749693	-0.268910513131	0.880004120344	2.24417304993	-1.54274177551	5.02682685852
10	11	0.499966986477	-0.404581087638	0.172766772531	-0.898034401253	-2.30554294586	1.02816808224	-5.13032102585
11	11	0.49999230355	0.342724823239	-0.299327322543	0.890473385068	1.97275578976	-1.70678901672	5.0873208046
12	11	0.499986920506	-0.392884212278	0.249752964321	-0.885022854256	-2.23448038101	1.44121348858	-5.06083536148
13	11	0.499998871237	0.350595208722	-0.373700875693	0.858737826771	2.00987005234	-2.10450172424	4.92166519165
14	11	0.499999430031	-0.374496562583	0.259501607775	-0.890174836858	-2.15350008011	1.49234247208	-5.08183860779
15	11	0.499995667487	0.556019930702	-0.251569719002	0.792183383531	3.15800285339	-1.43745422363	4.5443482399
16	11	0.499996311963	-0.511220674931	0.215892684215	-0.831891681906	-2.93251013756	1.24959123135	-4.74609947205
17	11	0.49998626858	0.621367373857	-0.278307551819	0.732425759587	3.52567219734	-1.58317959309	4.21383190155
18	11	0.499995078892	-0.449560805973	0.270852324323	-0.851195688512	-2.59331941605	1.53632092476	-4.85870170593
19	11	0.499993793666	0.473212822526	-0.236509335151	0.84860648064	2.70717930794	-1.35641551018	4.84896373749
20	11	0.499999951571	-0.481787405046	0.29688534035	-0.824463456452	-2.74244856834	1.69065952301	-4.72304868698
21	11	0.499998722225	0.333320206439	-0.247287423148	0.90980578715	1.94035613537	-1.41670262814	5.18888282776
22	11	0.499993626028	-0.49799865593	0.254195619308	-0.82908499312	-2.84245586395	1.44838237762	-4.74428749084
23	11	0.499995555729	0.529446313645	-0.262883116893	0.806584817499	3.02184438705	-1.49518680573	4.61729335785
24	11	0.499979052693	-0.506769630448	0.157906159406	-0.847496422693	-2.89623975754	0.924565851688	-4.84176492691
25	11	0.499984446913	0.435083609193	-0.27434687398	0.857575679313	2.50134038925	-1.56221961975	4.89788103104
26	11	0.49922240153	-0.499093993364	0.301361948992	-0.812456867463	-2.83940267563	1.72896301746	-4.6403594017
27	11	0.497430644929	0.514334011517	-0.36213399884	0.77737988878	2.92668581009	-2.06636047363	4.45583534241
28	11	0.4449432455	-0.289887757136	0.354043439588	-0.889167212141	-1.49869918823	1.80969333649	-4.54704475403
29	11	0.498295743018	0.39330486953	-0.428043940661	0.813688923648	2.25019240379	-2.44547772408	4.66261386871
0	12	0.499962493777	0.432101020517	-0.462603450528	0.774136135075	2.46685552597	-2.63177728653	4.43539428711
1	12	0.499979134649	-0.412197336998	0.38700907414	-0.824813513411	-2.35687589645	2.22215008736	-4.71095991135
2	12	0.499961648136	0.339476539532	-0.422710437759	0.840280646521	1.96332585812	-2.40817523003	4.79904651642
3	12	0.49998138845	-0.502504200782	0.338186623176	-0.795687964029	-2.86578416824	1.93521499634	-4.55307388306
4	12	0.499238692224	0.504837925512	-0.349095908635	0.789474961946	2.87816667557	-1.98898148537	4.51005220413
5	12	0.498327437788	-0.498434079549	0.362708910496	-0.787404416162	-2.85698246956	2.08227801323	-4.5046620369
6	12	0.445548992604	0.352267281202	-0.39088477151	0.850362780227	1.82014012337	-1.99310266972	4.35548067093
7	12	0.49833823368	-0.353307137327	0.363363544602	-0.862056263343	-2.04523587227	2.07336425781	-4.93075466156
8	12	0.499202698469	0.459841852016	-0.348734305006	0.816657734701	2.61487984657	-1.98490440845	4.66980409622
9	12	0.499229494482	-0.426289272465	0.393060637545	-0.814727433804	-2.43112778664	2.22481489182	-4.66118335724
10	12	0.499638684094	0.378630057015	-0.392695125185	0.838110862942	2.17010378838	-2.22286367416	4.8006978035
11	12	0.499241996557	-0.401877691655	0.34662550751	-0.847552404571	-2.28568315506	1.96712255478	-4.84667778015
12	12	0.499977182597	0.349493108116	-0.249500774995	0.903107928576	2.00694012642	-1.43124485016	5.15845584869
13	12	0.499986514449	-0.322032319373	0.195303277908	-0.92636483899	-1.86488878727	1.13863587379	-5.28385019302
14	12	0.499999862164	0.426724761527	-0.240650444657	0.871775969723	2.44146609306	-1.38077020645	4.98203754425
15	12	0.499999664724	-0.562134678077	0.27419687908	-0.780269616996	-3.20403456688	1.56278264523	-4.46958827972
16	12	0.49999935925	0.557732027136	-0.289159594168	0.778024238059	3.18188476562	-1.64810848236	4.45436477661
17	12	0.499999705702	-0.507132691814	0.287176179001	-0.812616930114	-2.90712857246	1.63540244102	-4.64326477051
18	12	0.499997671694	0.459654987331	-0.179050616899	0.869861005684	2.6373796463	-1.04302573204	4.96414375305
19	12	0.499999679625	-0.448366560902	0.199668194349	-0.871263472912	-2.57342529297	1.15465402603	-4.97304916382
20	12	0.499999590218	0.436275961008	-0.272242743759	0.857640469146	2.49647951126	-1.54487466812	4.90560817719
21	12	0.499993439764	-0.368095248518	0.173684438315	-0.913421919983	-2.12022066116	1.01169657707	-5.21253633499
22	12	0.499985497445	0.522759707965	-0.170163769709	0.835324235975	2.96570158005	-0.988914966583	4.78735780716
23	12	0.499602496624	-0.412509551396	0.294425186102	-0.862061297006	-2.37456941605	1.65930557251	-4.92440986633
24	12	0.499812938273	0.488779853922	-0.125957901558	0.863266390771	2.78511238098	-0.746757864952	4.93715381622
25	12	0.499457936734	-0.509633869878	0.230988973548	-0.828804809815	-2.90501952171	1.32440853119	-4.73512506485
26	12	0.499938979745	0.50721941015	-0.289481159415	0.811744496939	2.8943529129	-1.66427946091	4.64113616943
27	12	0.499256882817	-0.425945433736	0.387513714625	-0.817559544288	-2.44390511513	2.20417094231	-4.66438913345
28	12	0.499666981399	0.448292832646	-0.354540809661	0.820569528123	2.55298399925	-2.03445363045	4.69447803497
29	12	0.4992361404	-0.402680612383	0.417338929288	-0.814663453526	-2.31114864349	2.38055896759	-4.64492464066
0	13	0.499987073243	-0.461407711417	0.436291053504	-0.772497922636	-2.64897990227	2.4849729538	-4.41482067108
1	13	0.499997861683	0.522454191827	-0.41542903672	0.744620932349	2.97201681137	-2.37842011452	4.26566934586
2	13	0.499999165535	-0.430262358507	0.461555380623	-0.775784076577	-2.47182035446	2.61679553986	-4.442507267
3	13	0.499960761517	0.539248701639	-0.268338349711	0.798251444004	3.07246541977	-1.55553603172	4.56340360641
4	13	0.499577008188	-0.509338987393	0.273805179846	-0.815845891949	-2.91824102402	1.56972932816	-4.65880155563
5	13	0.445666022599	0.555801485689	-0.421095443617	0.71677286212	2.83591198921	-2.13797831535	3.69595789909
6	13	0.232361430302	0.464612645493	-0.291475943286	0.836167964068	1.28142786026	-0.82292342186	2.32283377647
7	13	0.445617005229	0.336108973546	-0.328850626775	0.882546329193	1.73774206638	-1.67856395245	4.51971626282
8	13	0.498904298991	-0.428720729502	0.292219676807	-0.854872035209	-2.44256782532	1.67691683769	-4.87987232208
9	13	0.49819393456	0.424674635151	-0.280706157114	0.860729636772	2.4297721386	-1.61701130867	4.92472648621
10	13	0.445662043989	-0.333029365224	0.263668834956	-0.905301158384	-1.71629011631	1.36499190331	-4.63274526596
11	13	0.498363990337	0.392468321816	-0.276021716087	0.87737143139	2.24790883064	-1.58647155762	5.02210140228
12	13	0.499246139079	-0.405626064535	0.268222999843	-0.873798556949	-2.31802725792	1.5229241848	-4.98907184601
13	13	0.499991498888	0.500335274315	-0.244363976458	0.830632807133	2.83749294281	-1.38929963112	4.76586437225
14	13	0.499997679144	-0.445189567114	0.294619131933	-0.845580165586	-2.55444383621	1.67382788658	-4.8329076767
15	13	0.500000204891	0.571255501057	-0.233223705372	0.786939550261	3.25565290451	-1.34757685661	4.50227308273
16	13	0.5	-0.542018270151	0.304596445192	-0.783222318629	-3.10024666786	1.7346932888	-4.47899341583
17	13	0.499999605119	0.503868289821	-0.301443633661	0.809474201095	2.88843917847	-1.71840941906	4.62447166443
18	13	0.500000499189	-0.549113772	0.238492897142	-0.800996381648	-3.1310069561	1.37157166004	-4.58265113831
19	13	0.499999791384	0.564509122999	-0.301026867035	0.768578086712	3.21221399307	-1.7073867321	4.41096544266
20	13	0.499998714775	-0.471020657254	0.226769757066	-0.852475816501	-2.69595813751	1.31190085411	-4.86803388596
21	13	0.499995175749	0.38772404948	-0.27922848769	0.878465430804	2.22789883614	-1.58457541466	5.02115106583
22	13	0.499595269561	-0.442068675747	0.183850404908	-0.877937534531	-2.52534222603	1.06958937645	-5.01143217087
23	13	0.498984135687	0.370347813236	-0.260155205876	0.891718434309	2.12237334251	-1.48890638351	5.09791231155
24	13	0.468051113188	-0.341666481236	0.209097809206	-0.916265311897	-1.85486578941	1.13383102417	-4.93780231476
25	13	0.497961010784	0.515589118906	-0.297998928818	0.803345815256	2.93932557106	-1.70379066467	4.60363531113
26	13	0.499132469296	-0.502775842914	0.370960870046	-0.780771723794	-2.86741828918	2.10982084274	-4.46109628677
27	13	0.499966617674	0.399556988992	-0.419943276057	0.814863091226	2.30146002769	-2.39345312119	4.65428352356
28	13	0.499951153994	-0.457542954335	0.360269749496	-0.812933055384	-2.61545038223	2.06997179985	-4.64237928391
29	13	0.499989166856	0.529471366023	-0.396793278375	0.749810087154	3.00651025772	-2.26743936539	4.30205488205
0	14	0.499999418855	0.540122828079	-0.325077392267	0.776268007601	3.08029556274	-1.8748819828	4.436606884
1	14	0.499999530613	-0.551976088901	0.432587332901	-0.712874881515	-3.15017008781	2.4605307579	-4.08744525909
2	14	0.499998293817	0.467961835545	-0.387444574823	0.7942911443	2.69495105743	-2.20966625214	4.53283166885
3	14	0.499991379678	-0.547081134443	0.322823029836	-0.772326047563	-3.12316322327	1.8342602253	-4.42361593246
4	14	0.499234527349	0.550736548647	-0.154385497648	0.820277009369	3.13673114777	-0.913041949272	4.68172264099
5	14	0.498379178345	-0.508663547755	0.329660889877	-0.79535218166	-2.9204518795	1.87007439137	-4.55815553665
6	14	0.445353262126	0.480061005726	-0.186399207614	0.85720287341	2.45871257782	-0.971595287323	4.38715839386
7	14	0.498291481286	-0.340574328236	0.227444892202	-0.91229268766	-1.96574354172	1.31694209576	-5.21481704712
8	14	0.498952932656	0.377646452787	-0.350263574439	0.85714560322	2.15751791	-1.98579072952	4.89899539948
9	14	0.445591948926	-0.331859902938	0.34355289714	-0.878544484752	-1.70851039886	1.75590395927	-4.50116109848
10	14	0.23249941878	-0.403070987795	0.334277335156	-0.851934529174	-1.11028409004	0.915865838528	-2.37902140617
11	14	0.445479109883	-0.397708238973	0.331247866158	-0.85563018169	-2.03840565681	1.68659210205	-4.38772630692
12	14	0.499670863152	0.418715876068	-0.179557462541	0.890188818608	2.39753222466	-1.03716254234	5.08650064468
13	14	0.49996079132	-0.448675730915	0.073077465411	-0.890701842671	-2.56582021713	0.46302267909	-5.08893632889
14	14	0.499999981374	0.416553549863	-0.307876809487	0.855391729137	2.40166044235	-1.74014532566	4.88868808746
15	14	0.500000096858	-0.583839357175	0.273485586904	-0.764419543686	-3.31853294373	1.56664586067	-4.38428974152
16	14	0.500000141561	0.560289306745	-0.292855738202	0.774797657037	3.20219659805	-1.67273390293	4.43037605286
17	14	0.499999791384	-0.533754388098	0.307830454828	-0.787620888668	-3.05155134201	1.75021612644	-4.50636529922
18	14	0.499998901039	0.538132242762	-0.288034379416	0.792117343311	3.07122302055	-1.64770126343	4.53160619736
19	14	0.500000171363	-0.544990751197	0.315476738413	-0.776826562773	-3.11327719688	1.79900670052	-4.44420814514
20	14	0.500000163913	0.54109089456	-0.291242654419	0.788922277586	3.07343816757	-1.67237782478	4.52183818817
21	14	0.499981410801	-0.410315392316	0.336285143239	-0.847675398525	-2.3629527092	1.90870034695	-4.8432674408
22	14	0.499773427844	0.489426142635	-0.303807788845	0.817412306209	2.77477669716	-1.73680663109	4.68714237213
23	14	0.468139596283	-0.297765414751	0.410509771727	-0.861868600829	-1.62774133682	2.19802689552	-4.65175008774
24	14	0.306421890855	-0.264607124172	0.310254289796	-0.913085617837	-1.00299632549	1.14008581638	-3.33926558495
25	14	0.416955174878	-0.313761074827	0.272169130056	-0.909658151488	-1.52721691132	1.32872056961	-4.4074473381
26	14	0.49803686142	0.545509980794	-0.351854363422	0.760669026446	3.10283470154	-2.02231359482	4.35998916626
27	14	0.499175131321	-0.453011180337	0.449708095843	-0.76976847105	-2.59046626091	2.56446170807	-4.39261865616
28	14	0.499979183078	0.452440066829	-0.424905552614	0.784062023877	2.59112739563	-2.42491483688	4.48232078552
29	14	0.499989368021	-0.463780692329	0.343643586834	-0.816588363039	-2.66042995453	1.97781610489	-4.65766429901
0	15	0.499998807907	-0.552153748141	0.321093397935	-0.769431782692	-3.15332460403	1.84699654579	-4.3965883255
1	15	0.500000014901	0.588937859416	-0.412180504267	0.695168633965	3.36510562897	-2.33158898354	3.99153518677
2	15	0.499999649823	-0.615230445537	0.243751938274	-0.749717607818	-3.50205230713	1.41579127312	-4.2924246788
3	15	0.49998768419	0.550442363822	-0.293350890496	0.781638317353	3.15004110336	-1.66318202019	4.47152614594
4	15	0.499976165593	-0.499634763163	0.155615556015	-0.852143709808	-2.87082290649	0.917517662048	-4.85913562775
5	15	0.499235726893	0.566576066862	-0.255929978289	0.783256922518	3.22257399559	-1.45768904686	4.48043441772
6	15	0.499691434205	-0.531266199032	0.176893625654	-0.828531756162	-3.03416109085	1.03583240509	-4.73510789871
7	15	0.499242685735	0.466286603785	-0.285220158856	0.837392538845	2.659075737	-1.61476111412	4.78672647476
8	15	0.499236170202	-0.39867986162	0.326718000227	-0.856918733758	-2.27499055862	1.86015594006	-4.89448547363
9	15	0.49819971621	0.260393841639	-0.3683283143	0.892484901901	1.51192367077	-2.09862947464	5.10778188705
10	15	0.445452354848	-0.396158819331	0.260384112214	-0.880487537659	-2.02906227112	1.3389441967	-4.50986146927
11	15	0.498271860182	0.458200692162	-0.218061044081	0.861685271289	2.61931109428	-1.24352443218	4.93724727631
12	15	0.499245781451	-0.456451532501	0.229598320966	-0.859614221315	-2.60211014748	1.30346655846	-4.9102897644
13	15	0.499991912395	0.43436869045	-0.23348077005	0.869948602375	2.4907040596	-1.32673311234	4.97205495834
14	15	0.499997243285	-0.467149267724	0.260914512273	-0.844804817073	-2.66832542419	1.48923361301	-4.83153057098
15	15	0.499999016523	0.474362659238	-0.302024811571	0.826898470621	2.72725057602	-1.71782231331	4.72188711166
16	15	0.499998115003	-0.583792797619	0.269989238797	-0.765696924626	-3.31833529472	1.54919993877	-4.39054870605
17	15	0.499998968095	0.533921419006	-0.195847486022	0.822539774446	3.04279136658	-1.14875268936	4.70259952545
18	15	0.499997731298	-0.43790979253	0.30790203405	-0.844648655379	-2.52654838562	1.75659406185	-4.81854581833
19	15	0.499999333173	0.526560145273	-0.315313095568	0.78950114957	2.99381685257	-1.80852937698	4.52243328094
20	15	0.499998603016	-0.403980150137	0.396866353079	-0.824194841096	-2.33774924278	2.24431920052	-4.71070241928
21	15	0.499992776662	0.488539217297	-0.253880428566	0.834789890424	2.77728557587	-1.4738380909	4.77515602112
22	15	0.499471776187	-0.396372639632	0.297047750586	-0.868706719453	-2.28451514244	1.69804739952	-4.95116710663
23	15	0.498244784772	0.429937251094	-0.321004210733	0.843866255288	2.45560503006	-1.84524893761	4.82971906662
24	15	0.418576054275	-0.476675207246	0.397464125525	-0.784093754418	-2.29992294312	1.93395137787	-3.82938432693
25	15	0.365676309913	-0.41945969164	0.458656231008	-0.783382428222	-1.83895921707	1.99884331226	-3.43649601936
26	15	0.417597703636	-0.496694660479	0.418845849818	-0.760172722704	-2.40642690659	2.03577280045	-3.69504356384
27	15	0.498169511557	0.467368743364	-0.560654755063	0.683544221943	2.67659378052	-3.1892747879	3.92728590965
28	15	0.49948272109	-0.497219774332	0.467089854097	-0.731163158407	-2.83157968521	2.66312909126	-4.18424320221
29	15	0.49999409169	0.46337329588	-0.420255933558	0.780173146791	2.6641330719	-2.38617682457	4.4607834816
0	16	0.499999672174	0.555866149478	-0.303178041082	0.774012854719	3.17849349976	-1.72852528095	4.42603111267
1	16	0.500000372529	-0.592629406729	0.253375265064	-0.764585744919	-3.38690567017	1.4609143734	-4.36816549301
2	16	0.500000156462	0.586414394862	-0.213794069634	0.781287561201	3.35308265686	-1.228982687	4.46393966675
3	16	0.499999292195	-0.58620131489	0.221548913702	-0.779284349425	-3.33991909027	1.27537047863	-4.46126556396
4	16	0.499987322837	0.523588592124	-0.323552406284	0.788142643552	3.0020866394	-1.82765316963	4.50924348831
5	16	0.499992024153	-0.536554960204	0.295202136426	-0.790546945684	-3.07294178009	1.6915178299	-4.51430130005
6	16	0.499960720539	0.52839490896	-0.334493653257	0.780328659038	3.02829170227	-1.89296913147	4.46447610855
7	16	0.499977961183	-0.537391177614	0.177177579941	-0.824511265774	-3.06482839584	1.04333889484	-4.71254491806
8	16	0.499966084957	0.472106390072	-0.227711012092	0.851623890826	2.6873896122	-1.31496930122	4.87213897705
9	16	0.499267302454	-0.347359799085	0.286778852876	-0.892804043182	-1.99659097195	1.62595200539	-5.09555530548
10	16	0.499689739197	0.414750821148	-0.148336157574	0.897762853271	2.36757040024	-0.864865958691	5.13280010223
11	16	0.499221552163	-0.417416483226	0.077095449429	-0.905438993642	-2.39512944221	0.47496637702	-5.16044330597
12	16	0.499976575375	0.458183956652	-0.194562489349	0.867302080941	2.6221818924	-1.11399745941	4.95680046082
13	16	0.499986939132	-0.474819408965	0.237052991948	-0.847556728413	-2.70584106445	1.3501406908	-4.85145378113
14	16	0.499999053776	0.488389282438	-0.173393971652	0.855225373451	2.7920832634	-1.0092881918	4.88562393188
15	16	0.499986477196	-0.502447405317	0.260287678502	-0.824497986237	-2.86498451233	1.49479913712	-4.71592712402
16	16	0.499991700053	0.459079179703	-0.364896132007	0.809998221979	2.63276004791	-2.0693397522	4.63408327103
17	16	0.499961156398	-0.400338656064	0.320467774892	-0.858504144263	-2.31003236771	1.83398616314	-4.89745378494
18	16	0.499990943819	0.50180077715	-0.358209233571	0.787325933166	2.85407423973	-2.03583526611	4.51612281799
19	16	0.49998736009	-0.439338853767	0.332762912093	-0.83441609279	-2.51989459991	1.90480923653	-4.76476192474
20	16	0.499999348074	0.480731277609	-0.322986768675	0.815215913725	2.73810005188	-1.86180067062	4.66065788269
21	16	0.499991390854	-0.464245722499	0.325751858661	-0.823627121773	-2.6625828743	1.86331272125	-4.70328330994
22	16	0.499977421016	0.501933715354	-0.314760594803	0.805598109078	2.85723161697	-1.80522871017	4.6112370491
23	16	0.499165069312	-0.449616811139	0.405392020865	-0.795928409193	-2.57589554787	2.29890441895	-4.54525375366
24	16	0.498024832457	0.46266604492	-0.416024295184	0.782856255449	2.64496731758	-2.37406158447	4.48158550262
25	16	0.417575117201	-0.248710017244	0.410381687321	-0.877342691332	-1.23371636868	1.99261522293	-4.25423431396
26	16	0.306414516643	-0.417160903074	0.41377507715	-0.809176721413	-1.52730560303	1.51673746109	-2.96989011765
27	16	0.468112774193	-0.46600345184	0.469469014164	-0.749959750663	-2.51045131683	2.52656745911	-4.05266666412
28	16	0.499789379537	0.467697298787	-0.405216826302	0.78553075076	2.67597103119	-2.31134414673	4.49236774445
29	16	0.499979250133	-0.555675211887	0.277223001682	-0.783819154035	-3.16008496284	1.60927700996	-4.48467731476
0	17	0.499998446554	-0.54150530442	0.263584585804	-0.798307692191	-3.09733343124	1.51862764359	-4.5590262413
1	17	0.499999798834	0.614619857276	-0.276811775445	0.738659374825	3.51062726974	-1.57491064072	4.2284617424
2	17	0.499999437481	-0.570516258674	0.215758870178	-0.792438835828	-3.26605129242	1.2430562973	-4.52485561371
3	17	0.499999489635	0.490940182857	-0.1905162453	0.850106638683	2.83312320709	-1.10516047478	4.84189176559
4	17	0.499999783933	-0.587821989968	0.266316736701	-0.763898359642	-3.35152959824	1.52865695953	-4.37219572067
5	17	0.499997511506	0.606214060913	-0.346160430102	0.71601499215	3.45799303055	-1.96558117867	4.10669374466
6	17	0.499999262393	-0.608818865181	0.370843454855	-0.701295031631	-3.46538043022	2.11105656624	-4.02758455276
7	17	0.499997459352	0.555158114122	-0.312703387306	0.77072437349	3.16505742073	-1.78591513634	4.41400718689
8	17	0.499987568706	-0.407448482541	0.305856000393	-0.860486979041	-2.35180139542	1.740655303	-4.91194009781
9	17	0.49999242276	0.435575920535	-0.20537178294	0.876410890064	2.49147629738	-1.19266450405	5.00601434708
10	17	0.499963618815	-0.408124362805	0.230266277432	-0.883409274324	-2.34711480141	1.30971872807	-5.04524183273
11	17	0.499989766628	0.502875025144	-0.266152164134	0.822362289148	2.86200332642	-1.51001358032	4.71386814117
12	17	0.499986171722	-0.524597654968	0.244180587141	-0.815581474327	-2.98068141937	1.39502453804	-4.67475509644
13	17	0.499999079853	0.366669889121	-0.266235843935	0.891443586446	2.13264751434	-1.51215672493	5.0851483345
14	17	0.499986737967	-0.520826514209	0.192617081096	-0.831648003765	-2.95459318161	1.11851668358	-4.76535701752
15	17	0.499975554645	0.457903523854	-0.303932554048	0.835433639155	2.62480020523	-1.73470115662	4.77361631393
16	17	0.499239869416	-0.462611099286	0.345104456602	-0.816635711227	-2.64528274536	1.97141599655	-4.65829753876
17	17	0.499638352543	0.411021744043	-0.38773787862	0.825057854582	2.36243653297	-2.20717120171	4.71582508087
18	17	0.499245293438	-0.48422922886	0.278968022668	-0.829276127865	-2.76032972336	1.6107237339	-4.73027086258
19	17	0.499976765364	0.37826620597	-0.363596171695	0.851300476536	2.17596149445	-2.0757124424	4.86277341843
20	17	0.499986983836	-0.434603055712	0.478501472587	-0.762991824791	-2.48977828026	2.70423340797	-4.37981510162
21	17	0.499998852611	0.531398945083	-0.409227466678	0.741719651675	3.02135658264	-2.32830905914	4.25912046432
22	17	0.499988701195	-0.486161203692	0.313594052942	-0.815662953666	-2.78849387169	1.80405926704	-4.65317392349
23	17	0.499961934984	0.551590209302	-0.339992538561	0.761677959984	3.13946628571	-1.94666051865	4.36332988739
24	17	0.499105259776	-0.534791256825	0.353349477018	-0.767556159974	-3.04090547562	2.01987719536	-4.38728189468
25	17	0.497397620231	0.444967358518	-0.335399434521	0.830368152795	2.55120897293	-1.92492592335	4.73704195023
26	17	0.467842068523	-0.463270917911	0.257518900846	-0.847976457412	-2.49499082565	1.41073691845	-4.57375001907
27	17	0.498002078384	0.317427954993	-0.440476184141	0.839773912784	1.8301050663	-2.49958753586	4.7949848175
28	17	0.499584011734	-0.379690684561	0.319019536043	-0.868367157187	-2.17907571793	1.84130096436	-4.94994163513
29	17	0.499982692301	0.457381673984	-0.346591331956	0.818948382327	2.62643432617	-1.97039544582	4.68028402328
0	18	0.499997884035	0.543366637072	-0.308595458396	0.780718605372	3.11023449898	-1.76541638374	4.46085166931
1	18	0.499999642372	-0.707367799695	0.237095590527	-0.665895244695	-4.01133441925	1.3755979538	-3.83676481247
2	18	0.499999821186	0.634002327456	-0.321364171665	0.7033961316	3.61815333366	-1.81501960754	4.0379781723
3	18	0.499999247491	-0.597262584404	0.277793262158	-0.752401693758	-3.40703964233	1.58057534695	-4.31062650681
4	18	0.499999664724	0.57453317084	-0.303812674203	0.760006246421	3.28136491776	-1.72436833382	4.35228157043
5	18	0.499998912215	-0.574034298486	0.233773600532	-0.784751252217	-3.28247094154	1.35774302483	-4.47985935211
6	18	0.499999418855	0.501367456712	-0.366991012427	0.783548511675	2.88394641876	-2.08696937561	4.47373533249
7	18	0.499999575317	-0.518716909148	0.351548799408	-0.779324200701	-2.96111345291	2.01545119286	-4.45560121536
8	18	0.499999843538	0.48996187899	-0.343010880521	0.801424290236	2.80808568001	-1.95269286633	4.58103370667
9	18	0.499998092651	-0.57046495291	0.283481562964	-0.770848844432	-3.24167394638	1.6161403656	-4.4239397049
10	18	0.499999705702	0.489045492416	-0.180843533755	0.853305409948	2.79676914215	-1.05974578857	4.87296247482
11	18	0.499997705221	-0.438363688861	0.329164475739	-0.836354006507	-2.52151155472	1.86618280411	-4.77988862991
12	18	0.499999698251	0.475439562049	-0.235582986592	0.847618946973	2.72798848152	-1.35990703106	4.83698272705
13	18	0.499997433275	-0.491708620041	0.221688057451	-0.842067122123	-2.79876279831	1.28530180454	-4.81697845459
14	18	0.499989483505	0.380228473107	-0.272944912843	0.883700957786	2.20246934891	-1.56240856647	5.03986167908
15	18	0.499222844839	-0.446515291557	0.369539560126	-0.814901594002	-2.56007027626	2.09396624565	-4.65263605118
16	18	0.498361006379	0.587279410492	-0.353679720614	0.728020294524	3.34575366974	-2.02674841881	4.18367290497
17	18	0.445745207369	-0.467055831003	0.493112287146	-0.733961254421	-2.40814805031	2.50270438194	-3.77150154114
18	18	0.497850134969	0.57952551918	-0.290779915298	0.761312822353	3.29110002518	-1.66955661774	4.37322473526
19	18	0.499285135418	-0.319521762602	0.313865341857	-0.894088580849	-1.86370992661	1.79858672619	-5.0890789032
20	18	0.499990522861	0.402168082639	-0.32106912289	0.857423729339	2.30769920349	-1.84983408451	4.89309406281
21	18	0.499997701496	-0.463823902065	0.345467096571	-0.815794013866	-2.65989637375	1.97806811333	-4.6578912735
22	18	0.499998152256	0.509305092771	-0.360754959843	0.781322072788	2.90851187706	-2.04714941978	4.47598314285
23	18	0.499980077147	-0.518321603455	0.327078935495	-0.790165859391	-2.96305751801	1.86453676224	-4.51977825165
24	18	0.499237373471	0.500193280152	-0.357083585932	0.788858666143	2.84877109528	-2.03754234314	4.50829124451
25	18	0.497561700642	-0.490760428421	0.433796652397	-0.755628656329	-2.80637645721	2.46352767944	-4.33063602448
26	18	0.444864310324	0.60115865798	-0.339767524765	0.723302355208	3.05807685852	-1.7345161438	3.72178578377
27	18	0.497434709221	-0.349381809584	0.416926519485	-0.839109425809	-2.0057284832	2.37810635567	-4.79605388641
28	18	0.499269925058	0.400537729519	-0.367380031786	0.839405408296	2.29754853249	-2.08731842041	4.79171037674
29	18	0.499986290932	-0.519953625916	0.333635460085	-0.786343186319	-2.9627699852	1.90682077408	-4.50217437744
0	19	0.499999009073	-0.452501121737	0.406183765736	-0.79388757597	-2.60757422447	2.29193925858	-4.54315423965
1	19	0.499999195337	0.480932057399	-0.335485775974	0.810033116783	2.77405834198	-1.89959287643	4.62565517426
2	19	0.499993685633	-0.555749555624	0.19811510446	-0.807398809021	-3.18092870712	1.14916813374	-4.60955095291
3	19	0.499995458871	0.562403442404	-0.177845730312	0.807510535028	3.20541810989	-1.03207015991	4.62033557892
4	19	0.499981410801	-0.482206233416	0.24336951347	-0.841574968953	-2.77573776245	1.39721763134	-4.79908370972
5	19	0.499993316829	0.614139228185	-0.237329319378	0.752667126004	3.49608063698	-1.36806941032	4.31190299988
6	19	0.499991044402	-0.562361376042	0.328835681255	-0.758694126424	-3.20905160904	1.88095700741	-4.34193515778
7	19	0.49999974668	0.44176962848	-0.485977664287	0.754099002231	2.55020904541	-2.74184322357	4.32189798355
8	19	0.499999605119	-0.566822219242	0.295439480116	-0.769043617334	-3.22534060478	1.71090531349	-4.39999771118
9	19	0.50000012666	0.548328033988	-0.315425739768	0.774495300072	3.13494062424	-1.79814887047	4.42938899994
10	19	0.500000827014	-0.529466052867	0.259602387155	-0.807633765666	-3.02480792999	1.49783086777	-4.61458730698
11	19	0.499999664724	0.497790129357	-0.388093469454	0.775621329053	2.85480737686	-2.20149374008	4.43749427795
12	19	0.49999962002	-0.595660937197	0.329141643342	-0.732703095746	-3.38815832138	1.88438665867	-4.20240449905
13	19	0.49999962002	0.509212317516	-0.376813962491	0.773766149015	2.91866636276	-2.13878417015	4.4267616272
14	19	0.49996008724	-0.480783128134	0.313733565602	-0.818791080506	-2.75270438194	1.79751563072	-4.67680883408
15	19	0.499547813088	0.506365706074	-0.307588788646	0.805594754707	2.90668845177	-1.76234436035	4.59683084488
16	19	0.445246711373	-0.698249445064	0.260990032194	-0.666582264663	-3.55294919014	1.3476164341	-3.43407702446
17	19	0.233349831775	-0.561706878314	0.291764370352	-0.774182753003	-1.5661046505	0.837186694145	-2.15129804611
18	19	0.445784278214	-0.474811810451	0.408259184005	-0.779665430381	-2.44374084473	2.08269119263	-3.9965877533
19	19	0.499702978879	0.473425071545	-0.356741111131	0.805359845822	2.69853782654	-2.04427194595	4.60852098465
20	19	0.499962735921	-0.481837900055	0.357197987306	-0.800151133183	-2.75637078285	2.03587269783	-4.5755739212
21	19	0.499999992549	0.536281675942	-0.340930499135	0.772119394141	3.05640506744	-1.93408691883	4.42786598206
22	19	0.49999935925	-0.501384768795	0.214287009154	-0.838268686835	-2.87466692924	1.24250555038	-4.78340148926
23	19	0.499964080751	0.516365994441	-0.161710448467	0.840961289621	2.94329380989	-0.953364610672	4.80812454224
24	19	0.499681785703	-0.339038592214	0.298513493414	-0.892156111474	-1.97498345375	1.69823479652	-5.09170341492
25	19	0.44560335204	0.428356741906	-0.218035963427	0.876909813103	2.20351529121	-1.13403594494	4.48660087585
26	19	0.23330225423	0.492954414187	-0.29733468469	0.817672324842	1.37606358528	-0.840355277061	2.27646803856
27	19	0.445518460125	0.482195829081	-0.37448875159	0.791988230562	2.47558188438	-1.9079477787	4.06056451797
28	19	0.499628201127	-0.509638612231	0.223914087531	-0.830741215017	-2.91622519493	1.3056769371	-4.74225616455
29	19	0.499964032322	0.520183299524	-0.309369785386	0.796052555292	2.97605013847	-1.76696670055	4.54993581772
0	20	0.499998040497	0.527271206913	-0.204745208512	0.824660217272	3.02529144287	-1.18466818333	4.70505857468
1	20	0.499993879348	-0.534948814225	0.193966740695	-0.822317864127	-3.06350398064	1.12266135216	-4.69456768036
2	20	0.499987252057	0.585851527347	-0.209919937507	0.782758971678	3.33374881744	-1.19896149635	4.48720312119
3	20	0.499593049288	-0.4357316003	0.201062961735	-0.877332125206	-2.51402664185	1.15937924385	-4.99759340286
4	20	0.499822471291	0.445083591273	-0.335840846741	0.830127413377	2.56530809402	-1.90289604664	4.7423582077
5	20	0.499477230012	-0.604806932417	0.296314008914	-0.739193197089	-3.44073820114	1.68400335312	-4.23612213135
6	20	0.499977476895	0.580791466811	-0.236136354441	0.779051278281	3.30492138863	-1.36580848694	4.46192836761
7	20	0.499988969415	-0.453051035502	0.380501406099	-0.806203100457	-2.60404086113	2.16912293434	-4.60451698303
8	20	0.499999731779	0.529650169911	-0.372999982371	0.761801621595	3.02386665344	-2.12570118904	4.36123847961
9	20	0.499999463558	-0.545304076317	0.335233207757	-0.768285207959	-3.11540365219	1.92161035538	-4.39123916626
10	20	0.500000074506	0.5337432504	-0.348152883831	0.770654080722	3.05420994759	-1.99066722393	4.40369033813
11	20	0.499998487532	-0.546803099513	0.374012101783	-0.749080314841	-3.13117361069	2.13136911392	-4.28194332123
12	20	0.499999530613	0.618380072895	-0.346090084628	0.705569088586	3.52385473251	-1.99232149124	4.0371723175
13	20	0.499996520579	-0.574860086303	0.396513052342	-0.715760630726	-3.28057718277	2.26181340218	-4.09938812256
14	20	0.499975420535	0.563936755644	-0.35353324192	0.746317347039	3.22417449951	-2.02113723755	4.2664308548
15	20	0.499290600419	-0.630731443077	0.311960958799	-0.710533747896	-3.578125	1.78824269772	-4.07467699051
16	20	0.497890878469	0.514433212686	-0.217062104766	0.82960382856	2.95984363556	-1.26193261147	4.73238277435
17	20	0.445268943906	-0.618781285424	0.301765787523	-0.72529106591	-3.15863752365	1.54548549652	-3.72364449501
18	20	0.498296402395	0.478443578799	-0.402110868756	0.780639860073	2.74487018585	-2.30430173874	4.46546506882
19	20	0.499232985079	-0.46146221284	0.4325727282	-0.774553717271	-2.63829779625	2.45079541206	-4.42920637131
20	20	0.499990925193	0.552286136759	-0.316011652583	0.771438045844	3.1413295269	-1.80888915062	4.42149877548
21	20	0.499997161329	-0.533055806425	0.196734005766	-0.822889566231	-3.05200815201	1.15347027779	-4.69499969482
22	20	0.499997839332	0.561040329483	-0.249620258473	0.789255012815	3.19890117645	-1.42036855221	4.52004671097
23	20	0.499991100281	-0.53788744605	0.222123228105	-0.813227131199	-3.06605243683	1.27065944672	-4.65501308441
24	20	0.49925314635	0.436668864454	-0.265461435299	0.85956415071	2.49714636803	-1.50647413731	4.9071393013
25	20	0.49825886637	-0.4523630599	0.192225221831	-0.870871475093	-2.60208535194	1.11600494385	-4.97713088989
26	20	0.445840239525	0.522488965666	-0.358298881165	0.773710018362	2.67247056961	-1.83070611954	3.97501134872
27	20	0.498345643282	-0.469476984287	0.339765747706	-0.814954353268	-2.70650100708	1.93941140175	-4.6590590477
28	20	0.499240025878	0.62988203303	-0.261603805296	0.731308466737	3.57033252716	-1.49432206154	4.19678258896
29	20	0.499991223216	-0.623330128052	0.24868736164	-0.741359661448	-3.55128097534	1.42183530331	-4.24882936478
0	21	0.499998748302	-0.63419341428	0.169220789675	-0.75442894803	-3.61424684525	0.982878863811	-4.31925725937
1	21	0.499995537102	0.611822775295	-0.230861075971	0.756555388079	3.48610639572	-1.31095051765	4.3375043869
2	21	0.499599762261	-0.562080374016	0.209042088456	-0.800229378616	-3.20734500885	1.19268023968	-4.57410097122
3	21	0.498988937587	0.50049543329	-0.23223704205	0.834008559642	2.86832761765	-1.32774090767	4.76653862
4	21	0.468041926622	-0.540117975331	0.342080918337	-0.768929917505	-2.912722826	1.83509802818	-4.15287971497
5	21	0.498217046261	0.578473758928	-0.244120440332	0.778314410019	3.303835392	-1.39926946163	4.45993804932
6	21	0.499122302979	-0.43110346775	0.150832662446	-0.889606265734	-2.48573064804	0.89382737875	-5.06088256836
7	21	0.499975282699	0.449215592312	-0.341616837871	0.82553212397	2.57171392441	-1.94185352325	4.72281074524
8	21	0.499989133328	-0.490248410216	0.367663652909	-0.790240428357	-2.80691456795	2.10181236267	-4.51490545273
9	21	0.499999023974	0.540513068162	-0.386518460413	0.747294522198	3.08609867096	-2.20691776276	4.27643251419
10	21	0.499992139637	-0.54827617879	0.426489598291	-0.719374627243	-3.14042043686	2.42050075531	-4.1185503006
11	21	0.499989949167	0.61377163969	-0.295561750442	0.732070779357	3.49223327637	-1.72757840157	4.18541479111
12	21	0.499980486929	-0.585940864023	0.493338486398	-0.642876692459	-3.34031796455	2.79983758926	-3.70149207115
13	21	0.499981224537	0.512722645001	-0.428648273612	0.743892564039	2.94024944305	-2.46018314362	4.24161434174
14	21	0.499955549836	-0.582443806796	0.377383183979	-0.719959126877	-3.31587934494	2.16748762131	-4.12213277817
15	21	0.49922285974	0.564959688207	-0.465208693407	0.681470045034	3.22750377655	-2.6327021122	3.90430140495
16	21	0.498897127807	-0.55219497847	0.350860472867	-0.756292029795	-3.14706325531	2.00634145737	-4.32082080841
17	21	0.498917587101	0.515438668966	-0.307324936076	0.799921472521	2.95073723793	-1.77278459072	4.5549788475
18	21	0.499211668968	-0.533466207394	0.435257105237	-0.725234484777	-3.02725768089	2.470079422	-4.1625494957
19	21	0.499958820641	0.392973201223	-0.365151567024	0.843940990959	2.27548265457	-2.08737039566	4.81230354309
20	21	0.499986920506	-0.467159166806	0.296258273838	-0.83306263153	-2.6865875721	1.69800782204	-4.7524061203
21	21	0.499999038875	0.550019221428	-0.317289218652	0.772532463905	3.13796496391	-1.79027974606	4.43141174316
22	21	0.499999504536	-0.542146130875	0.248584617921	-0.802672573663	-3.10101485252	1.41644608974	-4.58913898468
23	21	0.499987207353	0.505892943958	-0.214861919628	0.835408094734	2.88761425018	-1.22484147549	4.77962875366
24	21	0.499973610044	-0.457970379224	0.211617157983	-0.863412595577	-2.6268620491	1.22069370747	-4.92941713333
25	21	0.499259740114	0.612351238211	-0.288482737752	0.73607314248	3.46228265762	-1.64163398743	4.23367977142
26	21	0.49971152097	-0.534422175047	0.391474404525	-0.749093271508	-3.05538845062	2.21227478981	-4.29882717133
27	21	0.499240510166	0.536627268399	-0.329678321922	0.776751812915	3.05601644516	-1.87252163887	4.44280338287
28	21	0.499973386526	-0.496321775444	0.226982160145	-0.837940209201	-2.86159539223	1.31089305878	-4.77350902557
29	21	0.499987713993	0.63436913842	-0.209610426435	0.74406939552	3.60984635353	-1.20248985291	4.26722240448
0	22	0.500000089407	0.593529814736	-0.260567037396	0.761463838959	3.38783597946	-1.47743320465	4.3617401123
1	22	0.499981239438	-0.534726153931	0.206256095076	-0.8194671217	-3.06261205673	1.18006145954	-4.68084049225
2	22	0.499826688319	0.502154282676	-0.139254645121	0.85349236681	2.87851262093	-0.813246250153	4.87217903137
3	22	0.468077406287	-0.560351574534	0.186161475911	-0.807062586052	-3.01902532578	1.00863611698	-4.35528087616
4	22	0.305371887982	-0.626312870618	0.295575125632	-0.721365048505	-2.29554367065	1.06655049324	-2.6374912262
5	22	0.417759925127	-0.682839926691	0.288345614812	-0.671257358198	-3.3004796505	1.40133953094	-3.27912521362
6	22	0.49792503193	0.468240533272	-0.259390047579	0.844670116802	2.68151569366	-1.47679305077	4.83069324493
7	22	0.499145954847	-0.439429261687	0.278888784871	-0.853886977091	-2.51846790314	1.59480023384	-4.86730909348
8	22	0.499978460371	0.508034155939	-0.379015009638	0.773465525326	2.89996552467	-2.15504455566	4.43085098267
9	22	0.499980673194	-0.508855457502	0.376640491539	-0.77408530764	-2.92178988457	2.15557074547	-4.41563415527
10	22	0.499966330826	0.602177549785	-0.388764098046	0.697312465545	3.42273139954	-2.23457574844	3.9975039959
11	22	0.499425418675	-0.475432479299	0.447134208383	-0.757650946889	-2.72677850723	2.55549955368	-4.3191986084
12	22	0.499774709344	0.416381696395	-0.534483486288	0.735495537575	2.40072441101	-3.05987501144	4.19067955017
13	22	0.499591968954	-0.432150061764	0.593691144184	-0.678805678699	-2.47629356384	3.3652472496	-3.89695978165
14	22	0.499202527106	0.45848484032	-0.400030274803	0.793578874743	2.63257479668	-2.30445671082	4.51134443283
15	22	0.498298615217	-0.533912517986	0.465919083408	-0.705589704329	-3.05368494987	2.66304183006	-4.04541158676
16	22	0.445585742593	0.48725370117	-0.500885391371	0.715330451894	2.5040063858	-2.55177664757	3.67181873322
17	22	0.498238109052	-0.509254875878	0.405774188775	-0.758951104564	-2.91092443466	2.3194231987	-4.35018444061
18	22	0.499217648059	0.435295551309	-0.425963403123	0.793141199415	2.50175499916	-2.42034339905	4.52424097061
19	22	0.499977603555	-0.521699588751	0.279975492816	-0.805880426936	-2.9712536335	1.6206612587	-4.6082072258
20	22	0.499997779727	0.60237039122	-0.254561192463	0.756537184197	3.42172622681	-1.45515835285	4.34323978424
21	22	0.499999284744	-0.524144928137	0.146955379745	-0.838854105713	-3.00975561142	0.864174365997	-4.78379631042
22	22	0.499998927116	0.58756349838	-0.155999498481	0.793998294611	3.33918428421	-0.897129774094	4.5535902977
23	22	0.499998740852	-0.401879119652	0.108035070907	-0.909297309268	-2.32340764999	0.646430850029	-5.18489313126
24	22	0.499986581504	0.401756388069	-0.251434322978	0.880552432212	2.31313443184	-1.42621898651	5.02986526489
25	22	0.499988239259	-0.443862100605	0.259640046574	-0.857655806172	-2.54140472412	1.47915625572	-4.90320301056
26	22	0.499964345247	0.436716833487	-0.174065836528	0.882598148595	2.50699353218	-1.01460647583	5.03770160675
27	22	0.499988801777	-0.516480772604	0.220688521754	-0.827371855877	-2.94836735725	1.26895725727	-4.7310833931
28	22	0.499987006187	0.544115428238	-0.30159911646	0.782928076967	3.10316085815	-1.71113526821	4.48595094681
29	22	0.499999403954	-0.510410285215	0.235696804933	-0.82699961118	-2.9351708889	1.35524201393	-4.71539926529
0	23	0.499998427927	-0.607851884863	0.235091013903	-0.75845125173	-3.45636463165	1.34345304966	-4.35160684586
1	23	0.4999916628	0.508384209807	-0.205101649199	0.836348497168	2.91295146942	-1.18075454235	4.77550029755
2	23	0.499466568232	-0.457480714299	0.208646239343	-0.864394668455	-2.62526535988	1.18798494339	-4.93058300018
3	23	0.497875917703	0.471015251799	-0.236959496162	0.849702789069	2.70792675018	-1.35445272923	4.85344982147
4	23	0.417467497289	-0.712232362219	0.151982184737	-0.685292986781	-3.43870258331	0.754743933678	-3.34503483772
5	23	0.36570013687	-0.505669178082	0.193333500894	-0.840785846557	-2.22795343399	0.84815466404	-3.67514920235
6	23	0.417784612626	-0.508875971302	0.158914378428	-0.846044600574	-2.46769332886	0.788092255592	-4.11045742035
7	23	0.498254898936	0.483296596168	-0.183611417206	0.855985541703	2.76846313477	-1.07266950607	4.89409589767
8	23	0.499484024942	-0.508941885078	0.305269392138	-0.804853251119	-2.90209960938	1.75980055332	-4.5945725441
9	23	0.499964632094	0.585747515597	-0.380915833664	0.715404064593	3.33352589607	-2.1862282753	4.09846782684
10	23	0.499122902751	-0.54996560852	0.482757388451	-0.681529994455	-3.13616943359	2.75377225876	-3.89366197586
11	23	0.497497275472	0.417226743151	-0.565069061158	0.711771593225	2.40419864655	-3.22332525253	4.06372117996
12	23	0.46785569936	-0.446563600766	0.690312586083	-0.569253444404	-2.40916919708	3.7066526413	-3.08931541443
13	23	0.498964756727	0.403981210393	-0.576187608276	0.710497728159	2.32561063766	-3.29064512253	4.05880212784
14	23	0.499248228967	-0.495988087663	0.462657121252	-0.7348089582	-2.82939195633	2.64677333832	-4.19887590408
15	23	0.446011804044	0.56088327348	-0.521502394582	0.642997049741	2.86445999146	-2.666929245	3.315741539
16	23	0.233027717099	0.46507521603	-0.402787842543	0.788331781254	1.32106614113	-1.15033245087	2.16685366631
17	23	0.445429868996	0.590287152112	-0.393888416518	0.704565819058	3.00655245781	-2.02562069893	3.61981773376
18	23	0.499574512243	-0.438440651094	0.410669509143	-0.799450029538	-2.51941823959	2.3473212719	-4.56345939636
19	23	0.499960944057	0.452065696111	-0.369647218826	0.811786634537	2.60130977631	-2.09730195999	4.6387553215
20	23	0.499999117106	-0.546374242206	0.261128053247	-0.795793520495	-3.11747264862	1.49185204506	-4.55435657501
21	23	0.499999534339	0.553864315877	-0.2178483834	0.803602141266	3.15952849388	-1.23672890663	4.60126686096
22	23	0.500000011176	-0.552240362237	0.168921770389	-0.81639207358	-3.14895296097	0.970939517021	-4.67172431946
23	23	0.499999500811	0.462145332661	-0.237266931657	0.854474162653	2.65272188187	-1.33757317066	4.88488769531
24	23	0.499988008291	-0.529228241519	0.240447593525	-0.813696763633	-3.00439095497	1.36911201477	-4.66773319244
25	23	0.499987132847	0.359397566555	-0.240930040179	0.901546507338	2.08631634712	-1.36511898041	5.14598941803
26	23	0.499961936846	-0.371486717519	0.102568177083	-0.922755323884	-2.13608765602	0.608231723309	-5.26778459549
27	23	0.49998594448	0.476557560722	-0.178937165703	0.860740600906	2.71777391434	-1.02799224854	4.92436504364
28	23	0.499983839691	-0.524392735497	0.322248226912	-0.78814233436	-2.99095678329	1.8247730732	-4.51774358749
29	23	0.499997120351	0.521854509744	-0.293292327848	0.801029013885	2.98358631134	-1.66493546963	4.58395624161
0	24	0.499959796667	0.514738658507	-0.166428207022	0.84103850408	2.94352722168	-0.963387131691	4.80529975891
1	24	0.499979805201	-0.522965820993	0.303947098412	-0.796318348049	-2.98807764053	1.71284627914	-4.56337213516
2	24	0.499950379133	0.528298979406	-0.175786208104	0.830662023568	3.01676893234	-1.02549052238	4.74680089951
3	24	0.499149344862	-0.578687011386	0.272573799736	-0.768651329635	-3.28837609291	1.54184508324	-4.40428543091
4	24	0.497044432908	0.507836729368	-0.327416058842	0.796806488877	2.91617918015	-1.84567213058	4.54928255081
5	24	0.414748132229	-0.461529165588	0.275608484787	-0.843226418244	-2.23232364655	1.33304750919	-4.07570934296
6	24	0.308506863192	-0.444325190866	0.274901147667	-0.852645579226	-1.66075372696	0.996916055679	-3.14293026924
7	24	0.468362957239	-0.572114766005	0.323882934208	-0.753514790464	-3.07517695427	1.74205255508	-4.08179283142
8	24	0.499719910324	0.351791101681	-0.505831664546	0.787640367122	2.0693116188	-2.85778188705	4.50213861465
9	24	0.499145880342	-0.530841584016	0.464720425812	-0.708690439129	-3.02934503555	2.648884058	-4.04848814011
10	24	0.49793279171	0.544612681871	-0.569712655282	0.615487219329	3.11551594734	-3.24935340881	3.52815032005
11	24	0.417185969651	-0.47792107827	0.774317600723	-0.414757394336	-2.33342170715	3.73756098747	-2.03596162796
12	24	0.306901328266	-0.554107382076	0.609916479111	-0.566539405194	-2.01335287094	2.25570106506	-2.08601284027
13	24	0.468625769019	-0.48144084034	0.489466550577	-0.727074420619	-2.59794163704	2.64954185486	-3.92488670349
14	24	0.499061331153	0.507793684323	-0.404806732871	0.760445318997	2.88829708099	-2.33077502251	4.33715867996
15	24	0.498199626803	-0.443042332395	0.55650662791	-0.702861198814	-2.54632353783	3.16668701172	-4.03298282623
16	24	0.445194147527	0.480351981603	-0.562310836557	0.673103630105	2.47059440613	-2.85737276077	3.45760679245
17	24	0.497982054949	-0.675548344942	0.338355802181	-0.655095248629	-3.8418431282	1.9498898983	-3.7686829567
18	24	0.499293029308	0.496496993355	-0.451468621031	0.741395184644	2.8539018631	-2.54878544807	4.23838090897
19	24	0.499989323318	-0.547645901148	0.267285453647	-0.792869758046	-3.12132453918	1.53992414474	-4.53634357452
20	24	0.499996427447	0.472187192593	-0.190441366546	0.860680742819	2.71796560287	-1.10274958611	4.90768527985
21	24	0.500000055879	-0.480021471937	0.150162375033	-0.864309347169	-2.75344657898	0.875050544739	-4.9334936142
22	24	0.499999064952	0.48432776212	-0.152950269151	0.861413277124	2.779504776	-0.877058923244	4.91806030273
23	24	0.499989390373	-0.51160840779	0.129848593225	-0.84935044588	-2.91726827621	0.755578279495	-4.85807561874
24	24	0.499970953912	0.537707376982	-0.159122066787	0.827980038769	3.07232236862	-0.909658133984	4.73455047607
25	24	0.499279934913	-0.553008166906	0.157920335886	-0.818072817572	-3.1337993145	0.904830574989	-4.68636274338
26	24	0.499686833471	0.36761317166	-0.136595098183	0.919892567192	2.11214971542	-0.77604162693	5.25598955154
27	24	0.499242220074	-0.366468346985	0.127117578104	-0.921706065942	-2.10826158524	0.736367762089	-5.25362014771
28	24	0.499963987619	0.444892386748	-0.262070506773	0.856381815368	2.54923224449	-1.48824238777	4.89656543732
29	24	0.499975696206	-0.432887349304	0.197686919941	-0.879504647229	-2.49285793304	1.14028179646	-5.0171046257
0	25	0.49960078299	-0.496104333617	0.0946006787354	-0.863093970405	-2.83421850204	0.562907218933	-4.93409919739
1	25	0.499218054116	0.500276349634	-0.284645125766	0.817741234361	2.8507065773	-1.60981726646	4.67632198334
2	25	0.49994463101	-0.490795238694	0.241086200128	-0.837255921319	-2.81627106667	1.36141324043	-4.78561019897
3	25	0.499197989702	0.570215682093	-0.114220978501	0.813515607697	3.25147867203	-0.671934664249	4.64371824265
4	25	0.496717628092	-0.609173252175	0.10489142668	-0.786069804435	-3.47126722336	0.608668446541	-4.49180793762
5	25	0.442116737366	0.642782263078	0.240407893014	0.727347927232	3.28924036026	1.20464932919	3.73458385468
6	25	0.467363648117	-0.742527694688	0.0680449256819	-0.666350141225	-4.01191711426	0.382268548012	-3.62618017197
7	25	0.497914455831	0.520120337287	-0.156378818957	0.839654988505	2.99510955811	-0.91338288784	4.77268600464
8	25	0.499121680856	-0.635640117518	0.311877516434	-0.706182735377	-3.60235786438	1.78633165359	-4.05315160751
9	25	0.498332090676	0.590455622615	-0.339978010021	0.7319679709	3.37839961052	-1.95579433441	4.18733692169
10	25	0.41765871644	-0.579716848498	0.495662027221	-0.64672059681	-2.81332039833	2.41299748421	-3.13985061646
11	25	0.36575499177	-0.602938695912	0.60109340914	-0.524548989572	-2.62767124176	2.63773488998	-2.30969333649
12	25	0.417472936213	-0.471264915987	0.662522257784	-0.58221442519	-2.29765224457	3.20545244217	-2.83567094803
13	25	0.498052567244	0.40629165367	-0.465063339163	0.78653873568	2.33246946335	-2.6611301899	4.49654054642
14	25	0.499442704022	-0.444571261235	0.403865310732	-0.799530615093	-2.54122018814	2.31757068634	-4.55931806564
15	25	0.499238118529	0.494010695153	-0.451346222006	0.743128535958	2.81002902985	-2.57823395729	4.24820232391
16	25	0.499590411782	-0.583422408631	0.393039502992	-0.710730780391	-3.31296682358	2.25389909744	-4.07904672623
17	25	0.499237649143	0.543287495196	-0.347243114719	0.764369620566	3.10858941078	-1.98865938187	4.35531520844
18	25	0.49995765835	-0.588945944336	0.328295847949	-0.738487989658	-3.35046458244	1.8821182251	-4.23357486725
19	25	0.499946065247	0.585785420594	-0.225574050416	0.778441898152	3.33981227875	-1.30553734303	4.45175504684
20	25	0.499990299344	-0.581300555821	0.275461409621	-0.765643961389	-3.30667924881	1.56839394569	-4.39257049561
21	25	0.499987196177	0.522572899892	-0.283719203733	0.804003095598	2.99089717865	-1.60552573204	4.60017681122
22	25	0.499989375472	-0.559056401111	0.180825379697	-0.809171256555	-3.18175292015	1.04184162617	-4.63436889648
23	25	0.499976005405	0.419773121244	-0.172495766484	0.891086829229	2.4352145195	-0.980214476585	5.07992553711
24	25	0.499166198075	-0.553021369371	0.0935385706744	-0.827899692484	-3.15153026581	0.546214938164	-4.72753000259
25	25	0.497616518289	0.549754545234	-0.137395517454	0.823949277431	3.13585853577	-0.782982051373	4.71829986572
26	25	0.451946824789	-0.286238348977	0.0260171349159	-0.95780515569	-1.5086350441	0.153039127588	-4.97631454468
27	25	0.498573888093	0.401917488144	-0.0803568698292	0.912143139094	2.30600070953	-0.476521611214	5.21772050858
28	25	0.499215926975	-0.523458712001	0.247397349997	-0.815343809717	-2.96752357483	1.40142583847	-4.67160749435
29	25	0.499202139676	0.501743523403	-0.221789308109	0.836099838256	2.86236429214	-1.25315606594	4.77678871155
0	26	0.444874642417	0.370100987044	0.0227447028697	0.928713054652	1.91025042534	0.092277251184	4.74700212479
1	26	0.497594047338	-0.395709232822	0.273441715426	-0.876723349366	-2.28147530556	1.54637956619	-5.01188468933
2	26	0.499272309244	0.516467268045	-0.104967699351	0.849849011961	2.94036364555	-0.617351770401	4.85470628738
3	26	0.499639824033	-0.544475968986	0.126063358283	-0.829249027069	-3.11278104782	0.709884047508	-4.74343347549
4	26	0.445180639625	0.616120671388	0.0402213936018	0.786624152811	3.15348720551	0.197782382369	4.02964878082
5	26	0.234162481502	0.633845370014	-0.0254255444138	0.773041776752	1.7686316967	-0.0604143813252	2.16957306862
6	26	0.445672560483	0.598372472578	-0.0647232699905	0.798599575746	3.07183790207	-0.334170818329	4.09425640106
7	26	0.499226726592	-0.607953938887	0.215312798798	-0.764220129848	-3.46693181992	1.23144519329	-4.37059020996
8	26	0.499744936824	0.606862430438	-0.305685971795	0.733671641247	3.47366738319	-1.73626065254	4.19416379929
9	26	0.469515196979	-0.61163068368	0.233735234161	-0.755827855462	-3.30881214142	1.28765296936	-4.08294868469
10	26	0.307082504034	-0.504275888978	0.560861507152	-0.65661266938	-1.86479735374	2.04415130615	-2.41872358322
11	26	0.416587680578	-0.52637208396	0.596904931914	-0.605505517303	-2.54604649544	2.89149093628	-2.93992042542
12	26	0.497957251966	0.304115135187	-0.576162046423	0.758650961122	1.76727485657	-3.28701066971	4.33577346802
13	26	0.49914778024	-0.393960127253	0.454445293548	-0.798921080775	-2.24312829971	2.60440540314	-4.55638980865
14	26	0.499964509159	0.413829718817	-0.449670717082	0.791543561671	2.35619878769	-2.5695271492	4.53088903427
15	26	0.499981183559	-0.334288058674	0.475205710444	-0.813898658673	-1.94027042389	2.70301389694	-4.6497592926
16	26	0.499949451536	0.423656776458	-0.339941491641	0.839615815729	2.42808461189	-1.96284651756	4.78939342499
17	26	0.4999538064	-0.438140003867	0.420352406581	-0.794567298152	-2.51365423203	2.39005184174	-4.54464244843
18	26	0.499317791313	0.448501150543	-0.360131274732	0.818017226543	2.56656050682	-2.06409144402	4.66460704803
19	26	0.499667298049	-0.509234747887	0.257665488673	-0.821150697187	-2.90854501724	1.47830224037	-4.69591569901
20	26	0.499274462461	0.472003060953	-0.30076325246	0.828706568347	2.70995903015	-1.70036709309	4.72823190689
21	26	0.499960538	-0.520867426236	0.273446481692	-0.808655764795	-2.97347974777	1.55896067619	-4.62723588943
22	26	0.499958075583	0.566736920733	-0.241561436658	0.787691141881	3.23661756516	-1.36992108822	4.50886201859
23	26	0.499114189297	-0.565027695372	0.177480170236	-0.805757092823	-3.22444438934	1.00590527058	-4.60080766678
24	26	0.497933901846	0.604158824833	-0.0830729947315	0.792521918891	3.44455933571	-0.481382250786	4.54414510727
25	26	0.419481832534	-0.409260107349	0.0657787787153	-0.910043579618	-2.00127291679	0.328429311514	-4.43870544434
26	26	0.270459953696	-0.363672039161	0.191601002843	-0.911609403002	-1.19146895409	0.591314196587	-2.95125389099
27	26	0.452239103615	-0.45992317805	0.132405161187	-0.878031630172	-2.38080835342	0.695703089237	-4.57601356506
28	26	0.498970169574	0.402473848719	-0.261227548325	0.877368206111	2.31838178635	-1.47828888893	5.00357484818
29	26	0.497818015516	-0.523148107781	0.13275878521	-0.841837966757	-2.98037075996	0.771856248379	-4.82247924805
0	27	0.233955533244	0.435561330192	-0.159081284283	0.885990672994	1.21060347557	-0.424126178026	2.48582553864
1	27	0.445613749325	0.530576381816	-0.0711945053913	0.844641962882	2.70201063156	-0.372207015753	4.33953285217
2	27	0.499689582735	-0.4859520735	0.0404864144973	-0.873047210924	-2.78790593147	0.251770228148	-4.98645687103
3	27	0.499197240919	0.481079374667	-0.103676082559	0.870525074409	2.75899076462	-0.583917438984	4.96248340607
4	27	0.498243823647	-0.506761696778	-0.00184619184005	-0.862084203691	-2.90515804291	0.00814547110349	-4.9339132309
5	27	0.445939019322	0.594868577402	-0.0534325602133	0.802045096693	3.05207061768	-0.267855256796	4.11315965652
6	27	0.498265828937	-0.604884657946	0.136976539806	-0.784443738023	-3.45929431915	0.793280303478	-4.4927148819
7	27	0.49921040982	0.59432773441	-0.305665404601	0.743870421875	3.39412355423	-1.72452640533	4.2536406517
8	27	0.499599561095	-0.660399615437	0.263173482142	-0.703286617409	-3.75974464417	1.50903904438	-4.02761173248
9	27	0.498957082629	0.666761162909	-0.279113909005	0.691031820856	3.80234599113	-1.61036467552	3.95713973045
10	27	0.467930026352	-0.529509070824	0.527645082727	-0.664237013866	-2.85690975189	2.83169746399	-3.594227314
11	27	0.49802480638	0.466764677862	-0.441637367753	0.766216138504	2.67046785355	-2.53820729256	4.37810277939
12	27	0.499152205884	-0.395430479652	0.49392427755	-0.774385914005	-2.25735449791	2.82317590714	-4.41703653336
13	27	0.499974470586	0.359430544025	-0.496855927332	0.789901178311	2.06436705589	-2.82798147202	4.51971960068
14	27	0.499988369644	-0.315719358733	0.438185746928	-0.841614245192	-1.82766413689	2.50925564766	-4.80086946487
15	27	0.499995257705	0.432742750732	-0.432337103053	0.791086810036	2.4632768631	-2.46940994263	4.52993965149
16	27	0.499989349395	-0.397821439414	0.349423162381	-0.848316895938	-2.28879380226	2.00855135918	-4.83871078491
17	27	0.499303244054	0.461188191197	-0.413475019603	0.785075703652	2.61884498596	-2.36410713196	4.48870563507
18	27	0.49685421586	-0.315336648189	0.531608155587	-0.786101499313	-1.82740080357	3.00813770294	-4.49991941452
19	27	0.445139400661	0.449457060823	-0.172186186587	0.876550208274	2.30232787132	-0.900197088718	4.48506736755
20	27	0.497974947095	-0.501252820345	0.148148852659	-0.852524209364	-2.86212682724	0.868907094002	-4.87966918945
21	27	0.49922811985	0.43363902611	-0.225840809528	0.872326271406	2.49744367599	-1.28106105328	4.97118330002
22	27	0.49911217764	-0.579087110917	0.167251868692	-0.797925391493	-3.304459095	0.955963850021	-4.5546040535
23	27	0.497810430825	0.63473036465	-0.102519904155	0.765902757172	3.62654471397	-0.591565907001	4.38452672958
24	27	0.404650073498	-0.534406909423	0.00809835919819	-0.845188542125	-2.52320146561	0.0433617420495	-3.96632289886
25	27	0.317392986268	-0.506011376629	0.0301136657927	-0.862000959312	-1.91758584976	0.120908901095	-3.28112983704
26	27	0.419252412394	-0.427567615126	0.049451402398	-0.90262976535	-2.0860350132	0.259026527405	-4.40139913559
27	27	0.49760190025	0.337344701774	-0.301829838577	0.891682286876	1.94549584389	-1.71220469475	5.0982131958
28	27	0.498889733106	-0.424180913008	0.287602061477	-0.858694129055	-2.40621972084	1.6335375309	-4.9132733345
29	27	0.445379581302	0.377235291254	-0.0617500026498	0.924056530849	1.93807446957	-0.333285003901	4.73095607758
0	28	0.446120336652	0.325284214892	-0.132808977239	0.93624353408	1.6868853569	-0.686560869217	4.79712200165
1	28	0.49830475077	-0.451493047868	0.185667275862	-0.872743771333	-2.59483957291	1.05538630486	-4.99403905869
2	28	0.499230615795	0.56240694065	-0.188566837628	0.805072034576	3.19479656219	-1.05443751812	4.61219120026
3	28	0.499970387667	-0.581895007304	0.112391399834	-0.805460348942	-3.30966186523	0.652483582497	-4.61616563797
4	28	0.499250471592	0.501253616951	-0.171205161078	0.848194319902	2.87362527847	-0.949165701866	4.84090948105
5	28	0.499705649912	-0.558788799078	-0.042449915011	-0.828222846063	-3.19265651703	-0.193432375789	-4.74231910706
6	28	0.499250411987	0.548299237632	-0.140394336963	0.824413352731	3.13428139687	-0.808702647686	4.70267677307
7	28	0.499967798591	-0.514178838448	0.290957682843	-0.806823245133	-2.95171809196	1.64798641205	-4.61086606979
8	28	0.499974623322	0.573234118812	-0.244304099397	0.782124128286	3.28074979782	-1.40966749191	4.46490955353
9	28	0.499615065753	-0.624853738851	0.340253203913	-0.702698770649	-3.55308938026	1.94159460068	-4.03144598007
10	28	0.499810926616	0.440642764774	-0.478745132361	0.759366217377	2.54354381561	-2.72580933571	4.33486938477
11	28	0.499464973807	-0.487896980399	0.454903592742	-0.744996146183	-2.77846717834	2.60048341751	-4.25799560547
12	28	0.499977737665	0.442920827936	-0.537245609391	0.717766184332	2.53354859352	-3.04779577255	4.12119579315
13	28	0.499989513308	-0.46860287906	0.386747130562	-0.794253107478	-2.6643204689	2.22982001305	-4.54072856903
14	28	0.499999467283	0.385379186105	-0.433102659526	0.814803638448	2.21276497841	-2.47435355186	4.65470695496
15	28	0.499999731779	-0.494461935214	0.428025509386	-0.756506151951	-2.81309747696	2.44416618347	-4.3356127739
16	28	0.499961268157	0.492172200674	-0.353751180669	0.795378291795	2.80273795128	-2.03146791458	4.54934263229
17	28	0.49962836504	-0.457580096833	0.397438901474	-0.795401014946	-2.61528921127	2.25466179848	-4.55752801895
18	28	0.445076040924	0.427973916549	-0.19426000302	0.882667195482	2.19581484795	-1.01360559464	4.51414823532
19	28	0.235809797421	0.450708382556	-0.252291647167	0.856277337469	1.26646161079	-0.728246510029	2.41156959534
20	28	0.445340421051	0.408022812322	-0.459971041928	0.788634278492	2.10052251816	-2.32155227661	4.05747461319
21	28	0.498949300498	-0.440779365757	0.185216366241	-0.878298610041	-2.53383517265	1.07200908661	-5.00526332855
22	28	0.49803096801	0.662833906221	-0.11295258092	0.740197897341	3.77608585358	-0.654484093189	4.24728775024
23	28	0.416314534843	-0.801715014563	-0.0132521199099	-0.597559550791	-3.87428426743	-0.0601088963449	-2.90436410904
24	28	0.328995227814	-0.695624839753	0.0671388469722	-0.715261111445	-2.73172187805	0.259438514709	-2.82519578934
25	28	0.404150024056	-0.49063324091	0.0546204440654	-0.869652591559	-2.3180949688	0.258975625038	-4.07642030716
26	28	0.497802417725	0.459142807508	-0.256099790696	0.850647270917	2.61843633652	-1.45296907425	4.87497520447
27	28	0.499168641865	-0.43502625124	0.202060042542	-0.877453075635	-2.46507930756	1.18524646759	-5.01092529297
28	28	0.499187976122	0.308620319591	-0.32601188131	0.893571346665	1.77920341492	-1.83955442905	5.10268497467
29	28	0.498242363334	-0.321487626692	0.195323919762	-0.926549659896	-1.84399795532	1.1288639307	-5.3012547493
0	29	0.49966808781	-0.397914318768	0.237208817008	-0.886225801956	-2.27557039261	1.34605848789	-5.06995534897
1	29	0.499252855778	0.48076603903	-0.125971782382	0.867752917459	2.73791670799	-0.727848052979	4.95576190948
2	29	0.499977201223	-0.46942866313	0.0627501490859	-0.880737843528	-2.69206571579	0.379489481449	-5.02974700928
3	29	0.499974027276	0.512534447125	-0.160664752631	0.843501794765	2.93422293663	-0.914367437363	4.82028436661
4	29	0.499991167337	-0.532136069006	0.16138126294	-0.831136145307	-3.03792929649	0.928827643394	-4.75279331207
5	29	0.499965075403	0.490942692614	-0.231138809504	0.839970310969	2.81688046455	-1.30299413204	4.80185556412
6	29	0.499991387129	-0.557459160575	0.264871774095	-0.7868177855	-3.17797923088	1.50092530251	-4.50917577744
7	29	0.499987103045	0.499181063397	-0.228835577678	0.835734733235	2.86503076553	-1.32209074497	4.76717185974
8	29	0.499993447214	-0.542416790008	0.276567647904	-0.793280758653	-3.09797906876	1.58372318745	-4.53607416153
9	29	0.499995026737	0.528047991884	-0.291141176388	0.797748164322	3.0170674324	-1.68478560448	4.55523538589
10	29	0.499980330467	-0.479107646045	0.425631019215	-0.767654934839	-2.7409760952	2.4248175621	-4.39187192917
11	29	0.49999293685	0.481388963726	-0.406801328677	0.776387367613	2.74621009827	-2.33820152283	4.4355931282
12	29	0.499991390854	-0.428600358303	0.435792234969	-0.791446056787	-2.45423436165	2.49151349068	-4.52245140076
13	29	0.499999400228	0.452760079756	-0.351043816318	0.819619758915	2.57548260689	-2.02729916573	4.68454504013
14	29	0.499999284744	-0.398490050903	0.44446891563	-0.802279915223	-2.28546476364	2.53030538559	-4.58878135681
15	29	0.499997608364	0.467303816723	-0.448431647903	0.761929261832	2.66265273094	-2.54781913757	4.37135887146
16	29	0.499989837408	-0.45427648913	0.375314303351	-0.807943095226	-2.59424233437	2.14447259903	-4.62120914459
17	29	0.499260205775	0.415432569299	-0.281366945602	0.865013538789	2.37791132927	-1.62615180016	4.92843675613
18	29	0.498285014182	-0.377979599487	0.31221371111	-0.871581333535	-2.17028808594	1.78543746471	-4.988676548
19	29	0.44585679844	0.507495695575	-0.368843625202	0.778718497996	2.58568048477	-1.87776124477	4.01297950745
20	29	0.497315460816	-0.336394359509	0.17814591522	-0.924717723298	-1.93770384789	1.03790354729	-5.27714776993
21	29	0.498256836087	0.455144898931	-0.241302899765	0.857097445768	2.58835220337	-1.3631234169	4.89517593384
22	29	0.457907341421	-0.6402006935	0.18219076057	-0.746290559237	-3.39388203621	0.963300824165	-3.96676015854
23	29	0.315036185086	-0.860284005057	-0.120970030551	-0.49525516893	-3.23460006714	-0.450766563416	-1.8534655571
24	29	0.40147074312	-0.899362204373	-0.0474063575638	-0.434626578349	-4.19997310638	-0.224150285125	-2.05777549744
25	29	0.495865661651	0.403700040576	-0.21473306822	0.889334575203	2.3069164753	-1.23171424866	5.06980705261
26	29	0.499116297811	-0.351231070969	0.2598496061	-0.899508152823	-2.01451539993	1.49200105667	-5.12729120255
27	29	0.499951124191	0.330879395025	-0.404874200839	0.852405834942	1.8980730772	-2.28331446648	4.88644599915
28	29	0.499966245145	-0.321844711741	0.254499904529	-0.911946149791	-1.83335208893	1.47892093658	-5.2099313736
29	29	0.499240614474	0.350393154261	-0.26044394867	0.899663040837	1.99476981163	-1.48584032059	5.13766384125
