0	0	0.499961197376	0.261807382773	-0.361116465563	0.895014967821	1.51528215408	-2.04637622833	5.11858606339
1	0	0.499989941716	-0.26372868438	0.342804492156	-0.901627562352	-1.52015352249	1.94925951958	-5.15527009964
2	0	0.499988231808	0.382671817259	-0.334019420572	0.86139033368	2.18987083435	-1.89962375164	4.92798995972
3	0	0.499999821186	-0.480846280209	0.214841836851	-0.850076373009	-2.73544168472	1.24663591385	-4.86325263977
4	0	0.499997679144	0.456976562658	-0.299210377392	0.837642866168	2.62875413895	-1.6995446682	4.78442287445
5	0	0.499999724329	-0.636157043169	0.257277763297	-0.727401105951	-3.60633230209	1.47336554527	-4.18588733673
6	0	0.499997898936	0.455196405551	-0.251555955954	0.854116990463	2.62391805649	-1.44587612152	4.86991071701
7	0	0.499999109656	-0.427290156603	0.313665793941	-0.847960430552	-2.44926333427	1.78362369537	-4.84819889069
8	0	0.4999996759	0.404318509588	-0.195555661125	0.893467697349	2.31588554382	-1.1502918005	5.09948968887
9	0	0.499998919666	-0.448248942161	0.264836764665	-0.853776536298	-2.5425362587	1.52103281021	-4.88971281052
10	0	0.499999657273	0.326093931175	-0.294630357919	0.898251468267	1.87141442299	-1.69299983978	5.13007593155
11	0	0.499998275191	-0.344999213561	0.305402298389	-0.88752745241	-1.98010182381	1.75108528137	-5.0692782402
12	0	0.499999895692	0.417530148784	-0.282531517446	0.863622901796	2.380651474	-1.6283416748	4.93663167953
13	0	0.499999135733	-0.47749370812	0.314716572345	-0.820337270759	-2.72017002106	1.80835700035	-4.69194889069
14	0	0.50000018999	0.489924420599	-0.321675006611	0.810246414508	2.80206656456	-1.84925365448	4.62716817856
15	0	0.500000044703	-0.478394044613	0.405024620951	-0.779162495569	-2.73209118843	2.29841184616	-4.46517419815
16	0	0.499986577779	0.457190472891	-0.362864465678	0.811976755238	2.60643005371	-2.08408546448	4.64156532288
17	0	0.499974779785	-0.379212143587	0.406826696102	-0.83107772771	-2.18260145187	2.32493209839	-4.74509525299
18	0	0.49923055619	0.43734178378	-0.417363289458	0.796580221179	2.50119972229	-2.36862707138	4.55169391632
19	0	0.499576479197	-0.488845385387	0.38797823963	-0.781346961829	-2.78523278236	2.2044043541	-4.48044729233
20	0	0.498435199261	0.407673701348	-0.32300129306	0.854091516121	2.33679509163	-1.83191299438	4.86605930328
21	0	0.492005441338	-0.48608318013	0.263127364676	-0.833358945445	-2.73922681808	1.50713682175	-4.72712469101
22	0	0.387361191213	-0.530525013829	-0.649277348042	0.544960672912	-2.39277839661	-2.95613288879	2.48622512817
23	0	0.358281679451	-0.592545115655	-0.621319786319	0.512690948859	-2.52580928802	-2.63735151291	2.17955875397
24	0	0.479628866538	0.257079468032	-0.292078304459	0.921195099412	1.43478477001	-1.62254738808	5.10522127151
25	0	0.499191962183	-0.368361666629	0.265498049892	-0.890966030812	-2.09669756889	1.53301477432	-5.08453035355
26	0	0.499943237752	0.301176589392	-0.422036502732	0.855089382675	1.74406599998	-2.38051915169	4.89803934097
27	0	0.499989330769	-0.409879509842	0.267112659481	-0.872152288627	-2.34635949135	1.54437947273	-4.97981262207
28	0	0.499985732138	0.569701014548	-0.343295464859	0.746718807738	3.21504378319	-1.94755721092	4.3109331131
29	0	0.499991659075	-0.368586748477	0.274703947331	-0.888077446042	-2.11534118652	1.58304798603	-5.07080364227
0	1	0.499999688938	-0.32628042239	0.216187291817	-0.920219615539	-1.8570356369	1.25881648064	-5.25898265839
1	1	0.499997487292	0.2209833197	-0.256486425794	0.940946909128	1.28583085537	-1.47289776802	5.37248182297
2	1	0.500000044703	-0.317392745035	0.291498048214	-0.902380592259	-1.81640219688	1.66604483128	-5.15841817856
3	1	0.500000067055	0.370127447697	-0.242541017485	0.896760574121	2.12093734741	-1.40026962757	5.1213927269
4	1	0.499999180436	-0.420020479429	0.286796967036	-0.861005398682	-2.41123843193	1.643227458	-4.91653680801
5	1	0.500000171363	0.556781584612	-0.285931867658	0.779895655902	3.16897439957	-1.64010834694	4.46723747253
6	1	0.499999754131	-0.517347976462	0.326621538053	-0.790992694107	-2.94461750984	1.85076880455	-4.53802776337
7	1	0.499998003244	0.396220899608	-0.317530541012	0.861500640881	2.28025054932	-1.80876231194	4.92100811005
8	1	0.499999500811	-0.354041737431	0.351236340608	-0.866768412664	-2.0405049324	1.98877716064	-4.95679044724
9	1	0.499998275191	0.34679096443	-0.312740272246	0.884267803952	1.98677682877	-1.79286241531	5.05194616318
10	1	0.499999884516	-0.275140280476	0.318492784274	-0.907116405113	-1.59410512447	1.82155072689	-5.17943620682
11	1	0.499999914318	0.35140695352	-0.292646123096	0.889309507233	2.00062417984	-1.6737639904	5.08691883087
12	1	0.499999757856	-0.34766138476	0.227426928713	-0.909620005081	-2.00175261497	1.33236992359	-5.18782615662
13	1	0.499999769032	0.429935199259	-0.361080031768	0.827512498454	2.45693778992	-2.06562662125	4.73174476624
14	1	0.499998167157	-0.531889189336	0.398719891204	-0.747071843015	-3.01571083069	2.26787376404	-4.29651165009
15	1	0.499999281019	0.500905711589	-0.29179003409	0.814832525187	2.85198187828	-1.69359922409	4.65713405609
16	1	0.499997496605	-0.443937070783	0.425126397717	-0.7887885795	-2.53842544556	2.41196227074	-4.51949644089
17	1	0.49998382479	0.45288146447	-0.420711502484	0.786066289073	2.57643580437	-2.39352416992	4.50744104385
18	1	0.499981466681	-0.411838108529	0.301062890552	-0.860087500372	-2.362865448	1.74776721001	-4.90424394608
19	1	0.49929093942	0.452894993492	-0.346752780793	0.821369973813	2.56579566002	-1.97647690773	4.70214939117
20	1	0.49791746214	-0.248938808457	0.299159953185	-0.921158396832	-1.45228683949	1.72330451012	-5.26071405411
21	1	0.419614821672	0.217167832269	-0.442666070901	0.869991311624	1.05693423748	-2.16232967377	4.24859237671
22	1	0.336744681001	-0.142821992491	-0.690527707117	0.709065133937	-0.557866692543	-2.76468491554	2.87358546257
23	1	0.411904811859	-0.214309170184	-0.659406446597	0.720593309545	-1.02296113968	-3.15857720375	3.46352171898
24	1	0.497455939651	-0.215178390649	0.322982901622	-0.921618307901	-1.23647546768	1.84844017029	-5.25869846344
25	1	0.499639011919	0.361677636191	-0.297735622688	0.883483325514	2.04889917374	-1.70400762558	5.05391168594
26	1	0.499986751005	-0.235863129672	0.305041303372	-0.922669164597	-1.37416124344	1.75146651268	-5.26632165909
27	1	0.499998308718	0.399472095871	-0.265729411194	0.877388126571	2.26795911789	-1.52121055126	5.0227227211
28	1	0.499999716878	-0.374513200461	0.195443882912	-0.906389293467	-2.15015721321	1.14242601395	-5.17381715775
29	1	0.499997802079	0.391190042265	-0.231979220096	0.890593056495	2.22137904167	-1.33553051949	5.09577560425
0	2	0.500000048429	0.286978895874	-0.350507610738	0.89150856874	1.64133572578	-1.99379467964	5.10065031052
1	2	0.500000268221	-0.306643665414	0.250383801378	-0.91830148343	-1.741294384	1.44793367386	-5.24947404861
2	2	0.499999959022	0.310429503901	-0.318545214362	0.8956352324	1.76924705505	-1.82291686535	5.12158250809
3	2	0.499999120831	-0.321661603161	0.366207832344	-0.873169878421	-1.85135245323	2.08313512802	-4.99190807343
4	2	0.499999493361	0.433569794016	-0.367598103972	0.822732561452	2.47187685966	-2.09048390388	4.71213436127
5	2	0.500000011176	-0.439049288416	0.355940613413	-0.824949696687	-2.51654076576	2.01781821251	-4.7205748558
6	2	0.499987006187	0.432452995205	-0.179086100365	0.8836925798	2.47904062271	-1.05850553513	5.04274129868
7	2	0.499991256744	-0.500753185022	0.18960607566	-0.844568400879	-2.85126256943	1.09619295597	-4.83259677887
8	2	0.499965131283	0.499804519616	-0.267869039965	0.823675676222	2.83150696754	-1.54039216042	4.72235107422
9	2	0.499992515892	-0.353869366717	0.399984339095	-0.845451950011	-2.03334879875	2.26871824265	-4.83807468414
10	2	0.499987218529	0.387945486238	-0.375270480635	0.841825615001	2.20240187645	-2.14534044266	4.82000732422
11	2	0.499998848885	-0.28502238507	0.307979544629	-0.907695345421	-1.656676054	1.77162647247	-5.17764282227
12	2	0.499999273568	0.394038541877	-0.437503372281	0.808284867332	2.23738026619	-2.48316645622	4.63940525055
13	2	0.499987103045	-0.333752642283	0.504789033583	-0.796113814316	-1.91646051407	2.86014389992	-4.56445837021
14	2	0.499991912395	0.292995562753	-0.402811972795	0.86711943513	1.69997215271	-2.30468726158	4.94929122925
15	2	0.499961514026	-0.366734453483	0.319318318122	-0.873808704661	-2.09952044487	1.83380007744	-4.99102497101
16	2	0.499985810369	0.373421701631	-0.326997267455	0.868118090946	2.14174485207	-1.87912881374	4.95637369156
17	2	0.499982837588	-0.36499178673	0.36460419781	-0.856647403871	-2.10289001465	2.08305597305	-4.89120292664
18	2	0.499944698066	0.431707124777	-0.422831201751	0.796770188475	2.45829105377	-2.39912652969	4.56962203979
19	2	0.499724902213	-0.32856774033	0.329672663485	-0.885075801819	-1.89256262779	1.89016485214	-5.05357599258
20	2	0.454836413264	0.253255289629	-0.422582035648	0.870221915044	1.33442664146	-2.19953298569	4.56056928635
21	2	0.274134863168	0.330413847981	-0.365698967491	0.870109736894	1.08081793785	-1.21627283096	2.84903264046
22	2	0.421013306826	0.348613662528	-0.548837969825	0.759766672853	1.6891361475	-2.67586421967	3.73634123802
23	2	0.497290544212	-0.184767875218	0.368563284184	-0.911055397788	-1.06266450882	2.11628556252	-5.20176887512
24	2	0.499079260975	0.317905746435	-0.281111581374	0.90549004147	1.80632662773	-1.6172580719	5.16636419296
25	2	0.499963138252	-0.353459435781	0.327946004561	-0.876080958217	-2.00778627396	1.87488150597	-5.01360464096
26	2	0.499993465841	0.252503777993	-0.349263743669	0.902361723178	1.44731116295	-1.99047160149	5.16029787064
27	2	0.500000044703	-0.323416135467	0.293804822789	-0.899489149143	-1.84000921249	1.68239331245	-5.14474821091
28	2	0.499999791384	0.273960091562	-0.300230223602	0.913678105827	1.57564973831	-1.71669983864	5.22062778473
29	2	0.500000204891	-0.25391020597	0.349680834738	-0.901805367649	-1.46544241905	1.9965159893	-5.15327596664
0	3	0.50000038743	-0.270968492672	0.420804742137	-0.86573635997	-1.54186487198	2.39532279968	-4.95685482025
1	3	0.49999996461	0.214228529887	-0.311673727917	0.925724378154	1.24229574203	-1.79311847687	5.28487443924
2	3	0.500000078231	-0.20114249913	0.395189694166	-0.896307313743	-1.18137741089	2.24757099152	-5.12315654755
3	3	0.499999634922	0.355688360646	-0.374232678064	0.856408601527	2.03602790833	-2.13156509399	4.89905357361
4	3	0.499999877065	-0.434681656446	0.298358623024	-0.849725832029	-2.48520517349	1.71125268936	-4.85600852966
5	3	0.499987702817	0.425895618173	-0.312197066326	0.849203105387	2.43189930916	-1.78905320168	4.85424804688
6	3	0.499976646155	-0.335002145724	0.368280575434	-0.867261771392	-1.95280075073	2.07429909706	-4.958984375
7	3	0.499228101224	0.504872256193	-0.141020991508	0.851596785387	2.86602306366	-0.838357210159	4.86625385284
8	3	0.499652292579	-0.370172186551	0.257301424793	-0.892618915945	-2.13358354568	1.47751927376	-5.09547138214
9	3	0.499256026	0.337254314823	-0.355500099501	0.871710506067	1.93585073948	-2.03584051132	4.96940135956
10	3	0.499974772334	-0.375676326218	0.484161667071	-0.790224511173	-2.15067052841	2.73270726204	-4.53935098648
11	3	0.499986831099	0.420194490281	-0.26965133613	0.866443735773	2.38738250732	-1.57073259354	4.95248222351
12	3	0.499987337738	-0.33339406835	0.414805655145	-0.846631362311	-1.91337895393	2.36029577255	-4.84270811081
13	3	0.499973613769	0.32592874443	-0.426278154543	0.84383492966	1.86680352688	-2.43522405624	4.82378482819
14	3	0.49926660955	-0.294660698346	0.402477239161	-0.866710531151	-1.68166399002	2.30322480202	-4.94499731064
15	3	0.499705854803	0.323767735085	-0.357904093344	0.875830527948	1.85897159576	-2.04963445663	5.00404453278
16	3	0.499231461436	-0.409493573449	0.349414969604	-0.842748000484	-2.32738566399	1.9856082201	-4.81925630569
17	3	0.499638911337	0.440252700112	-0.254571978989	0.861028842466	2.51244997978	-1.48475956917	4.91259145737
18	3	0.499835606664	-0.453414422308	0.42008750117	-0.786092776334	-2.58395028114	2.3781850338	-4.51196193695
19	3	0.498827140778	0.352627225085	-0.216072662586	0.910476053838	2.01542186737	-1.26311528683	5.18511390686
20	3	0.498382149264	-0.306622948217	0.231225009214	-0.923318668035	-1.75840616226	1.3423012495	-5.27628946304
21	3	0.454836003482	0.394622574976	-0.360957428937	0.844975004254	2.05791068077	-1.88854515553	4.42894649506
22	3	0.498018886894	-0.354026812032	0.404575522056	-0.843198472079	-2.02440237999	2.31521224976	-4.82787322998
23	3	0.498775508255	0.23879875262	-0.361000995026	0.901472926569	1.38367462158	-2.06030917168	5.13559246063
24	3	0.499948147684	-0.388466803844	0.297675611611	-0.872056633805	-2.19938230515	1.71970319748	-4.98967695236
25	3	0.499981600791	0.297293783873	-0.381866493598	0.875096787297	1.70210552216	-2.17454838753	5.00604534149
26	3	0.499999819323	-0.130908095684	0.370096720694	-0.91972359316	-0.777096152306	2.11648845673	-5.25436973572
27	3	0.49999980256	0.234890006591	-0.294120802395	0.926455416306	1.34282386303	-1.68932580948	5.29415178299
28	3	0.499999839813	-0.278333416114	0.35209551803	-0.893621427483	-1.58015048504	2.01568579674	-5.11145496368
29	3	0.500000193715	0.262698007883	-0.477661562437	0.838349085062	1.49696230888	-2.70466899872	4.80990791321
0	4	0.500000283122	0.198201005746	-0.395716266766	0.896730169861	1.13876461983	-2.25599861145	5.12839365005
1	4	0.500000286847	-0.332588380087	0.336205551072	-0.881107710135	-1.88370490074	1.93389892578	-5.0398106575
2	4	0.500000040978	0.37538409857	-0.3836104104	0.843759344584	2.13384437561	-2.19234418869	4.83028936386
3	4	0.500000007451	-0.477749672508	0.311941929478	-0.821247516314	-2.71135377884	1.78843307495	-4.70537281036
4	4	0.499997872859	0.528965004792	-0.210251780253	0.822186239611	2.9968521595	-1.2348896265	4.71095180511
5	4	0.499991189688	-0.430398369584	0.310882414785	-0.847413339308	-2.46494150162	1.77081155777	-4.84494400024
6	4	0.499256424606	0.512725447171	-0.310760021507	0.800337944156	2.89693188667	-1.77690863609	4.58822822571
7	4	0.497904229909	-0.518237754176	0.248725163089	-0.818269774214	-2.95613884926	1.42458677292	-4.68751049042
8	4	0.445740990341	0.409845795003	-0.363238431333	0.836710383778	2.08596014977	-1.8568046093	4.29962921143
9	4	0.4983083345	-0.387817666088	0.393600820447	-0.83347216631	-2.21216750145	2.24918413162	-4.77876567841
10	4	0.499233495444	0.38097196045	-0.363658967527	0.850066186063	2.17179775238	-2.08088517189	4.8513917923
11	4	0.499988652766	-0.431735425238	0.295663898702	-0.852166287528	-2.45968961716	1.70053839684	-4.87275505066
12	4	0.499988228083	0.297075836433	-0.349597984663	0.888553429191	1.72440469265	-2.00060892105	5.07078552246
13	4	0.499288275838	-0.399788391352	0.352306909558	-0.846196835031	-2.26070547104	2.03263473511	-4.832924366
14	4	0.498012576252	0.211762281315	-0.507957980675	0.8349463612	1.23712801933	-2.8907699585	4.78315877914
15	4	0.445652749389	-0.338901343656	0.406488995378	-0.848476620718	-1.73622083664	2.09115028381	-4.34571409225
16	4	0.497924648225	0.33404549522	-0.305151095739	0.891793931294	1.92697155476	-1.75720596313	5.0933303833
17	4	0.49825809896	-0.479524649457	0.340963587161	-0.808578965094	-2.72418928146	1.94534444809	-4.622590065
18	4	0.473487325013	0.450506956537	-0.405132466033	0.79555714256	2.45668458939	-2.20679807663	4.34657716751
19	4	0.498419705778	-0.361743896197	0.33139132686	-0.871390349985	-2.06718373299	1.89565324783	-4.98633289337
20	4	0.497725170106	0.296830996609	-0.393372679604	0.870143260845	1.69355463982	-2.21573591232	4.96207332611
21	4	0.497996326536	-0.390441566611	0.25922445116	-0.883378778884	-2.22884535789	1.50627803802	-5.05225038528
22	4	0.471122063696	0.447949667815	-0.427814707192	0.785057750369	2.41815876961	-2.31350779533	4.27798891068
23	4	0.498903349042	-0.354722190793	0.378200213187	-0.855065357797	-2.02768516541	2.17104792595	-4.88401985168
24	4	0.499659825116	0.353965438918	-0.427027135345	0.832079499646	2.02882671356	-2.42387866974	4.75915575027
25	4	0.499994982034	-0.356540107819	0.381678444708	-0.852760644238	-2.01967287064	2.19274568558	-4.87874317169
26	4	0.500001419336	0.141187529999	-0.464593408728	0.874196228509	0.835335850716	-2.62752223015	5.01008224487
27	4	0.49999977462	-0.203484675969	0.255166669226	-0.945242803497	-1.16417551041	1.49211883545	-5.39550638199
28	4	0.499999918044	0.167193373042	-0.383636914206	0.908223042027	0.960152983665	-2.17840671539	5.19802951813
29	4	0.500000152737	-0.163230845568	0.383949909223	-0.908811398621	-0.944854974747	2.19587731361	-5.19330310822
0	5	0.499999836087	-0.0989652352469	0.334925830181	-0.937032854542	-0.593731164932	1.92382407188	-5.35138607025
1	5	0.499997869134	0.275139974605	-0.417770100215	0.865890372819	1.56104707718	-2.37526082993	4.96129417419
2	5	0.499999664724	-0.296446336436	0.471183344145	-0.830726083504	-1.70151436329	2.67404842377	-4.75827598572
3	5	0.499997839332	0.354817573507	-0.323075575506	0.877340676158	2.03137087822	-1.86164581776	5.00943756104
4	5	0.499999273568	-0.332786309813	0.401892581156	-0.853074220225	-1.91936135292	2.26163125038	-4.8890504837
5	5	0.499961216003	0.342913718037	-0.284654245592	0.895199498686	1.95651364326	-1.63811767101	5.11565303802
6	5	0.499703526497	-0.254871352543	0.364292210241	-0.895729746749	-1.485689044	2.06988430023	-5.12043905258
7	5	0.445238918066	0.288787446578	-0.371450449562	0.882398081491	1.4800491333	-1.89658641815	4.52102565765
8	5	0.23339759279	0.291484056845	-0.32297632936	0.900401763258	0.812814950943	-0.911664128304	2.50903940201
9	5	0.445451034233	0.169907154898	-0.399037875781	0.901055121736	0.891239643097	-2.03475832939	4.6171708107
10	5	0.499659113586	-0.266578388903	0.368631544239	-0.890531721592	-1.56135201454	2.09961986542	-5.08586740494
11	5	0.499959688634	0.504715032807	-0.326007879083	0.799363245611	2.85634851456	-1.86808538437	4.58687019348
12	5	0.499958802015	-0.40574001613	0.343883185528	-0.846829022898	-2.31939530373	1.97637677193	-4.8369140625
13	5	0.499690070748	0.411763208588	-0.431494898141	0.802660085548	2.3503382206	-2.45780086517	4.59687614441
14	5	0.4453214854	-0.422940592233	0.496867320942	-0.757788968527	-2.15828895569	2.53851628304	-3.89008307457
15	5	0.233106903732	-0.337281920029	0.509267340204	-0.791762390256	-0.958807229996	1.3899204731	-2.2180082798
16	5	0.444929808378	-0.314522552065	0.417966306007	-0.8522791393	-1.62297821045	2.14462828636	-4.35731649399
17	5	0.472751632333	0.49630853283	-0.447472318356	0.743939758681	2.70189619064	-2.43181395531	4.06842947006
18	5	0.330808242783	0.402791843856	-0.210966084633	0.890646979256	1.59637308121	-0.852766633034	3.52207756042
19	5	0.429290600121	0.341947709251	-0.397337839475	0.851583469461	1.70229244232	-1.97571539879	4.26056718826
20	5	0.496770858765	-0.176148015584	0.395639938383	-0.901355044232	-1.02829360962	2.25741815567	-5.153673172
21	5	0.417152145877	0.234492930444	-0.323695044022	0.916643106147	1.14971184731	-1.56957256794	4.44441413879
22	5	0.32008487545	0.356704846625	-0.276776497779	0.892275978984	1.35436546803	-1.06750011444	3.42087197304
23	5	0.472063690424	0.425308591166	-0.515404944274	0.743955876177	2.30661511421	-2.78053712845	4.07136821747
24	5	0.499810736626	-0.436698474794	0.39466890039	-0.808412581036	-2.47283840179	2.262134552	-4.63174295425
25	5	0.499984722584	0.330284901895	-0.425221052614	0.842673685358	1.88653874397	-2.41927146912	4.82409906387
26	5	0.500000078231	-0.274764121742	0.367053439163	-0.888693676247	-1.55982542038	2.10758590698	-5.08043193817
27	5	0.499999415129	0.27250930892	-0.377362737317	0.885062732825	1.5324151516	-2.14830112457	5.0724272728
28	5	0.50000022538	-0.0652021441084	0.293454896662	-0.953746771438	-0.407754182816	1.69070410728	-5.44703102112
29	5	0.499999187887	0.203648295361	-0.300511101517	0.931783477886	1.14492452145	-1.72381424904	5.32951593399
0	6	0.499987017363	0.133488225765	-0.361229650347	0.922872706982	0.777005016804	-2.04751324654	5.28100156784
1	6	0.499986412004	-0.168431316054	0.297987867511	-0.939592530083	-0.981167078018	1.73498821259	-5.35938739777
2	6	0.499964106828	0.275150684014	-0.471211461233	0.838004689659	1.57825136185	-2.66694355011	4.80490875244
3	6	0.499991957098	-0.343642863364	0.339970908173	-0.875402401216	-1.96118497849	1.93987262249	-5.0078701973
4	6	0.499985244125	0.335753257607	-0.186795441957	0.923242770278	1.91487669945	-1.10393941402	5.27328109741
5	6	0.499990962446	-0.257606397387	0.240036882197	-0.935960062829	-1.4917320013	1.37854349613	-5.34413290024
6	6	0.499261084944	0.295257806737	-0.273290785707	0.915497118515	1.6799826622	-1.57927012444	5.22238016129
7	6	0.498247552663	-0.231844700581	0.434330807254	-0.870404954422	-1.33769619465	2.47000551224	-4.98959207535
8	6	0.445579111576	0.16628724359	-0.287879906035	0.943119140046	0.86860781908	-1.4861112833	4.82719993591
9	6	0.498003039509	-0.317422294723	0.294153843896	-0.901507960549	-1.82592523098	1.68223893642	-5.15641403198
10	6	0.499169480056	0.507891517409	-0.236447487435	0.828334951713	2.86183643341	-1.37705850601	4.74444484711
11	6	0.499988306314	-0.448934936746	0.340103802413	-0.826309158943	-2.56508946419	1.9456114769	-4.72425460815
12	6	0.499988943338	0.399185865943	-0.429239469124	0.810187708237	2.28684473038	-2.43580675125	4.63924407959
13	6	0.499231312424	-0.366601082921	0.401711163501	-0.839185192386	-2.10301876068	2.29254293442	-4.78559923172
14	6	0.49828979373	0.433171326838	-0.374894917941	0.819644070379	2.47629451752	-2.15377855301	4.69170236588
15	6	0.445882689208	-0.46544826509	0.412550037719	-0.783045579071	-2.37080764771	2.12252354622	-4.0224199295
16	6	0.497084155679	0.54810206301	-0.355553279805	0.757077270656	3.11468839645	-2.042730093	4.33275079727
17	6	0.495541773736	-0.578056927352	0.436650277732	-0.689337887902	-3.29589271545	2.47989106178	-3.95087194443
18	6	0.393605325371	0.349916360439	-0.210664061805	0.91278649955	1.61837375164	-0.9861317873	4.23673629761
19	6	0.385433519259	0.0521245881389	-0.396762306601	0.916440232297	0.262272715569	-1.82594060898	4.23336982727
20	6	0.399821855128	0.333511750225	-0.253288326296	0.908083110857	1.55891013145	-1.2048459053	4.28307676315
21	6	0.370911922306	0.266154593343	-0.296689848953	0.917135140517	1.19193124771	-1.31457817554	4.07214832306
22	6	0.41744730249	0.280566161221	-0.230044826947	0.931859435093	1.37576377392	-1.12805509567	4.51732110977
23	6	0.498310729861	-0.25492067249	0.317543739602	-0.913335329535	-1.48409080505	1.8265889883	-5.21878576279
24	6	0.499510403723	0.268418768908	-0.318949394238	0.908967902851	1.55343723297	-1.83370518684	5.18199586868
25	6	0.499993976206	-0.246602428009	0.36709476286	-0.896899480199	-1.41697597504	2.10136198997	-5.12453460693
26	6	0.49999880977	0.179413709652	-0.344024064138	0.921660547101	1.0418806076	-1.98299610615	5.26027011871
27	6	0.499997667968	-0.141014213751	0.422799502652	-0.895184658089	-0.827908694744	2.4021692276	-5.12197208405
28	6	0.499999737367	0.148249936105	-0.292799191467	0.944611343316	0.852371156216	-1.67961525917	5.39799022675
29	6	0.499997567385	-0.170234143717	0.256198311048	-0.951516033354	-0.971963763237	1.47385001183	-5.43741750717
0	7	0.499952590093	-0.285798796795	0.259004241988	-0.922624436259	-1.6209397316	1.50350165367	-5.27345323563
1	7	0.49923825264	0.245139527385	-0.419868092677	0.87385204518	1.40281867981	-2.3771314621	4.99701786041
2	7	0.499637439847	-0.349319823542	0.342679815358	-0.87209300251	-1.98830652237	1.9758092165	-4.98373985291
3	7	0.499251697212	0.349781489673	-0.294814513142	0.889234115587	1.99077606201	-1.7010743618	5.07244825363
4	7	0.499974600971	-0.305960552082	0.304893819976	-0.901902377816	-1.75650596619	1.73939299583	-5.15509176254
5	7	0.499974418432	0.344231412359	-0.273968636659	0.89802334094	1.95920968056	-1.56787538528	5.13639259338
6	7	0.499977331609	-0.326027323369	0.336260780506	-0.883535438967	-1.86593270302	1.91221797466	-5.05459690094
7	7	0.499237813056	0.31226384622	-0.396180721691	0.863442022433	1.77544927597	-2.24854707718	4.93722009659
8	7	0.499668039382	-0.276280659698	0.332887784064	-0.901584560814	-1.57413673401	1.90565299988	-5.15598964691
9	7	0.499243374914	0.313272341821	-0.305296366392	0.899252227419	1.79117226601	-1.74213671684	5.13209009171
10	7	0.499975420535	-0.372192635214	0.338029333967	-0.864412408328	-2.12752628326	1.92514848709	-4.94543170929
11	7	0.499985974282	0.381458463614	-0.381106292255	0.842168293479	2.18227720261	-2.16397356987	4.82078886032
12	7	0.499987345189	-0.440632760129	0.345268863922	-0.828632718584	-2.50333285332	1.98403453827	-4.74119377136
13	7	0.499974500388	0.370989154745	-0.375719726466	0.849235970862	2.135430336	-2.14817285538	4.84879875183
14	7	0.49925423786	-0.465760570149	0.391659072464	-0.793517650875	-2.63465976715	2.23365163803	-4.54530239105
15	7	0.499143343419	0.326413280046	-0.372345707058	0.868799772701	1.8844345808	-2.12465000153	4.95633840561
16	7	0.497374434024	-0.345948481908	0.348010039053	-0.871325806219	-1.99707460403	1.98383617401	-4.97245311737
17	7	0.415640998632	0.602929625951	-0.199361274424	0.772483623393	2.90727472305	-0.969589412212	3.74095344543
18	7	0.378258705139	0.46336621557	-0.25495606753	0.848698505889	2.09646844864	-1.15596270561	3.84650397301
19	7	0.416242010891	0.120023793193	-0.389731495188	0.913073737836	0.59920835495	-1.91078996658	4.48337697983
20	7	0.344172589481	0.329301544151	-0.310825763178	0.89159847351	1.36799764633	-1.27553009987	3.67180395126
21	7	0.44071611017	0.658466760045	-0.219164857826	0.719991868711	3.35027647018	-1.13465332985	3.71898365021
22	7	0.498021900654	-0.411854294579	0.285112233266	-0.865498153943	-2.363250494	1.63340198994	-4.94380331039
23	7	0.499166477472	0.473257282997	-0.348183508865	0.809194530533	2.67823028564	-1.97847771645	4.63659667969
24	7	0.499978035688	-0.426952815253	0.352354837384	-0.832800913856	-2.42128348351	2.01378917694	-4.77225923538
25	7	0.499991923571	0.288578460096	-0.410799749568	0.8648502981	1.65741491318	-2.33938598633	4.94625329971
26	7	0.499986682087	-0.278259226432	0.455495881733	-0.845633079196	-1.58922052383	2.58411121368	-4.84599733353
27	7	0.499992143363	0.285340365844	-0.439140050885	0.851901925886	1.62306594849	-2.49478077888	4.88193893433
28	7	0.499959656969	-0.262944340127	0.26926691916	-0.926474824397	-1.49537301064	1.55188655853	-5.29548311234
29	7	0.4999732133	0.166535276575	-0.199757970824	0.965589330279	0.975856661797	-1.16639888287	5.51174068451
0	8	0.499243877828	0.38475790741	-0.384970391831	0.838903540402	2.17727804184	-2.19267320633	4.80100822449
1	8	0.497789077461	-0.221820946289	0.447461410931	-0.866356597202	-1.29000973701	2.55435085297	-4.95429611206
2	8	0.445407815278	0.392086666813	-0.478284807615	0.785819119462	2.01059293747	-2.43892931938	4.03217601776
3	8	0.49815999344	-0.313301245577	0.456969225927	-0.832479102486	-1.80111789703	2.59962964058	-4.77204418182
4	8	0.499236200005	0.305992093388	-0.390641600454	0.868198121847	1.75617337227	-2.21419620514	4.95994758606
5	8	0.499989774078	-0.3459060064	0.235160411443	-0.908321867857	-1.97708952427	1.3645761013	-5.18806219101
6	8	0.499985296279	0.39226446381	-0.23498464836	0.889331662243	2.22919988632	-1.36321377754	5.08508205414
7	8	0.499991584569	-0.304292351168	0.283770914112	-0.909329551552	-1.73814833164	1.63445973396	-5.19571685791
8	8	0.499963805079	0.173071763361	-0.366602925891	0.91413809649	1.02315783501	-2.07394123077	5.2290263176
9	8	0.49998934567	-0.322288705891	0.247295461999	-0.913769634279	-1.83359336853	1.43070089817	-5.22291088104
10	8	0.499986670911	0.278222801923	-0.310755364623	0.90885817147	1.60600757599	-1.7672317028	5.19426107407
11	8	0.499999305233	-0.276403759859	0.263069960093	-0.924334981288	-1.60192322731	1.52731156349	-5.27198505402
12	8	0.499999333173	0.363970100625	-0.358941143611	0.859469034506	2.08735990524	-2.04676604271	4.91316986084
13	8	0.499987211078	-0.442142144478	0.358607062068	-0.822138248175	-2.50749897957	2.05423974991	-4.70901679993
14	8	0.499976195395	0.346767982282	-0.408109538311	0.844510847298	2.00643444061	-2.32026815414	4.82470941544
15	8	0.499824579805	-0.373215631035	0.294069175799	-0.879905342975	-2.13910412788	1.69794368744	-5.02190351486
16	8	0.476129047573	0.378478104923	-0.217256169572	0.899752233049	2.09596633911	-1.20763635635	4.93106174469
17	8	0.334623090923	0.577332345974	-0.16853347855	0.798926673043	2.29687905312	-0.686779081821	3.20986175537
18	8	0.41835530661	0.379840833101	-0.20651619298	0.901705053521	1.86313223839	-1.01032245159	4.37984085083
19	8	0.497184578329	-0.325691444699	0.34475179977	-0.880381326134	-1.87127757072	1.95876574516	-5.04020500183
20	8	0.477748915553	0.418165873354	-0.314444346645	0.852210100401	2.30164146423	-1.7277084589	4.69938325882
21	8	0.498592812568	-0.470469299814	0.247627416919	-0.846958853973	-2.68208146095	1.41734135151	-4.84653759003
22	8	0.499355886132	0.399554906727	-0.309369974442	0.862928789312	2.29255270958	-1.75369358063	4.926653862
23	8	0.499977726489	-0.442864752444	0.286070902318	-0.84972598518	-2.52772665024	1.64170384407	-4.85791969299
24	8	0.499990511686	0.368752221784	-0.310771345566	0.876038223883	2.11971950531	-1.78151273727	5.00165319443
25	8	0.499987136573	-0.315217603616	0.335727544573	-0.887651326922	-1.81540155411	1.92053604126	-5.0695734024
26	8	0.499977428466	0.324107579207	-0.316754855369	0.891414964369	1.8596739769	-1.82341241837	5.08999824524
27	8	0.499269921333	-0.321012612103	0.36957494959	-0.871989254238	-1.83989059925	2.10892677307	-4.97558641434
28	8	0.499674268067	0.319479775456	-0.311489888315	0.894933920774	1.82196688652	-1.78818893433	5.1161031723
29	8	0.499234426767	-0.30058561019	0.354376593507	-0.885474743243	-1.71847081184	2.00778269768	-5.06038427353
0	9	0.49895369634	-0.438740708654	0.392843189523	-0.808196027592	-2.49742460251	2.23103570938	-4.62478494644
1	9	0.444629725069	0.4799018595	-0.443441147687	0.757003404079	2.4438226223	-2.26145362854	3.88366556168
2	9	0.233753656968	0.403999585248	-0.428460737575	0.808211439833	1.14183664322	-1.18167185783	2.26129984856
3	9	0.445777378976	0.502201485897	-0.364380893334	0.7842322565	2.55920767784	-1.87195014954	4.02991247177
4	9	0.499673623592	-0.392221494884	0.317161225675	-0.863464565503	-2.2486140728	1.81649780273	-4.93399620056
5	9	0.499959751964	0.321338052961	-0.334983502552	0.885735800754	1.86243903637	-1.90754580498	5.05753946304
6	9	0.499998997897	-0.386869814712	0.371731865868	-0.843888124317	-2.20977306366	2.10160255432	-4.8364739418
7	9	0.49999551475	0.298699666587	-0.319396898863	0.899313143559	1.71976041794	-1.81492543221	5.14142274857
8	9	0.499999159947	-0.27923297196	0.235667988405	-0.930854202661	-1.60758638382	1.36438190937	-5.3145737648
9	9	0.499998312443	0.363857285279	-0.263515534558	0.893402170915	2.07616901398	-1.51054430008	5.10813903809
10	9	0.499999858439	-0.361644534867	0.228323080178	-0.903925772096	-2.06455183029	1.33138501644	-5.16276073456
11	9	0.499999817461	0.382911126881	-0.351555855917	0.854276037988	2.18166399002	-1.99667322636	4.8928399086
12	9	0.499999374151	-0.394366380927	0.372434151677	-0.840099970396	-2.25039696693	2.11991691589	-4.80864334106
13	9	0.499999403954	0.350039403726	-0.354041207836	0.867252696158	2.02550935745	-2.01889753342	4.95083665848
14	9	0.499994184822	-0.472214992847	0.37540524385	-0.797548684044	-2.69421887398	2.14282536507	-4.56508588791
15	9	0.49973770231	0.47611958329	-0.421393554695	0.771840407384	2.73403334618	-2.37964224815	4.41921234131
16	9	0.498968087137	-0.626269232825	0.305694605959	-0.71717337925	-3.55331254005	1.73989641666	-4.12508773804
17	9	0.47585041821	0.548052054997	-0.235950642802	0.80247507075	2.99326705933	-1.30046343803	4.4131155014
18	9	0.498365946114	-0.347248650964	0.301585600361	-0.887955235391	-1.99683380127	1.71368384361	-5.08237552643
19	9	0.498901311308	0.34290757532	-0.225578361777	0.911882008533	1.96130871773	-1.3010661602	5.19661331177
20	9	0.49985197559	-0.392776190997	0.248089690452	-0.885538462901	-2.24657440186	1.40778267384	-5.0645699501
21	9	0.499637342989	0.392047533755	-0.159383736804	0.906032866799	2.24826741219	-0.930989921093	5.16899204254
22	9	0.499983556569	-0.443921980256	0.21747772028	-0.869273671882	-2.53171849251	1.25061798096	-4.97103881836
23	9	0.499990679324	0.468013466395	-0.271677440848	0.840924945169	2.66174483299	-1.56000387669	4.81317234039
24	9	0.499998293817	-0.4614935361	0.337552806219	-0.820415638046	-2.62818026543	1.91569709778	-4.70192480087
25	9	0.499990999699	0.460636892558	-0.311137453069	0.831268391383	2.62723517418	-1.78000664711	4.75551319122
26	9	0.499254032969	-0.465392994405	0.279616992629	-0.839775980957	-2.64982700348	1.60719716549	-4.79417419434
27	9	0.498219210654	0.459969039173	-0.395395906185	0.795041231871	2.62153339386	-2.25047039986	4.56610298157
28	9	0.44570530206	-0.322686127924	0.39269065184	-0.861201320716	-1.66085278988	1.99370121956	-4.42086648941
29	9	0.498219706118	0.355037352992	-0.275770504514	0.893251983945	2.03364253044	-1.59346723557	5.10921430588
0	10	0.498962875456	0.435909906805	-0.303855371299	0.847144891079	2.48741865158	-1.73229551315	4.8389005661
1	10	0.497851941735	-0.462005317069	0.153725311811	-0.873452697923	-2.64691305161	0.910085439682	-4.99128723145
2	10	0.445980880409	0.457750279722	-0.319012824871	0.829876797472	2.34848380089	-1.64434170723	4.25406312943
3	10	0.498281542212	-0.479280281246	0.221567815235	-0.849233840153	-2.7453854084	1.28225922585	-4.85819625854
4	10	0.499248359352	0.542671279675	-0.229193825489	0.808070586381	3.07942342758	-1.31664085388	4.62288284302
5	10	0.499983157963	-0.528186136477	0.299375132069	-0.794603004986	-3.00081443787	1.69468998909	-4.56324338913
6	10	0.499960705638	0.483413596184	-0.229302190343	0.844826491375	2.75383496284	-1.32397329807	4.83169794083
7	10	0.499988935888	-0.3920159912	0.210624660903	-0.895522593162	-2.24023151398	1.21519207954	-5.11774969101
8	10	0.499986823648	0.422992394221	-0.245197622	0.872327668136	2.40492153168	-1.41256701946	4.99078512192
9	10	0.499997321516	-0.433954148224	0.379561363953	-0.817078312179	-2.47104668617	2.15449380875	-4.68408155441
10	10	0.499999996275	0.36199481786	-0.37863457818	0.851818999582	2.07496333122	-2.15593218803	4.87164497375
11	10	0.499997761101	-0.375030191292	0.320632805516	-0.86979707958	-2.14630746841	1.84132051468	-4.96830606461
12	10	0.500000469387	0.410075236235	-0.298199716376	0.861925304061	2.34299206734	-1.7049202919	4.92813682556
13	10	0.499999444932	-0.448840277621	0.217693117572	-0.866690320557	-2.57234358788	1.26122057438	-4.94837474823
14	10	0.499994717538	0.602122127308	-0.276266896254	0.749083136801	3.42346096039	-1.57917761803	4.29855871201
15	10	0.499989040196	-0.607855923305	0.255562411736	-0.751797200188	-3.45627498627	1.46847105026	-4.31165504456
16	10	0.49974411726	0.566751617069	-0.185147995972	0.802815560473	3.23000526428	-1.08084273338	4.58903503418
17	10	0.499840099365	-0.415200809777	0.236056400217	-0.878570238215	-2.38763093948	1.34530925751	-5.01701450348
18	10	0.499556500465	0.330518392183	-0.264776705261	0.90589783573	1.91006326675	-1.5090610981	5.16775560379
19	10	0.49997747317	-0.364916828353	0.227710363507	-0.902764475783	-2.09408521652	1.29932701588	-5.15884494781
20	10	0.499975278974	0.434217764573	-0.118762136556	0.892944840317	2.47527265549	-0.704094052315	5.10510396957
21	10	0.499995283782	-0.385207939285	0.227810509941	-0.894269095447	-2.21756291389	1.29566252232	-5.10795021057
22	10	0.499995041639	0.422371265431	-0.224926871984	0.878071988163	2.40598607063	-1.29621207714	5.02139425278
23	10	0.499998848885	-0.306845649983	0.35347610716	-0.883685684366	-1.78572010994	1.99067974091	-5.05429506302
24	10	0.499999415129	0.390746451753	-0.223458709359	0.892963277887	2.24573040009	-1.30537509918	5.09364080429
25	10	0.499960891902	-0.509313367402	0.313667910986	-0.801381516759	-2.90109539032	1.78037405014	-4.59293556213
26	10	0.499699816108	0.508537551656	-0.244223926343	0.825678044008	2.89838385582	-1.40602505207	4.72433948517
27	10	0.445471912622	-0.446830543341	0.192827606962	-0.873590281271	-2.28280162811	1.00087416172	-4.47653961182
28	10	0.232586614788	-0.342968264909	0.243680278692	-0.90718944606	-0.972815573215	0.694360256195	-2.51127576828
29	10	0.445372700691	-0.332355346573	0.320671933964	-0.886966422348	-1.7111030817	1.63642024994	-4.54255247116
0	11	0.499217428267	-0.44059877476	0.312287781212	-0.841634755334	-2.52798914909	1.77886128426	-4.79881954193
1	11	0.49927566573	0.518260638924	-0.289054453737	0.80489342954	2.94681310654	-1.64751935005	4.60367631912
2	11	0.499688517302	-0.500468483945	0.318300085516	-0.805118843487	-2.86097002029	1.81802344322	-4.6047244072
3	11	0.499244853854	0.437891793339	-0.312596330498	0.842931973225	2.50849747658	-1.77247714996	4.81155776978
4	11	0.499952226877	-0.500484919851	0.19628915082	-0.843199510361	-2.85341453552	1.13310050964	-4.82344388962
5	11	0.49919969961	0.443584731019	-0.10967178704	0.889496872133	2.54653835297	-0.659564614296	5.06643486023
6	11	0.499657146633	-0.492159001027	0.239941340993	-0.836784124246	-2.80348682404	1.36757600307	-4.79262733459
7	11	0.499237015843	0.338577091628	-0.199544421121	0.919536609942	1.95551884174	-1.14581668377	5.23959970474
8	11	0.499963019043	-0.375849708444	0.307378104204	-0.874217191388	-2.15252542496	1.74575781822	-5.00075149536
9	11	0.49997850135	0.44053423015	-0.39139121082	0.807924818383	2.50522089005	-2.22654700279	4.63178062439
10	11	0.499964062124	-0.348740442444	0.44906764961	-0.822628925992	-2.00729322433	2.54247903824	-4.71088457108
11	11	0.499991860241	0.379492948874	-0.390149028738	0.838909314008	2.17196393013	-2.21228837967	4.80394697189
12	11	0.499987989664	-0.393670239272	0.274254170591	-0.877387253512	-2.26340770721	1.57136154175	-5.00934410095
13	11	0.499999783933	0.504641878388	-0.168971759489	0.846631631273	2.88463973999	-0.991357147694	4.83618831635
14	11	0.499999836087	-0.58892028813	0.229790897802	-0.774834845316	-3.35407543182	1.31933140755	-4.43805027008
15	11	0.499996215105	0.472853940739	-0.235653530207	0.849044500853	2.72156047821	-1.35264754295	4.84257936478
16	11	0.499997034669	-0.473632195048	0.280228317859	-0.83495187507	-2.71170186996	1.58275198936	-4.77780866623
17	11	0.499987378716	0.420455595264	-0.171205314033	0.891013935277	2.41890931129	-1.00198078156	5.08250188828
18	11	0.499995004386	-0.51267533079	0.241754183742	-0.82384398999	-2.91201233864	1.38538861275	-4.72152042389
19	11	0.499992288649	0.450618954722	-0.25069014658	0.856794612526	2.57919335365	-1.42497706413	4.89910793304
20	11	0.499999906868	-0.465976694035	0.139693960778	-0.873699787077	-2.66651391983	0.820367217064	-4.99050331116
21	11	0.499999340624	0.520452503614	-0.288385531837	0.803718219595	2.95470190048	-1.63413405418	4.61438798904
22	11	0.499993380159	-0.396705304519	0.264643950473	-0.878970125115	-2.27657055855	1.51123976707	-5.02158975601
23	11	0.499995198101	0.393195938805	-0.194108768939	0.898731739469	2.25152826309	-1.1311609745	5.13229608536
24	11	0.499978929758	-0.435596097175	0.322928042577	-0.840222303586	-2.48787045479	1.82507991791	-4.81290340424
25	11	0.499986201525	0.517859971321	-0.259186072098	0.815256787849	2.94402551651	-1.49384975433	4.66775655746
26	11	0.499237146229	-0.461612087997	0.309854534602	-0.831206621486	-2.63457345963	1.75575077534	-4.74976348877
27	11	0.498290017247	0.385468074825	-0.231221643704	0.893280983103	2.2160513401	-1.3316514492	5.10888719559
28	11	0.445557508618	-0.42890990241	0.222408057451	-0.875540376908	-2.19223546982	1.14652967453	-4.48757171631
29	11	0.498194020241	0.500375674791	-0.309405503039	0.808636147329	2.85031056404	-1.77360498905	4.63741922379
0	12	0.499960325658	0.510355414334	-0.287291671192	0.810555887477	2.90133547783	-1.65152931213	4.64107656479
1	12	0.499979000539	-0.471253005489	0.328596564117	-0.818501620565	-2.70715761185	1.87519049644	-4.67305612564
2	12	0.499959185719	0.57858329852	-0.3126103234	0.753336679299	3.28230714798	-1.78886413574	4.32587862015
3	12	0.499982222915	-0.383462662881	0.325086400837	-0.864450818825	-2.22018527985	1.85872399807	-4.93047332764
4	12	0.499261036515	0.444022438175	-0.282558237767	0.850296957932	2.53734898567	-1.61116397381	4.85318756104
5	12	0.498183391988	-0.462315666338	0.203532111307	-0.863040499818	-2.64879488945	1.16873764992	-4.93877458572
6	12	0.445157513022	0.531350118838	-0.378026521766	0.758131255161	2.7201385498	-1.91770005226	3.89259648323
7	12	0.497436430305	-0.428293252728	0.147485539943	-0.891522801265	-2.44076800346	0.860616624355	-5.09843206406
8	12	0.499216180295	0.340855285921	-0.210149257089	0.916326886981	1.95998096466	-1.21212184429	5.22291088104
9	12	0.499242343009	-0.391431140453	0.275376456599	-0.878037282485	-2.23341226578	1.58241271973	-5.0096077919
10	12	0.499712668359	0.404815423726	-0.265703893043	0.874943377559	2.3114066124	-1.53081429005	5.00153303146
11	12	0.499244101346	-0.413214300099	0.232721756454	-0.880394528758	-2.3595187664	1.34686505795	-5.020383358
12	12	0.499976050109	0.459997864694	-0.285340617067	0.840822630957	2.63217139244	-1.62793171406	4.80710363388
13	12	0.499986760318	-0.557152007249	0.315576396297	-0.768110134629	-3.17056798935	1.79536414146	-4.40592670441
14	12	0.499999761581	0.577257766705	-0.309301139276	0.755715737577	3.28725481033	-1.75867247581	4.33445167542
15	12	0.499999392778	-0.484551952945	0.252586331888	-0.837501970052	-2.77374076843	1.45009231567	-4.78418684006
16	12	0.499998722225	0.47374849646	-0.208631758882	0.855590527816	2.71406269073	-1.2123003006	4.88353919983
17	12	0.499999608845	-0.492927636844	0.275849557604	-0.82518444387	-2.81920576096	1.56993103027	-4.71936416626
18	12	0.499999679625	0.536237029437	-0.320202801472	0.780973760245	3.05065155029	-1.81759881973	4.48068618774
19	12	0.499999649823	-0.503057720469	0.260528865821	-0.824049537316	-2.86857652664	1.48519468307	-4.71702241898
20	12	0.499999444932	0.495157066667	-0.214483448325	0.841912305246	2.82715940475	-1.23215174675	4.81368160248
21	12	0.499993432313	-0.494566914275	0.289957447849	-0.819346230687	-2.81959199905	1.64654016495	-4.6930141449
22	12	0.4999858886	0.378905670965	-0.32273651666	0.867335940293	2.18078422546	-1.82692623138	4.95950365067
23	12	0.499600250274	-0.469532539255	0.156386642873	-0.868954781626	-2.66548132896	0.919763207436	-4.96874427795
24	12	0.499824304134	0.391082145865	-0.273558730726	0.878760704645	2.24740982056	-1.55653572083	5.02099847794
25	12	0.499448053539	-0.411269389105	0.285199464098	-0.865747512421	-2.35646104813	1.62369024754	-4.94191503525
26	12	0.499954070896	0.432410916126	-0.296256799726	0.851617700751	2.469871521	-1.69332790375	4.87005329132
27	12	0.499235138297	-0.434835647424	0.273781694701	-0.857882010172	-2.48539829254	1.56329977512	-4.89501428604
28	12	0.49969176203	0.437816764652	-0.314361794156	0.842314159304	2.50416517258	-1.79444551468	4.81708240509
29	12	0.499243468046	-0.412715340624	0.36453198971	-0.834734973564	-2.37005257607	2.06816577911	-4.76341533661
0	13	0.499986801296	-0.444565815483	0.275211934305	-0.852419865395	-2.551456213	1.59029912949	-4.86267280579
1	13	0.499997597188	0.485738183616	-0.377155015138	0.788550893433	2.77992081642	-2.13616871834	4.51598596573
2	13	0.499999500811	-0.546647346218	0.285263745607	-0.787274586352	-3.12414193153	1.64448142052	-4.49687099457
3	13	0.499959934503	0.471486974354	-0.391105072336	0.790402970267	2.703125	-2.21793675423	4.52306175232
4	13	0.499599214643	-0.457870285099	0.375177903348	-0.805975398423	-2.62557315826	2.13110613823	-4.60988998413
5	13	0.446183614433	0.55790051225	-0.211208005619	0.80258220563	2.85511159897	-1.09968042374	4.12073230743
6	13	0.234727505594	0.558657836188	-0.266757012433	0.785329305695	1.54483509064	-0.762992620468	2.21563863754
7	13	0.444648232311	0.434031331994	-0.437280986033	0.787656106497	2.23129963875	-2.21354269981	4.03670167923
8	13	0.498939659446	-0.375433569256	0.2957246245	-0.87840570441	-2.15884757042	1.69241905212	-5.00842761993
9	13	0.498175062239	0.357980446769	-0.375370420661	0.854954412249	2.05427885056	-2.13207483292	4.89969730377
10	13	0.445970289409	-0.398173864097	0.267576638886	-0.877416842939	-2.04293513298	1.37266492844	-4.49988269806
11	13	0.49834164232	0.406934546614	-0.261745529767	0.875153445071	2.33747625351	-1.49637424946	5.00841236115
12	13	0.499237541109	-0.511197611317	0.252378027538	-0.821573084637	-2.90257263184	1.45192432404	-4.69587230682
13	13	0.499991703779	0.447363278165	-0.358865948368	0.819195537373	2.57715010643	-2.04075527191	4.6778512001
14	13	0.499998502433	-0.486479992616	0.283992380742	-0.82624787108	-2.78225898743	1.63604402542	-4.71870803833
15	13	0.500000089407	0.452668202748	-0.341491302957	0.823696053302	2.59491252899	-1.94264030457	4.70916986465
16	13	0.499999955297	-0.523039137648	0.325678304106	-0.787631705001	-2.98135137558	1.85106396675	-4.51343202591
17	13	0.499999709427	0.555875684212	-0.277115565029	0.783714991129	3.15966749191	-1.59184205532	4.49093914032
18	13	0.499999899417	-0.401090007061	0.313029178653	-0.86089461582	-2.31733632088	1.77494180202	-4.91647434235
19	13	0.500000931323	0.417027714923	-0.188407707549	0.889151517303	2.38820958138	-1.10190403461	5.07654619217
20	13	0.499999064952	-0.466818123934	0.259457528053	-0.845436354969	-2.66470813751	1.46697282791	-4.84053039551
21	13	0.499994400889	0.466440494655	-0.163488268497	0.869312861408	2.65997552872	-0.957616448402	4.96969652176
22	13	0.499596394598	-0.355597827372	0.30309460075	-0.884128864004	-2.04780054092	1.7119499445	-5.0510225296
23	13	0.498912025243	0.438182600193	-0.218746008476	0.87186363192	2.49639630318	-1.25020217896	4.99068546295
24	13	0.468007788062	-0.42176949492	0.211620383117	-0.881661673548	-2.27305793762	1.14218294621	-4.75567483902
25	13	0.498233307153	0.424217094805	-0.222969291573	0.877681349632	2.42385983467	-1.28756904602	5.02246856689
26	13	0.49913232401	-0.374061995503	0.322878885867	-0.869383027544	-2.15284109116	1.83116173744	-4.95882701874
27	13	0.499965175986	0.540565181458	-0.244861676198	0.804880142707	3.0672454834	-1.41868889332	4.61229610443
28	13	0.499952726066	-0.479304096723	0.324640832553	-0.815399235163	-2.73987960815	1.85503613949	-4.66153335571
29	13	0.499991446733	0.406557302887	-0.351043744419	0.843492411924	2.34428954124	-2.00225639343	4.81507349014
0	14	0.499999072403	0.510417919443	-0.335669857207	0.791706570943	2.9181933403	-1.92144536972	4.52515220642
1	14	0.499999895692	-0.497043647215	0.305061743518	-0.812333026169	-2.85380029678	1.7485268116	-4.63510656357
2	14	0.499997660518	0.640250787254	-0.266294058584	0.720532028285	3.63706588745	-1.53422164917	4.13607549667
3	14	0.499992020428	-0.586167232059	0.299293706115	-0.752881965211	-3.34510946274	1.71829485893	-4.30651521683
4	14	0.499271221459	0.490095378727	-0.358795868828	0.794400430679	2.8095843792	-2.03645968437	4.5335855484
5	14	0.498334024101	-0.473311439987	0.19632832869	-0.858738300142	-2.71851491928	1.1445915699	-4.90848445892
6	14	0.445783339441	0.42651446431	-0.341850825867	0.837390843387	2.20453619957	-1.74251031876	4.28921604156
7	14	0.497277759016	-0.621508090532	0.172307867198	-0.764223587901	-3.53936362267	1.00223648548	-4.37478208542
8	14	0.498873285949	0.578588075901	-0.250867114811	0.776080877958	3.28197669983	-1.43469655514	4.44701814651
9	14	0.444803537801	-0.359905407628	0.244229620664	-0.900455434739	-1.8586974144	1.2591509819	-4.59835195541
10	14	0.233164677396	-0.431520757873	0.287277639451	-0.855138230578	-1.18843138218	0.797471165657	-2.39308643341
11	14	0.445928646252	-0.343121399451	0.205441542603	-0.916548677273	-1.7740598917	1.06749594212	-4.69234848022
12	14	0.499624408782	0.473734693581	-0.267723801311	0.838987131194	2.71283173561	-1.5338704586	4.79380607605
13	14	0.499960832298	-0.526594615924	0.416301365911	-0.741209338325	-3.00029945374	2.35211753845	-4.26081514359
14	14	0.500000275671	0.473015678214	-0.313904727743	0.823237505259	2.71113705635	-1.80381035805	4.69915676117
15	14	0.499999757856	-0.409819587945	0.35926172212	-0.838438381967	-2.36054039001	2.0453119278	-4.78838682175
16	14	0.499999888241	0.470828111274	-0.297811187874	0.830439272922	2.6905169487	-1.71415710449	4.74414300919
17	14	0.500000052154	-0.520676681839	0.316531221907	-0.792908430115	-2.96458387375	1.80438446999	-4.5433511734
18	14	0.499999891967	0.451779377411	-0.218138597762	0.865049678523	2.57802987099	-1.26787960529	4.94303798676
19	14	0.499999579042	-0.325139862151	0.306024906871	-0.894780881789	-1.88804960251	1.7210662365	-5.11546897888
20	14	0.500000271946	0.425383747429	-0.20255984308	0.88205338693	2.43127632141	-1.15803873539	5.04323816299
21	14	0.499981157482	-0.434883568966	0.148846340922	-0.888099683728	-2.48178100586	0.864110946655	-5.07683944702
22	14	0.499791372567	0.366218410624	-0.209474884456	0.906644554664	2.09700298309	-1.19513404369	5.18212604523
23	14	0.468158360571	-0.28726142243	0.131983456702	-0.948715575049	-1.56619369984	0.72882938385	-5.11150693893
24	14	0.305173059925	-0.42671403268	0.250871736864	-0.868894991329	-1.54549276829	0.905941128731	-3.18356800079
25	14	0.418719548732	-0.424837028658	0.119673053852	-0.897324834863	-2.0657184124	0.612739443779	-4.36578130722
26	14	0.497985079885	0.364415676984	-0.324548710243	0.872851275446	2.09614658356	-1.85770332813	4.98705625534
27	14	0.499173816293	-0.496691938565	0.330352704843	-0.802598410519	-2.83734989166	1.87988066673	-4.58235883713
28	14	0.499976240098	0.52669926419	-0.370703386392	0.764962015017	3.00956916809	-2.11088371277	4.37841129303
29	14	0.499990090728	-0.570499260915	0.359138724087	-0.738613545879	-3.24710226059	2.0516679287	-4.23485708237
0	15	0.499998956919	-0.51917983541	0.433896157563	-0.736333092395	-2.97859334946	2.46165466309	-4.21393966675
1	15	0.499999489635	0.531143762075	-0.297339901338	0.793394786397	3.04161310196	-1.71683239937	4.52636766434
2	15	0.49999974668	-0.558857996897	0.334079587123	-0.758991810741	-3.2088227272	1.89912807941	-4.3338136673
3	15	0.499987654388	0.642937137486	-0.280059395487	0.712880475424	3.66489028931	-1.61306476593	4.08031511307
4	15	0.499975383282	-0.601737024662	0.380310693574	-0.702336336454	-3.43636751175	2.14932012558	-4.03347444534
5	15	0.499246753752	0.524898060597	-0.258548056474	0.810946933205	3.00612068176	-1.48003077507	4.62204742432
6	15	0.499683983624	-0.515559100798	0.305938408765	-0.800375226769	-2.95014739037	1.73626589775	-4.58006429672
7	15	0.499272435904	0.533656115418	-0.227718229472	0.814466425609	3.05025720596	-1.31308054924	4.64381217957
8	15	0.499230828136	-0.528549213854	0.309928433999	-0.790303798759	-3.01980447769	1.76835489273	-4.51015233994
9	15	0.497732557356	0.530036520305	-0.398575358455	0.748464408489	3.02663326263	-2.2619843483	4.29527950287
10	15	0.445364180952	-0.363487685568	0.327717244899	-0.872053960392	-1.86952090263	1.67404139042	-4.46567201614
11	15	0.498279668391	0.428970331391	-0.254137128781	0.866832610462	2.46820163727	-1.4606719017	4.95594644547
12	15	0.499228816479	-0.528559669202	0.207321924928	-0.823190315503	-3.00834345818	1.20484817028	-4.69927549362
13	15	0.499991055578	0.5185420219	-0.292554947509	0.803446186258	2.96998214722	-1.676825881	4.58829069138
14	15	0.499997608364	-0.568273272004	0.334831900657	-0.75163361196	-3.22799730301	1.91734135151	-4.31172657013
15	15	0.499999973923	0.496137014267	-0.347052096128	0.795866135507	2.82829523087	-1.98879146576	4.55303812027
16	15	0.499998345971	-0.399848532322	0.368503956684	-0.839241315182	-2.30414056778	2.09626340866	-4.79387950897
17	15	0.499999385327	0.41587317391	-0.380145885078	0.826158949162	2.39894008636	-2.15378975868	4.72218132019
18	15	0.499997850507	-0.462143003898	0.260562450303	-0.847662110419	-2.63888072968	1.4859855175	-4.84904098511
19	15	0.499999597669	0.420237329162	-0.150242328587	0.894889842316	2.4018676281	-0.875220298767	5.11404037476
20	15	0.499998569489	-0.451043088285	0.0974603403151	-0.887164930876	-2.57365465164	0.577074170113	-5.07227706909
21	15	0.499993905425	0.413430920491	-0.212205322348	0.885462463998	2.36484479904	-1.1967113018	5.06554555893
22	15	0.499463167042	-0.407139586616	0.197846487796	-0.891680505718	-2.3228867054	1.12302839756	-5.09468698502
23	15	0.498135726899	0.361459502327	-0.163041764127	0.918022010263	2.0707256794	-0.93541020155	5.25256919861
24	15	0.417029591277	-0.265350589651	0.372864129533	-0.8891352009	-1.30436992645	1.79974365234	-4.31149339676
25	15	0.367226228118	-0.266296133092	0.512360737781	-0.816439124419	-1.18590342999	2.22501945496	-3.60246896744
26	15	0.416463308036	-0.344033650479	0.495964505839	-0.797282921105	-1.66928648949	2.390396595	-3.86929774284
27	15	0.497804738581	0.587162709278	-0.28504090184	0.757622357848	3.34076213837	-1.64537405968	4.34212398529
28	15	0.499483264983	-0.530211104507	0.34671814257	-0.773732973493	-3.03856730461	1.98448133469	-4.40989303589
29	15	0.499992378056	0.609405577854	-0.346979826545	0.712902406822	3.4660525322	-1.99730086327	4.08464717865
0	16	0.499999582767	0.568849987332	-0.45146062285	0.687453996954	3.25206112862	-2.57186985016	3.93602371216
1	16	0.499999888241	-0.597672215708	0.373088062956	-0.709643022829	-3.41358876228	2.12475395203	-4.06439399719
2	16	0.499999433756	0.629979931262	-0.311029293728	0.711608083604	3.59869909286	-1.77885556221	4.07038831711
3	16	0.500000029802	-0.655533282894	0.295654699399	-0.694884460714	-3.74814414978	1.68543624878	-3.97400331497
4	16	0.499987468123	0.651182170581	-0.229733280645	0.723314869529	3.71995353699	-1.32205915451	4.13497781754
5	16	0.499990656972	-0.64138818046	0.212420924887	-0.737223543191	-3.65409946442	1.21787130833	-4.22497987747
6	16	0.499961525202	0.563296497365	-0.201302131164	0.80135791507	3.21800613403	-1.16749632359	4.57861804962
7	16	0.499978367239	-0.498695850705	0.332285621996	-0.800555253499	-2.86089539528	1.88167226315	-4.57821178436
8	16	0.49995823577	0.493248335264	-0.352839630597	0.795116516518	2.82709693909	-2.00181865692	4.54784059525
9	16	0.49926218763	-0.514295666059	0.276045235623	-0.811972287558	-2.92619037628	1.60192322731	-4.63270950317
10	16	0.499704696238	0.402922298482	-0.379746009918	0.83273440504	2.32715129852	-2.15368461609	4.75934934616
11	16	0.499227702618	-0.522060308166	0.363443786927	-0.771596817244	-2.96733617783	2.06018352509	-4.42014026642
12	16	0.499975413084	0.53719926097	-0.32278563064	0.779247323169	3.06861305237	-1.83661174774	4.46045541763
13	16	0.499986138195	-0.543347046317	0.26175144309	-0.797659181167	-3.09997558594	1.52060437202	-4.55679178238
14	16	0.499999195337	0.453402277785	-0.421163076076	0.785524053005	2.60922193527	-2.38849496841	4.49174547195
15	16	0.499987259507	-0.472891497244	0.404398490297	-0.782838101321	-2.70448040962	2.29433751106	-4.48392248154
16	16	0.499991942197	0.472637503457	-0.281946294136	0.834937169822	2.70503258705	-1.62690329552	4.76701021194
17	16	0.49996124208	-0.588408131184	0.276455172715	-0.759834461337	-3.34184741974	1.58334589005	-4.36042547226
18	16	0.499991945922	0.498884584081	-0.225135892692	0.83691576732	2.84903168678	-1.293202281	4.78506040573
19	16	0.49998774752	-0.402484904635	0.181727098098	-0.897207424935	-2.32284593582	1.03796195984	-5.11993265152
20	16	0.499998923391	0.472358397643	-0.115760548233	0.873771732004	2.69300198555	-0.664730608463	4.9990735054
21	16	0.499991562217	-0.369527921099	0.147612019791	-0.917420191156	-2.13688373566	0.843484044075	-5.23534822464
22	16	0.49997356534	0.452047304745	-0.109859516033	0.885202869974	2.57226681709	-0.646008849144	5.06502532959
23	16	0.499147128314	-0.368998680092	0.114719334009	-0.922322854804	-2.12597441673	0.673923969269	-5.25431776047
24	16	0.498017858714	0.495390520812	-0.21644265835	0.841273325106	2.80673670769	-1.24681484699	4.82671451569
25	16	0.418525747955	-0.369973064756	0.237038632916	-0.898294282438	-1.80339598656	1.17400288582	-4.36571741104
26	16	0.306074747816	-0.367633675803	0.367928342395	-0.854092626873	-1.3602848053	1.34452939034	-3.12499666214
27	16	0.468015078455	-0.460147183658	0.398430278993	-0.793421629497	-2.49194407463	2.15334963799	-4.27257966995
28	16	0.499806590378	0.554994534384	-0.444663826855	0.703032821346	3.17016124725	-2.53067398071	4.0286192894
29	16	0.499980270863	-0.528805449686	0.449383099234	-0.720013629388	-3.03934144974	2.55862545967	-4.11081314087
0	17	0.499998509884	-0.615988299388	0.436886917914	-0.655506091484	-3.5175280571	2.4780831337	-3.76510286331
1	17	0.499999687076	0.596892739264	-0.294813385778	0.746193088537	3.4140651226	-1.69572257996	4.26114177704
2	17	0.499999947846	-0.659520789648	0.258229939002	-0.705938826405	-3.76158285141	1.47888803482	-4.04381847382
3	17	0.500000208616	0.716343437357	-0.286496499877	0.636216814705	4.08000898361	-1.62232422829	3.66250371933
4	17	0.499999247491	-0.659104415896	0.159258723393	-0.734995257107	-3.76656913757	0.928688764572	-4.19962835312
5	17	0.499998219311	0.624928627499	-0.19291796167	0.75647000641	3.56639766693	-1.1110970974	4.32797956467
6	17	0.499999102205	-0.549602449839	0.209970830987	-0.808609545619	-3.15002059937	1.20165228844	-4.61689567566
7	17	0.499997198582	0.539141006056	-0.267971151287	0.798447517165	3.0818271637	-1.52684521675	4.56655454636
8	17	0.499987736344	-0.534734960336	0.249271955863	-0.807416877589	-3.05074739456	1.44279420376	-4.61470270157
9	17	0.499990176409	0.44467234253	-0.379501227369	0.811323194673	2.55608201027	-2.14531469345	4.642557621
10	17	0.499961838126	-0.532847125242	0.251487053827	-0.807977848012	-3.03077960014	1.46657669544	-4.62057161331
11	17	0.499991707504	0.493430875028	-0.279373168629	0.823696912838	2.83662247658	-1.60377192497	4.69761133194
12	17	0.499986749142	-0.520321972775	0.310969192947	-0.795338422111	-2.97444844246	1.78926968575	-4.54240655899
13	17	0.499998740852	0.550804173577	-0.378098823621	0.744080668978	3.13979244232	-2.15501976013	4.26415634155
14	17	0.499987229705	-0.474463137729	0.382489057048	-0.792834694104	-2.72495245934	2.18604803085	-4.52564430237
15	17	0.499974343926	0.472023834316	-0.293255159962	0.831381327066	2.70183253288	-1.68891692162	4.74695301056
16	17	0.499271035194	-0.454577214688	0.306589248855	-0.836279013472	-2.6074590683	1.7418346405	-4.77041959763
17	17	0.499675251544	0.618796437998	-0.24327657127	0.746932043892	3.51262879372	-1.40259122849	4.2893037796
18	17	0.499262265861	-0.48322648061	0.270934667989	-0.832518212485	-2.76725053787	1.53921997547	-4.74989700317
19	17	0.499977875501	0.538255518805	-0.212218559953	0.815625085004	3.06719827652	-1.20488059521	4.67243623734
20	17	0.499987125397	-0.533211836519	0.0583942153249	-0.843964011681	-3.05072951317	0.360320568085	-4.82220458984
21	17	0.499999437481	0.498482938319	-0.139958035264	0.855527035557	2.84282302856	-0.800994157791	4.89517211914
22	17	0.499988719821	-0.450902307957	0.246575912273	-0.857838812462	-2.58751416206	1.38694119453	-4.90589046478
23	17	0.499961871654	0.457483216284	-0.240254846908	0.856146433361	2.60333323479	-1.37024414539	4.90213871002
24	17	0.499138567597	-0.352253022292	0.314207502045	-0.881584626649	-2.03875398636	1.77813458443	-5.02654981613
25	17	0.497554950416	0.425428103056	-0.31520246939	0.848326783982	2.42334961891	-1.79883408546	4.85380268097
26	17	0.468028556556	-0.51233841291	0.384184347459	-0.768057118855	-2.76108026505	2.06725144386	-4.15405464172
27	17	0.498151443899	0.546718165765	-0.472979117314	0.690934151572	3.1204123497	-2.67436790466	3.96546983719
28	17	0.499578528106	-0.627193724801	0.40083847792	-0.667799780016	-3.56786060333	2.29383039474	-3.82677125931
29	17	0.499982215464	0.62554761474	-0.394889754547	0.672868682171	3.56688117981	-2.25361585617	3.85849809647
0	18	0.499997735023	0.596589521956	-0.304883335832	0.742379346308	3.41095232964	-1.73748517036	4.24686384201
1	18	0.500000078231	-0.521274646758	0.266753228691	-0.810626583348	-3.00274515152	1.51983761787	-4.62205791473
2	18	0.499999970198	0.542763213249	-0.165276304887	0.823463318786	3.12462544441	-0.964338064194	4.69042921066
3	18	0.499998889863	-0.638008405967	0.177874699242	-0.749203487235	-3.64529180527	1.03457856178	-4.28161334991
4	18	0.499999545515	0.617592633046	-0.189806490715	0.76325148915	3.53170967102	-1.09535479546	4.36019706726
5	18	0.499998666346	-0.541523568845	0.313341490443	-0.780108540366	-3.11245346069	1.76324248314	-4.46029376984
6	18	0.499999932945	0.594246428049	-0.179168641051	0.784072560937	3.38640403748	-1.03825449944	4.48752498627
7	18	0.5	-0.557293002517	0.199945553531	-0.805882302181	-3.19509840012	1.14736735821	-4.59999275208
8	18	0.499999754131	0.559133360257	-0.271995003426	0.783191294359	3.17970871925	-1.5550801754	4.4898276329
9	18	0.499998003244	-0.386645241402	0.335138692718	-0.859178394715	-2.24328327179	1.91590332985	-4.89809417725
10	18	0.499999754131	0.515931113673	-0.409736526021	0.752283899328	2.95204305649	-2.3160610199	4.31459903717
11	18	0.499997571111	-0.646304521248	0.257627423687	-0.71827472208	-3.65953636169	1.50049781799	-4.13069391251
12	18	0.499999456108	0.480841926469	-0.441488810413	0.757547801811	2.76124835014	-2.50338602066	4.33621692657
13	18	0.49999782443	-0.516056175544	0.436864241478	-0.736773817532	-2.94903874397	2.49261856079	-4.21594667435
14	18	0.499991610646	0.599277443985	-0.430043733052	0.67522509787	3.4055621624	-2.4485039711	3.88633036613
15	18	0.499231062829	-0.521150344216	0.258897565799	-0.813249266305	-2.97361207008	1.50616014004	-4.63538408279
16	18	0.497867632657	0.430268309297	-0.270208502546	0.861310946852	2.47382903099	-1.55348968506	4.92039299011
17	18	0.44541335851	-0.518608260309	0.279902859885	-0.807898422679	-2.65554380417	1.44604372978	-4.13529205322
18	18	0.498201381415	0.404991786046	-0.283692973438	0.869195001169	2.34002971649	-1.61977779865	4.96798324585
19	18	0.49926603213	-0.557721995198	0.196415197058	-0.806453499241	-3.17872524261	1.12892413139	-4.60568666458
20	18	0.499992221594	0.660028660364	-0.160178109647	0.733965353874	3.7455329895	-0.908668577671	4.22406005859
21	18	0.499998118728	-0.502085372844	0.114742054936	-0.857172409265	-2.88900780678	0.666999697685	-4.88841724396
22	18	0.49999749288	0.548745832529	-0.141224750405	0.823974260007	3.12029600143	-0.82881385088	4.71884298325
23	18	0.499981161207	-0.434829857718	0.242976034888	-0.867113395875	-2.50106668472	1.38805615902	-4.9500746727
24	18	0.499251119792	0.460587483927	-0.245278826292	0.853051854827	2.62231707573	-1.40476250648	4.87263822556
25	18	0.497663415968	-0.355597684083	0.241710778833	-0.902843389781	-2.05105209351	1.3897163868	-5.15462875366
26	18	0.445407588035	0.512046360192	-0.210568806079	0.83274804288	2.62370276451	-1.09138715267	4.26529741287
27	18	0.49795159325	-0.501397302731	0.212931343977	-0.83860657496	-2.88162946701	1.25023043156	-4.78448009491
28	18	0.499233417213	0.552738818953	-0.367638447665	0.747878178463	3.15654420853	-2.08247470856	4.27685260773
29	18	0.499985676259	-0.568741566919	0.214429956184	-0.794073563311	-3.26045227051	1.26239180565	-4.52455759048
0	19	0.50000012666	-0.654594489597	0.196208065232	-0.730074276583	-3.73507785797	1.14375543594	-4.17451763153
1	19	0.499999426305	0.657831966199	-0.199718384555	0.726202224671	3.74602794647	-1.15148282051	4.16268920898
2	19	0.499994009733	-0.641837929111	0.229210162986	-0.731783283451	-3.65897703171	1.31093120575	-4.19263553619
3	19	0.499995157123	0.609639525808	-0.333365545065	0.719171093646	3.49423670769	-1.87573492527	4.11845302582
4	19	0.499981634319	-0.63429326286	0.252270946808	-0.730774538477	-3.61916351318	1.43803572655	-4.18520307541
5	19	0.499993987381	0.558021289596	-0.251785743254	0.790706127364	3.19323277473	-1.43218171597	4.52067947388
6	19	0.499992541969	-0.536767679507	0.207172558277	-0.817899742838	-3.09012126923	1.18770027161	-4.66142654419
7	19	0.499999709427	0.685070108447	-0.126717776639	0.717371278764	3.88859009743	-0.754665791988	4.12502002716
8	19	0.499999713153	-0.464981680195	0.295744691805	-0.834462170714	-2.6902089119	1.67792093754	-4.75867414474
9	19	0.499999888241	0.495109233992	-0.273162029452	0.824772303173	2.82278728485	-1.57804489136	4.7143907547
10	19	0.500000163913	-0.515506960682	0.364591365629	-0.775451938934	-2.94167327881	2.07409000397	-4.44158172607
11	19	0.500000096858	0.488304790322	-0.290951970599	0.822742597993	2.7970328331	-1.68454360962	4.69382476807
12	19	0.499999817461	-0.409845556222	0.423255375038	-0.808010833805	-2.35261392593	2.41648769379	-4.61645507812
13	19	0.49999954924	0.410503428618	-0.429689385722	0.80427232135	2.36487436295	-2.45992231369	4.58736801147
14	19	0.499961048365	-0.544108077366	0.459741790796	-0.701843206094	-3.10003352165	2.62092399597	-4.02523612976
15	19	0.499633766711	0.536013055729	-0.451060977603	0.713606333052	3.06232500076	-2.57506227493	4.08477973938
16	19	0.445071980357	-0.494518895633	0.564273124704	-0.661095229599	-2.53564023972	2.86515688896	-3.40202021599
17	19	0.233374536037	-0.472595483578	0.383897748255	-0.793269202595	-1.33574986458	1.07821750641	-2.19834828377
18	19	0.445639029145	-0.518124803798	0.290745267181	-0.804371728308	-2.65500998497	1.50025248528	-4.11932420731
19	19	0.499697640538	0.547158767146	-0.25003226685	0.798812336578	3.12987756729	-1.41697406769	4.57077360153
20	19	0.499961245805	-0.583479348043	0.129145400334	-0.801793811388	-3.33608150482	0.757080852985	-4.58014154434
21	19	0.499999914318	0.585179316935	-0.169295450289	0.793034814836	3.33525395393	-0.972910344601	4.54033851624
22	19	0.50000013411	-0.515032299209	0.284080937489	-0.80872724186	-2.95453476906	1.60222578049	-4.62522363663
23	19	0.499963920563	0.500206781986	-0.320142738802	0.804550683331	2.86264610291	-1.80904841423	4.60593986511
24	19	0.499599497765	-0.568028642109	0.245504825402	-0.785538568403	-3.22736477852	1.40693199635	-4.50512266159
25	19	0.445483293384	0.426408685337	-0.349849371749	0.834134911244	2.20043945312	-1.77386856079	4.27429771423
26	19	0.233030995354	0.522570809771	-0.262119764148	0.811303258972	1.44780158997	-0.722309947014	2.26865339279
27	19	0.445290680975	0.609467972081	-0.242372861182	0.754853752173	3.1054725647	-1.24316382408	3.87890696526
28	19	0.499645419419	-0.507511467236	0.357748196767	-0.783867551525	-2.91380929947	2.03050518036	-4.48128271103
29	19	0.499962717295	0.599751479981	-0.332367328358	0.727894306408	3.42069959641	-1.88086795807	4.17694568634
0	20	0.499997846782	0.664518704883	-0.283651156637	0.691344279067	3.77501106262	-1.6129295826	3.9804546833
1	20	0.499993644655	-0.57449277485	0.241306561934	-0.782131187725	-3.29234862328	1.37838625908	-4.46602249146
2	20	0.499987766147	0.585117335584	-0.222760120281	0.779753571593	3.35054302216	-1.2742677927	4.45346069336
3	20	0.499606497586	-0.650250725213	0.210058102345	-0.730102450344	-3.70102286339	1.21093559265	-4.18001317978
4	20	0.4998068735	0.640927969026	-0.178310153813	0.746603527695	3.65257072449	-1.02592849731	4.27657985687
5	20	0.499478973448	-0.535773956752	0.121199012452	-0.83561777545	-3.07609653473	0.727417886257	-4.75806236267
6	20	0.499978035688	0.624190950711	-0.307821113602	0.718075078993	3.56481385231	-1.73996758461	4.11836433411
7	20	0.499989263713	-0.674048449589	0.238188169613	-0.69923178093	-3.84357190132	1.36369740963	-4.00625896454
8	20	0.499999903142	0.586817745537	-0.280162348891	0.759706516878	3.34515523911	-1.60040223598	4.35183095932
9	20	0.499999996275	-0.460239489028	0.348726642761	-0.816436979422	-2.64668536186	1.98154187202	-4.6641125679
10	20	0.499999489635	0.475900553327	-0.318122622131	0.819949181737	2.72229194641	-1.83395624161	4.68069267273
11	20	0.499998729676	-0.452507667757	0.409956120554	-0.791942415736	-2.58279156685	2.34112215042	-4.53170204163
12	20	0.499999370426	0.371223995669	-0.478817263863	0.795566950587	2.13401007652	-2.72585844994	4.54963302612
13	20	0.499996758997	-0.430024851109	0.442748315363	-0.786798930268	-2.45958065987	2.528683424	-4.49853897095
14	20	0.499976150692	0.461480244503	-0.409877340815	0.786788757813	2.64143490791	-2.3632645607	4.48609972
15	20	0.499237388372	-0.523156984011	0.496388254149	-0.6927520994	-2.97237873077	2.82251954079	-3.97347640991
16	20	0.49806150794	0.427261408433	-0.547397800211	0.719585531531	2.46451091766	-3.12159776688	4.11604833603
17	20	0.445849843323	-0.609433083044	0.508930195132	-0.607932047004	-3.10585570335	2.6008079052	-3.14519834518
18	20	0.498247824609	0.48727673254	-0.407601585488	0.77228384253	2.79811000824	-2.31908130646	4.42512607574
19	20	0.499240878969	-0.525776106489	0.180307100318	-0.831293471296	-3.00996494293	1.0636818409	-4.73355865479
20	20	0.499991688877	0.554022562023	-0.224182401799	0.80174887059	3.17344164848	-1.2726585865	4.58176279068
21	20	0.499997191131	-0.563231602292	0.225839016735	-0.794837656821	-3.22470283508	1.27488732338	-4.54529094696
22	20	0.49999795109	0.574354381147	-0.166399649718	0.801516189126	3.27511787415	-0.96286213398	4.58588552475
23	20	0.499991681427	-0.51265891421	0.199075478391	-0.835194463335	-2.93669342995	1.14374697208	-4.77001810074
24	20	0.499235611409	0.520143236886	-0.15373365318	0.84012914305	2.97039246559	-0.891906142235	4.79198074341
25	20	0.498264737427	-0.493456463555	0.170875123469	-0.852820268729	-2.8203663826	0.98064160347	-4.8853969574
26	20	0.445632908493	0.495599059757	-0.19215154406	0.84702972562	2.5385723114	-0.988355755806	4.34197807312
27	20	0.498101443052	-0.434774986067	0.135086131662	-0.89034962151	-2.49399924278	0.777582526207	-5.09337091446
28	20	0.499270718545	0.468636330272	-0.240292878796	0.850081950372	2.68596577644	-1.37093317509	4.847427845
29	20	0.499991409481	-0.519387667071	0.241907448079	-0.819583575884	-2.98285150528	1.39011788368	-4.67552757263
0	21	0.499998234212	-0.497906670736	0.305321607674	-0.811706636122	-2.86304569244	1.72330403328	-4.63966274261
1	21	0.499995533377	0.508057721301	-0.236799968353	0.828132312384	2.91358375549	-1.35445809364	4.72852993011
2	21	0.499605033547	-0.560285629872	0.208042390049	-0.801747077888	-3.19941759109	1.20387732983	-4.57688140869
3	21	0.498979054391	0.54261678441	-0.275078042028	0.793661827273	3.11629533768	-1.56291794777	4.53362798691
4	21	0.46853100881	-0.548700559846	0.201173995175	-0.811453460951	-2.96815180779	1.09523379803	-4.37551355362
5	21	0.498316608369	0.517977679733	-0.26840200683	0.812194241563	2.98031902313	-1.53193211555	4.6419210434
6	21	0.499151304364	-0.653559967473	0.342682220936	-0.67485425417	-3.71922302246	1.94330716133	-3.8693189621
7	21	0.49997433275	0.665135282108	-0.25796117956	0.700750373768	3.79612112045	-1.47523403168	4.01240253448
8	21	0.499990046024	-0.564995743046	0.212603059036	-0.797232556804	-3.23620033264	1.23661613464	-4.5480837822
9	21	0.499999478459	0.509726385241	-0.326066264241	0.796153128181	2.91763448715	-1.86589312553	4.54871797562
10	21	0.499991327524	-0.497262933753	0.382628384909	-0.778668795944	-2.8297958374	2.19435715675	-4.45698356628
11	21	0.499993145466	0.390077504692	-0.49696727981	0.775153573901	2.24316525459	-2.82916378975	4.43306064606
12	21	0.499981597066	-0.350614321267	0.468443703984	-0.810943952392	-2.02828145027	2.67787504196	-4.62620592117
13	21	0.49998190999	0.491018883621	-0.400635517401	0.773557779435	2.78784894943	-2.30963230133	4.42511701584
14	21	0.499957464635	-0.381501939871	0.549492284947	-0.743313190155	-2.20476055145	3.11151194572	-4.26061582565
15	21	0.499179396778	0.42920321658	-0.381317021699	0.818768543509	2.46897435188	-2.20358800888	4.65223455429
16	21	0.498963557184	-0.547732666327	0.462593152179	-0.697134493334	-3.10859584808	2.64691162109	-3.99192380905
17	21	0.498886138201	0.473599490472	-0.50696893954	0.720198595504	2.71996641159	-2.88044404984	4.11061096191
18	21	0.499216139317	-0.507201504193	0.412000857741	-0.756968907793	-2.90100765228	2.35211086273	-4.31709575653
19	21	0.499964170158	0.6089900321	-0.361003355915	0.706263207184	3.46746611595	-2.04860925674	4.05925369263
20	21	0.499986708164	-0.627837167651	0.20879681677	-0.749816230968	-3.57864832878	1.20451617241	-4.29318571091
21	21	0.499999266118	0.607640258656	-0.0841151004863	0.789745507066	3.47045016289	-0.511397004128	4.51491641998
22	21	0.49999968335	-0.565250963896	0.132297526578	-0.814241188025	-3.2308883667	0.770936787128	-4.65312767029
23	21	0.499986577779	0.532301079672	-0.239697619395	0.811911701995	3.05296826363	-1.35979938507	4.63845300674
24	21	0.49997414276	-0.529773152864	0.212902383548	-0.820982936232	-3.0255010128	1.21215057373	-4.69767713547
25	21	0.499250248075	0.370470699611	-0.153322379813	0.916102455285	2.14308905602	-0.876823186874	5.21848297119
26	21	0.499664917588	-0.379089167667	0.0468469854347	-0.924173556705	-2.18352627754	0.294431388378	-5.27734422684
27	21	0.499212056398	0.395972113536	-0.0192325727871	0.918061105508	2.27708053589	-0.143755793571	5.23354578018
28	21	0.499977562577	-0.563703714413	0.219484770693	-0.796281707558	-3.20709896088	1.23591566086	-4.57022047043
29	21	0.499987088144	0.533214053577	-0.213384073537	0.81862690539	3.05082607269	-1.2301877737	4.6752076149
0	22	0.49999968335	0.509133166676	-0.12992311226	0.850825130971	2.91489481926	-0.769468307495	4.85816001892
1	22	0.499982088804	-0.518137866719	0.199841609646	-0.831622800389	-2.96370172501	1.15129959583	-4.75121307373
2	22	0.499820992351	0.569179273335	-0.335490010513	0.750653986635	3.24999713898	-1.8927937746	4.30637550354
3	22	0.46818549186	-0.625700764966	0.272050453347	-0.731086249053	-3.36642408371	1.47464311123	-3.95057964325
4	22	0.306081622839	-0.596602100759	0.359640925174	-0.717442916412	-2.17919611931	1.30601918697	-2.64087104797
5	22	0.417917266488	-0.52985545631	0.300183580495	-0.793185358803	-2.58578038216	1.45979583263	-3.84746837616
6	22	0.497966371477	0.615385174081	-0.354895179011	0.703811408999	3.52381706238	-2.0125002861	4.03109073639
7	22	0.499193772674	-0.673899699464	0.221905642263	-0.704710636356	-3.83064365387	1.29964292049	-4.02882051468
8	22	0.499975867569	0.572500509345	-0.292706657698	0.765875955583	3.28369855881	-1.67893874645	4.36916685104
9	22	0.499980002642	-0.564444334201	0.374592493994	-0.735583480668	-3.21143054962	2.14485239983	-4.21598100662
10	22	0.499972581863	0.38578638864	-0.480347497535	0.787677055621	2.23479747772	-2.73559832573	4.49633693695
11	22	0.499487228692	-0.442006151199	0.538479783215	-0.717405105482	-2.52909827232	3.06152963638	-4.10486412048
12	22	0.499820284545	0.495970199663	-0.481352466338	0.722712504525	2.81662511826	-2.75870060921	4.14063405991
13	22	0.499586328864	-0.478444933804	0.418770718123	-0.771829988379	-2.73415732384	2.40802240372	-4.39982128143
14	22	0.499240346253	0.471414307369	-0.506916786004	0.721667460036	2.68985915184	-2.88617825508	4.12583827972
15	22	0.498238056898	-0.529363201246	0.406761558743	-0.744526450501	-3.02180290222	2.33633375168	-4.2648396492
16	22	0.445819921792	0.565489991554	-0.492372974176	0.661656953227	2.8940076828	-2.51824235916	3.40201497078
17	22	0.498152852058	-0.507997002892	0.446704484401	-0.736474133062	-2.90905022621	2.55822277069	-4.21402788162
18	22	0.49923556298	0.543887804851	-0.390899522391	0.742552098596	3.10396432877	-2.23553657532	4.23693370819
19	22	0.499975711107	-0.519618149118	0.374741829072	-0.767831713757	-2.98564624786	2.13777756691	-4.38155889511
20	22	0.499997489154	0.562860545314	-0.319884178118	0.762143109343	3.22514438629	-1.81847429276	4.35631752014
21	22	0.500000104308	-0.610095187126	0.211294519911	-0.763635049288	-3.47621583939	1.21491599083	-4.37361288071
22	22	0.500000048429	0.51847756135	-0.243977588227	0.819546188338	2.98839330673	-1.38349366188	4.67387294769
23	22	0.499999918044	-0.66398126807	0.250305533317	-0.704610541819	-3.77059745789	1.42357110977	-4.05587482452
24	22	0.499986246228	0.618908389693	-0.219412692135	0.754195250382	3.52005887032	-1.25445008278	4.32714366913
25	22	0.499988999218	-0.470233140291	0.195530194925	-0.860609514614	-2.69913291931	1.12006127834	-4.91423940659
26	22	0.499967992306	0.486488290512	-0.236921422474	0.840950285551	2.77424621582	-1.34098756313	4.81598854065
27	22	0.49998902902	-0.425382421833	0.182123596071	-0.886499177072	-2.45033788681	1.03408944607	-5.06161499023
28	22	0.499986730516	0.57806206735	-0.0789684377944	0.812162688212	3.2910823822	-0.478763997555	4.65103816986
29	22	0.499999709427	-0.584571688014	0.266201818695	-0.766428426728	-3.33338737488	1.49218702316	-4.39940643311
0	23	0.499998621643	-0.471307321549	0.152540719439	-0.868677579754	-2.70808124542	0.883260369301	-4.95692205429
1	23	0.499990716577	0.501779549114	-0.227677890181	0.834493895972	2.86480760574	-1.29237699509	4.77554941177
2	23	0.499461650848	-0.50501060374	0.253589145953	-0.825019293813	-2.8860476017	1.45228111744	-4.70918750763
3	23	0.498170793056	0.526941698761	-0.314881165423	0.789418962129	3.0161523819	-1.78784036636	4.52388048172
4	23	0.416943401098	-0.621181825121	0.355934481308	-0.698171744741	-3.01179838181	1.71693456173	-3.39177131653
5	23	0.365570981055	-0.646504880865	0.235058982325	-0.725795228592	-2.81534981728	1.02712750435	-3.19275617599
6	23	0.416373584419	-0.535950030295	0.14434916295	-0.831817819106	-2.60957074165	0.712104380131	-4.01812934875
7	23	0.497705928981	0.545083780709	-0.455637035763	0.703760302695	3.13798856735	-2.57632994652	4.02948665619
8	23	0.499455302954	-0.641258807317	0.410498299915	-0.648288737991	-3.65168166161	2.33261179924	-3.72135925293
9	23	0.499964930117	0.516979257251	-0.441259137479	0.733500389341	2.96941661835	-2.51324868202	4.18979454041
10	23	0.499141894281	-0.45616550744	0.442765555166	-0.771927258866	-2.61752700806	2.5352294445	-4.39309978485
11	23	0.497751258314	0.552473927552	-0.490514621857	0.673919850664	3.13743495941	-2.81514143944	3.86668300629
12	23	0.468192823231	-0.385963655	0.600337837641	-0.700447383973	-2.09587550163	3.233273983	-3.77916145325
13	23	0.4988649562	0.486936982308	-0.504606916147	0.71292652878	2.77667760849	-2.89497947693	4.07516002655
14	23	0.499280117452	-0.464398142688	0.541764103531	-0.700589766692	-2.65484952927	3.09310984612	-4.0036945343
15	23	0.445382468402	0.548261072837	-0.447104087248	0.706758608845	2.80622124672	-2.29031968117	3.62253713608
16	23	0.233253184706	0.562767137923	-0.396670640815	0.725221036091	1.55070137978	-1.13834500313	2.01968789101
17	23	0.445968963206	0.400441367751	-0.584081702085	0.706041979123	2.08384251595	-2.97292399406	3.62428617477
18	23	0.499418854713	-0.619645329298	0.398215118657	-0.676361135158	-3.51847267151	2.28143715858	-3.88438463211
19	23	0.499961964786	0.582209196049	-0.363770359501	0.727120057201	3.32573127747	-2.08123111725	4.15755367279
20	23	0.499999001622	-0.594922213827	0.319873252637	-0.737393152763	-3.39450502396	1.8364995718	-4.21757936478
21	23	0.499999761581	0.542778988699	-0.29701619211	0.785603176579	3.11751866341	-1.69024837017	4.48437786102
22	23	0.499999627471	-0.594852451936	0.196048860061	-0.779561033463	-3.39213252068	1.13516688347	-4.45969629288
23	23	0.49999929592	0.564671766492	-0.179981410927	0.805451729061	3.23834609985	-1.04181551933	4.5949640274
24	23	0.499990314245	-0.524141408908	0.218215304786	-0.82319977176	-3.00652742386	1.24784135818	-4.69947052002
25	23	0.499988269061	0.554152821204	-0.200532122776	0.807899448252	3.15469741821	-1.15472793579	4.62602806091
26	23	0.499960780144	-0.536824844697	0.315515628406	-0.782476181329	-3.06485843658	1.78395223618	-4.48381662369
27	23	0.499985635281	0.491749046913	-0.267791730944	0.828535131239	2.81732845306	-1.51549434662	4.73894786835
28	23	0.499985467643	-0.50209873647	0.0588953321296	-0.862802525894	-2.883497715	0.364872455597	-4.92367362976
29	23	0.499997120351	0.568865716106	-0.16355950962	0.806002533403	3.24205732346	-0.938761949539	4.61466026306
0	24	0.499961402267	0.504197780239	-0.248400738707	0.82709229921	2.87581062317	-1.40882623196	4.73557281494
1	24	0.499983061105	-0.440400239164	0.148947178696	-0.885360021292	-2.52719783783	0.863871574402	-5.05498600006
2	24	0.499950591475	0.449697222807	-0.217158673492	0.86638012346	2.57606458664	-1.23008275032	4.95311689377
3	24	0.49910691008	-0.468411657589	0.167975770707	-0.867395330567	-2.68478441238	0.973044037819	-4.94210624695
4	24	0.497119218111	0.540333379974	-0.137672050448	0.830112188208	3.08315610886	-0.799617528915	4.73853397369
5	24	0.418439440429	-0.454812858073	0.0585000257003	-0.888663609655	-2.24197793007	0.299693346024	-4.31778860092
6	24	0.306980744004	-0.616901336627	0.141328313189	-0.774247407977	-2.24669599533	0.523104548454	-2.85900640488
7	24	0.467712488025	-0.560530937288	0.247424364523	-0.790307694625	-3.0365152359	1.34723556042	-4.2474489212
8	24	0.49973230809	0.727578829867	-0.252354065623	0.637923562735	4.12629508972	-1.47558236122	3.67457818985
9	24	0.499130174518	-0.60421284959	0.38632410657	-0.696907825378	-3.43968105316	2.21297001839	-3.98165631294
10	24	0.49791559577	0.547858690979	-0.486363925439	0.680662167856	3.12571525574	-2.78516149521	3.89771842957
11	24	0.416059136391	-0.319429701928	0.751710444166	-0.576971466936	-1.5549082756	3.62594270706	-2.8072104454
12	24	0.307581990957	-0.318378180302	0.676640278245	-0.663922637183	-1.20196783543	2.4923658371	-2.42921996117
13	24	0.468481354415	-0.454220743299	0.675180692843	-0.581218159015	-2.44773292542	3.63760900497	-3.15188622475
14	24	0.499056041241	0.387724020207	-0.645714048888	0.65781718678	2.2256770134	-3.66598391533	3.76817274094
15	24	0.498028449714	-0.386786900205	0.458050389288	-0.800366000467	-2.22036170959	2.63301181793	-4.57185268402
16	24	0.444858878851	0.553448633585	-0.417528444935	0.720669555104	2.82005357742	-2.14237332344	3.69449949265
17	24	0.498242720962	-0.454975137559	0.615501352908	-0.643549305625	-2.61005735397	3.49705052376	-3.70940375328
18	24	0.499299712479	0.501351732289	-0.374510347645	0.779992589732	2.86838960648	-2.16655659676	4.43676614761
19	24	0.49999024719	-0.564970082473	0.383139773807	-0.730761739308	-3.2173948288	2.19498825073	-4.18550920486
20	24	0.499995835125	0.583718608576	-0.425863814922	0.691312228404	3.33049178123	-2.41162228584	3.97284269333
21	24	0.499998919666	-0.589690373317	0.325188591508	-0.739268316358	-3.36552667618	1.85523986816	-4.23279047012
22	24	0.499999642372	0.594849871518	-0.276939963064	0.754624335159	3.40017795563	-1.57645440102	4.31699705124
23	24	0.499989032745	-0.631021558997	0.238927647843	-0.738055127465	-3.59244680405	1.36224913597	-4.23376178741
24	24	0.499970626086	0.509100251299	-0.274629253326	0.815717909172	2.91861367226	-1.55427193642	4.66415739059
25	24	0.499287683517	-0.459395881765	0.192142599327	-0.867200464334	-2.64047122002	1.10410833359	-4.9400100708
26	24	0.499624125659	0.556387304395	-0.268829709823	0.786233905797	3.17537879944	-1.5224057436	4.50397825241
27	24	0.499261252582	-0.564026675979	0.277091528553	-0.777878006881	-3.20355677605	1.57445287704	-4.45554637909
28	24	0.499965634197	0.550276762243	-0.121908892166	0.826034930827	3.13473916054	-0.717930078506	4.72784376144
29	24	0.499974660575	-0.548098601658	0.231099629476	-0.803853770357	-3.1252450943	1.31373071671	-4.60336875916
0	25	0.499695148319	-0.444674582459	0.293033750205	-0.84640164045	-2.5438349247	1.65427684784	-4.84731006622
1	25	0.499250471592	0.439825356004	-0.0855994010156	0.893994630164	2.51025891304	-0.505136370659	5.10227251053
2	25	0.499957624823	-0.446601363023	0.107587359346	-0.888241061117	-2.56092905998	0.633132457733	-5.07234382629
3	25	0.499198868871	0.517736027785	-0.221635535414	0.826333525264	2.95043826103	-1.24809336662	4.7248749733
4	25	0.496243093163	-0.550501009662	0.208665466654	-0.808336168551	-3.13701915741	1.17636585236	-4.61610507965
5	25	0.442053686827	0.463854279779	0.135072013157	0.87555397229	2.38877487183	0.674934029579	4.47766017914
6	25	0.463399365544	-0.761855770009	0.323158664343	-0.561377113324	-4.08848237991	1.74313497543	-3.02859759331
7	25	0.49794061482	0.559033609598	-0.463788479808	0.687300275962	3.20293521881	-2.62220025063	3.93204975128
8	25	0.499072052538	-0.490270144409	0.416585446869	-0.765566294294	-2.8254711628	2.36631703377	-4.3588681221
9	25	0.4980911538	0.477444959353	-0.460418790229	0.748372132293	2.74839425087	-2.62944960594	4.27573823929
10	25	0.417991705239	-0.554253700361	0.573172466554	-0.603552946493	-2.6909160614	2.78176546097	-2.94137597084
11	25	0.365868143737	-0.395763772619	0.733460679911	-0.552635926544	-1.74795532227	3.20443868637	-2.4263215065
12	25	0.418741665781	-0.521176870291	0.693718038541	-0.497121668082	-2.52164292336	3.37774586678	-2.43993902206
13	25	0.497996732593	0.381403503034	-0.663937984313	0.643208924736	2.19956088066	-3.78626251221	3.68237400055
14	25	0.499443382025	-0.430231342937	0.589911986739	-0.683304353459	-2.44997501373	3.36208462715	-3.91405487061
15	25	0.499213472009	0.360290809926	-0.434160020188	0.825648599074	2.07372331619	-2.48619127274	4.70215129852
16	25	0.499598387629	-0.351352486717	0.406722817295	-0.843284044655	-2.02933144569	2.33829283714	-4.80692338943
17	25	0.499260015786	0.400892228039	-0.497237779878	0.769441363432	2.29088592529	-2.8354434967	4.39336204529
18	25	0.499969236553	-0.427016409873	0.509872634477	-0.746784361319	-2.44602918625	2.89005756378	-4.28463459015
19	25	0.499951407313	0.378885981869	-0.428584838004	0.820219756758	2.19584584236	-2.44113326073	4.68055391312
20	25	0.499990604818	-0.46816390832	0.307731409497	-0.828325983267	-2.68982863426	1.7674202919	-4.72611236572
21	25	0.499986674637	0.541383492264	-0.253122736991	0.801768541615	3.0992231369	-1.44936108589	4.58019638062
22	25	0.49998934567	-0.562075618193	0.2490364362	-0.788702639071	-3.21555280685	1.41543912888	-4.50994777679
23	25	0.499972596765	0.617368971314	-0.164177579893	0.769351204275	3.51652145386	-0.948018431664	4.40738773346
24	25	0.499123793095	-0.523110224951	0.212472611966	-0.825355124607	-2.98670339584	1.20232594013	-4.71267986298
25	25	0.497950408608	0.471470554361	-0.120694702632	0.873583599392	2.70495438576	-0.696041345596	4.99510478973
26	25	0.450598575175	-0.575764626353	-0.00359690379168	-0.817607581499	-2.97741293907	0.00134158041328	-4.24919939041
27	25	0.497964993119	0.395541764217	-0.327218877089	0.858180936188	2.28090858459	-1.84733653069	4.90871286392
28	25	0.49925506115	-0.390094943983	0.21226824271	-0.895973285213	-2.25002574921	1.21950650215	-5.10378170013
29	25	0.499237522483	0.451559766122	-0.275711751942	0.848573395447	2.58143568039	-1.57206702232	4.84256124496
0	26	0.445206655189	0.362603418394	-0.220580734677	0.905462810091	1.85426616669	-1.12952017784	4.63812637329
1	26	0.498241240159	-0.396052751292	0.0228361702034	-0.917943749652	-2.27476835251	0.152513340116	-5.25266504288
2	26	0.49924698472	0.485983157117	-0.190392127218	0.852977847832	2.77455544472	-1.06779742241	4.87354373932
3	26	0.499609876424	-0.510095049504	0.115127551834	-0.852378253641	-2.92847156525	0.661842286587	-4.86640834808
4	26	0.445560943335	0.556072504141	0.0805345974202	0.827222792696	2.85587978363	0.387115418911	4.24036216736
5	26	0.237872673199	0.616748077914	-0.0889867782473	0.782114545119	1.74605035782	-0.241771191359	2.23203897476
6	26	0.444866981357	0.614362358265	-0.0770517179596	0.785252778095	3.14573335648	-0.404318600893	4.02317333221
7	26	0.499185405672	-0.62295784057	0.325032844958	-0.711531572434	-3.54674577713	1.84530472755	-4.08169460297
8	26	0.499734975398	0.57671933944	-0.287279127546	0.764765000763	3.28914070129	-1.66635727882	4.36911058426
9	26	0.467388115823	-0.576306330581	0.488711324063	-0.655005538193	-3.09403419495	2.62057590485	-3.54943299294
10	26	0.305956635624	-0.56210341226	0.481170963462	-0.672691800044	-2.0441069603	1.77813625336	-2.46458292007
11	26	0.418112911284	-0.452650514387	0.633138686044	-0.627887661975	-2.20860219002	3.0697851181	-3.05678939819
12	26	0.498119197786	0.597147049543	-0.568503794936	0.565878817739	3.39997959137	-3.25239896774	3.2552022934
13	26	0.499177880585	-0.541236407626	0.530846850172	-0.65212328031	-3.07797193527	3.03805661201	-3.72610449791
14	26	0.499960407615	0.444928827915	-0.497095187734	0.744939401845	2.5627412796	-2.83836364746	4.25058412552
15	26	0.499982602894	-0.524165461872	0.362802527376	-0.770470567063	-2.97273588181	2.09360599518	-4.41272544861
16	26	0.499952420592	0.435973036509	-0.460936863858	0.772958419951	2.48629307747	-2.61796140671	4.43231678009
17	26	0.499968729913	-0.376503035485	0.414833632872	-0.828346860505	-2.15969228745	2.36618995667	-4.73603916168
18	26	0.499289657921	0.466588763085	-0.329362695254	0.820862437402	2.64931344986	-1.8878313303	4.69314956665
19	26	0.499645914882	-0.47423244763	0.368621407285	-0.799513504392	-2.70430183411	2.10140156746	-4.57872819901
20	26	0.499247971922	0.527193564807	-0.236261058309	0.816239950966	3.01269054413	-1.36114048958	4.65409803391
21	26	0.499964665622	-0.597614816701	0.154779604965	-0.786701852512	-3.40864801407	0.900196433067	-4.50102710724
22	26	0.499959189445	0.517155293923	-0.177221029125	0.837342886041	2.97010803223	-1.00908780098	4.77965259552
23	26	0.499137092382	-0.548591015213	0.0906224023666	-0.831165132941	-3.13133573532	0.53063839674	-4.74221420288
24	26	0.497659515589	0.495307369057	-0.126260857148	0.859493342679	2.83987379074	-0.718181073666	4.91234016418
25	26	0.419842312112	-0.387962008891	-0.0848979680726	-0.917756947495	-1.92229294777	-0.399711430073	-4.47235202789
26	26	0.270296411589	-0.573161347897	0.0025529651019	-0.819438558799	-1.82183480263	0.0276483669877	-2.67282605171
27	26	0.45212771371	-0.393553995482	0.128713950211	-0.910246104996	-2.07029795647	0.671382427216	-4.72782611847
28	26	0.498963139951	0.489677620597	-0.210762535139	0.846046678185	2.77788734436	-1.20901226997	4.838971138
29	26	0.49783154577	-0.4580500386	0.343519721706	-0.819868503443	-2.61678814888	1.94782662392	-4.70074701309
0	27	0.233290405013	0.289292802091	-0.243308432545	0.925802722674	0.840365886688	-0.66106325388	2.57648777962
1	27	0.445616899058	0.354982113369	-0.0652195878148	0.932595359496	1.83082675934	-0.361149549484	4.77474021912
2	27	0.499487303197	-0.568247706109	0.217696789935	-0.793538059676	-3.23227834702	1.2266190052	-4.55365467072
3	27	0.499252520502	0.65407027411	-0.117361275186	0.7472739843	3.71713399887	-0.679223179817	4.27993154526
4	27	0.497854821384	-0.732666354589	0.143926679031	-0.665195553139	-4.17296171188	0.821058750153	-3.82813692093
5	27	0.446760494262	0.62257521461	-0.103475761492	0.775688641749	3.20053100586	-0.538694024086	3.98541545868
6	27	0.498157911003	-0.602809547387	0.252120669239	-0.757004503105	-3.44678020477	1.43146348	-4.3401632309
7	27	0.499254707247	0.53200470045	-0.197843723276	0.82330362556	3.04965353012	-1.15278220177	4.68672466278
8	27	0.499582063407	-0.480408618722	0.302448070443	-0.823245239125	-2.74696612358	1.7212407589	-4.70393276215
9	27	0.498693797737	0.35211903165	-0.350192131532	0.867973305213	2.03693628311	-2.00983858109	4.95016670227
10	27	0.468171015382	-0.379777619437	0.5286416902	-0.759148814895	-2.06321287155	2.83884692192	-4.099650383
11	27	0.498265773058	0.357372225723	-0.559119166014	0.748111522754	2.06316757202	-3.18949794769	4.28265714645
12	27	0.499170027673	-0.518388151384	0.491187627628	-0.70000602781	-2.95481348038	2.80579519272	-3.99845862389
13	27	0.499976575375	0.54891131547	-0.500477301433	0.66949147754	3.13189935684	-2.85506105423	3.83730483055
14	27	0.499989338219	-0.577845364105	0.424064746039	-0.697326197951	-3.28021788597	2.42719197273	-4.00533294678
15	27	0.499995339662	0.46187327241	-0.328209077062	0.823985365141	2.64412260056	-1.88715434074	4.7049779892
16	27	0.499990820885	-0.396306072084	0.389675247426	-0.831321056375	-2.26276493073	2.22019958496	-4.75817155838
17	27	0.499285768718	0.296947158074	-0.279680311564	0.913017693495	1.71489548683	-1.60686230659	5.20369338989
18	27	0.497782137245	-0.331102935538	0.121156493379	-0.935784136535	-1.90573811531	0.727292895317	-5.34646844864
19	27	0.445010408759	0.351674775705	-0.390820426634	0.850637552815	1.82298254967	-1.98356747627	4.35310935974
20	27	0.498116314411	-0.5948999676	0.287156793887	-0.750756288201	-3.40318036079	1.63276684284	-4.30403280258
21	27	0.499200761318	0.67198654282	-0.167866014026	0.721287104837	3.8148829937	-0.964902162552	4.13584423065
22	27	0.49910672754	-0.549806469949	0.143728309847	-0.822833530279	-3.14743375778	0.817521214485	-4.69028663635
23	27	0.497865125537	0.5670069769	-0.0812872445085	0.819692303262	3.2495098114	-0.469376981258	4.68528270721
24	27	0.405352566391	-0.652838395053	0.0156095718382	-0.757336365964	-3.06377887726	0.078805886209	-3.57666397095
25	27	0.317460201681	-0.52841658902	0.0403582772108	-0.848025422914	-2.01599311829	0.155371904373	-3.21991562843
26	27	0.419124113396	-0.46913378484	0.070697823957	-0.880292740859	-2.29936695099	0.3474573493	-4.2862701416
27	27	0.497683137655	0.548419259212	-0.29179572086	0.78363995139	3.11506032944	-1.65801525116	4.50320720673
28	27	0.499024000019	-0.385977355003	0.216403620291	-0.896766945505	-2.22072196007	1.24547743797	-5.1122341156
29	27	0.444759894162	0.254258576775	-0.196298895399	0.947005448665	1.31960642338	-1.01265883446	4.83869695663
0	28	0.446312714368	0.457189414743	-0.236496432432	0.857348981742	2.32692480087	-1.21347796917	4.41170597076
1	28	0.498295214027	-0.476154352995	0.220297735531	-0.851320115963	-2.71113777161	1.25988411903	-4.88344621658
2	28	0.499261677265	0.442219947991	-0.15680664836	0.883092969414	2.54499340057	-0.913039445877	5.02821063995
3	28	0.499967683107	-0.526213496359	0.113809772376	-0.842702018487	-3.01500678062	0.670575916767	-4.81192684174
4	28	0.499300092459	0.584552590545	-0.204001409775	0.785290833829	3.34317827225	-1.16558670998	4.47936344147
5	28	0.499663613737	-0.611197679325	0.300476252794	-0.732223612222	-3.49211835861	1.6924302578	-4.19979286194
6	28	0.499257050455	0.618948946618	-0.241161227358	0.747491447375	3.52518439293	-1.38058209419	4.27208566666
7	28	0.499965563416	-0.599215001277	0.255575809984	-0.75869782364	-3.41048669815	1.46210587025	-4.34960365295
8	28	0.499972064048	0.475726189349	-0.247235827092	0.844132121513	2.71928882599	-1.42790293694	4.82227563858
9	28	0.499601583928	-0.369917818434	0.31071053285	-0.875568256837	-2.13115024567	1.77770423889	-4.99329996109
10	28	0.499749321491	0.516679364946	-0.331436871321	0.789425128918	2.91790747643	-1.92075133324	4.52680206299
11	28	0.499478794634	-0.36439180989	0.470464126019	-0.803667913391	-2.10199594498	2.67311215401	-4.58921337128
12	28	0.499975152314	0.485020569782	-0.331298792596	0.809318328541	2.76212286949	-1.93187236786	4.61929893494
13	28	0.499989487231	-0.469182415884	0.460792440478	-0.753351304123	-2.68639278412	2.62226629257	-4.31195020676
14	28	0.49999929592	0.469698667796	-0.392700730126	0.790676481268	2.69107723236	-2.24011921883	4.51993083954
15	28	0.499999988824	-0.40500260012	0.264713645303	-0.875156888727	-2.32085227966	1.54054760933	-4.99313926697
16	28	0.499960999936	0.318978802233	-0.366117012958	0.874191544542	1.84314036369	-2.0865457058	4.99299907684
17	28	0.49968752265	-0.350471089405	0.330734507043	-0.87623324597	-2.00085353851	1.89482951164	-5.01008701324
18	28	0.445590244606	0.307789214085	-0.297524791768	0.903739341833	1.60140371323	-1.52363324165	4.62397670746
19	28	0.233477829024	0.515960313972	-0.266822521913	0.813996742135	1.42124211788	-0.745771050453	2.28319168091
20	28	0.445956230164	0.582399799581	-0.194622142629	0.789260853614	2.97912335396	-1.00803947449	4.05164051056
21	28	0.499128587544	-0.604318316761	0.180738552338	-0.775972259637	-3.45208215714	1.02938711643	-4.43258571625
22	28	0.498024534434	0.584339938309	-0.105199285955	0.80466138638	3.3476433754	-0.611408233643	4.59795951843
23	28	0.413780763745	-0.765835714256	0.0928709145595	-0.636294469564	-3.68195700645	0.440348505974	-3.06596446037
24	28	0.327932104468	-0.644979179557	0.0777368851367	-0.760236038758	-2.54080629349	0.307217955589	-2.98015332222
25	28	0.402992058545	-0.656513900032	0.0363545827491	-0.753437351993	-3.0637857914	0.177880749106	-3.53925442696
26	28	0.497465256602	0.438934975532	-0.272338784545	0.85625210872	2.51635146141	-1.55440759659	4.89380025864
27	28	0.499148778617	-0.391302898483	0.332396263769	-0.858134468176	-2.25193142891	1.88609075546	-4.89403820038
28	28	0.499197088182	0.436291619145	-0.285064968526	0.853456259443	2.48320865631	-1.62779951096	4.87487411499
29	28	0.498325597495	-0.429537016743	0.249235621965	-0.867974398235	-2.45155119896	1.43600165844	-4.97190380096
0	29	0.499629486352	-0.35603145893	0.328723831125	-0.874746959471	-2.03407335281	1.87342691422	-5.00407409668
1	29	0.499243557453	0.344754067166	-0.256071878158	0.903090154076	1.98254823685	-1.47549128532	5.14634370804
2	29	0.499965280294	-0.495375758589	0.335599962209	-0.801233750642	-2.81362199783	1.89745759964	-4.6021900177
3	29	0.499975465238	0.488618850742	-0.253855547507	0.834750848876	2.79814720154	-1.44572103024	4.77092647552
4	29	0.499989766628	-0.528346096749	0.258649387277	-0.808672304775	-3.02070522308	1.47392725945	-4.62453174591
5	29	0.499964248389	0.567978897631	-0.206006512473	0.796844582503	3.25018167496	-1.19133472443	4.549284935
6	29	0.499990042299	-0.553997151554	0.214008305494	-0.804541857985	-3.16541004181	1.23587846756	-4.59773588181
7	29	0.499987199903	0.530872514581	-0.331600417393	0.779881745169	3.02849817276	-1.88184034824	4.46929073334
8	29	0.499993219972	-0.432561116243	0.333422329135	-0.837687549835	-2.47924900055	1.89211440086	-4.79162359238
9	29	0.49999448657	0.402776786163	-0.332584284239	0.852735923018	2.30132007599	-1.89993858337	4.87614822388
10	29	0.499984294176	-0.324483969619	0.411000258598	-0.851932474374	-1.87878406048	2.33312010765	-4.86997556686
11	29	0.499994251877	0.405621379401	-0.413675788022	0.815072781399	2.30754423141	-2.36289215088	4.66653776169
12	29	0.499992374331	-0.383065914726	0.456110466662	-0.80325820704	-2.20363354683	2.58440160751	-4.59927272797
13	29	0.499999534339	0.42082116764	-0.421474048856	0.80328648128	2.41674852371	-2.40048789978	4.59167671204
14	29	0.499999910593	-0.507898727817	0.320035517526	-0.799760057645	-2.8890748024	1.84455442429	-4.57561969757
15	29	0.499998506159	0.41634362981	-0.36558677298	0.832468794213	2.38947844505	-2.08412742615	4.75723361969
16	29	0.499989833683	-0.412227337033	0.368600316701	-0.833188111492	-2.35256886482	2.10968923569	-4.76423740387
17	29	0.499254558235	0.381755568884	-0.421410795715	0.822602958225	2.18968343735	-2.39129257202	4.69854879379
18	29	0.497978784144	-0.528652015978	0.344399161356	-0.77583262606	-3.00739359856	1.97948002815	-4.44894123077
19	29	0.445391073823	0.523802753121	-0.19963356476	0.828116607516	2.68055438995	-1.03665113449	4.24066495895
20	29	0.498265355825	-0.572344087602	0.184438582766	-0.799002286964	-3.26617431641	1.06875014305	-4.58056688309
21	29	0.498145774007	0.590093402435	-0.204718083587	0.780948322653	3.35735797882	-1.16689944267	4.4562087059
22	29	0.459173630923	-0.55642446135	0.21851882605	-0.801649138635	-2.96760416031	1.15901994705	-4.26056432724
23	29	0.316944740713	-0.899922698371	-0.0423971168906	-0.433983434519	-3.38344788551	-0.161933600903	-1.6526863575
24	29	0.403176009655	-0.799684541741	0.0662318146754	-0.596756215238	-3.75933337212	0.303317129612	-2.80146861076
25	29	0.496795579791	0.464111496772	-0.295630623179	0.834986858102	2.66016292572	-1.67846393585	4.76878452301
26	29	0.499131586403	-0.497187010592	0.320856167863	-0.806136710517	-2.81391429901	1.83239471912	-4.61584472656
27	29	0.499953225255	0.41179472588	-0.29961005885	0.860615428849	2.35852527618	-1.71772432327	4.91595602036
28	29	0.499965976924	-0.411149819998	0.347737690013	-0.842635344891	-2.35944509506	1.98044109344	-4.81637859344
29	29	0.499247346073	0.365916328258	-0.352390874652	0.861351213023	2.09609222412	-1.99822187424	4.9190325737
