0	0	0.49996476993	0.347921103942	-0.345887459474	0.871385546592	1.99121654034	-1.98499369621	4.97795057297
1	0	0.499990664423	-0.229675404066	0.378764405938	-0.896541540344	-1.32572340965	2.15776205063	-5.1260766983
2	0	0.499986313283	0.23841522215	-0.263203041488	0.934816741826	1.35896623135	-1.51383209229	5.3425989151
3	0	0.499998774379	-0.184466867343	0.26208259808	-0.947251121211	-1.07766449451	1.50642561913	-5.40889215469
4	0	0.499997269362	0.300367294244	-0.281682717123	0.911281699269	1.70123243332	-1.61977958679	5.21245956421
5	0	0.499999526888	-0.178097629257	0.231823987882	-0.956315258215	-1.05610132217	1.35873520374	-5.45389938354
6	0	0.499997295439	0.350141561188	-0.331888897837	0.875928448346	1.98587143421	-1.89823269844	5.01392841339
7	0	0.499999266118	-0.343189434243	0.379273061709	-0.859286306702	-1.94858598709	2.16333293915	-4.92017459869
8	0	0.499999489635	0.339912014294	-0.38932416443	0.856087914603	1.93670725822	-2.22677230835	4.89632177353
9	0	0.499998539686	-0.239708629807	0.446792897311	-0.861925681082	-1.38972949982	2.54270935059	-4.92849874496
10	0	0.499999891967	0.281875605077	-0.464113521904	0.839728993217	1.61235308647	-2.65538811684	4.79930257797
11	0	0.499998375773	-0.314122768288	0.530706486287	-0.787195980589	-1.79431819916	3.02070236206	-4.51036596298
12	0	0.499999977648	0.358558891828	-0.524195798493	0.772434001021	2.03810310364	-2.98560237885	4.42938661575
13	0	0.499999716878	-0.323417050194	0.48518058213	-0.812404587855	-1.86370968819	2.75149798393	-4.65266942978
14	0	0.499999195337	0.327419280512	-0.38461621406	0.863056766749	1.88576436043	-2.21126508713	4.92356014252
15	0	0.49999884516	-0.359213972299	0.40810192662	-0.839296216836	-2.06944537163	2.32773852348	-4.79457139969
16	0	0.499986726791	0.432315043905	-0.440013743466	0.787077892191	2.46522593498	-2.49489021301	4.51494693756
17	0	0.499976817518	-0.429707320667	0.371275287555	-0.823107696123	-2.44852161407	2.13297557831	-4.7055182457
18	0	0.499232962728	0.353060117668	-0.398800993533	0.846348817492	2.01776623726	-2.27625346184	4.83009576797
19	0	0.499560344964	-0.324575847687	0.35950641204	-0.874874653193	-1.86035704613	2.07981824875	-4.99075508118
20	0	0.498426266015	0.295160241994	-0.47931278223	0.826522648411	1.6910558939	-2.72707772255	4.71072864532
21	0	0.495861679316	-0.385171194829	0.483117540744	-0.786282768792	-2.18403434753	2.75602579117	-4.49048805237
22	0	0.395441949368	-0.139008971147	-0.876493589941	0.460907249599	-0.638949990273	-4.04418992996	2.13358855247
23	0	0.356071487069	-0.278095897068	-0.919502751517	0.277808138804	-1.18413794041	-3.87149691582	1.18316340446
24	0	0.480698656291	0.398190751987	-0.387146530298	0.831601881377	2.20404958725	-2.1619822979	4.61485862732
25	0	0.499171677977	-0.422516950349	0.407535624754	-0.809564167453	-2.41432619095	2.31751585007	-4.62534713745
26	0	0.4999679178	0.592870544599	-0.345270249508	0.727525238155	3.35332131386	-1.98323535919	4.18600082397
27	0	0.499989088625	-0.448595699714	0.354431662603	-0.820451153172	-2.57467961311	2.03176093102	-4.68261003494
28	0	0.499987013638	0.42867445228	-0.343812892752	0.835482440713	2.45788741112	-1.96987295151	4.77069330215
29	0	0.499992191792	-0.467902039651	0.311878759963	-0.82692159264	-2.66215085983	1.79474234581	-4.73051261902
0	1	0.499999124557	-0.439051941201	0.399962212523	-0.8045269551	-2.49389004707	2.28020071983	-4.61160850525
1	1	0.499998115003	0.355777127359	-0.374267270429	0.856356611426	2.02484989166	-2.13181185722	4.90381383896
2	1	0.499999698251	-0.253021925148	0.207478974029	-0.944950993825	-1.46030211449	1.21575188637	-5.3928861618
3	1	0.499999906868	0.300557364044	-0.2675572327	0.91546621901	1.71299171448	-1.5359544754	5.2339091301
4	1	0.499999627471	-0.307956963032	0.410612150608	-0.85823083765	-1.7590174675	2.3319773674	-4.91479158401
5	1	0.499999616295	0.271455362328	-0.426938085037	0.862575131689	1.55643987656	-2.41959905624	4.94092655182
6	1	0.499999493361	-0.285853367541	0.364211731613	-0.88636204049	-1.64172756672	2.09493899345	-5.05995130539
7	1	0.499997261912	0.246822309101	-0.390777302622	0.886776097719	1.42559790611	-2.23546457291	5.06486845016
8	1	0.499999418855	-0.281372604466	0.395899539253	-0.874124140083	-1.60511660576	2.26900815964	-4.99580144882
9	1	0.499998096377	0.284018832839	-0.407254219725	0.868030704013	1.62236213684	-2.34050750732	4.95718383789
10	1	0.499999430031	-0.272712786976	0.535904274016	-0.79902086638	-1.56470322609	3.04829263687	-4.57666349411
11	1	0.499999657273	0.327470934043	-0.542580111837	0.773543540853	1.86077606678	-3.09908509254	4.42881536484
12	1	0.499999761581	-0.279130046767	0.557308664163	-0.781980479194	-1.61153745651	3.16168856621	-4.48355388641
13	1	0.49999962002	0.383433428432	-0.332559370867	0.861616545111	2.18236875534	-1.93206572533	4.919485569
14	1	0.499997444451	-0.32043888541	0.431350027577	-0.843359991004	-1.84754061699	2.44506001472	-4.82648563385
15	1	0.49999858439	0.366882211883	-0.345809097218	0.863604950707	2.09432506561	-1.98352181911	4.93565177917
16	1	0.499996960163	-0.362566309707	0.316060271372	-0.876727766143	-2.07841205597	1.81114661694	-5.0089764595
17	1	0.499982811511	0.345699658339	-0.375458324752	0.859955110804	1.98038864136	-2.14575266838	4.91493415833
18	1	0.499982908368	-0.275376764778	0.475100185738	-0.835731685968	-1.58533382416	2.70109915733	-4.78315734863
19	1	0.499318350106	0.269684351155	-0.518725763804	0.811291521408	1.53405237198	-2.93975782394	4.64869213104
20	1	0.497811641544	-0.179183283845	0.537633747732	-0.823919476703	-1.04463326931	3.06406116486	-4.71783828735
21	1	0.420025642961	0.351957997682	-0.39480223755	0.848679421863	1.70437836647	-1.94749832153	4.14360237122
22	1	0.335399959236	-0.00516270133622	-0.691956359843	0.721920870032	-0.00548520917073	-2.76348471642	2.90854048729
23	1	0.406974978745	-0.118016531323	-0.693152359966	0.711063924136	-0.548431515694	-3.29123067856	3.36096715927
24	1	0.497877955437	-0.303733922278	0.504163080826	-0.808433851586	-1.7282075882	2.8720369339	-4.63021707535
25	1	0.499575197697	0.293941627245	-0.402339931923	0.867018395971	1.70600819588	-2.30825805664	4.93990945816
26	1	0.49998549372	-0.494770605571	0.394303712984	-0.774420189425	-2.81491470337	2.25212001801	-4.43798398972
27	1	0.4999987185	0.480051342233	-0.411883180739	0.774534023943	2.73882627487	-2.34726715088	4.43518543243
28	1	0.499999668449	-0.419845103835	0.423130519611	-0.80292630556	-2.41096639633	2.41254091263	-4.58809709549
29	1	0.49999775365	0.457370863261	-0.392190167738	0.79812202436	2.61379265785	-2.24247336388	4.5630774498
0	2	0.50000018999	0.339958017651	-0.380511836002	0.860022842079	1.96268558502	-2.18714523315	4.90455961227
1	2	0.499999817461	-0.346395657026	0.374041228995	-0.860292512931	-1.98604559898	2.1361207962	-4.91669225693
2	2	0.499999754131	0.314407738175	-0.355356575624	0.880266708638	1.80807816982	-2.02135181427	5.03340911865
3	2	0.499999467283	-0.36073614402	0.258942309012	-0.896001291852	-2.05231380463	1.50340652466	-5.12017965317
4	2	0.499999545515	0.336050433377	-0.440112171895	0.832689247185	1.92002058029	-2.49869227409	4.77058172226
5	2	0.499999478459	-0.352527382744	0.346761160248	-0.869184181954	-2.01007866859	2.006742239	-4.96191740036
6	2	0.499987453222	0.385382698518	-0.508931769739	0.769719838275	2.18707227707	-2.87778186798	4.43104934692
7	2	0.499991476536	-0.292160257085	0.432317450129	-0.85307913261	-1.66715097427	2.4779613018	-4.87493848801
8	2	0.499962583184	0.184610562729	-0.476540780551	0.859550943575	1.09337973595	-2.71092581749	4.91393709183
9	2	0.499991044402	-0.313535027827	0.434009498979	-0.844589569626	-1.79310321808	2.47922801971	-4.83019351959
10	2	0.499986745417	0.277994338653	-0.486003137578	0.828565083709	1.59654426575	-2.7722029686	4.73809909821
11	2	0.499999146909	-0.263105244841	0.528240537581	-0.807302647459	-1.51575386524	3.00913381577	-4.61862564087
12	2	0.499999269843	0.266938556562	-0.424528143954	0.865170308096	1.55031573772	-2.43387627602	4.9366941452
13	2	0.49998762086	-0.430896948406	0.311683293453	-0.846865599984	-2.44950509071	1.79660820961	-4.84319734573
14	2	0.49999165535	0.433647731194	-0.318063523683	0.843080802849	2.46058320999	-1.82816255093	4.82605648041
15	2	0.499960619956	-0.360968470188	0.340667109549	-0.868128840669	-2.06602811813	1.93120503426	-4.9683432579
16	2	0.499982628971	0.375770554583	-0.14169701215	0.915815727674	2.1555557251	-0.856714487076	5.22701883316
17	2	0.499982584268	-0.36975720414	0.329482312166	-0.868746807739	-2.10675883293	1.8791052103	-4.9715461731
18	2	0.499946530908	0.288439094288	-0.388497279496	0.875141561526	1.65066254139	-2.21151304245	5.00666570663
19	2	0.499764755368	-0.183986069511	0.340885024045	-0.921925445255	-1.07779347897	1.96840417385	-5.25974082947
20	2	0.456037722528	0.23599777054	-0.358749430477	0.903107910735	1.24391222	-1.89064013958	4.73768568039
21	2	0.275951854885	0.310834132255	-0.409420489892	0.857762790451	1.01109004021	-1.3453514576	2.84207582474
22	2	0.420141346753	0.124891081977	-0.405495553598	0.90552502652	0.622297823429	-1.99109423161	4.4189414978
23	2	0.497249323875	-0.26557004061	0.32616148449	-0.907243759728	-1.50715517998	1.89292395115	-5.17884540558
24	2	0.49910755828	0.229882600525	-0.420313025601	0.877776139164	1.33402466774	-2.39929819107	5.00350236893
25	2	0.499960653484	-0.340088786846	0.447604816621	-0.82703660451	-1.94612407684	2.54077577591	-4.73757457733
26	2	0.499991498888	0.38727247151	-0.361276123408	0.848233219973	2.2299695015	-2.07541465759	4.83798694611
27	2	0.499999642372	-0.468540958961	0.360560287772	-0.806514506167	-2.67521762848	2.07676672935	-4.60603189468
28	2	0.499999538064	0.468555532617	-0.450578849325	0.759891053635	2.67515540123	-2.5707886219	4.3494758606
29	2	0.499999918044	-0.503462196706	0.439916203248	-0.743639395546	-2.85923290253	2.50812602043	-4.26890659332
0	3	0.499999456108	-0.342757456295	0.486342074877	-0.803734229928	-1.97982883453	2.74955964088	-4.60599040985
1	3	0.500000037253	0.459831519258	-0.346887386951	0.817449762781	2.60340023041	-1.99964165688	4.68132448196
2	3	0.499999582767	-0.446665711337	0.403685013294	-0.79845360063	-2.52843761444	2.29335069656	-4.58723688126
3	3	0.499999646097	0.326811985287	-0.303529104185	0.895021792576	1.87516546249	-1.75528943539	5.10823297501
4	3	0.499999489635	-0.302138945231	0.47176518545	-0.828341516267	-1.73152351379	2.67982625961	-4.7442612648
5	3	0.499986704439	0.333933862506	-0.385676829217	0.860082297735	1.90531933308	-2.20697450638	4.9172000885
6	3	0.499975595623	-0.344686986927	0.356773301665	-0.868276276459	-1.96529912949	2.05359816551	-4.96099758148
7	3	0.499259352684	0.277318827117	-0.469407136334	0.838302575736	1.60339546204	-2.65573596954	4.79267644882
8	3	0.499702747911	-0.412089449271	0.415872295396	-0.810698784828	-2.33679580688	2.37997221947	-4.64592981339
9	3	0.499266710132	0.495259896489	-0.310904455148	0.811206542564	2.80697107315	-1.8016204834	4.63440799713
10	3	0.499977067113	-0.349802270865	0.348444418247	-0.86961190119	-2.01084184647	2.01451134682	-4.95937633514
11	3	0.499986831099	0.337627885092	-0.502397233514	0.795992732985	1.93505811691	-2.84907865524	4.56385660172
12	3	0.499986495823	-0.436300849407	0.378924475327	-0.816123649213	-2.47791385651	2.16983175278	-4.67343044281
13	3	0.49997676909	0.431668448147	-0.365882586079	0.824495169227	2.45329260826	-2.07975149155	4.72724294662
14	3	0.49926931411	-0.331824076407	0.336589036729	-0.881249455416	-1.89236474037	1.91849863529	-5.03326320648
15	3	0.499667283148	0.29208605677	-0.276669778713	0.915499628065	1.68720221519	-1.59259033203	5.2266087532
16	3	0.499183282256	-0.501300021937	0.266566331532	-0.823189333567	-2.82409334183	1.5152463913	-4.72513103485
17	3	0.499642919749	0.342748320872	-0.327736690504	0.880404594625	1.97034311295	-1.86072611809	5.02997207642
18	3	0.499835282564	-0.331707086301	0.243223698191	-0.911489243785	-1.89289176464	1.41562664509	-5.20539140701
19	3	0.498893328011	0.321298462773	-0.378183351478	0.868184686852	1.82590150833	-2.14800095558	4.95930099487
20	3	0.498411461711	-0.363121024069	0.404438424155	-0.839388279014	-2.05651521683	2.31109976768	-4.81238508224
21	3	0.45575170964	0.227891516885	-0.339696639567	0.912508438097	1.20697236061	-1.79085063934	4.78203201294
22	3	0.497884843498	-0.30284469098	0.382782675878	-0.872790075673	-1.72989702225	2.19457030296	-4.99354314804
23	3	0.498787917197	0.311272392477	-0.417588199719	0.853656601413	1.77811765671	-2.37188386917	4.8724732399
24	3	0.499949619174	-0.318097174775	0.417079404322	-0.851386491489	-1.82282745838	2.37962055206	-4.86843109131
25	3	0.499980226159	0.439943917643	-0.300379859733	0.846298581587	2.50393748283	-1.75221633911	4.83254003525
26	3	0.499998930842	-0.482461077663	0.386453725398	-0.786056503482	-2.75150632858	2.20001459122	-4.50272226334
27	3	0.499998956919	0.47920360729	-0.444450677146	0.756853683577	2.73272919655	-2.53528618813	4.33446311951
28	3	0.499999672174	-0.424281480494	0.504902812306	-0.751703648678	-2.43295812607	2.86600089073	-4.30735492706
29	3	0.499999921769	0.446864161702	-0.407855116539	0.796220211311	2.54948711395	-2.34332609177	4.54901313782
0	4	0.499999668449	0.412292478012	-0.299908313651	0.860273163581	2.35371398926	-1.73445403576	4.91361999512
1	4	0.499999862164	-0.298260040198	0.378059961902	-0.876419770217	-1.73395335674	2.1463971138	-5.00801086426
2	4	0.499999471009	0.282375499753	-0.361639416552	0.88852743882	1.63694143295	-2.06665754318	5.07327127457
3	4	0.499999262393	-0.299086567919	0.361795422636	-0.882978650393	-1.71412301064	2.06893348694	-5.04646635056
4	4	0.499997790903	0.259567154445	-0.502906578782	0.824445186384	1.50506782532	-2.84806132317	4.72436666489
5	4	0.499991238117	-0.278210436141	0.387255577877	-0.878994920705	-1.60124158859	2.21425390244	-5.02202653885
6	4	0.499230664223	0.284625525804	-0.275335854803	0.918247503193	1.64312160015	-1.58438181877	5.23229265213
7	4	0.498242631555	-0.367147393561	0.284567455454	-0.885564314264	-2.09094190598	1.64732587337	-5.06966304779
8	4	0.444983996451	0.340224355205	-0.416329832435	0.843158857363	1.75369215012	-2.12713527679	4.31239366531
9	4	0.497965447605	-0.573824063106	0.405671352636	-0.711446904731	-3.26287293434	2.31643438339	-4.09228801727
10	4	0.499278329313	0.435134840491	-0.408111160785	0.802560247603	2.48617625237	-2.32151246071	4.58507585526
11	4	0.499989990145	-0.352297661295	0.384635557509	-0.853195080709	-2.02750992775	2.19892215729	-4.87263822556
12	4	0.499989002943	0.452846806541	-0.266908735257	0.850699416274	2.56749153137	-1.54183197021	4.87061786652
13	4	0.499251423404	-0.308297307527	0.228250168149	-0.923501289069	-1.76281034946	1.32810354233	-5.26592302322
14	4	0.49827347137	0.129026737538	-0.333161289526	0.933999815932	0.768636822701	-1.90332221985	5.34607791901
15	4	0.445367205888	-0.189849808837	0.338442834079	-0.921636315552	-0.975591778755	1.72795152664	-4.7227845192
16	4	0.4971704036	0.366617035488	-0.183607743662	0.91207463826	2.09701561928	-1.06884551048	5.20727968216
17	4	0.498321503401	-0.36082092335	0.292601027756	-0.885546667223	-2.05107307434	1.66805756092	-5.05926799774
18	4	0.473197134212	0.316481855686	-0.252049387953	0.914500049784	1.72606825829	-1.38283205032	4.98735713959
19	4	0.498459484428	-0.29842369617	0.355108922934	-0.885912495914	-1.702070117	2.03383111954	-5.06980371475
20	4	0.497675608844	0.178039786418	-0.428307608384	0.885920101958	1.04898524284	-2.42650270462	5.04057312012
21	4	0.498106073588	-0.35947676225	0.371075647025	-0.856200514825	-2.03906297684	2.12711954117	-4.9080696106
22	4	0.471489563584	0.292119860966	-0.413926430833	0.862166397331	1.6010556221	-2.24291610718	4.68469762802
23	4	0.498966500163	-0.396773900651	0.382765576721	-0.834302693895	-2.25092029572	2.19563817978	-4.7744383812
24	4	0.499658580869	0.334363655443	-0.445517770235	0.830490735844	1.92313146591	-2.53724145889	4.74389839172
25	4	0.499994657934	-0.426926607031	0.477645715674	-0.767846496709	-2.4408326149	2.69899559021	-4.41093254089
26	4	0.499997243285	0.522959025528	-0.258477328048	0.812221231257	2.97339677811	-1.51900291443	4.64223146439
27	4	0.500000521541	-0.433919925332	0.454963047959	-0.777638812941	-2.48831701279	2.57666683197	-4.45654773712
28	4	0.500000976026	0.401774995332	-0.400915038776	0.823312811032	2.31023693085	-2.29441356659	4.69954538345
29	4	0.500000048429	-0.431743909199	0.392821367577	-0.811965867537	-2.47134447098	2.24356007576	-4.64125585556
0	5	0.499999400228	-0.482614722048	0.235378520303	-0.843611274369	-2.75816440582	1.36092162132	-4.81973409653
1	5	0.499997407198	0.452197024832	-0.242723513428	0.858255874878	2.57786989212	-1.39626979828	4.90854215622
2	5	0.499999959022	-0.407365572982	0.295030871349	-0.864297445848	-2.32370853424	1.68767046928	-4.9434132576
3	5	0.499997846782	0.356301547454	-0.273800904502	0.893354505208	2.04468083382	-1.58466267586	5.09854316711
4	5	0.499999228865	-0.456609484244	0.364609196942	-0.811521972841	-2.58368086815	2.0958545208	-4.65060567856
5	5	0.499964345247	0.367374963087	-0.388466049508	0.845061988777	2.10605072975	-2.21388840675	4.83183002472
6	5	0.499692857265	-0.419683594024	0.236264583674	-0.876381610606	-2.38956546783	1.3777410984	-5.00965499878
7	5	0.445517178625	0.401127673629	-0.381063719607	0.832998818155	2.05253887177	-1.94739842415	4.27235174179
8	5	0.23278876394	0.363940556601	-0.427433808198	0.827555201102	1.03210437298	-1.1627163887	2.30934715271
9	5	0.445828985423	0.474962141394	-0.300625501257	0.827064249159	2.42587471008	-1.55624175072	4.24093151093
10	5	0.499690663069	-0.478156494116	0.347177281325	-0.806743021331	-2.72004961967	1.98745417595	-4.6203379631
11	5	0.499960251153	0.374806422311	-0.361037884043	0.85391556496	2.14738154411	-2.0565738678	4.88246059418
12	5	0.499961804599	-0.376475147111	0.283378172114	-0.882022264559	-2.15090799332	1.62538838387	-5.0410733223
13	5	0.499689217657	0.239637330122	-0.306711214795	0.921141781015	1.39394235611	-1.74938941002	5.26280069351
14	5	0.446055870503	-0.231003279825	0.394968801726	-0.889177783333	-1.18467521667	2.01440000534	-4.56726646423
15	5	0.234154193662	-0.194675374935	0.296748815963	-0.934901940643	-0.556067943573	0.848439753056	-2.60975146294
16	5	0.444755790755	-0.10132463909	0.339384124177	-0.935174707619	-0.53687274456	1.73534417152	-4.7853679657
17	5	0.472179215401	0.191504770073	-0.394858632461	0.898561396572	1.055737257	-2.1414103508	4.89891910553
18	5	0.329533019103	0.196033260172	-0.304563031678	0.932101024912	0.791098117828	-1.20861005783	3.67245674133
19	5	0.428888265043	0.309857938616	-0.316911249386	0.896412470846	1.54176926613	-1.58340120316	4.47441720963
20	5	0.496745545417	-0.227235368044	0.387103335004	-0.893596718626	-1.313975811	2.21120166779	-5.10849523544
21	5	0.416550710797	0.486351614473	-0.292998201796	0.82317322651	2.34416031837	-1.42471206188	3.99404644966
22	5	0.320318749174	0.472969810293	-0.253657325919	0.843775751938	1.79821538925	-0.972659945488	3.24312543869
23	5	0.472164478153	0.282961932321	-0.396384764422	0.873390899535	1.55697405338	-2.1477997303	4.75305366516
24	5	0.499830365181	-0.387342522201	0.39333903897	-0.833816629072	-2.20328354836	2.24989724159	-4.77081012726
25	5	0.499986074865	0.380693459068	-0.376221098704	0.844707153464	2.18959569931	-2.14887332916	4.82416915894
26	5	0.49999890849	-0.467055616124	0.336173445665	-0.817830340521	-2.66621661186	1.91187167168	-4.68198919296
27	5	0.500000610948	0.423102870065	-0.319575364405	0.847853494307	2.43200707436	-1.82754421234	4.84078073502
28	5	0.500000204891	-0.501465406532	0.286414806181	-0.816393902998	-2.85439991951	1.6510424614	-4.67076253891
29	5	0.499999701977	0.506226847099	-0.42849299375	0.74841708531	2.89869880676	-2.41275787354	4.29890012741
0	6	0.499987151474	0.529671284191	-0.19231059375	0.826114378422	3.03292536736	-1.09914398193	4.71971130371
1	6	0.499990083277	-0.490538630559	0.177650785991	-0.853119012897	-2.80760478973	1.02659964561	-4.87348079681
2	6	0.499963898212	0.451829758802	-0.304867119937	0.838394840301	2.58044600487	-1.73156905174	4.79835891724
3	6	0.499990142882	-0.376505159507	0.34197789893	-0.860984890406	-2.16267538071	1.95845222473	-4.91670417786
4	6	0.499985791743	0.407695035018	-0.452455386488	0.793138627013	2.33274030685	-2.56585121155	4.54523801804
5	6	0.499991428107	-0.405007111284	0.444424824181	-0.799034301805	-2.31374382973	2.52408528328	-4.57848501205
6	6	0.499257203192	0.451647878661	-0.315489758182	0.834554016337	2.56562495232	-1.80327939987	4.77020406723
7	6	0.498274944723	-0.349524182346	0.264389892101	-0.898849726545	-2.01483249664	1.52704977989	-5.13751792908
8	6	0.44571929425	0.407085048894	-0.319485658368	0.855693097474	2.09401154518	-1.64415621758	4.3810338974
9	6	0.498333394527	-0.459832089412	0.346751828378	-0.817506953526	-2.63139462471	1.98408007622	-4.6824131012
10	6	0.499238669872	0.426865242734	-0.330489576828	0.841761667073	2.43626642227	-1.88666272163	4.80490636826
11	6	0.499988742173	-0.350005778097	0.314691688706	-0.882306690646	-2.01553153992	1.80154776573	-5.03732299805
12	6	0.49998902902	0.42104520373	-0.270652373716	0.865718331224	2.38355588913	-1.56176185608	4.95703697205
13	6	0.499237976968	-0.377812125478	0.265562282008	-0.886980649291	-2.14239931107	1.52464962006	-5.0667052269
14	6	0.498065814376	0.353516546866	-0.274031164758	0.894389720331	2.0156981945	-1.57317233086	5.12027549744
15	6	0.445591304451	-0.298869552479	0.436547585353	-0.848588944262	-1.51838099957	2.21827483177	-4.36508321762
16	6	0.496771449223	0.206851071704	-0.195321973563	0.958677193209	1.18281280994	-1.12073159218	5.47247076035
17	6	0.496067686006	-0.283583710407	0.278692901607	-0.91755683518	-1.60975062847	1.58517479897	-5.25035095215
18	6	0.395281402394	0.346178936841	-0.378299415452	0.858515984683	1.60828864574	-1.75579369068	4.00364589691
19	6	0.385043043643	0.561502948504	-0.387862289706	0.730942735819	2.57612466812	-1.786439538	3.38566422462
20	6	0.40035001561	0.378453730599	-0.354284136689	0.855134798898	1.78723454475	-1.6820962429	4.03320598602
21	6	0.36996194534	0.344567425328	-0.307945074485	0.8868162834	1.52701628208	-1.3605979681	3.93204164505
22	6	0.418111002073	0.35079790784	-0.119971899205	0.9287343922	1.71245908737	-0.607896387577	4.51023674011
23	6	0.498307075351	-0.382003792124	0.276564196662	-0.881807999469	-2.17457199097	1.59532427788	-5.04811000824
24	6	0.499511990696	0.347379989993	-0.393518325244	0.851158310921	1.99749422073	-2.22454357147	4.86696004868
25	6	0.499993249774	-0.437659064166	0.274789936956	-0.856122090651	-2.49223589897	1.57810306549	-4.89764881134
26	6	0.499995648861	0.473579979356	-0.213760449434	0.854417037172	2.70435881615	-1.23021876812	4.88438892365
27	6	0.499997414649	-0.478570164962	0.211138038035	-0.852285941514	-2.73135137558	1.21325278282	-4.87337589264
28	6	0.499999791384	0.44747749993	-0.198112061454	0.872075397063	2.58523321152	-1.14366793633	4.97012805939
29	6	0.499996766448	-0.645701822403	0.194948982056	-0.738284532508	-3.66825270653	1.13448524475	-4.23814439774
0	7	0.49996112287	-0.568200155693	0.125451998794	-0.81327140554	-3.24771499634	0.740431725979	-4.64751672745
1	7	0.499226849526	0.574653490808	-0.126544390683	0.808554192796	3.26035237312	-0.73728197813	4.62740802765
2	7	0.499620143324	-0.482319649575	0.223609645905	-0.846974900391	-2.75977897644	1.29652905464	-4.83730506897
3	7	0.49926437065	0.428740028606	-0.39643472806	0.811801388431	2.44724655151	-2.24006295204	4.64577531815
4	7	0.499975450337	-0.423699682934	0.337851043733	-0.840437535412	-2.4220032692	1.947296381	-4.7988576889
5	7	0.499973542988	0.348982061936	-0.378249497033	0.857402378374	2.01940822601	-2.1577835083	4.89395141602
6	7	0.49997767061	-0.440391432924	0.340802146435	-0.830607779155	-2.51696372032	1.94583427906	-4.75019264221
7	7	0.499275140464	0.408130831897	-0.324825647588	0.85318082651	2.35130548477	-1.84449601173	4.86488580704
8	7	0.499626129866	-0.585650529027	0.294828592444	-0.755042753047	-3.32285785675	1.69098448753	-4.33556318283
9	7	0.499253079295	0.507756017465	-0.333927916431	0.794151102345	2.8927385807	-1.90314245224	4.53821802139
10	7	0.499977216125	-0.409427899406	0.302606222802	-0.860696386137	-2.34828400612	1.74424231052	-4.91237306595
11	7	0.499985694885	0.406664268146	-0.322130094993	0.854901383151	2.30869174004	-1.85791575909	4.88972187042
12	7	0.499987453222	-0.197294633895	0.420289858794	-0.885681241774	-1.17057847977	2.38449215889	-5.0641746521
13	7	0.499975681305	0.278559504226	-0.339518930898	0.898404974478	1.59516143799	-1.93924260139	5.13626670837
14	7	0.499248620123	-0.282563587367	0.28214430654	-0.916816453485	-1.62352502346	1.61037230492	-5.23042821884
15	7	0.499192224815	0.253933399636	-0.30444091441	0.918059670273	1.4529671669	-1.73007702827	5.24745798111
16	7	0.497525943443	-0.173536615791	0.0987343194936	-0.979865591361	-1.00489234924	0.589951515198	-5.59494495392
17	7	0.416379967704	0.238603443236	-0.149521768137	0.959537199763	1.15899503231	-0.725427627563	4.64592599869
18	7	0.378224636428	0.246941600984	-0.111484781191	0.962595963666	1.12012898922	-0.515265226364	4.35979223251
19	7	0.416478458792	0.48822225213	-0.283458755782	0.825403032643	2.39206767082	-1.39966058731	4.0570898056
20	7	0.344916239381	0.352178961111	-0.454148188122	0.818363857081	1.45389735699	-1.85913777351	3.39021253586
21	7	0.438969556242	0.199579826235	-0.449984782748	0.870449072752	1.03508353233	-2.2856991291	4.45582914352
22	7	0.498181957752	-0.348197143321	0.244695276846	-0.904921527467	-1.98432159424	1.40861260891	-5.17618608475
23	7	0.499148502946	0.26610567492	-0.308665778137	0.91318848393	1.55242037773	-1.7512075901	5.20626211166
24	7	0.499977573752	-0.385657798763	0.261535348006	-0.884797900086	-2.2006175518	1.49486017227	-5.06108617783
25	7	0.499993581325	0.373732750777	-0.221858237842	0.900612432347	2.15537834167	-1.26696777344	5.14143037796
26	7	0.499986868352	-0.46933946806	0.138563789804	-0.872078287699	-2.68349552155	0.818148732185	-4.98177814484
27	7	0.499990995973	0.481106254862	-0.196131870936	0.854440788314	2.75917005539	-1.12196493149	4.87975168228
28	7	0.499963656068	-0.554537221002	0.235557033609	-0.798123646085	-3.17172932625	1.34177660942	-4.56348371506
29	7	0.499975338578	0.687797523872	-0.254441386121	0.679848620786	3.91088747978	-1.44594335556	3.91245961189
0	8	0.499230600893	0.438716886348	-0.270226511472	0.857032745075	2.53446698189	-1.53244864941	4.88176822662
1	8	0.498219247907	-0.44455554859	0.179713317126	-0.877538311338	-2.55743217468	1.03471314907	-5.01706695557
2	8	0.44528227672	0.493225518923	-0.394532818882	0.775288618714	2.5265147686	-1.99382662773	3.98431992531
3	8	0.498267572373	-0.408904824953	0.313200986423	-0.857147587195	-2.35226655006	1.8032283783	-4.89905643463
4	8	0.499245874584	0.494596690954	-0.377558766648	0.782830435679	2.81403899193	-2.14087843895	4.48145675659
5	8	0.499991055578	-0.475245849056	0.31095706828	-0.823071737239	-2.72072768211	1.78011918068	-4.70302438736
6	8	0.499985758215	0.526653068841	-0.311542976961	0.79093458553	3.00797581673	-1.76833486557	4.5289440155
7	8	0.49998947978	-0.559895646382	0.228276559163	-0.796496502	-3.18920135498	1.31988132	-4.55787801743
8	8	0.499963097274	0.557019691123	-0.269161280943	0.785672494454	3.18244409561	-1.54275989532	4.49097061157
9	8	0.499991130084	-0.48775489615	0.329166899895	-0.808544564817	-2.7907204628	1.88987278938	-4.61809682846
10	8	0.49998691678	0.409027437122	-0.426372580296	0.80678558394	2.33974266052	-2.42686676979	4.61746549606
11	8	0.499998666346	-0.385835388361	0.486547269121	-0.783838508877	-2.19825553894	2.76157808304	-4.49778938293
12	8	0.499998949468	0.310034665959	-0.429306533004	0.848277317051	1.77465033531	-2.44352221489	4.85479259491
13	8	0.49998787418	-0.264041360875	0.368136065058	-0.89149200633	-1.52888607979	2.09390640259	-5.09572458267
14	8	0.499976798892	0.403660391777	-0.204020017003	0.891871134622	2.28290271759	-1.19236767292	5.10488128662
15	8	0.49981456995	-0.300107091976	0.309019222739	-0.902464876504	-1.71905958652	1.74365401268	-5.16538667679
16	8	0.476243022829	0.245083404238	-0.208820468464	0.946746078375	1.35562479496	-1.14450931549	5.19860744476
17	8	0.334585786797	0.282045321337	-0.145006296746	0.948379465518	1.1256724596	-0.585300445557	3.7996866703
18	8	0.417294660583	0.256194713452	-0.151412855765	0.954692838513	1.25413584709	-0.737473607063	4.63029575348
19	8	0.497159156948	-0.292126404245	0.316115359258	-0.902625749458	-1.66791415215	1.79161643982	-5.17190647125
20	8	0.478492841125	0.224569671681	-0.202929230469	0.953094008995	1.25358569622	-1.131919384	5.25405168533
21	8	0.498691949993	-0.289590754908	0.29575224712	-0.910311926207	-1.65911722183	1.68442249298	-5.20699977875
22	8	0.499350879341	0.371977155985	-0.231788625797	0.898836485895	2.11943817139	-1.33435070515	5.13117694855
23	8	0.499974809587	-0.444499943217	0.279111282625	-0.851185462982	-2.52437996864	1.57717823982	-4.88217067719
24	8	0.499990522861	0.4499469215	-0.110586314493	0.886181942312	2.57056856155	-0.661392271519	5.06394195557
25	8	0.499987389892	-0.477486507137	0.169252489723	-0.862183408692	-2.72193098068	0.978435754776	-4.93151283264
26	8	0.499973513186	0.529157505724	-0.313892131629	0.788329920679	3.01757240295	-1.76538133621	4.52478790283
27	8	0.499236863106	-0.54796780507	0.192845952432	-0.813966659782	-3.12597942352	1.11105024815	-4.64509439468
28	8	0.499620452523	0.601581574762	-0.206908405728	0.771549428453	3.43024492264	-1.19567620754	4.41533088684
29	8	0.499197944999	-0.647686007984	0.312881705281	-0.694699844222	-3.68258571625	1.76904022694	-3.98772835732
0	9	0.498880393803	-0.503660159568	0.296131556547	-0.81156179363	-2.87902164459	1.6782681942	-4.63528060913
1	9	0.445667430758	0.46772998552	-0.160959973835	0.869091794616	2.40092420578	-0.843961596489	4.44932460785
2	9	0.232494290918	0.507009560497	-0.245373151032	0.826276783116	1.39681947231	-0.687280535698	2.30330014229
3	9	0.445534177125	0.497563505665	-0.252868871655	0.829751704776	2.54882335663	-1.30119287968	4.25028991699
4	9	0.499685820192	-0.522832783222	0.320831308373	-0.789755121766	-2.98828577995	1.82883858681	-4.51900863647
5	9	0.499960456043	0.571189883514	-0.21035721211	0.793405293835	3.25420045853	-1.21910881996	4.53946733475
6	9	0.499999590218	-0.583962225116	0.15290583945	-0.797250226654	-3.333589077	0.901974856853	-4.55659770966
7	9	0.499995980412	0.545466039673	-0.229780029068	0.806019812291	3.12880849838	-1.31732678413	4.59982347488
8	9	0.499999463558	-0.586275032106	0.26695532818	-0.764863673791	-3.33880329132	1.54223251343	-4.37751865387
9	9	0.499997936189	0.505963514118	-0.411829526397	0.757890073539	2.8844294548	-2.33921289444	4.34734249115
10	9	0.499999336898	-0.357655931994	0.41990728054	-0.834122359165	-2.05997228622	2.394759655	-4.76562356949
11	9	0.49999916926	0.287480195812	-0.468386933924	0.835445280761	1.67338979244	-2.65029716492	4.78312253952
12	9	0.499998800457	-0.40214001538	0.27374114271	-0.873698572059	-2.2823677063	1.59393715858	-4.99429416656
13	9	0.499999925494	0.350957443844	-0.328776007572	0.876775461253	2.00935983658	-1.87196612358	5.01417732239
14	9	0.499994743615	-0.366432749056	0.247563406398	-0.8969054578	-2.09414672852	1.40759003162	-5.13000011444
15	9	0.499736923724	0.338697486771	-0.154544846829	0.928116319636	1.93715238571	-0.900787472725	5.29984712601
16	9	0.499205579981	-0.359047249818	0.137842322836	-0.923084268327	-2.05438137054	0.806337833405	-5.27401542664
17	9	0.476417146623	0.53237646842	-0.151835056484	0.832779329411	2.89874362946	-0.843139350414	4.5916185379
18	9	0.498375499621	-0.303387210634	0.203372142148	-0.930911366469	-1.74156999588	1.17291617393	-5.32459259033
19	9	0.498902887106	0.243498635106	-0.218679671504	0.944927307242	1.41240310669	-1.25117099285	5.38400745392
20	9	0.499845806509	-0.329883303969	0.196674734181	-0.923307129127	-1.87209749222	1.13548433781	-5.28028011322
21	9	0.499650714919	0.305461323619	-0.229777290045	0.924064811987	1.75367259979	-1.31491327286	5.2758398056
22	9	0.499983113259	-0.340295892601	0.281167376957	-0.897297950301	-1.94900465012	1.58909916878	-5.1343588829
23	9	0.499991189688	0.400557085089	-0.158420259364	0.902472738097	2.30095124245	-0.916015148163	5.15316772461
24	9	0.499997250736	-0.468578081831	0.166203467824	-0.867646810926	-2.67212104797	0.948927819729	-4.96390724182
25	9	0.499991673976	0.421237273343	-0.18633564514	0.887602493742	2.42103862762	-1.06779491901	5.06794500351
26	9	0.499239843339	-0.484225211261	0.29252789588	-0.824592854026	-2.76405358315	1.65414905548	-4.71277046204
27	9	0.498220406473	0.543464415151	-0.212273797593	0.812149163836	3.10611462593	-1.21976792812	4.65208530426
28	9	0.445140846074	-0.458139517524	0.31513354927	-0.831143205836	-2.36354470253	1.59522879124	-4.25198936462
29	9	0.497976474464	0.601027781804	-0.254180799331	0.75773196234	3.43311023712	-1.46121585369	4.33902168274
0	10	0.498948451132	0.52511755691	-0.260170905922	0.810285536793	2.97927212715	-1.48435497284	4.63935136795
1	10	0.498336650431	-0.45026008857	0.184422544361	-0.873644194035	-2.58175635338	1.07444941998	-4.99724960327
2	10	0.445679910481	0.426968750001	-0.253822502248	0.867912336515	2.19527721405	-1.29940414429	4.44569301605
3	10	0.498297519982	-0.512148920372	0.199521258693	-0.835400952053	-2.92941761017	1.15928554535	-4.78137016296
4	10	0.499235339463	0.505961859174	-0.332096212164	0.796061996912	2.88672399521	-1.88262844086	4.55037403107
5	10	0.499982059002	-0.519384661724	0.284163635017	-0.805909797496	-2.97960710526	1.6260920763	-4.60043334961
6	10	0.499959222972	0.605617694358	-0.26378018821	0.750764424163	3.45643687248	-1.50770950317	4.29639720917
7	10	0.499990947545	-0.617044937807	0.29857835953	-0.728084135212	-3.50976276398	1.70435118675	-4.17939758301
8	10	0.499987877905	0.525504284578	-0.397774544604	0.752077561529	3.00915813446	-2.25221586227	4.30816030502
9	10	0.499997016042	-0.443327896659	0.386779265616	-0.808617447087	-2.54361987114	2.19727301598	-4.62496709824
10	10	0.499998491257	0.434453777797	-0.286538678763	0.85390017012	2.47863698006	-1.65032124519	4.88038921356
11	10	0.499998185784	-0.429000381885	0.23308233904	-0.872714899363	-2.44651412964	1.35600805283	-4.98699569702
12	10	0.499999321997	0.37280390364	-0.303962298438	0.876712136656	2.13958406448	-1.73305487633	5.00984096527
13	10	0.499998874962	-0.412244031375	0.311524611432	-0.8561584404	-2.34849071503	1.76939058304	-4.90308761597
14	10	0.49999621883	0.366558444895	-0.157795673114	0.916916262274	2.09476947784	-0.924244046211	5.23875761032
15	10	0.499991200864	-0.348013061582	0.184892084525	-0.919076615984	-1.99204337597	1.06397843361	-5.25196170807
16	10	0.499733231962	0.350415174168	-0.326081793023	0.877997648044	2.02041578293	-1.83144402504	5.02265071869
17	10	0.49983336404	-0.44908353431	0.248930818082	-0.858112712306	-2.55582094193	1.4324887991	-4.90864849091
18	10	0.49955053255	0.301642969536	-0.365092301943	0.880749186768	1.73974609375	-2.05298042297	5.03961467743
19	10	0.499976634979	-0.414655192384	0.184171823482	-0.891146346491	-2.34585976601	1.07949280739	-5.10191059113
20	10	0.499974433333	0.299285154693	-0.295454422114	0.907267921087	1.72989630699	-1.670368433	5.18679857254
21	10	0.499995134771	-0.394529842068	0.174927316681	-0.902079063939	-2.23257780075	1.01714098454	-5.16418457031
22	10	0.499996708706	0.310606373896	-0.224273023957	0.923701949343	1.80075621605	-1.26910328865	5.27635097504
23	10	0.499998994172	-0.513874592427	0.0567820796613	-0.855984052823	-2.91404151917	0.363278210163	-4.90715360641
24	10	0.499999303371	0.49380310445	-0.180570461118	0.850619070211	2.81625699997	-1.02568650246	4.86828804016
25	10	0.499962322414	-0.442376248356	0.148448911587	-0.884458125373	-2.52924871445	0.862817823887	-5.05337190628
26	10	0.499686289579	0.42248820565	-0.23320962611	0.875852148696	2.42703533173	-1.32561922073	5.00488042831
27	10	0.44553154707	-0.447930453902	0.136681162043	-0.883559035045	-2.30317521095	0.715476691723	-4.52065086365
28	10	0.232823017985	-0.587954217279	0.205038203927	-0.782476308468	-1.59064531326	0.577761888504	-2.21020364761
29	10	0.445277575403	-0.476642796473	0.236859687324	-0.846586754616	-2.44744586945	1.21246266365	-4.33202123642
0	11	0.499213751405	-0.347797715521	0.284270069753	-0.893435658859	-2.01546025276	1.62011408806	-5.09015417099
1	11	0.499232269824	0.409565752956	-0.340714503683	0.84626799596	2.34520101547	-1.92207741737	4.8369550705
2	11	0.499689858407	-0.378688916291	0.336701987707	-0.862105838138	-2.19114637375	1.91498064995	-4.92288446426
3	11	0.499238435179	0.480933937976	-0.274695025304	0.832613469971	2.74579048157	-1.57465732098	4.75057458878
4	11	0.499945100397	-0.422723583298	0.325412548745	-0.845819983946	-2.44746279716	1.8574244976	-4.82249116898
5	11	0.499212816358	0.547534602704	-0.35366840824	0.758369643284	3.12391614914	-2.00437569618	4.33665943146
6	11	0.499670267105	-0.623502451103	0.305928997298	-0.719480466782	-3.55186462402	1.74917185307	-4.12573623657
7	11	0.499263584614	0.487218910624	-0.261529346731	0.833198736154	2.80524969101	-1.49221205711	4.74353408813
8	11	0.499961771071	-0.523856315263	0.305240561406	-0.795237549813	-2.99061226845	1.74016857147	-4.55126190186
9	11	0.499978203326	0.429147403603	-0.232632157284	0.872762731433	2.46401977539	-1.3545974493	4.97818756104
10	11	0.499963428825	-0.409343711925	0.282586995129	-0.867515023323	-2.36020612717	1.61053729057	-4.95155143738
11	11	0.499991416931	0.506019519256	-0.209526462942	0.836685668252	2.86787509918	-1.22024464607	4.79348564148
12	11	0.499986831099	-0.376739221309	0.315706170729	-0.870860019114	-2.17008471489	1.7892190218	-4.97739171982
13	11	0.499999258667	0.428104196358	-0.274704226067	0.860967122045	2.437520504	-1.56767642498	4.92804956436
14	11	0.499999800697	-0.31228706749	0.216059369835	-0.925091960934	-1.80879449844	1.23703825474	-5.28072118759
15	11	0.499995972961	0.357233221518	-0.200269598649	0.912291901367	2.0548915863	-1.15118026733	5.20946931839
16	11	0.499996799976	-0.502120528822	0.223027429652	-0.83554397859	-2.84884357452	1.29124188423	-4.78630256653
17	11	0.499986998737	0.450562943011	-0.298545747926	0.841346225273	2.56224012375	-1.69840359688	4.82043981552
18	11	0.499993603677	-0.266740821978	0.303590180904	-0.9147034142	-1.5567843914	1.72725057602	-5.22380828857
19	11	0.499992821366	0.404765690322	-0.257519927581	0.877409951412	2.30028152466	-1.47487580776	5.02167129517
20	11	0.499999351799	-0.355231584573	0.327726388025	-0.875446135358	-2.02920651436	1.85315966606	-5.01340770721
21	11	0.499999415129	0.280850457285	-0.204306519034	0.937753628051	1.63473892212	-1.17862081528	5.35090398788
22	11	0.499993398786	-0.367359021225	0.158289890047	-0.916510589264	-2.10122847557	0.918995499611	-5.23669242859
23	11	0.499995134771	0.440770599404	-0.239401889741	0.865105781907	2.51523065567	-1.35381436348	4.95281887054
24	11	0.499978911132	-0.458166952273	0.23082443271	-0.858372369726	-2.61852049828	1.31650960445	-4.90801954269
25	11	0.499984800816	0.423705652738	-0.20277348599	0.882811663503	2.42950773239	-1.16294598579	5.04276371002
26	11	0.49923877418	-0.484408533954	0.196101444144	-0.852579964483	-2.75097250938	1.12944757938	-4.87240934372
27	11	0.498066022992	0.483869505532	-0.243883055944	0.840470913619	2.75935912132	-1.393861413	4.81665706635
28	11	0.446349568665	-0.343538374601	0.179994058605	-0.921728552256	-1.78806257248	0.929727554321	-4.72115850449
29	11	0.498363237828	0.366329947706	-0.181938918875	0.912524300615	2.10365414619	-1.05438804626	5.2205991745
0	12	0.499960448593	0.526930681659	-0.31663355197	0.788725079158	2.99224901199	-1.79409384727	4.5302233696
1	12	0.49997805059	-0.526360205175	0.186414316385	-0.82957497374	-3.00327515602	1.09798884392	-4.73981666565
2	12	0.499961234629	0.566873868207	-0.297877967489	0.768064277277	3.22452449799	-1.69959390163	4.40455722809
3	12	0.499982126057	-0.583559022386	0.334369521254	-0.740037762988	-3.33071470261	1.89597463608	-4.24254989624
4	12	0.499224729836	0.598631342182	-0.291068364424	0.746270543026	3.40191459656	-1.66031503677	4.27274990082
5	12	0.498279511929	-0.580255932747	0.276804849367	-0.765951779082	-3.32148551941	1.59039664268	-4.38415622711
6	12	0.445445053279	0.65860923689	-0.368568836222	0.656041832545	3.36108207703	-1.86841130257	3.38619661331
7	12	0.497703410685	-0.527471499146	0.114514078822	-0.841819662006	-3.02035999298	0.681877434254	-4.81037473679
8	12	0.499265812337	0.571349283664	-0.252664748006	0.780846029107	3.24987101555	-1.43840706348	4.46830892563
9	12	0.499239973724	-0.461817465554	0.329515398204	-0.823495131045	-2.65627479553	1.86039638519	-4.69842481613
10	12	0.499714389443	0.576297079129	-0.29598395955	0.761757948614	3.26692128181	-1.69383883476	4.3781003952
11	12	0.499222341925	-0.388946530223	0.337458128738	-0.857229612167	-2.24966335297	1.9074215889	-4.88790893555
12	12	0.499974545091	0.444442301161	-0.223786689486	0.867404495347	2.53834342957	-1.29194307327	4.95722723007
13	12	0.499986089766	-0.44634128681	0.221515108523	-0.867012406131	-2.55069446564	1.26193416119	-4.95823001862
14	12	0.500000540167	0.438193408877	-0.244196984072	0.865074776761	2.49496889114	-1.39062058926	4.95231533051
15	12	0.499999217689	-0.444747801663	0.25406787373	-0.858864895344	-2.5365190506	1.45039093494	-4.91396331787
16	12	0.499998327345	0.504874894377	-0.317234660975	0.802784847207	2.86461925507	-1.79823410511	4.61002826691
17	12	0.499999776483	-0.368560014983	0.277139787882	-0.887331422484	-2.11447119713	1.58357000351	-5.07062864304
18	12	0.499998293817	0.370822141666	-0.156442822917	0.915432456497	2.11409330368	-0.922744870186	5.23137378693
19	12	0.49999948591	-0.369339760316	0.253256206756	-0.894119362943	-2.11769938469	1.43865323067	-5.11149978638
20	12	0.499999333173	0.386886618171	-0.241423343912	0.889962647359	2.20825529099	-1.39470493793	5.08541250229
21	12	0.499994199723	-0.440648628694	0.305991275913	-0.843918316602	-2.49948763847	1.73359870911	-4.84140110016
22	12	0.499986369163	0.430502622581	-0.171578738893	0.88613104466	2.44724774361	-1.00661563873	5.06856775284
23	12	0.499609474093	-0.337471367292	0.264827257348	-0.903315891603	-1.94865524769	1.51174986362	-5.1532907486
24	12	0.499762382358	0.47467573609	-0.262881979362	0.839985720411	2.690325737	-1.50541901588	4.81433963776
25	12	0.499464355409	-0.419133156968	0.282511789955	-0.86285252811	-2.38963389397	1.60759270191	-4.93152618408
26	12	0.499951753765	0.381022558421	-0.244380391795	0.891683819569	2.18650341034	-1.40549218655	5.09242343903
27	12	0.499255217612	-0.334994589265	0.292310899088	-0.895730407789	-1.93321180344	1.66238057613	-5.10766267776
28	12	0.499685667455	0.355641978397	-0.263766759354	0.896630291626	2.03877973557	-1.50385951996	5.12580394745
29	12	0.499236799777	-0.387240244685	0.239999187373	-0.890194014222	-2.22354078293	1.37269926071	-5.07536125183
0	13	0.49998678267	-0.499501656662	0.288563934323	-0.816840835659	-2.86118674278	1.64475309849	-4.66769504547
1	13	0.499997600913	0.504039822294	-0.278346556151	0.817598344066	2.88390922546	-1.58255445957	4.67546653748
2	13	0.499998863786	-0.510669758679	0.272188829879	-0.815554804081	-2.92772650719	1.5539753437	-4.65802526474
3	13	0.499960400164	0.617531259376	-0.225862855045	0.753419613765	3.51006221771	-1.30379295349	4.32011270523
4	13	0.499709069729	-0.555282361382	0.206005921967	-0.805743792562	-3.18982100487	1.19196009636	-4.59399986267
5	13	0.445686943829	0.610267251532	-0.184893551841	0.770316984231	3.12309217453	-0.951840698719	3.95127344131
6	13	0.233293572441	0.535796048365	-0.212037236709	0.817289914783	1.514575243	-0.593290686607	2.26516199112
7	13	0.445174749941	0.490762190026	-0.282194994916	0.824329095498	2.5291121006	-1.43143415451	4.21605205536
8	13	0.49892398715	-0.578403468668	0.208927016829	-0.788542281093	-3.29236698151	1.19754183292	-4.50779724121
9	13	0.498340073973	0.559610396408	-0.207148483458	0.802449817766	3.20101165771	-1.19250380993	4.59582567215
10	13	0.445983462036	-0.563095096774	0.247745933917	-0.788381801043	-2.89280986786	1.2615942955	-4.04355955124
11	13	0.498063270003	0.473386651377	-0.3067841021	0.825704906729	2.71206235886	-1.7472641468	4.72788381577
12	13	0.499250907451	-0.508258080251	0.224178283608	-0.831515376297	-2.89074134827	1.27167093754	-4.75556135178
13	13	0.499988034368	0.467912036833	-0.0580617912054	0.881865723446	2.66974473	-0.369456529617	5.04300403595
14	13	0.499997884035	-0.383503219075	0.206178216652	-0.900230983658	-2.2024769783	1.18029344082	-5.14225578308
15	13	0.499999694526	0.391003762051	-0.221732542807	0.893280883889	2.23405742645	-1.28338062763	5.10380268097
16	13	0.499999564141	-0.3689096762	0.263611011766	-0.89129954857	-2.10957527161	1.51578021049	-5.09316825867
17	13	0.499999787658	0.250154123287	-0.318358439235	0.914369082357	1.46149671078	-1.80826187134	5.22348737717
18	13	0.499999653548	-0.358991570233	0.211468893457	-0.909068732056	-2.06062722206	1.21755194664	-5.19246387482
19	13	0.499999731779	0.422936483004	-0.191870137441	0.88561311062	2.41178321838	-1.11444556713	5.06261348724
20	13	0.499998580664	-0.326570534825	0.313743329356	-0.891581072628	-1.88059437275	1.78297281265	-5.0960149765
21	13	0.499994523823	0.347826095955	-0.340100701414	0.8736981858	1.98902320862	-1.93640184402	4.99774742126
22	13	0.499597482383	-0.351357964183	0.335202158966	-0.874177953068	-2.00554680824	1.90183675289	-4.99969625473
23	13	0.498990543187	0.316726336513	-0.359824088594	0.877616689123	1.81840872765	-2.04273700714	5.02282905579
24	13	0.468323670328	-0.28939765675	0.327889616552	-0.899298279563	-1.57418560982	1.75874352455	-4.85431909561
25	13	0.497868534178	0.322766119743	-0.320439623945	0.89058434713	1.85714673996	-1.82685160637	5.09277820587
26	13	0.499123208225	-0.397193788578	0.329721232812	-0.856458407016	-2.26674222946	1.86642551422	-4.89423036575
27	13	0.499962128699	0.412159300811	-0.315177283603	0.854861386808	2.35687327385	-1.79168868065	4.89104557037
28	13	0.49995065853	-0.395894806497	0.250650987222	-0.883425936224	-2.26887989044	1.43718993664	-5.04614162445
29	13	0.499990615994	0.498038305538	-0.22922572378	0.836309400745	2.82909727097	-1.32310605049	4.78892803192
0	14	0.499999083579	0.576987773128	-0.264371767264	0.772782426259	3.27261829376	-1.50667715073	4.4401640892
1	14	0.499998744577	-0.508031530814	0.222955602898	-0.831982429403	-2.90486311913	1.27377223969	-4.75659942627
2	14	0.499997884035	0.479216402374	-0.253705202223	0.840229319924	2.75185346603	-1.44913125038	4.79673910141
3	14	0.499987844378	-0.483821772028	0.272214073888	-0.831754766075	-2.79313325882	1.54803264141	-4.74302482605
4	14	0.499234892428	0.63121155794	-0.313048129455	0.709628661884	3.58681941032	-1.76901626587	4.07390213013
5	14	0.498062685132	-0.573149400195	0.257177029874	-0.778048674802	-3.28535270691	1.47230195999	-4.44897842407
6	14	0.445739291608	0.616625148687	-0.0384678393144	0.786316508376	3.15460467339	-0.22354927659	4.03506469727
7	14	0.498319786042	-0.594003157552	0.108535921676	-0.797107397108	-3.38978075981	0.633176505566	-4.57192707062
8	14	0.49895215407	0.512763842848	-0.187374473197	0.837832947706	2.93716144562	-1.06560325623	4.7787771225
9	14	0.445612609386	-0.572470688481	0.13908687097	-0.808042172881	-2.93044614792	0.720669746399	-4.14287662506
10	14	0.233075231314	-0.591874807172	0.138068736887	-0.794116639122	-1.6382317543	0.404719054699	-2.21852397919
11	14	0.444730266929	-0.652496531549	0.158519210215	-0.741026272347	-3.32051515579	0.81364685297	-3.80647468567
12	14	0.499626707286	0.487829922276	-0.158676303822	0.858396060999	2.79302215576	-0.914510250092	4.9045343399
13	14	0.499959688634	-0.426617808839	0.129681096369	-0.895086620627	-2.44370245934	0.758860945702	-5.11240577698
14	14	0.499999694526	0.382801612851	-0.303866069013	0.872426694514	2.18423891068	-1.72543179989	4.99419021606
15	14	0.499999694526	-0.329957529805	0.393963708804	-0.857858161161	-1.89779806137	2.23033952713	-4.91049671173
16	14	0.500000167638	0.320725982569	-0.317965552312	0.892206675411	1.84507989883	-1.82493901253	5.09408569336
17	14	0.49999974668	-0.345932993218	0.328691581175	-0.878801575253	-1.98663115501	1.87253987789	-5.02335834503
18	14	0.499999597669	0.49909247589	-0.284491792898	0.818517635903	2.83444738388	-1.6308016777	4.69037342072
19	14	0.499999951571	-0.531117462755	0.244538456618	-0.811242987022	-3.01038551331	1.41193938255	-4.6518073082
20	14	0.49999961257	0.340132544043	-0.310879765358	0.887504154342	1.95973885059	-1.77408146858	5.0697183609
21	14	0.499980840832	-0.273612969713	0.304439272667	-0.912388443626	-1.57820987701	1.73415231705	-5.21384334564
22	14	0.499818708748	0.275820104571	-0.262927613832	0.92454980385	1.589371562	-1.50962877274	5.27996921539
23	14	0.467901483178	-0.387958607466	0.266844687691	-0.88220294238	-2.07831144333	1.44085216522	-4.76340770721
24	14	0.306443211623	-0.352263118147	0.186640630617	-0.917101941224	-1.28374767303	0.678431391716	-3.36810016632
25	14	0.417595610954	-0.182305571054	0.00311580583363	-0.983236985938	-0.910517513752	0.0472022816539	-4.77211904526
26	14	0.497697997838	0.446217662128	-0.191319788308	0.874234829212	2.54197597504	-1.10106432438	5.00145244598
27	14	0.499124828726	-0.521314532768	0.238291801132	-0.819419413632	-2.95172595978	1.35879182816	-4.6925201416
28	14	0.499977521598	0.40097842358	-0.256828793068	0.879349347458	2.30475902557	-1.46836912632	5.02176618576
29	14	0.499989099801	-0.406718680525	0.324495640194	-0.853980382917	-2.34344649315	1.83503329754	-4.88160610199
0	15	0.49999788031	-0.465108964199	0.145486101331	-0.873216723237	-2.65981197357	0.840647220612	-4.99074983597
1	15	0.49999973923	0.468237344939	-0.071864258036	0.880675489168	2.6818253994	-0.438342213631	5.03110551834
2	15	0.499999776483	-0.58587314502	0.244543224908	-0.772626215641	-3.32950305939	1.37733709812	-4.44016551971
3	15	0.499987110496	0.596786977501	-0.156557340017	0.786978463982	3.40379261971	-0.911425948143	4.50206375122
4	15	0.499976344407	-0.630322167386	0.22562840346	-0.742822851597	-3.59361863136	1.29242515564	-4.25469875336
5	15	0.499229520559	0.579152657768	-0.26641477722	0.770457893385	3.3087849617	-1.51256322861	4.39850521088
6	15	0.499650076032	-0.639058726688	0.158897902747	-0.752565877745	-3.63479566574	0.919407367706	-4.31768512726
7	15	0.499238491058	0.521729377215	-0.148345191712	0.840114373789	2.98653841019	-0.855343401432	4.789270401
8	15	0.499244127423	-0.456371457263	0.206128647127	-0.865584238436	-2.62299609184	1.18064558506	-4.93135452271
9	15	0.498099777848	0.52294062837	-0.317849149079	0.790888751741	2.99476385117	-1.80372297764	4.53242349625
10	15	0.445655014366	-0.511494243433	0.171870582375	-0.841922883552	-2.63008213043	0.881232500076	-4.31027746201
11	15	0.498080026358	0.458409061381	-0.0819826018307	0.884951967872	2.64296460152	-0.482498347759	5.05512619019
12	15	0.499254316092	-0.46817097324	0.226502061249	-0.854115188991	-2.67644166946	1.27485525608	-4.87837409973
13	15	0.499990157783	0.432357359111	-0.24043838784	0.869054943991	2.47213935852	-1.37259268761	4.96926450729
14	15	0.499997377396	-0.288845917018	0.303462546922	-0.90800799492	-1.68824672699	1.73406982422	-5.18067932129
15	15	0.499999456108	0.384079198319	-0.394117360925	0.834957888301	2.19688391685	-2.2417216301	4.77873468399
16	15	0.499997776002	-0.399844725171	0.40274975633	-0.82335704863	-2.28351593018	2.2868065834	-4.71609115601
17	15	0.499999385327	0.430154387863	-0.279130751648	0.858518040629	2.4519572258	-1.61550414562	4.9056854248
18	15	0.499998018146	-0.461677936789	0.406666933133	-0.78833716656	-2.63733696938	2.30031037331	-4.52119922638
19	15	0.49999961257	0.448435790589	-0.379087070371	0.809443225184	2.56736779213	-2.15655827522	4.63049983978
20	15	0.499998439103	-0.449632127317	0.325449144932	-0.831813563334	-2.54881119728	1.85612261295	-4.76969385147
21	15	0.499993318692	0.323877778425	-0.197134709539	0.925332962202	1.85462808609	-1.15220355988	5.28431940079
22	15	0.499489815906	-0.288924610098	0.245313042384	-0.925388610756	-1.64864397049	1.40334653854	-5.28499746323
23	15	0.497762655839	0.172200671325	-0.24063104936	0.955219151231	1.0122872591	-1.37842559814	5.45803594589
24	15	0.417433343828	-0.436607382034	0.187469383865	-0.87990296287	-2.11317753792	0.915216386318	-4.27456378937
25	15	0.366137871519	-0.339801975726	0.249195940802	-0.906882572542	-1.49168682098	1.07407772541	-3.98167705536
26	15	0.417394880205	-0.304365441768	0.121639232562	-0.944756886696	-1.48248147964	0.587862372398	-4.58499336243
27	15	0.498259343207	0.447924111608	-0.157302304333	0.880124977087	2.56686353683	-0.90661740303	5.03530836105
28	15	0.499464746565	-0.460999336285	0.219343320712	-0.859865175248	-2.62803030014	1.24673390388	-4.91458702087
29	15	0.499994065613	0.415088124743	-0.237336000653	0.878278698075	2.38480043411	-1.35272169113	5.01675701141
0	16	0.499999709427	0.398475874914	-0.126778842156	0.908374428467	2.29319477081	-0.727058291435	5.18642997742
1	16	0.499999649823	-0.355810942076	0.0754673871696	-0.931505902812	-2.0597782135	0.445332974195	-5.31487131119
2	16	0.499999281019	0.459113657252	-0.157384172815	0.874325381006	2.63464403152	-0.897756695747	4.99435520172
3	16	0.49999961257	-0.560631627165	0.124969207853	-0.81858101353	-3.1989068985	0.731386065483	-4.68167209625
4	16	0.499986506999	0.569541696738	-0.199031106033	0.797501645458	3.25385475159	-1.1490983963	4.55823087692
5	16	0.499989885837	-0.519424021416	0.28384334254	-0.805997297062	-2.97929668427	1.61750721931	-4.60325956345
6	16	0.499960534275	0.523949255644	-0.282037260814	0.803699048788	3.00813627243	-1.61101663113	4.58729362488
7	16	0.499978475273	-0.508552821994	0.233658517032	-0.828720534716	-2.91363191605	1.33720827103	-4.73336219788
8	16	0.499964028597	0.512310763539	-0.215543877194	0.831311324695	2.92810487747	-1.24178135395	4.75058031082
9	16	0.499237135053	-0.570074258053	0.292101273234	-0.767914179111	-3.24518346786	1.66332149506	-4.39172840118
10	16	0.499696526676	0.486400800655	-0.248026868175	0.837792894327	2.80209994316	-1.41205322742	4.78091955185
11	16	0.499269239604	-0.625651611151	0.0932722544358	-0.774506519028	-3.54609870911	0.566628277302	-4.44051170349
12	16	0.499973811209	0.536784955722	-0.146434379919	0.830914486387	3.07314133644	-0.858824729919	4.74463701248
13	16	0.499987587333	-0.521041749071	0.269050615317	-0.810016828296	-2.97601556778	1.53192162514	-4.63482952118
14	16	0.499998483807	0.486178152135	-0.249486354994	0.837488724138	2.76961421967	-1.43834424019	4.79053115845
15	16	0.499987266958	-0.513608580594	0.30719587991	-0.801147250702	-2.91871070862	1.76629567146	-4.58778524399
16	16	0.499991703779	0.417451735595	-0.379152490603	0.825819252209	2.39110612869	-2.15656542778	4.724152565
17	16	0.499960839748	-0.387940757002	0.278512456693	-0.878597052421	-2.22287201881	1.60547113419	-5.01598405838
18	16	0.499991156161	0.436267576891	-0.298127131789	0.848994001537	2.48447203636	-1.7135424614	4.85590267181
19	16	0.499987039715	-0.425581771287	0.387048946093	-0.817968990413	-2.41987085342	2.19957542419	-4.68982791901
20	16	0.499999009073	0.330074501803	-0.330658913441	0.884146767353	1.89628505707	-1.89085507393	5.05126619339
21	16	0.499991279095	-0.317251410691	0.282196517026	-0.905382056479	-1.81870698929	1.61207723618	-5.17438220978
22	16	0.49997664988	0.359063111877	-0.302009924522	0.883098911323	2.04127049446	-1.71634149551	5.05694150925
23	16	0.499192645773	-0.274658946096	0.256929181231	-0.926579656134	-1.59254789352	1.46160173416	-5.28423166275
24	16	0.498067587614	0.496946903696	-0.185633460858	0.847693336718	2.82376194	-1.06807589531	4.85999774933
25	16	0.417230103165	-0.354087798122	0.0205083604888	-0.93498729316	-1.71593165398	0.115511506796	-4.53797197342
26	16	0.30666795047	-0.287432284647	0.0250286662203	-0.957473888735	-1.07230985165	0.109368264675	-3.50930523872
27	16	0.468550249934	-0.458905680062	0.0694529834009	-0.885766255794	-2.46876978874	0.389052510262	-4.78735876083
28	16	0.499815385789	0.49326426155	-0.128003886765	0.860410002993	2.81033182144	-0.742311894894	4.92265605927
29	16	0.499979931861	-0.493118268978	0.204503581219	-0.845584211104	-2.81279039383	1.16310453415	-4.83937120438
0	17	0.499998256564	-0.488023055382	0.0986952528983	-0.867232808691	-2.78971290588	0.578015089035	-4.9568567276
1	17	0.499999511987	0.44930447231	-0.139195496179	0.882468189231	2.57646012306	-0.790936052799	5.04221820831
2	17	0.499999571592	-0.458267841788	0.143158529685	-0.877209336796	-2.63162374496	0.826355218887	-5.00765657425
3	17	0.499999821186	0.508037873537	-0.224553488075	0.831548705757	2.91283226013	-1.27982199192	4.75031709671
4	17	0.499998945743	-0.522444905756	0.328444590126	-0.786877037196	-2.99693822861	1.85136461258	-4.50339698792
5	17	0.499998137355	0.535846120238	-0.302973088648	0.788083906054	3.07026529312	-1.73493862152	4.49992132187
6	17	0.499999217689	-0.604876231034	0.428394859976	-0.67126938637	-3.44504833221	2.41950488091	-3.87000656128
7	17	0.499996833503	0.559714902801	-0.297334276193	0.77350601535	3.18961715698	-1.70332682133	4.42871999741
8	17	0.499986864626	-0.479488506869	0.264739189443	-0.836662377159	-2.76853132248	1.51632249355	-4.7671880722
9	17	0.499989904463	0.619130993311	-0.32105240012	0.716660428306	3.52512121201	-1.8244754076	4.1153011322
10	17	0.499961107969	-0.526612815964	0.297891171816	-0.796203360842	-3.0170340538	1.70371520519	-4.54682826996
11	17	0.499988362193	0.556788212853	-0.395281100734	0.730574936218	3.18024110794	-2.23082351685	4.19682121277
12	17	0.499987877905	-0.586092583577	0.307119749425	-0.749781930289	-3.34689807892	1.75229096413	-4.29085683823
13	17	0.49999910593	0.590643719008	-0.330404032869	0.736188272292	3.36026358604	-1.87516927719	4.22878360748
14	17	0.499987073243	-0.443801230738	0.281948790958	-0.850614687666	-2.55906677246	1.61770153046	-4.84988927841
15	17	0.499978266656	0.501106386096	-0.353048214768	0.790094518309	2.85700654984	-2.01401233673	4.52408742905
16	17	0.499247167259	-0.437431003637	0.351868931188	-0.82755203602	-2.49244070053	2.01571941376	-4.72329902649
17	17	0.499700564891	0.342002216364	-0.347594823366	0.873047720787	1.96342658997	-1.97839200497	4.99291181564
18	17	0.499245069921	-0.318064649396	0.248738240296	-0.914857456995	-1.81695151329	1.43852710724	-5.21709346771
19	17	0.499977957457	0.272806049197	-0.331078297704	0.903307267939	1.57073569298	-1.89460396767	5.16077899933
20	17	0.499987181276	-0.267042256202	0.339295691289	-0.901979416215	-1.53443431854	1.93465209007	-5.15589237213
21	17	0.499998968095	0.328557402175	-0.270721710139	0.904853462797	1.87793207169	-1.55858802795	5.1698589325
22	17	0.499988939613	-0.370993393838	0.27185177955	-0.887952989569	-2.12729382515	1.55189394951	-5.07431507111
23	17	0.499964807183	0.427966954166	-0.199806043625	0.881431693935	2.44204115868	-1.16110956669	5.03770875931
24	17	0.499129068106	-0.52244493789	0.245630384035	-0.816527403895	-2.96228337288	1.39879333973	-4.67489433289
25	17	0.497400721535	0.310642134841	-0.237827936884	0.920293070983	1.79865670204	-1.36129784584	5.25107049942
26	17	0.468402126804	-0.333362378761	0.226730266656	-0.915129996563	-1.80899715424	1.21327483654	-4.94479465485
27	17	0.498172655702	0.344065682361	-0.222921923839	0.912099019895	1.98227286339	-1.25762820244	5.20490932465
28	17	0.499582953751	-0.41239994369	0.154623201993	-0.89778502541	-2.37787532806	0.894433379173	-5.11781549454
29	17	0.499982774258	0.563028047161	-0.238575579693	0.791252874171	3.20019006729	-1.34358382225	4.54372358322
0	18	0.499997861683	0.519522400459	-0.094122315582	0.849257007702	2.97618794441	-0.556058287621	4.84958457947
1	18	0.49999955669	-0.592969448796	0.151857993913	-0.790775810505	-3.36997032166	0.866616487503	-4.53654718399
2	18	0.499999307096	0.575631150182	-0.174922007707	0.798780990109	3.27979445457	-0.994439899921	4.57638072968
3	18	0.4999987185	-0.59917306728	0.245107882688	-0.762176988167	-3.41048026085	1.38747572899	-4.37398338318
4	18	0.499999046326	0.607350099477	-0.175520161271	0.774802251966	3.45719528198	-1.02244627476	4.43756484985
5	18	0.499998420477	-0.586495318476	0.229077749178	-0.776882633502	-3.34554815292	1.31944465637	-4.4443564415
6	18	0.499999694526	0.560823406638	-0.363659874035	0.743793387026	3.20027351379	-2.07119894028	4.26116943359
7	18	0.499999027699	-0.455328454065	0.315702394471	-0.832471018741	-2.6325905323	1.80364561081	-4.74414205551
8	18	0.499999284744	0.630272620078	-0.251234289539	0.734600405758	3.5741751194	-1.44796264172	4.22249794006
9	18	0.499996930361	-0.662929160261	0.257231151634	-0.703105300154	-3.7678565979	1.4743335247	-4.03961181641
10	18	0.499999701977	0.531398244071	-0.24665640694	0.810417499264	3.03654456139	-1.43012309074	4.62885093689
11	18	0.499997761101	-0.382627352821	0.412588109688	-0.826660365941	-2.2403550148	2.33972358704	-4.71356868744
12	18	0.499999448657	0.608637001653	-0.306386050863	0.731907499658	3.45909905434	-1.76023411751	4.19867610931
13	18	0.499997232109	-0.534294563359	0.247233331561	-0.808334707488	-3.068318367	1.42762506008	-4.60780715942
14	18	0.499990999699	0.523311287522	-0.270225772302	0.808160459523	2.97666788101	-1.55884313583	4.62585163116
15	18	0.499252483249	-0.488757609275	0.398813098063	-0.77592790399	-2.78688502312	2.2650885582	-4.43717956543
16	18	0.498354006559	0.41034748903	-0.441728106792	0.79780399718	2.35688686371	-2.51853299141	4.57120943069
17	18	0.445611756295	-0.3140800983	0.361590997438	-0.877841467706	-1.6180254221	1.85296690464	-4.49619626999
18	18	0.498324733227	0.226485062868	-0.284159273231	0.931642648087	1.30831694603	-1.63453650475	5.32977104187
19	18	0.499253213406	-0.237626423253	0.374166763637	-0.896399975436	-1.36659216881	2.1189262867	-5.12144565582
20	18	0.499991770834	0.238613564251	-0.340770559299	0.909361860246	1.37328529358	-1.94598305225	5.19716501236
21	18	0.499997150153	-0.339068546151	0.355812661416	-0.870878792362	-1.94690465927	2.01774573326	-4.98280906677
22	18	0.499997708946	0.475161751389	-0.265251570489	0.838965383297	2.70009422302	-1.52743041515	4.80245399475
23	18	0.499979875982	-0.443208829011	0.305837759942	-0.84263230325	-2.54317092896	1.7330789566	-4.81799602509
24	18	0.499240566045	0.549650371437	-0.277237182184	0.788050768666	3.11968612671	-1.58683443069	4.51011657715
25	18	0.497703272849	-0.406205127294	0.311069124214	-0.859205094562	-2.33381581306	1.76813042164	-4.91332674026
26	18	0.445654004812	0.483049094292	-0.146990941374	0.863166980171	2.48601484299	-0.764151334763	4.42005443573
27	18	0.497885130346	-0.467096004422	0.169268127189	-0.867853457544	-2.67665672302	0.973580121994	-4.96254110336
28	18	0.499248113483	0.566273574916	-0.201416965661	0.799228030224	3.21607494354	-1.13600277901	4.5781121254
29	18	0.499984312803	-0.546408234585	0.180671062773	-0.817799491473	-3.12615323067	1.02809607983	-4.6745839119
0	19	0.499999552965	-0.538493546352	0.213105266598	-0.8152366809	-3.07798480988	1.20141983032	-4.66549062729
1	19	0.49999980256	0.512370589757	-0.171748641529	0.841414750813	2.93420314789	-0.981622695923	4.80748224258
2	19	0.499993208796	-0.478516002379	0.0598022275439	-0.876040027081	-2.74331259727	0.373166739941	-5.00258779526
3	19	0.499994847924	0.473960273689	-0.191295868217	0.859515881045	2.71624970436	-1.0918109417	4.91109418869
4	19	0.49998029694	-0.482669957498	0.184643367783	-0.856117129173	-2.76457452774	1.06342220306	-4.88988494873
5	19	0.499994147569	0.527991927489	-0.197465291114	0.825973355086	3.01423573494	-1.15170824528	4.72005796432
6	19	0.499992012978	-0.485132193534	0.37141946366	-0.791640282459	-2.78242778778	2.09996318817	-4.53175449371
7	19	0.499999415129	0.514718988188	-0.308818949799	0.799809489469	2.92644095421	-1.77373945713	4.5795211792
8	19	0.499999340624	-0.410490849416	0.320244889755	-0.853780108184	-2.38236904144	1.81921482086	-4.86934804916
9	19	0.499999813735	0.542364700125	-0.241951797194	0.804549476349	3.09686613083	-1.40099167824	4.59754991531
10	19	0.500000055879	-0.484687204475	0.307291146072	-0.818932515757	-2.78456068039	1.75609993935	-4.67405176163
11	19	0.499999783933	0.587047600359	-0.365359655228	0.722417771961	3.3324201107	-2.08583402634	4.15171480179
12	19	0.499999992549	-0.567301978318	0.37710928027	-0.732090879694	-3.25200605392	2.14013338089	-4.18634223938
13	19	0.49999961257	0.643181399273	-0.278763001814	0.713168196464	3.64300966263	-1.6033591032	4.10656166077
14	19	0.499960258603	-0.34721814943	0.350299826441	-0.869902056729	-2.03636789322	1.99870872498	-4.95620155334
15	19	0.499683178961	0.481645754415	-0.348372353791	0.804148040082	2.74780607224	-2.00120067596	4.59769630432
16	19	0.446052130312	-0.501179777089	0.414368343172	-0.759682635851	-2.55404448509	2.12112545967	-3.91098332405
17	19	0.232880881056	-0.363709270142	0.379460762894	-0.850720339616	-1.01467728615	1.05253720284	-2.36949467659
18	19	0.445687474683	-0.281862903175	0.295297856871	-0.912881415925	-1.45410323143	1.52303099632	-4.67345094681
19	19	0.499678656459	0.354604887836	-0.284277277483	0.890753502957	2.01356625557	-1.6237282753	5.10001707077
20	19	0.499964078888	-0.215335846605	0.273637233473	-0.937418336509	-1.27251505852	1.56530475616	-5.35062789917
21	19	0.499998826534	0.436232469547	-0.28261665475	0.854300333004	2.48435401917	-1.61428892612	4.89056968689
22	19	0.499999653548	-0.48563345201	0.304706233353	-0.819337696951	-2.77085399628	1.73298954964	-4.69040441513
23	19	0.499963328242	0.458516329466	-0.225029215706	0.859723576327	2.63459253311	-1.31330394745	4.90120077133
24	19	0.499684125185	-0.554040470166	0.311295534114	-0.772097304657	-3.1604180336	1.76907491684	-4.42463445663
25	19	0.445769779384	0.51534307001	-0.255320948638	0.818066460246	2.64950704575	-1.30445170403	4.19085597992
26	19	0.232738515362	0.616850812952	-0.189511478296	0.763924390339	1.69191718102	-0.537023365498	2.14352107048
27	19	0.444886043668	0.650345475164	-0.187184744795	0.736215073365	3.31571960449	-0.954246044159	3.77952694893
28	19	0.49964672327	-0.564560071759	0.0738905813146	-0.822077920497	-3.23326063156	0.453525900841	-4.69472551346
29	19	0.499961864203	0.587834314666	-0.119792756932	0.800062818714	3.34885597229	-0.702409565449	4.57976055145
0	20	0.499997720122	0.516385666994	-0.189203470883	0.835193324643	2.95633554459	-1.09324240685	4.76929950714
1	20	0.499994136393	-0.510722407845	0.258514572809	-0.819959046398	-2.92251181602	1.46063351631	-4.69170379639
2	20	0.499986346811	0.437782779265	-0.156186093161	0.885410719656	2.51300215721	-0.908846855164	5.05472230911
3	20	0.499594893306	-0.41874834899	0.233644909011	-0.877530555999	-2.39630532265	1.33692336082	-5.0103020668
4	20	0.499800328165	0.382859817266	-0.269059034363	0.883756525493	2.21111059189	-1.53924751282	5.04262399673
5	20	0.49947559461	-0.471829391523	0.346354361489	-0.810811742374	-2.69030809402	1.95850419998	-4.64178705215
6	20	0.499976363033	0.461255074102	-0.235878231746	0.855339240538	2.64664626122	-1.37116920948	4.8792757988
7	20	0.499988693744	-0.424089256925	0.370670381348	-0.826287946512	-2.44366884232	2.09559774399	-4.72478580475
8	20	0.499999400228	0.472644186925	-0.259905527732	0.842054979927	2.70411515236	-1.51511085033	4.80454206467
9	20	0.499999083579	-0.526010106652	0.346048800937	-0.776893554529	-3.00645303726	1.97175908089	-4.44526052475
10	20	0.499999437481	0.479375515941	-0.346150523257	0.806460742978	2.74781703949	-1.98010730743	4.60558223724
11	20	0.499998144805	-0.496987160858	0.314789017837	-0.808648029857	-2.85474157333	1.81064987183	-4.61066198349
12	20	0.499999299645	0.596353975926	-0.314860452059	0.738393412164	3.39535856247	-1.80689799786	4.23012399673
13	20	0.499996300787	-0.516276599624	0.246978102948	-0.820036760971	-2.96662092209	1.43683981895	-4.67179918289
14	20	0.499979257584	0.479678742549	-0.399629646137	0.781155842246	2.74527478218	-2.26288843155	4.47570133209
15	20	0.499240599573	-0.491176997723	0.391319675838	-0.778212097188	-2.81277561188	2.22685742378	-4.44003629684
16	20	0.498168483377	0.532934152687	-0.349729779218	0.770500013256	3.04236316681	-2.01472997665	4.41110610962
17	20	0.44463044405	-0.350251147536	0.458838621699	-0.816572870531	-1.79620862007	2.33074188232	-4.18397140503
18	20	0.497947648168	0.298644140193	-0.187716390546	0.935721237468	1.7270655632	-1.08356058598	5.34759664536
19	20	0.49923395738	-0.418411945503	0.150613834209	-0.895682374955	-2.38214159012	0.876958489418	-5.11305046082
20	20	0.499991219491	0.43315626327	-0.177512730507	0.883665594044	2.4713742733	-1.02244997025	5.05364847183
21	20	0.499997384846	-0.526196715569	0.156589165709	-0.835821063211	-2.99315905571	0.927120923996	-4.7828168869
22	20	0.499998066574	0.491264075834	-0.297518650504	0.818622171943	2.81498217583	-1.69807243347	4.67723274231
23	20	0.499991074204	-0.528352115034	0.392584692782	-0.752808940922	-3.02000188828	2.2103908062	-4.3232460022
24	20	0.49924094975	0.558337951786	-0.300703795253	0.773198525034	3.19147443771	-1.70639455318	4.41470241547
25	20	0.498332589865	-0.558700488089	0.20833425314	-0.802776808072	-3.20943903923	1.19686150551	-4.58882331848
26	20	0.445540457964	0.577612143821	-0.218430381028	0.786544582306	2.96400165558	-1.11697077751	4.0276761055
27	20	0.498121142387	-0.551775301761	0.338312217366	-0.762291846963	-3.16264486313	1.92681622505	-4.36469125748
28	20	0.499259576201	0.548825365353	-0.272807072444	0.790168981655	3.12920951843	-1.54519796371	4.51790237427
29	20	0.499990794808	-0.511412887653	0.274909539971	-0.814175413026	-2.93053984642	1.54626488686	-4.65961456299
0	21	0.499997925013	-0.561817613098	0.208250532257	-0.800620187996	-3.20719242096	1.1882443428	-4.58109903336
1	21	0.499995961785	0.605008618844	-0.244940465719	0.757607246123	3.44056606293	-1.40188074112	4.34572887421
2	21	0.499596044421	-0.467710434575	0.299709600191	-0.831517350957	-2.67985296249	1.70370459557	-4.74909448624
3	21	0.498949412256	0.421074892582	-0.350912441354	0.836394878834	2.41862106323	-1.99204587936	4.78420972824
4	21	0.467936933041	-0.491931716438	0.33580871902	-0.803265641362	-2.64315342903	1.80728960037	-4.33938455582
5	21	0.498192150146	0.419266572591	-0.369608284161	0.829219667752	2.42023921013	-2.09926915169	4.74346446991
6	21	0.499182723463	-0.589875364668	0.196714862823	-0.783166851253	-3.33823204041	1.14578282833	-4.48731803894
7	21	0.499976050109	0.519822347825	-0.289442232522	0.803746179297	2.97060751915	-1.6648914814	4.59275913239
8	21	0.499989055097	-0.512426693682	0.453487595805	-0.729224165845	-2.93285083771	2.55780720711	-4.18989419937
9	21	0.499998837709	0.595688724541	-0.409722713322	0.69085616567	3.38563585281	-2.3384783268	3.96950674057
10	21	0.499991469085	-0.497005916677	0.432937624977	-0.752030672025	-2.85040378571	2.46315813065	-4.30022478104
11	21	0.499994188547	0.524679258029	-0.384158688184	0.759693213401	2.99973225594	-2.20004081726	4.34110641479
12	21	0.499982133508	-0.567862636982	0.412397901253	-0.712362264976	-3.2405962944	2.34236192703	-4.08594322205
13	21	0.499982684851	0.566912728919	-0.354737291738	0.743485986176	3.23051929474	-2.02014946938	4.26253890991
14	21	0.499954901636	-0.556190376546	0.255523840335	-0.790796960072	-3.17745685577	1.48242378235	-4.51609754562
15	21	0.49923504889	0.61037238867	-0.36821739169	0.701328382147	3.46879196167	-2.09433627129	4.02212095261
16	21	0.49894503504	-0.508235792328	0.447877167585	-0.735596643652	-2.90220808983	2.53797984123	-4.21198892593
17	21	0.498944535851	0.361320924121	-0.361678686738	0.859439187698	2.08161878586	-2.06342792511	4.90061664581
18	21	0.499209962785	-0.397514970866	0.243900568743	-0.884587113011	-2.2775490284	1.39583265781	-5.04559421539
19	21	0.499962348491	0.491461707005	-0.20409157914	0.8466475169	2.80310058594	-1.16946589947	4.84373855591
20	21	0.499986514449	-0.467759989295	0.210011479505	-0.858542818321	-2.67422890663	1.20430862904	-4.90713882446
21	21	0.499998897314	0.496289200188	-0.342671579353	0.797667360797	2.83743190765	-1.92979967594	4.57344245911
22	21	0.499999593943	-0.524220734311	0.295143656025	-0.798800878834	-2.99172401428	1.68712806702	-4.56996154785
23	21	0.499987531453	0.54962694905	-0.20238619917	0.810524548218	3.14526557922	-1.18267667294	4.62611198425
24	21	0.499974824488	-0.643840570148	0.144473595114	-0.751396500222	-3.66633558273	0.851920843124	-4.30427122116
25	21	0.499228388071	0.676511561705	-0.183558546895	0.713188871717	3.84424161911	-1.04424023628	4.08843564987
26	21	0.499693498015	-0.621058108534	0.171571865134	-0.764754810981	-3.55267000198	0.991627156734	-4.36973571777
27	21	0.499235749245	0.575239162278	-0.349520170132	0.739550915659	3.28901338577	-1.9615945816	4.23487615585
28	21	0.499974239618	-0.484340909756	0.211610563953	-0.848902145338	-2.78282809258	1.22112584114	-4.84311962128
29	21	0.499986510724	0.471187848966	-0.116517545163	0.874302963884	2.71139979362	-0.692727088928	4.9858584404
0	22	0.499999344349	0.575374069829	-0.228644539387	0.78528106712	3.28740739822	-1.31187903881	4.48964929581
1	22	0.49998024106	-0.593631862254	0.239090158648	-0.76839905528	-3.38733386993	1.37419915199	-4.39516019821
2	22	0.499824795872	0.511209252189	-0.31247806287	0.800638845361	2.92096614838	-1.77844667435	4.58135938644
3	22	0.467846091837	-0.516940881627	0.302799275165	-0.800677665395	-2.77872061729	1.63024950027	-4.32371139526
4	22	0.305443326011	-0.469806381613	0.301440140621	-0.829708265246	-1.72362720966	1.08240437508	-3.03801584244
5	22	0.417940784246	-0.525222494371	0.230586558869	-0.819128299032	-2.55135631561	1.12789070606	-3.98013496399
6	22	0.49814491719	0.481739166742	-0.205218093101	0.851946541451	2.77458167076	-1.18511974812	4.86152267456
7	22	0.499162588269	-0.527859153758	0.300319065589	-0.794464078884	-3.00374984741	1.70785617828	-4.54264354706
8	22	0.499976079911	0.472691782121	-0.282450415141	0.834736031391	2.71716666222	-1.63128268719	4.75883197784
9	22	0.499981328845	-0.534441885694	0.359085874316	-0.765133456126	-3.04996681213	2.05051708221	-4.37928199768
10	22	0.499976597726	0.521024717687	-0.410979909191	0.748083389604	2.97656416893	-2.35135316849	4.2771487236
11	22	0.499479457736	-0.530934639392	0.443525208664	-0.722076033375	-3.03079676628	2.52169537544	-4.13168907166
12	22	0.499812591821	0.499659097141	-0.357743340086	0.788898275615	2.85834765434	-2.06041526794	4.50193023682
13	22	0.499592542648	-0.448771132358	0.371015596781	-0.812989481917	-2.58105182648	2.11049866676	-4.63916683197
14	22	0.499226115644	0.522000502978	-0.222100496241	0.823521004262	2.98280596733	-1.28817081451	4.69393491745
15	22	0.49813631922	-0.623798626935	0.253288919181	-0.739405163935	-3.5638628006	1.46128582954	-4.23541498184
16	22	0.446045774966	0.50308072919	-0.401171475632	0.765487574724	2.59470152855	-2.05521392822	3.92062044144
17	22	0.49791963771	-0.433637159028	0.295215492212	-0.851355758463	-2.4891679287	1.69612777233	-4.86509990692
18	22	0.499258875847	0.543060225747	-0.275539497798	0.793198320955	3.09009289742	-1.56900787354	4.53683233261
19	22	0.499977037311	-0.580996132628	0.245319133127	-0.776055421213	-3.30400443077	1.39968526363	-4.45104455948
20	22	0.499996948987	0.439366507107	-0.173628436577	0.881368389747	2.53403735161	-1.00434589386	5.02596187592
21	22	0.499999083579	-0.453780205688	0.243080626578	-0.85731868865	-2.60627794266	1.39745032787	-4.89307355881
22	22	0.499999079853	0.473602495266	-0.338867043876	0.812938990978	2.71664977074	-1.92775011063	4.64621496201
23	22	0.499999053776	-0.530398283016	0.355836694825	-0.76945299271	-3.03239393234	2.01653862	-4.40729999542
24	22	0.499987442046	0.544367069801	-0.26731382927	0.795114966528	3.12268161774	-1.52345573902	4.54055976868
25	22	0.499989233911	-0.609579515804	0.134345274252	-0.781258063126	-3.48436546326	0.781183362007	-4.46502065659
26	22	0.499962098897	0.64989261147	-0.111731549785	0.751768351515	3.707457304	-0.646922588348	4.30274963379
27	22	0.499987445772	-0.680877593673	0.130838410903	-0.720615717748	-3.87172174454	0.766563713551	-4.13800907135
28	22	0.499987319112	0.5148450178	-0.284852011669	0.808575252586	2.96296072006	-1.60376596451	4.61961889267
29	22	0.49999878183	-0.565742944172	0.159763568198	-0.808956440976	-3.22678804398	0.924424529076	-4.62799882889
0	23	0.499997362494	-0.542364024188	0.386349711155	-0.746039654413	-3.11703252792	2.17179656029	-4.2737903595
1	23	0.499991595745	0.605368994817	-0.272391466439	0.747884529272	3.44305992126	-1.56943237782	4.28636169434
2	23	0.499472267926	-0.432456871281	0.288112033215	-0.854384287542	-2.48390769958	1.64728939533	-4.87218475342
3	23	0.497985061258	0.369568090048	-0.254638666802	0.893632237661	2.13221931458	-1.46533465385	5.10339355469
4	23	0.417631179094	-0.531854295796	0.0680362644712	-0.844098379788	-2.58243513107	0.359619557858	-4.09906101227
5	23	0.365478824824	-0.650630498914	0.130342920569	-0.748124773645	-2.83238220215	0.582235515118	-3.28745031357
6	23	0.417492985725	-0.634303825124	0.320393397557	-0.703567145506	-3.08178567886	1.55510687828	-3.41542005539
7	23	0.4982743375	0.484022874078	-0.322768559924	0.813352515269	2.78193449974	-1.84581506252	4.64957714081
8	23	0.499472159892	-0.531838502687	0.26223008382	-0.80522244765	-3.01060724258	1.51384663582	-4.61213302612
9	23	0.499964676797	0.456004153221	-0.271874379038	0.847434088451	2.61381101608	-1.58050727844	4.83383607864
10	23	0.499161526561	-0.482370711676	0.452277453429	-0.750175713841	-2.75855565071	2.56301641464	-4.28987550735
11	23	0.498181186616	0.555923993506	-0.442360567233	0.703751122203	3.16621112823	-2.5340461731	4.03857803345
12	23	0.469018228352	-0.470199728797	0.449523436773	-0.75950042451	-2.53727412224	2.42399692535	-4.11152839661
13	23	0.498959258199	0.456492554619	-0.397743028109	0.795873753285	2.60477781296	-2.26860976219	4.55768918991
14	23	0.499038524926	-0.48025450958	0.296082916042	-0.82564551283	-2.75260400772	1.70397114754	-4.70593452454
15	23	0.444507099688	0.705524356807	-0.369335003117	0.604836372439	3.58410549164	-1.88789200783	3.12329530716
16	23	0.234616290778	0.571749694144	-0.379224868009	0.727523736197	1.61253738403	-1.05610048771	2.03845047951
17	23	0.445860892534	0.63373508789	-0.345553909734	0.692078271472	3.24060702324	-1.77166819572	3.55871653557
18	23	0.499677762389	-0.602116788231	0.244381354212	-0.760087578536	-3.43789958954	1.41350007057	-4.34485292435
19	23	0.49996137619	0.567434730075	-0.281826136744	0.773687182104	3.2539191246	-1.60177731514	4.41905784607
20	23	0.499999348074	-0.57062730521	0.147425105605	-0.807867759467	-3.25010633469	0.869913518429	-4.62291908264
21	23	0.499999318272	0.564413201293	-0.23717051332	0.790688235538	3.21744012833	-1.35537278652	4.52730417252
22	23	0.499999385327	-0.50945163079	0.322927027552	-0.797607153154	-2.91266155243	1.84003138542	-4.56223773956
23	23	0.499999202788	0.53621325084	-0.341862380084	0.771754794418	3.05934405327	-1.94842362404	4.41892051697
24	23	0.499990649521	-0.53572085622	0.359445492509	-0.764069435409	-3.06177854538	2.02529668808	-4.38375806808
25	23	0.499988164753	0.548797584036	-0.162330644978	0.820042665633	3.14065408707	-0.93992805481	4.68425750732
26	23	0.499963156879	-0.574478347163	0.113865048753	-0.810561150878	-3.28860902786	0.650780975819	-4.6303319931
27	23	0.499989934266	0.613924976899	-0.0529266068176	0.787588024941	3.5084631443	-0.324792385101	4.50285673141
28	23	0.499983869493	-0.601718757255	0.251289962435	-0.758147671596	-3.43345546722	1.41308248043	-4.34784221649
29	23	0.499996926636	0.56483382916	-0.154010384081	0.810705585913	3.2375125885	-0.903208255768	4.62547206879
0	24	0.499960795045	0.635455458196	-0.303710084854	0.709898968169	3.61710929871	-1.72984063625	4.07565641403
1	24	0.499982602894	-0.55616187561	0.358664281787	-0.749695872396	-3.17538404465	2.04599142075	-4.29172992706
2	24	0.499951727688	0.441030873078	-0.319188636156	0.838814868455	2.51993846893	-1.83418416977	4.79314374924
3	24	0.499111365527	-0.436802004696	0.328771065767	-0.837325262373	-2.48498821259	1.87234604359	-4.78470802307
4	24	0.497222304344	0.425372805354	-0.301395581841	0.853357298974	2.44519758224	-1.72494077682	4.86450815201
5	24	0.416425354779	-0.58127236482	0.311161926966	-0.751864810391	-2.83184242249	1.5093100071	-3.64280557632
6	24	0.308041214943	-0.696699245966	0.395587186883	-0.598432066525	-2.53858184814	1.4471155405	-2.25057840347
7	24	0.468729443848	-0.507682313526	0.422265551442	-0.750966359165	-2.73938655853	2.26887321472	-4.06777143478
8	24	0.499765716493	0.255794868215	-0.38030891168	0.888782378927	1.51536905766	-2.17529773712	5.06771945953
9	24	0.499155208468	-0.360123133826	0.394317817016	-0.845473114692	-2.06590938568	2.24218344688	-4.82516050339
10	24	0.497966684401	0.46576531938	-0.383517028618	0.797481884448	2.64640855789	-2.20742988586	4.56529045105
11	24	0.417427368462	-0.335050693003	0.557946942671	-0.759233983883	-1.62125778198	2.69555330276	-3.69919800758
12	24	0.307149795815	-0.216393998432	0.407373216798	-0.887254585606	-0.827311098576	1.52068710327	-3.24351620674
13	24	0.468115534633	-0.283972855332	0.419892152312	-0.862003479031	-1.54908049107	2.26888251305	-4.64446020126
14	24	0.499045416713	0.444828167049	-0.383957537503	0.809138128625	2.52473807335	-2.19674825668	4.62442684174
15	24	0.497215118259	-0.396266609835	0.402482850224	-0.825215322934	-2.28301811218	2.3019285202	-4.70671749115
16	24	0.445310711861	0.613839561417	-0.331199828795	0.716594492196	3.13836193085	-1.70483970642	3.6720700264
17	24	0.498196229339	-0.702183235957	0.367854674522	-0.609607776831	-3.99964046478	2.09779548645	-3.52093100548
18	24	0.499272204936	0.591193410558	-0.341263079473	0.730773468252	3.38759899139	-1.94003534317	4.16538238525
19	24	0.4999903813	-0.681151266361	0.333453035248	-0.65179906844	-3.8688955307	1.89224243164	-3.76221370697
20	24	0.499996002764	0.4802442826	-0.294799046579	0.826110737835	2.78004360199	-1.67388606071	4.70829916
21	24	0.499999247491	-0.586528597512	0.204143117788	-0.783779172829	-3.34003925323	1.18907678127	-4.48545122147
22	24	0.499999057502	0.458325980208	-0.292209981306	0.839375138238	2.63624691963	-1.65622150898	4.79531002045
23	24	0.499989628792	-0.475781034768	0.256792059708	-0.841243273391	-2.72432136536	1.4727025032	-4.80533838272
24	24	0.499973587692	0.465153156351	-0.200742562326	0.862168756571	2.66718530655	-1.16051244736	4.92222976685
25	24	0.4993311055	-0.505122678934	0.228341573975	-0.832292739859	-2.88285660744	1.28406691551	-4.75807237625
26	24	0.499713994563	0.549655347922	-0.11010634466	0.828103611492	3.14838194847	-0.635448694229	4.73024272919
27	24	0.499244745821	-0.563405514757	0.0349439619303	-0.825441182318	-3.22179031372	0.225991800427	-4.70719194412
28	24	0.499961197376	0.573933198174	-0.150941122713	0.804871083782	3.29270362854	-0.866790413857	4.59283590317
29	24	0.499973237514	-0.652318504267	0.159012440908	-0.741077332421	-3.71569156647	0.922367572784	-4.24598789215
0	25	0.499665185809	-0.527566177318	0.200566565596	-0.825498020177	-3.02381515503	1.17770695686	-4.70975780487
1	25	0.499253086746	0.485094076595	-0.4650222524	0.740566027863	2.75927019119	-2.63006973267	4.25176000595
2	25	0.499950103462	-0.290168886091	0.437029863241	-0.851355928024	-1.69137763977	2.48096990585	-4.86659049988
3	25	0.499252755195	0.383068204061	-0.353008804703	0.853606194237	2.1900613308	-2.02518725395	4.86766338348
4	25	0.496127005666	-0.475176396387	0.405153181005	-0.781062284481	-2.69263744354	2.29157614708	-4.4764251709
5	25	0.440632469952	0.153138772584	-0.168904296939	0.973663111557	0.795851945877	-0.860650599003	4.97053766251
6	25	0.465067528188	-0.549895994854	0.385358814777	-0.741021577767	-2.97327113152	2.07362866402	-3.99971818924
7	25	0.497980080545	0.558707462979	-0.234979921189	0.795380668265	3.17041063309	-1.3753310442	4.54424905777
8	25	0.499100215733	-0.408184982571	0.426826871526	-0.806972020423	-2.32637262344	2.41811704636	-4.61734771729
9	25	0.498201508075	0.382292864521	-0.391129298891	0.8371798118	2.18580818176	-2.24853420258	4.7883272171
10	25	0.41781992279	-0.211042955745	0.419951535019	-0.88266730939	-1.04088711739	2.05422520638	-4.27997016907
11	25	0.36551181227	-0.198551307224	0.637090056093	-0.744777576748	-0.883810162544	2.77685832977	-3.26808261871
12	25	0.417403902858	-0.237611392949	0.529623990304	-0.814272224036	-1.15213489532	2.56216025352	-3.95891690254
13	25	0.498259544373	0.319580477637	-0.537143374437	0.780605735062	1.83418774605	-3.0639128685	4.47371196747
14	25	0.49942176044	-0.363686256603	0.47986096121	-0.798414531847	-2.08665370941	2.73610448837	-4.55813694
15	25	0.499266557395	0.499909284893	-0.441144632452	0.745306728895	2.82786273956	-2.51957607269	4.27193832397
16	25	0.499632570893	-0.457545545657	0.412408210948	-0.787763632819	-2.62356328964	2.34135127068	-4.50933170319
17	25	0.499297659844	0.49257977229	-0.24962588126	0.83369783935	2.82880568504	-1.45234644413	4.74342107773
18	25	0.499969013035	-0.570993791607	0.299666983465	-0.764307391674	-3.26272821426	1.70916247368	-4.37266921997
19	25	0.499949745834	0.632277940084	-0.175564616956	0.754587086927	3.60054945946	-1.04270923138	4.31785821915
20	25	0.499991334975	-0.57363330215	0.289132902069	-0.766385672887	-3.27712726593	1.65371179581	-4.38300991058
21	25	0.499986708164	0.619036582812	-0.333630398528	0.710974307777	3.52074337006	-1.88544750214	4.09226512909
22	25	0.49998934567	-0.479420047119	0.137940928728	-0.866676824775	-2.75103378296	0.828161537647	-4.94424915314
23	25	0.499975156039	0.50048208024	-0.269792557545	0.822635802316	2.8547077179	-1.5267226696	4.71244668961
24	25	0.499166097492	-0.445575929933	0.155387395175	-0.881655742387	-2.55184030533	0.902534127235	-5.02529811859
25	25	0.497701313347	0.425702010576	-0.129468193571	0.895553340145	2.45288991928	-0.751301586628	5.11310958862
26	25	0.451449610293	-0.656396519635	0.164178989878	-0.736334752877	-3.40044498444	0.849547028542	-3.8363366127
27	25	0.49843204394	0.577039682246	-0.204328946506	0.790743249566	3.31200695038	-1.15460801125	4.52243185043
28	25	0.499217316508	-0.648672951092	0.207721025539	-0.732171686199	-3.68259072304	1.18420433998	-4.19843626022
29	25	0.499195575714	0.61767720068	-0.208885220306	0.758183249946	3.52145814896	-1.19252645969	4.33079624176
0	26	0.445467639714	0.403387800892	-0.292420550281	0.867045848767	2.0710670948	-1.50398659706	4.43923711777
1	26	0.498185567558	-0.352044152634	0.453527406846	-0.818766026308	-2.02462339401	2.58374619484	-4.69080638885
2	26	0.499257951975	0.315901225807	-0.30511480196	0.898393773998	1.79935717583	-1.76640868187	5.1221446991
3	26	0.499638199806	-0.360447730818	0.399537268485	-0.842880421199	-2.05026698112	2.26150608063	-4.83552932739
4	26	0.444920463488	0.245954138974	-0.205423101965	0.947263379795	1.26736521721	-1.05676579475	4.8465385437
5	26	0.235536932014	0.274277649527	-0.106760906059	0.955705958916	0.780381441116	-0.348201215267	2.68482923508
6	26	0.445724893361	0.332824332677	-0.197549676431	0.922064037321	1.704657197	-1.01540255547	4.73268890381
7	26	0.499268136919	-0.391061789375	0.305919135508	-0.868034653352	-2.23454427719	1.74203777313	-4.96181201935
8	26	0.499728024006	0.352743940508	-0.397657026317	0.847018654963	2.02182984352	-2.2870619297	4.83336687088
9	26	0.46788264811	-0.394332311885	0.566145930725	-0.723865189747	-2.11771559715	3.03246593475	-3.9250421524
10	26	0.305769961327	-0.275291613019	0.496837901398	-0.823022859668	-1.0077419281	1.8237092495	-3.00899362564
11	26	0.41757433489	-0.21364475477	0.642648139028	-0.735771219989	-1.04812598228	3.10808992386	-3.58240604401
12	26	0.49796847254	0.395722775552	-0.427810472006	0.812638717359	2.2475399971	-2.47357773781	4.64267301559
13	26	0.499148003757	-0.391261769338	0.504705063756	-0.769536890911	-2.22426962852	2.87631654739	-4.39912652969
14	26	0.499965712428	0.338026871913	-0.4818859918	0.808408142445	1.9501080513	-2.750852108	4.61687040329
15	26	0.49997676909	-0.379698198168	0.486768469387	-0.786692910556	-2.17932128906	2.76218724251	-4.50683116913
16	26	0.499945312738	0.355267277051	-0.319253287778	0.878557055689	2.04866814613	-1.84534621239	5.00828838348
17	26	0.499968677759	-0.444604624504	0.300430717461	-0.843841283581	-2.54553031921	1.72578454018	-4.81977748871
18	26	0.499241948128	0.528622954814	-0.340711213481	0.777479029075	3.00331807137	-1.94917106628	4.44624948502
19	26	0.499701563269	-0.448242384642	0.352083210168	-0.821654536729	-2.58660888672	2.00506949425	-4.69000482559
20	26	0.499237254262	0.516487658607	-0.35529456801	0.779106070089	2.94914007187	-2.02489948273	4.4479174614
21	26	0.49996355921	-0.52916501255	0.32762324835	-0.782717954715	-3.02046394348	1.87278950214	-4.47838258743
22	26	0.499956339598	0.448847279046	-0.24701190136	0.858790568579	2.58206105232	-1.42491853237	4.89843797684
23	26	0.499137107283	-0.487337049386	0.265773050948	-0.831785600792	-2.7810781002	1.52155137062	-4.74583816528
24	26	0.497832015157	0.510871502367	-0.248624434789	0.822919314693	2.92429113388	-1.4143910408	4.70945739746
25	26	0.419976305217	-0.609973608425	0.175435802542	-0.772757708607	-2.98336958885	0.857691168785	-3.77359199524
26	26	0.269081249833	-0.644447572044	0.170717427702	-0.745347493969	-2.06301546097	0.54716449976	-2.4126560688
27	26	0.450844191015	-0.661301901989	0.056048414491	-0.748022974018	-3.42032289505	0.313292652369	-3.89156866074
28	26	0.498879566789	0.485303191172	-0.241438710119	0.840350023439	2.80088949203	-1.37101817131	4.78202486038
29	26	0.49745246768	-0.579406176085	0.26066361881	-0.772232452661	-3.3028087616	1.48800420761	-4.42359828949
0	27	0.234426474199	0.427368215172	-0.338941933357	0.838137682289	1.18511533737	-0.95260822773	2.35526990891
1	27	0.445845950395	0.396483390359	-0.383571172301	0.834070786534	2.02830433846	-1.95797801018	4.28478765488
2	27	0.499549008906	-0.163570715939	0.292881424045	-0.942053656825	-0.967329621315	1.68410861492	-5.37785863876
3	27	0.499215971678	0.29983310232	-0.311021805545	0.901867810285	1.70067036152	-1.78128910065	5.14949560165
4	27	0.498366340995	-0.276101882146	0.304941848196	-0.911470361501	-1.58341097832	1.74316525459	-5.21944141388
5	27	0.447117822245	0.296969481305	-0.249699715844	0.921661097737	1.52732086182	-1.27388119698	4.74250602722
6	27	0.498263576999	-0.241553613299	0.251615220453	-0.937198822416	-1.39663863182	1.43632721901	-5.36282110214
7	27	0.499245440587	0.295140532821	-0.241145595329	0.924521967148	1.68901252747	-1.40550601482	5.27009057999
8	27	0.499583464116	-0.288575261048	0.547459319236	-0.785501503813	-1.66440629959	3.07837438583	-4.51870346069
9	27	0.498776122928	0.34015516491	-0.43289083253	0.834805361085	1.94408333302	-2.49192690849	4.76410675049
10	27	0.467992402613	-0.329416003709	0.599549075872	-0.729401125665	-1.77684760094	3.21916341782	-3.94635868073
11	27	0.498250313103	0.31841890214	-0.575367610112	0.753366787158	1.82070922852	-3.28685903549	4.31789970398
12	27	0.499175310135	-0.308052923527	0.574138795136	-0.758596098215	-1.77490282059	3.25446438789	-4.34092903137
13	27	0.499974310398	0.366912397995	-0.50672620026	0.78013066224	2.10643768311	-2.88768601418	4.46239042282
14	27	0.499988596886	-0.476014603863	0.391221039806	-0.787626938927	-2.70563459396	2.24604558945	-4.50814199448
15	27	0.499995585531	0.435141756152	-0.365310006853	0.82292177693	2.48782348633	-2.10400104523	4.69785261154
16	27	0.499991748482	-0.372183946006	0.378956581999	-0.847272694766	-2.14110922813	2.1617834568	-4.84006118774
17	27	0.499243445694	0.445456020192	-0.38653959224	0.807561810455	2.53458333015	-2.20425963402	4.61533546448
18	27	0.498297072947	-0.40841411286	0.471500915431	-0.781591196959	-2.3492641449	2.68272018433	-4.4804649353
19	27	0.445589274168	0.451081975322	-0.396615134693	0.799513280985	2.30512619019	-2.03504395485	4.09945487976
20	27	0.498327992857	-0.518598176335	0.411933152173	-0.749244292366	-2.96130108833	2.35209202766	-4.299659729
21	27	0.49920900166	0.44055031327	-0.368255960329	0.81872032414	2.53674077988	-2.10700559616	4.6596827507
22	27	0.499038822949	-0.517999916884	0.423709058472	-0.743065757438	-2.94744038582	2.3968167305	-4.25878000259
23	27	0.497556809336	0.485507513683	-0.37058629736	0.791800638018	2.79137682915	-2.10704898834	4.52514410019
24	27	0.404646605253	-0.692013519033	0.214769184038	-0.689196261643	-3.24806451797	1.010237813	-3.24780869484
25	27	0.316611714661	-0.656183861582	0.156122378523	-0.73827402956	-2.48072552681	0.603175878525	-2.8054702282
26	27	0.418940223753	-0.624615779435	0.165156297157	-0.763268318215	-3.04358768463	0.808127224445	-3.7229745388
27	27	0.497504692525	0.42809038158	-0.243980507184	0.870179370769	2.46087121964	-1.39712846279	4.96943664551
28	27	0.498834118247	-0.527025017158	0.262570779813	-0.808270509717	-2.98562502861	1.51023960114	-4.62615776062
29	27	0.444586053491	0.256832932677	-0.390049342625	0.8842501654	1.34918117523	-1.98315453529	4.51910018921
0	28	0.445869013667	0.451295869168	-0.300899091637	0.840114144104	2.30034184456	-1.55550789833	4.31202745438
1	28	0.498125772923	-0.28427586357	0.402457155758	-0.870181286383	-1.61597466469	2.29589819908	-4.98844909668
2	28	0.499224599451	0.169495184061	-0.317938238099	0.932837959849	0.980681061745	-1.82054507732	5.32034349442
3	28	0.499969158322	-0.219933285618	0.332997180287	-0.916919968044	-1.26651251316	1.90223360062	-5.24061250687
4	28	0.499251578003	0.305644495346	-0.338462457138	0.889957643696	1.73579359055	-1.92261219025	5.08683633804
5	28	0.499712150544	-0.319546311258	0.222498543784	-0.921077929915	-1.82989418507	1.29238557816	-5.26124858856
6	28	0.499273117632	0.36504377398	-0.24652047334	0.897758708843	2.06621265411	-1.4162684679	5.1298365593
7	28	0.499969709665	-0.286075268547	0.299795288042	-0.910100942749	-1.64193892479	1.708745718	-5.20252037048
8	28	0.499964930117	0.357042962678	-0.276524765062	0.892218794416	2.03646111488	-1.61427092552	5.09337282181
9	28	0.499586436898	-0.359017044773	0.412011061839	-0.837468594327	-2.04723191261	2.3453309536	-4.78949213028
10	28	0.499785039574	0.349615343598	-0.452922589841	0.820140377699	1.992446661	-2.59198856354	4.68967914581
11	28	0.499457444996	-0.308641257026	0.480516760074	-0.820880148225	-1.76840567589	2.73947119713	-4.688788414
12	28	0.499972674996	0.386567153442	-0.427658581804	0.817113194906	2.19808483124	-2.45384407043	4.67300128937
13	28	0.49998889491	-0.412344078189	0.419348000612	-0.808776616604	-2.36042451859	2.39284729958	-4.62464141846
14	28	0.499999608845	0.506890297374	-0.326370774721	0.79783729158	2.88842129707	-1.89026749134	4.55749559402
15	28	0.499999850988	-0.5081967664	0.444864936492	-0.737449140552	-2.89853143692	2.5211455822	-4.23460006714
16	28	0.499961942434	0.442959425939	-0.354597400483	0.823436476325	2.5322740078	-2.03385925293	4.70431184769
17	28	0.499694418162	-0.41541090731	0.35659302388	-0.836824469891	-2.37999463081	2.04803800583	-4.77879858017
18	28	0.445509247482	0.355255583497	-0.394372755414	0.847504336379	1.83087623119	-2.02106189728	4.3375620842
19	28	0.232271375135	0.385178907727	-0.41625324694	0.823632468674	1.08983206749	-1.15582489967	2.27851843834
20	28	0.445668194443	0.454661202924	-0.468943043713	0.757215697347	2.33106350899	-2.39336705208	3.88709688187
21	28	0.498999878764	-0.523679347633	0.389382709921	-0.757720955284	-2.97712349892	2.2234787941	-4.33622121811
22	28	0.4979711622	0.539583622036	-0.371196671537	0.755686804086	3.08609318733	-2.12477779388	4.32463884354
23	28	0.409575551748	-0.714122533444	0.195189136506	-0.672257546047	-3.39259672165	0.924648523331	-3.21174240112
24	28	0.328531816602	-0.666626546112	0.235481822562	-0.707218042234	-2.6166639328	0.927729606628	-2.79016399384
25	28	0.402588468045	-0.671209371668	0.159661474839	-0.723868905837	-3.1361553669	0.752399086952	-3.3924036026
26	28	0.496951945126	0.332469343483	-0.374607845591	0.865524752775	1.92574691772	-2.12452721596	4.94263410568
27	28	0.499133583158	-0.360827322432	0.309048989843	-0.879938841775	-2.07668685913	1.7738609314	-5.01221895218
28	28	0.499220322818	0.477272308658	-0.371030686007	0.796584818729	2.72230672836	-2.10268878937	4.55591344833
29	28	0.498079713434	-0.493164970668	0.326494599666	-0.806343343803	-2.81397199631	1.87260997295	-4.61925125122
0	29	0.499609593302	-0.278727330301	0.398725879305	-0.873686870976	-1.60980129242	2.26868343353	-4.9957947731
1	29	0.499207638204	0.151030398871	-0.406612145108	0.901030733142	0.888559103012	-2.3127784729	5.14254951477
2	29	0.499975312501	-0.204572824959	0.321301245979	-0.92461638998	-1.16966736317	1.84006381035	-5.28502750397
3	29	0.499973621219	0.248183916015	-0.340396740761	0.906937044513	1.41148018837	-1.93920171261	5.18906116486
4	29	0.499991253018	-0.257922854433	0.343700408123	-0.902965021813	-1.48467683792	1.96064305305	-5.16083526611
5	29	0.49996457994	0.349936263016	-0.364506321329	0.862948291346	1.98271644115	-2.06440210342	4.94927358627
6	29	0.499992486089	-0.343051269476	0.340691635486	-0.875354234594	-1.95482540131	1.94108629227	-5.00947904587
7	29	0.499986717477	0.217051812545	-0.321036086279	0.921859176869	1.27521419525	-1.84189271927	5.26056051254
8	29	0.499993316829	-0.405493360546	0.354593904803	-0.842519018913	-2.29463195801	2.02282142639	-4.83022785187
9	29	0.499993484467	0.337924153386	-0.331632417288	0.880810539425	1.92929434776	-1.91436481476	5.02990150452
10	29	0.499979432672	-0.301326919966	0.384717130357	-0.872464794083	-1.7246465683	2.20693993568	-4.98362398148
11	29	0.499993275851	0.261178713194	-0.380831898453	0.886990836985	1.50737690926	-2.19432544708	5.05992794037
12	29	0.499991353601	-0.314422666584	0.364293365227	-0.876600667801	-1.810338974	2.09824371338	-5.00107192993
13	29	0.49999916926	0.436960381909	-0.32241499259	0.839710781874	2.48591589928	-1.87044382095	4.79731035233
14	29	0.499999277294	-0.487552303435	0.416760749726	-0.767204815484	-2.77825260162	2.36798787117	-4.40038967133
15	29	0.499996952713	0.540169605557	-0.369169387193	0.756261040112	3.06630063057	-2.11928033829	4.33542776108
16	29	0.499991089106	-0.463717919901	0.332824225222	-0.821093006832	-2.65231657028	1.92071092129	-4.68636369705
17	29	0.499238707125	0.464019661129	-0.436531073998	0.770795936367	2.64031457901	-2.47245502472	4.41604042053
18	29	0.49836216867	-0.416426260407	0.372165599729	-0.829507043986	-2.38367891312	2.13841962814	-4.74756526947
19	29	0.445465248078	0.499748752834	-0.396266481578	0.770210399578	2.54147338867	-2.03244566917	3.95728492737
20	29	0.498208038509	-0.422416677724	0.442639039418	-0.790970815621	-2.41112208366	2.53171873093	-4.53399372101
21	29	0.498231228441	0.43185179066	-0.365198246895	0.824702535081	2.46831417084	-2.09788393974	4.69080162048
22	29	0.459187936038	-0.485046153977	0.425174361274	-0.764170786557	-2.58067131042	2.24639892578	-4.06111955643
23	29	0.313246708363	-0.688824628779	-0.0403318638831	-0.723805202761	-2.56628990173	-0.143599256873	-2.68559455872
24	29	0.405246060342	-0.609014148559	0.189684796493	-0.770143781923	-2.88126087189	0.871591866016	-3.62822413445
25	29	0.497515700758	0.446381319138	-0.314144555958	0.837888367199	2.56118249893	-1.79815471172	4.78647327423
26	29	0.499150823802	-0.419727026566	0.333025039879	-0.844348000521	-2.40438556671	1.90834569931	-4.81241893768
27	29	0.499954860657	0.450799856935	-0.394799239635	0.800570452472	2.57231521606	-2.24215531349	4.58689498901
28	29	0.49996515736	-0.484303366253	0.342009015593	-0.805282610447	-2.75940752029	1.95916628838	-4.60758733749
29	29	0.499282840639	0.438234226683	-0.324965651932	0.838062102489	2.50025033951	-1.86121249199	4.78292369843
