0	0	0.497733674943	-0.075618789096	-0.216952346759	-0.973248929088	-0.475876897573	-1.27113509178	-5.55641078949
1	0	0.499164372683	-0.103723970928	0.883858183398	0.456109690201	-0.638230502605	5.01473045349	2.71975469589
2	0	0.499903410673	0.663446675731	-0.248175334372	-0.705866497201	3.75493049622	-1.52233278751	-4.06720876694
3	0	0.499892737716	-0.466100550804	0.342254798369	0.815850433311	-2.63335180283	2.03908348083	4.68931913376
4	0	0.499635919929	-0.443881304344	-0.875531968954	-0.190822323097	-2.49114370346	-5.12452983856	-1.01344323158
5	0	0.499949559569	0.594246844007	0.536316719813	-0.599362214723	3.30386304855	3.15948867798	-3.52171564102
6	0	0.499993532896	0.0830597347576	-0.213985736562	0.973299124119	0.462637782097	-1.32573437691	5.55783128738
7	0	0.499998278916	-0.342264252764	0.643638454678	-0.684532483481	-1.90619468689	3.69108939171	-3.96597266197
8	0	0.499999150634	-0.221568482104	-0.862580280776	0.454821577054	-1.30100679398	-4.94129657745	2.78640532494
9	0	0.499998852611	-0.237903237896	-0.807236171119	-0.540159063088	-1.41278576851	-4.70546245575	-3.14990353584
10	0	0.499998554587	0.152707561481	0.878330437961	-0.453007773022	1.02247571945	5.05345058441	-2.66088676453
11	0	0.49999736622	-0.48872394172	-0.116822911906	0.864581584377	-2.74028301239	-0.675368845463	4.99131965637
12	0	0.499997371808	-0.234987161276	-0.128838988914	-0.963421791829	-1.24627995491	-0.753446340561	-5.54236888885
13	0	0.499994687736	-0.216416666761	0.510353487146	0.832287897609	-1.35206091404	2.88717937469	4.81985187531
14	0	0.499967366457	0.595157239756	0.391832825326	0.701608791965	3.64765620232	2.22538566589	4.00489330292
15	0	0.499944612384	-0.869452583048	-0.346582339546	0.352041031337	-5.04459190369	-1.98853564262	1.93596148491
16	0	0.497891992331	0.666283368341	0.672854941688	0.321454041067	3.85723757744	3.80747175217	1.88079380989
17	0	0.492080671713	0.242531442192	0.183573477482	-0.952617067826	1.27908813953	1.0265840292	-5.48450517654
18	0	0.496450632811	0.0389512774103	-0.672318505532	0.739236514999	0.230259984732	-3.78476047516	4.28617954254
19	0	0.445932880044	0.376084625595	0.905851263604	0.194920092903	1.95881259441	4.74629068375	0.991774320602
20	0	0.396159239113	0.522582709837	0.587436069476	0.617920849024	2.46204686165	2.75190711021	2.88514828682
21	0	0.463383808732	-0.419839184579	-0.574898652296	0.702300931709	-2.28108692169	-3.07358837128	3.80721116066
22	0	0.464165493846	0.64136867505	-0.552891779124	-0.531936935398	3.48511695862	-2.96665596962	-2.91123461723
23	0	0.437137261033	0.4357255384	-0.716669264567	0.544544231822	2.29814791679	-3.63959240913	2.82191038132
24	0	0.434235796332	-0.0866279199179	0.964590043132	0.249121761757	-0.435571789742	4.90149784088	1.29854774475
25	0	0.436688557267	-0.434082146224	0.864079493422	0.2548319434	-2.20904040337	4.43793773651	1.33677983284
26	0	0.487757973373	-0.567110637743	0.362708377675	-0.739478300779	-3.15349006653	2.02659440041	-4.2401599884
27	0	0.496817260981	0.140993017784	-0.964309021199	0.224118452097	0.852449119091	-5.49221611023	1.40543365479
28	0	0.499200932682	-0.566075835017	0.454468401326	-0.687762038212	-3.23971652985	2.58762383461	-3.96346902847
29	0	0.499207295477	0.115268548632	-0.0483182482	0.992158509809	0.722113788128	-0.354560792446	5.68378305435
0	1	0.499869704247	0.291758550779	0.613879399425	0.73350462235	1.64058423042	3.47877216339	4.24503564835
1	1	0.49991389364	-0.358049636018	-0.631632901697	-0.687633867434	-1.95529842377	-3.70171689987	-3.91059088707
2	1	0.499983102083	-0.0144694436288	0.954492983753	0.297882156509	-0.00732542434707	5.47053289413	1.80812525749
3	1	0.499989233911	-0.491197204063	-0.42513258326	-0.760254952876	-2.80847406387	-2.58661603928	-4.34267187119
4	1	0.499988518655	0.173583254125	0.597640670349	-0.782748032915	1.06686925888	3.55023908615	-4.42283391953
5	1	0.499992772937	0.193127974105	-0.69711612093	0.690456877407	0.982281208038	-4.03188323975	3.95491218567
6	1	0.499976754189	-0.145020703881	0.871857981336	-0.467795527797	-0.902961015701	4.95158720016	-2.76127767563
7	1	0.499958112836	0.870064658376	0.0815196304987	0.486150223787	4.9813785553	0.435366213322	2.94880604744
8	1	0.499995931983	0.442331842991	-0.894743651627	-0.061451920627	2.52700376511	-5.21431589127	-0.459658622742
9	1	0.499997034669	0.120671272886	0.991300955585	0.0525438803005	0.686722695827	5.69030714035	0.260415792465
10	1	0.499996304512	-0.733633602742	-0.231865815744	0.638764416993	-4.17029523849	-1.46406888962	3.75815987587
11	1	0.499999223277	0.313512714136	0.0141972713329	-0.949477864703	1.83021616936	0.176976397634	-5.45399475098
12	1	0.49999772571	0.344171135689	-0.0449096633498	0.937832261919	1.83998227119	-0.248855218291	5.4337515831
13	1	0.499969422817	0.849551459783	-0.139696421585	-0.508672022994	4.79702615738	-0.895544052124	-3.08154964447
14	1	0.499858915806	0.279928330114	0.880094685631	0.383501596247	1.47478425503	5.1374373436	2.2567076683
15	1	0.499265126884	0.398472788309	-0.625656247496	-0.670651695701	2.37322092056	-3.65246152878	-3.79140639305
16	1	0.492715455592	-0.81846766783	0.152888170426	-0.55383741663	-4.72195053101	0.921726465225	-3.09032201767
17	1	0.4767596405	0.307223756414	-0.113592383386	-0.944833495348	1.83979487419	-0.638355076313	-5.26420927048
18	1	0.480236254632	-0.231266819577	0.0578688814347	-0.971167776815	-1.37823939323	0.392082810402	-5.41952753067
19	1	0.46695061028	0.331934486176	-0.810986323272	0.481789041337	1.8163998127	-4.42049980164	2.5906932354
20	1	0.405735485256	0.850221174813	0.160458029055	0.501375283406	4.034740448	0.805146455765	2.42200469971
21	1	0.424560640007	-0.153796073341	0.256402421798	0.954256027448	-0.720326781273	1.30645751953	4.77616500854
22	1	0.418804526329	0.993249238515	0.115975690427	0.0023641952242	4.92202568054	0.565981388092	0.0110688209534
23	1	0.405403718352	0.929033991875	0.3582791128	0.0923683889192	4.45985269547	1.6931643486	0.488894224167
24	1	0.427804782987	0.29391073133	0.955792103305	0.00882820871648	1.49058568478	4.79805374146	0.0609178543091
25	1	0.459069922566	0.807353833627	0.366899669653	-0.462130306013	4.34308195114	1.93486595154	-2.51885199547
26	1	0.440252816305	0.285472754264	0.191296997078	0.939101041146	1.49659919739	1.00762033463	4.82850217819
27	1	0.411200866103	0.615411108526	0.776375510771	0.136052320001	2.95781254768	3.77943897247	0.685823202133
28	1	0.470084473491	0.795971034284	0.538850865609	0.275807645315	4.36872339249	2.91816186905	1.60906934738
29	1	0.498471988365	-0.199097994912	0.200740656229	-0.959199237572	-1.18591451645	0.99714922905	-5.53177690506
0	2	0.499949350953	0.0358931346913	-0.803224640655	-0.59459386099	0.185629740357	-4.60815858841	-3.38021492958
1	2	0.499987050891	-0.436248317518	0.859736572931	0.265594485312	-2.35063743591	5.01235151291	1.60156798363
2	2	0.49999538064	-0.902915764528	-0.400549474694	0.15589496621	-5.16625499725	-2.48082280159	0.765294075012
3	2	0.499999344349	0.695311036591	0.669720618319	0.260800413712	4.00377655029	3.82683706284	1.45945072174
4	2	0.499993279576	-0.520296171644	-0.629725031576	0.576834706289	-3.04079246521	-3.61758756638	3.25347852707
5	2	0.499946534634	0.636152482915	0.70818239847	-0.306247790162	3.55889892578	4.11196041107	-1.83546924591
6	2	0.499211207032	0.417963473941	-0.874192736348	0.247171183934	2.29519844055	-5.08663082123	1.48824739456
7	2	0.49986397475	0.0950591393227	-0.199822362688	-0.975210122692	0.530277848244	-1.14871871471	-5.63428688049
8	2	0.499908611178	-0.545384303782	0.708420157995	0.4479920099	-3.06675696373	4.11172008514	2.59457755089
9	2	0.499958217144	0.177748420307	-0.856232351549	0.485048099923	1.11130475998	-4.94996261597	2.71440982819
10	2	0.499990165234	-0.997115633458	-0.0619019506437	-0.0439153961519	-5.83259487152	-0.163090720773	-0.307038545609
11	2	0.499996125698	-0.283721706455	-0.893134124194	-0.349017806833	-1.60591864586	-5.30048274994	-1.85288500786
12	2	0.499997560866	0.00369993436141	0.199242300622	-0.979943271893	0.00491008162498	1.22478377819	-5.64082431793
13	2	0.499938357621	-0.488980899125	0.125596218749	0.863205230595	-2.77961945534	0.780160188675	4.96070337296
14	2	0.499701485038	-0.174727943343	-0.937684310304	-0.300363579725	-0.948530673981	-5.39036560059	-1.72617411613
15	2	0.497867926955	-0.286189176417	0.927993647642	-0.238586557118	-1.56739318371	5.35956954956	-1.32319688797
16	2	0.493936136365	0.0854965419594	-0.834929768597	0.543675107784	0.551739096642	-4.79709768295	3.12437272072
17	2	0.495751157403	-0.765951909256	-0.494094180049	0.411325435572	-4.4309425354	-2.74346780777	2.3711514473
18	2	0.496717862785	0.794730379568	-0.193796211083	-0.575192708891	4.54690122604	-1.10050559044	-3.31727480888
19	2	0.495561890304	-0.267796888708	0.271838676127	0.92433141273	-1.55306875706	1.56056547165	5.28400087357
20	2	0.473270300776	0.588298857334	-0.128232256412	-0.798411512239	3.24477553368	-0.684268176556	-4.38702344894
21	2	0.425577402115	0.54529735187	0.838242629177	0.000304423452244	2.76623249054	4.18533706665	0.0258588790894
22	2	0.402048550546	0.815516906209	-0.157251518319	-0.556959725361	3.92366623878	-0.680357277393	-2.62088727951
23	2	0.468048259616	0.186853819157	0.97834212431	0.0890636742321	1.05962777138	5.33752059937	0.514759778976
24	2	0.493441313505	-0.70197636506	-0.624879883902	-0.341693303405	-3.94975328445	-3.57579517365	-1.99794995785
25	2	0.480520028621	-0.102503626616	0.391894284405	0.914282164532	-0.546081006527	2.1780333519	5.10736989975
26	2	0.390940874815	0.367865731624	0.912323666009	0.179834178999	1.72004055977	4.20264005661	0.871923923492
27	2	0.398826360703	0.729543084261	0.667922401749	0.147127677371	3.41306066513	3.1220407486	0.66686630249
28	2	0.478240862489	0.654201257759	-0.61079794853	-0.446034281663	3.57617712021	-3.42893218994	-2.4827978611
29	2	0.499656938016	0.0211814587792	0.81902375974	0.573368491274	0.0354207456112	4.6897277832	3.33058309555
0	3	0.499989137053	0.309735653667	0.909383544714	0.27764256419	1.63159322739	5.28667402267	1.594632864
1	3	0.499999836087	-0.14057570079	-0.882292019779	-0.44922072991	-0.788323163986	-5.10454750061	-2.59777569771
2	3	0.499997913837	0.397525984821	0.48754854636	0.777347738361	2.39195847511	2.90109539032	4.4135928154
3	3	0.499999120831	-0.744298623966	-0.58397662067	-0.324022938806	-4.31133031845	-3.35745286942	-1.79452061653
4	3	0.499906927347	0.982578934603	-0.0147167661445	-0.185262122595	5.63795042038	0.0302075073123	-1.08563899994
5	3	0.499212272465	-0.545718401655	-0.609273133386	0.5753065922	-3.16534090042	-3.52635478973	3.23351573944
6	3	0.49135068059	0.458630571762	0.638603695198	0.617934720763	2.72860527039	3.69956016541	3.43157839775
7	3	0.494298040867	-0.631131343604	0.408660020309	0.659295241088	-3.58113670349	2.28703308105	3.8226377964
8	3	0.497365120798	-0.281681180095	-0.437315270578	-0.854055657963	-1.55290985107	-2.58692169189	-4.91950845718
9	3	0.499010369182	-0.259607632306	0.737605949785	-0.623330843205	-1.58562517166	4.31061458588	-3.49021482468
10	3	0.499985769391	0.795751372576	-0.565106213344	-0.217795134664	4.60763835907	-3.27473497391	-1.11246490479
11	3	0.499994933605	0.0717524719267	0.864636782469	-0.497247239483	0.280147701502	5.02031040192	-2.79021048546
12	3	0.499867111444	0.739830414942	-0.650528429145	0.171649992719	4.19196891785	-3.81933045387	1.17502403259
13	3	0.49939667806	0.495283139308	-0.344628174391	-0.797449705833	2.77610588074	-2.04461288452	-4.64952278137
14	3	0.496588334441	0.264877081998	0.950108804359	-0.164722163999	1.51811206341	5.47154140472	-0.8367228508
15	3	0.479478105903	-0.895428611649	-0.264894154569	0.35782494088	-4.96298456192	-1.57014989853	1.9911339283
16	3	0.481249645352	0.957319008541	-0.27805132437	0.0789162651338	5.41258811951	-1.53609132767	0.408608913422
17	3	0.495397016406	0.758943179382	0.644221319678	-0.0947847125972	4.35678863525	3.69162154198	-0.679738521576
18	3	0.49930257909	-0.254222685287	0.286511871134	0.923732522966	-1.5240136385	1.57455074787	5.31933355331
19	3	0.499344233423	-0.556314622693	0.265336419496	-0.787471031256	-3.04598426819	1.51960134506	-4.66901826859
20	3	0.496735572815	-0.796815062394	-0.59709184389	0.0925585560772	-4.55668735504	-3.4753575325	0.566895484924
21	3	0.446364849806	0.699495729235	0.711959651092	0.0617995145531	3.66126036644	3.6972591877	0.341118574142
22	3	0.415450841188	0.936860204396	0.341396848861	-0.0757703702401	4.57558917999	1.65794968605	-0.391309261322
23	3	0.482652656734	-0.528935309176	0.213129719138	-0.821464035443	-3.0100812912	1.09287548065	-4.59535980225
24	3	0.499258220196	0.603336225169	0.326975537921	0.727373629574	3.45284628868	1.82654714584	4.17897701263
25	3	0.496478922665	-0.0913259073264	0.0353218163485	-0.995194427205	-0.594028353691	0.113048434258	-5.69504308701
26	3	0.471473783255	0.931174630679	0.158412520419	-0.328358463504	5.1622171402	0.939922571182	-1.73804175854
27	3	0.487355522811	-0.305704439164	-0.661980712738	0.68434372346	-1.65504848957	-3.85030841827	3.84113883972
28	3	0.497840702534	-0.74391923996	0.521494637767	0.417884562048	-4.27321720123	3.02313041687	2.33000564575
29	3	0.499918460846	0.833440151366	-0.552596365829	0.00384324921248	4.72177600861	-3.28575611115	-0.101719856262
0	4	0.499996215105	0.682080730759	-0.554946765533	0.476235198355	3.92072486877	-3.30885100365	2.71872878075
1	4	0.499996952713	-0.43088036596	-0.728322323837	-0.532812070839	-2.51243710518	-4.15289974213	-3.20593118668
2	4	0.499993881211	0.0685868930455	0.301942847874	0.950855590887	0.33390802145	1.75971651077	5.51512050629
3	4	0.499971844256	0.25049709112	0.352723579639	-0.901574890792	1.56442272663	1.97448956966	-5.19982099533
4	4	0.49945242703	-0.966516778385	0.256529993948	-0.00613834705986	-5.60350894928	1.41987037659	0.130543231964
5	4	0.494462244213	-0.162666515015	0.773376089188	-0.612722636734	-0.778017640114	4.42062664032	-3.64350605011
6	4	0.483098953962	-0.832161203477	0.53108220026	0.159560107782	-4.73273849487	2.90195035934	0.916504621506
7	4	0.466242400929	0.239810366387	0.206497394749	-0.948604139847	1.2915160656	1.07802987099	-5.13494968414
8	4	0.479161173105	0.812846397316	-0.522217955669	0.25800996327	4.53268241882	-2.91562700272	1.55370807648
9	4	0.495539277792	0.960605545838	-0.231061266398	0.154426929241	5.49913883209	-1.34929692745	0.927819252014
10	4	0.49993686378	-0.91336436952	-0.116254442028	-0.390192815412	-5.28688621521	-0.494824230671	-2.20853257179
11	4	0.499981358647	0.406874636036	-0.741471940151	0.533546991857	2.34596920013	-4.23474025726	3.06024217606
12	4	0.499425068498	-0.237133452007	0.852663255848	-0.465546021427	-1.37405765057	4.86772537231	-2.76911020279
13	4	0.498207442462	0.0684970331848	0.757765923104	0.648921383704	0.381805002689	4.34107208252	3.7781124115
14	4	0.457763165236	-0.333181666256	-0.645412460479	-0.687337423053	-1.78678643703	-3.47556567192	-3.63598370552
15	4	0.385361760855	-0.78453970576	-0.538685779661	-0.307107604721	-3.58537316322	-2.47464871407	-1.42674160004
16	4	0.437787652016	-0.219703459726	-0.935428740608	0.276953896936	-1.17269337177	-4.82270812988	1.40266942978
17	4	0.481981128454	-0.531802944525	-0.198652928433	0.823239116065	-3.01878476143	-1.11034750938	4.59506368637
18	4	0.496654592454	0.490772593427	-0.36017797633	-0.793356216909	2.73890399933	-2.00648880005	-4.59600448608
19	4	0.49909829814	-0.0588008004824	-0.147069345895	0.987376864911	-0.372219860554	-0.865061581135	5.69773197174
20	4	0.498943347484	0.164947291935	0.571682521641	0.80372351299	1.07270395756	3.36522006989	4.58708381653
21	4	0.489230632782	-0.703967789381	0.205448799056	-0.679867738962	-3.98347234726	1.01791882515	-3.9133644104
22	4	0.467969797552	0.13134427888	0.601742616272	0.787816288336	0.675971150398	3.26288938522	4.33668088913
23	4	0.488894179463	0.734558979977	0.642314545749	0.218758152431	4.18700265884	3.61832380295	1.24715471268
24	4	0.499639481306	-0.812937888625	-0.0254268971322	-0.581795034476	-4.66258096695	-0.178461909294	-3.39016103745
25	4	0.499821305275	0.0202189424959	0.573173281128	0.819184706989	0.0871627479792	3.253916502	4.7831196785
26	4	0.495916053653	0.541131233586	-0.425124569418	-0.725566046969	3.08590006828	-2.51860356331	-4.12311267853
27	4	0.498820751905	-0.665195131111	0.622835329565	0.411814994618	-3.79836845398	3.58796691895	2.39105606079
28	4	0.499642208219	0.963429712739	-0.148936257269	-0.222758119675	5.48989772797	-0.970374107361	-1.40042495728
29	4	0.499974161386	-0.523523464942	0.665065860956	0.53255101375	-3.06190037727	3.88139629364	2.96982288361
0	5	0.499994933605	0.550783668907	0.834143732999	-0.0290100459141	3.16711735725	4.87272167206	-0.336895465851
1	5	0.499999132007	-0.16794315723	0.553824965492	0.815520081627	-1.02093815804	3.12743616104	4.75276279449
2	5	0.499988131225	0.544447046213	-0.6554718648	-0.523387092241	3.05144476891	-3.70376205444	-3.13950872421
3	5	0.499980427325	-0.416105694822	0.247689543007	0.874931963653	-2.41111636162	1.40465724468	5.00129890442
4	5	0.499932862818	0.514105431069	-0.609119530415	-0.603878301823	2.98842740059	-3.42815589905	-3.51348948479
5	5	0.496573477983	-0.0591411759838	0.760398522342	0.646758384966	-0.415808558464	4.28003978729	3.80575323105
6	5	0.470453962684	0.972903135983	0.0183741202182	-0.230481842454	5.30668354034	0.0772672146559	-1.30776524544
7	5	0.410023540258	0.572733740693	0.8191127904	-0.0320982690276	2.74940824509	3.97129535675	-0.158253669739
8	5	0.481161773205	-0.292697779195	0.054898062036	-0.95462778759	-1.57516908646	0.307111471891	-5.36251926422
9	5	0.497263878584	-0.848742276793	0.465196106174	-0.25145403235	-4.90027713776	2.67728066444	-1.32478928566
10	5	0.499957442284	0.77908937028	-0.625787745394	-0.0375426534916	4.50816965103	-3.54692816734	-0.173923015594
11	5	0.499851413071	-0.499113923281	0.673448499818	-0.545300293123	-2.83640909195	3.9187078476	-3.10115981102
12	5	0.497774235904	-0.645606869381	-0.325334005292	0.690904881448	-3.66841316223	-1.99334931374	4.02173852921
13	5	0.487310707569	0.0633593884674	-0.885586607047	0.460132534508	0.41362285614	-5.08356332779	2.63981437683
14	5	0.450273647904	-0.159923004547	-0.955605859116	-0.247471361252	-0.847357034683	-5.04399299622	-1.35532021523
15	5	0.404923796654	-0.758681861979	-0.377491537022	-0.530944414963	-3.65976476669	-1.81624078751	-2.53188800812
16	5	0.454683713615	-0.770352592534	0.0177154891719	0.637371982926	-4.1231637001	0.0573357790709	3.35181999207
17	5	0.446588136256	0.332066538238	0.496667717022	0.80190585049	1.78881788254	2.63486099243	4.19367218018
18	5	0.449112124741	0.760236309667	0.289293279162	0.581678736155	3.95472979546	1.56462621689	3.10623598099
19	5	0.475812055171	0.464655376368	-0.107575527026	-0.878932811538	2.56361722946	-0.568617403507	-4.89117097855
20	5	0.494463175535	-0.322926028693	-0.841765416032	-0.432608095584	-1.85612034798	-4.81294870377	-2.51834011078
21	5	0.492815360427	-0.0372240120198	0.907610430485	0.41815987302	-0.209678471088	5.13263607025	2.46775245667
22	5	0.484528258443	0.823885864966	-0.0332341664374	-0.5657804978	4.59515237808	-0.190102934837	-3.27629232407
23	5	0.489971280098	0.293129015342	-0.918008370109	0.267088024395	1.59514081478	-5.26095867157	1.62825393677
24	5	0.49736250937	-0.00704507535678	-0.992082071298	-0.125393503511	-0.119236454368	-5.76161146164	-0.775934934616
25	5	0.499731138349	0.759017595079	0.502057887783	0.41452402545	4.47302722931	2.84005403519	2.38064575195
26	5	0.499680995941	-0.814948591689	0.514427300141	-0.266877023689	-4.74529933929	2.96487021446	-1.41306638718
27	5	0.499968919903	-0.0318689925416	-0.314000180349	-0.948887903841	-0.023010076955	-1.91101646423	-5.45813751221
28	5	0.499954148196	0.141074734418	0.11029570465	0.983835746883	0.807376563549	0.782054364681	5.67819595337
29	5	0.49999076128	-0.712376387833	-0.689420151424	0.131223995019	-4.06207466125	-4.03907680511	0.677706956863
0	6	0.499983228743	0.523129188253	0.172930133191	0.834524428301	2.87474513054	0.880848646164	5.01315593719
1	6	0.499994844198	0.380213600539	0.6188750199	-0.687336400687	2.19370746613	3.44961309433	-4.07175350189
2	6	0.499842720106	-0.114407167277	0.231653447179	0.966047452502	-0.719358563423	1.29497718811	5.54160785675
3	6	0.499658275396	0.539757421714	0.214902985511	-0.813927903762	3.05026745796	1.24264025688	-4.68846130371
4	6	0.49992403388	-0.454346094928	-0.583852146218	0.672819661856	-2.60961818695	-3.28877234459	3.94507575035
5	6	0.497950660065	0.0196519133904	-0.242278921269	-0.970007591006	0.168999195099	-1.27895367146	-5.59864664078
6	6	0.476384729147	-0.0382705965795	-0.594126523473	0.803460662101	-0.226304531097	-3.24473547935	4.47659683228
7	6	0.442135810852	0.491051149313	0.868935438271	0.061805929126	2.58765268326	4.46385002136	0.301620006561
8	6	0.494000442326	-0.583196843276	0.12517733117	0.802628231347	-3.31648159027	0.744721829891	4.57843112946
9	6	0.499657124281	0.783912927511	-0.399496233389	-0.475271797595	4.47487640381	-2.26475381851	-2.76631355286
10	6	0.499977774918	-0.724913837728	0.166318058725	0.668459595797	-4.18991231918	1.12652611732	3.77814531326
11	6	0.499976813793	0.325369241347	-0.941235748899	-0.090609722319	1.9134747982	-5.39288425446	-0.474523544312
12	6	0.499938160181	0.0566038737274	0.992590566126	-0.107517298687	0.325478225946	5.69753503799	-0.560022115707
13	6	0.498849108815	0.0287568196459	-0.829217989036	-0.558185069652	0.218837708235	-4.80547618866	-3.24333143234
14	6	0.497740186751	-0.0697869928487	0.800103753748	0.595788350732	-0.372446477413	4.63167142868	3.41533374786
15	6	0.490117356181	-0.438006859062	-0.818171891563	-0.372484559775	-2.48655748367	-4.67631244659	-2.03976869583
16	6	0.488313391805	0.883546408576	0.454340638692	-0.113667620392	5.00257396698	2.59021759033	-0.67261838913
17	6	0.434093937278	0.875055051514	0.284906544944	-0.391288790368	4.48508310318	1.53208041191	-2.00141882896
18	6	0.393036454916	-0.0482554138064	0.958491417023	0.281008217909	-0.122302718461	4.47822666168	1.28015303612
19	6	0.451930075884	0.733803043022	0.65866051455	-0.166431429199	3.86583924294	3.49891161919	-0.87485909462
20	6	0.483323998749	-0.138987983324	-0.834450494837	0.533267955307	-0.829164505005	-4.65499401093	3.08154916763
21	6	0.45077181235	0.565905052298	-0.314345871876	-0.762192983842	2.96777009964	-1.66133165359	-4.00839996338
22	6	0.443067222834	0.612790685854	-0.554527786742	0.563015549574	3.17787265778	-2.8658926487	2.95077562332
23	6	0.494051859714	0.0553847289085	0.0858286746308	-0.994769305123	0.198640465736	0.513116359711	-5.69606494904
24	6	0.499625980854	0.82585302226	0.282147855131	0.488220619667	4.72491455078	1.58461368084	2.88429498672
25	6	0.499884098768	-0.69193464585	0.538294418877	-0.481108682606	-4.07555198669	2.99696493149	-2.72820901871
26	6	0.49998781085	0.792301772476	-0.607113051985	-0.0605940875098	4.568379879	-3.42711544037	-0.287643194199
27	6	0.499987185001	-0.840135325287	0.527783441144	-0.124969094016	-4.85364818573	3.09176778793	-0.593509197235
28	6	0.49996510148	-0.362438130974	-0.915398566789	-0.175168676242	-2.08103179932	-5.3310251236	-1.08561134338
29	6	0.499991461635	0.657699450374	0.579449772118	-0.481320469719	3.82278227806	3.34121656418	-2.77809071541
0	7	0.499972313643	0.935030736864	-0.213331001424	-0.283209118765	5.37198162079	-1.25333476067	-1.66379117966
1	7	0.49975913763	-0.888127474862	-0.447125954682	0.106338934758	-5.15694093704	-2.52282953262	0.687959432602
2	7	0.495514694601	-0.19601531027	-0.441368149217	-0.87565527178	-1.01019239426	-2.46856641769	-5.10173225403
3	7	0.493718065321	-0.147302772801	-0.847204118134	0.510438120972	-0.822201669216	-4.81617641449	2.96365451813
4	7	0.499553263187	-0.060855748735	0.966271148244	-0.250233183085	-0.335998535156	5.52346134186	-1.53167366982
5	7	0.49869799614	-0.327867688374	-0.85036063196	0.411569647244	-1.85033106804	-4.87591457367	2.47057342529
6	7	0.45889057219	0.940442344841	0.253117403654	-0.226935620823	5.04080152512	1.38912701607	-1.24416780472
7	7	0.453994080424	0.845454473871	-0.532071638806	-0.0458966642647	4.52273464203	-2.80634784698	-0.222672939301
8	7	0.491665072739	0.320195695363	-0.568077294327	-0.758131192038	1.7980799675	-3.20506334305	-4.34215593338
9	7	0.499578943476	-0.191452948466	0.0468957078568	0.980380824531	-1.17445755005	0.438335895538	5.61138343811
10	7	0.499965965748	0.2615264977	-0.940817620476	-0.215559959184	1.55909192562	-5.38190364838	-1.33695960045
11	7	0.499991357327	-0.521240702396	0.72600110775	-0.448587250947	-2.969643116	4.28966093063	-2.41366052628
12	7	0.499934621155	-0.0106366506015	-0.836524954489	-0.54782557642	0.0372925549746	-4.87948846817	-3.12661981583
13	7	0.499503225088	-0.770293799834	-0.499832612886	-0.395998511402	-4.55108547211	-2.82213807106	-2.353992939
14	7	0.499764882028	0.0778434476584	0.792698398286	0.604623558102	0.531665027142	4.54622173309	3.62053632736
15	7	0.499513655901	0.257039577896	0.806780570571	-0.532011058479	1.49731743336	4.61733436584	-3.1259303093
16	7	0.498955558985	-0.50408687269	-0.10874463893	0.856779451368	-2.8980345726	-0.662229418755	4.90765476227
17	7	0.474996019155	0.593305108834	0.0431954466152	-0.803817890584	3.26361751556	0.22892382741	-4.43021297455
18	7	0.435267552733	-0.239654612602	0.962959893241	0.123587663899	-1.22153282166	4.93136978149	0.639179468155
19	7	0.465770557523	-0.230544621604	0.913248382404	0.335896664893	-1.33944261074	4.94141101837	1.86839389801
20	7	0.477009318769	0.590103132689	-0.444565960316	-0.673898656861	3.28131628036	-2.40872097015	-3.78311252594
21	7	0.401450904086	0.273389605545	-0.170469964396	-0.946677408	1.36400473118	-0.809990823269	-4.47703313828
22	7	0.38416826725	0.941510796499	-0.332016124338	0.0576429809809	4.26877737045	-1.53158712387	0.212018489838
23	7	0.476844742894	0.609764502321	0.628455447385	0.482939957305	3.3836555481	3.43523383141	2.71454000473
24	7	0.497963704169	-0.741277703545	0.327647645855	-0.58579380877	-4.26735877991	1.79338037968	-3.36576318741
25	7	0.499856740236	0.951569833066	-0.295174079901	-0.0859483295568	5.44817256927	-1.7189450264	-0.451355457306
26	7	0.499972715974	-0.994314867107	0.0077829726847	0.106194964036	-5.69733095169	0.0257938019931	0.623254299164
27	7	0.499821528792	0.798204093101	0.441034816868	-0.41031514238	4.60827636719	2.47623825073	-2.40424418449
28	7	0.499753773212	-0.214225462042	-0.797627913974	0.563823697855	-1.1733404398	-4.60247373581	3.33141565323
29	7	0.499986484647	-0.565190962142	0.818329509769	-0.104383857732	-3.34099888802	4.67130565643	-0.600221633911
0	8	0.499763309956	-0.902132002321	0.318776340788	0.290756762504	-5.25087213516	1.79153299332	1.52991056442
1	8	0.495748974383	0.635761233017	-0.0631962166546	0.769294412298	3.73859500885	-0.358908951283	4.34280061722
2	8	0.436274938285	-0.69991395706	0.550478265264	0.455075963093	-3.59767818451	2.81522250175	2.30835866928
3	8	0.440537817776	-0.633899846412	0.477925994906	0.608077074154	-3.31702899933	2.51832056046	3.06398248672
4	8	0.496885880828	0.913059206855	-0.129557700322	0.386701030598	5.21026706696	-0.809756398201	2.2535636425
5	8	0.498574987054	-0.788429560507	-0.0604871096081	-0.612143886428	-4.51488304138	-0.30482673645	-3.57829189301
6	8	0.467932954431	0.740282928587	0.647704381085	-0.180167201138	4.08865785599	3.56510210037	-0.924354791641
7	8	0.481776192784	-0.346457867331	0.928752715093	0.131853480697	-1.97437691689	5.24535274506	0.692405223846
8	8	0.495134681463	0.127436254429	0.990178813475	0.0574971164796	0.714266419411	5.67612361908	0.431840181351
9	8	0.499823391438	0.183527692596	-0.702727407092	-0.687380373136	1.00848031044	-4.01595973969	-3.95587778091
10	8	0.499993622303	0.0891545856031	0.684128195049	0.723892307325	0.432467520237	3.99285459518	4.08065271378
11	8	0.499995842576	0.40668284115	-0.885634833264	-0.224187441273	2.26617002487	-5.13433456421	-1.34140181541
12	8	0.499939423054	-0.0992017454885	0.230742457316	0.967944694744	-0.610243439674	1.48300564289	5.55274152756
13	8	0.499812349677	0.0679020875497	-0.631466438461	0.772424393454	0.549938797951	-3.6620965004	4.53920555115
14	8	0.499987978488	-0.446219824948	-0.128346452659	-0.885672092771	-2.53300619125	-0.722771167755	-5.10703659058
15	8	0.499924235046	0.17050772333	-0.807091496666	0.565270229442	1.00461888313	-4.55092525482	3.42869138718
16	8	0.499585419893	-0.110946610562	-0.490931444521	-0.864104835298	-0.561475634575	-2.74788546562	-5.03292179108
17	8	0.483573995531	-0.636111074852	0.0116770521502	0.771509135982	-3.50698828697	0.126847624779	4.3720703125
18	8	0.436097979546	-0.771929506746	-0.623728720964	0.122830449233	-3.91348743439	-3.20128202438	0.637306690216
19	8	0.487438797951	0.978859956435	0.00112007423191	-0.204528558205	5.53462171555	-0.00547333993018	-1.21764278412
20	8	0.498685598373	-0.175507295901	-0.71064312128	0.681310166711	-1.12373054028	-4.07658195496	3.91338849068
21	8	0.480483517051	-0.22121310099	0.938262411207	-0.265948137175	-1.19291329384	5.20401573181	-1.58250355721
22	8	0.453942641616	0.871346436425	-0.49053668639	-0.0113642877039	4.62197065353	-2.61740398407	-0.058598279953
23	8	0.483265772462	-0.109610152769	-0.927795817443	0.356623801147	-0.665146052837	-5.28005886078	1.89207863808
24	8	0.497783826664	0.0619071911374	-0.17827677642	0.982031002909	0.460394144058	-0.96966701746	5.71381950378
25	8	0.499639265239	-0.474635007855	0.570594040164	0.670182102602	-2.92031097412	3.29098391533	3.79157543182
26	8	0.499454960227	0.631956124288	0.774462205583	0.0289784247074	3.81045913696	4.38334369659	0.0700767040253
27	8	0.498997823335	-0.0452467091038	0.0888913205296	0.995013099637	-0.296257793903	0.44618678093	5.74567222595
28	8	0.498145781457	-0.573381629131	0.272962944873	-0.77247960368	-3.28052568436	1.59319245815	-4.42484235764
29	8	0.499921008945	0.778867177552	-0.451877662284	0.434939648758	4.51066207886	-2.57638168335	2.43496894836
0	9	0.497522890568	0.651959460549	0.57927571764	0.489273445788	3.87896537781	3.2474322319	2.75518512726
1	9	0.48705066368	-0.230433989276	-0.0396908482971	-0.972278156264	-1.41015994549	-0.216138347983	-5.45842027664
2	9	0.371300727129	-0.893185224223	0.401724145166	-0.202083810386	-3.93521165848	1.79504835606	-0.878561496735
3	9	0.386154040694	-0.738921273058	0.473838849673	-0.479032458988	-3.40878391266	2.16945409775	-2.14887452126
4	9	0.487805772573	-0.550446633962	0.139111150178	-0.823198998454	-3.08328938484	0.777480602264	-4.66347122192
5	9	0.499608419836	-0.348474494299	-0.120181717682	0.929581562617	-1.88344478607	-0.66305989027	5.39492511749
6	9	0.494557142258	0.765796815772	-0.23077922444	-0.600246771353	4.31605863571	-1.26653075218	-3.56069469452
7	9	0.497959244996	-0.430613407329	-0.404816527112	0.806657097412	-2.52681159973	-2.31966280937	4.6435418129
8	9	0.499510675669	-0.0439680731315	-0.984826626685	-0.16787889658	-0.180338963866	-5.6857380867	-1.03341960907
9	9	0.499989781529	0.0446616036895	0.421199883457	0.905867539617	0.181932330132	2.58448171616	5.15339517593
10	9	0.499999910593	0.0317493733409	-0.927926172749	-0.371409471095	0.116325601935	-5.33011436462	-2.13984799385
11	9	0.499999076128	0.859966264675	0.482348482369	-0.166727217867	4.92326974869	2.95440506935	-0.878678560257
12	9	0.499994574115	0.136100006958	-0.00330831485406	-0.990689579616	0.825803875923	-0.0888842195272	-5.72884511948
13	9	0.499954000115	-0.643301832094	-0.465810598111	0.607604509128	-3.77421760559	-2.77354049683	3.46383738518
14	9	0.499994575977	0.334775633144	0.733971902028	0.590940371346	1.98292851448	4.21833896637	3.36144161224
15	9	0.499975737184	-0.258449648349	-0.523267834117	-0.812031128127	-1.49187636375	-2.98471736908	-4.67582798004
16	9	0.498757503927	0.0362512681484	0.847302652856	0.529871739217	0.287738829851	4.79074192047	3.10913419724
17	9	0.469405632466	-0.395466851296	-0.37359733984	-0.839065549996	-2.14721798897	-2.07755112648	-4.54354286194
18	9	0.325195789337	-0.82998514445	-0.525833515539	0.186074646118	-3.20311784744	-2.03032398224	0.688747882843
19	9	0.424547657371	-0.333328177089	-0.484298837778	0.808917154031	-1.69810461998	-2.43255782127	3.95715904236
20	9	0.497294321656	0.663142245659	0.737838033544	-0.125846725339	3.77634859085	4.24628639221	-0.800810098648
21	9	0.495463475585	-0.182394114578	-0.0082706070664	0.983190715999	-1.12327170372	-0.269981741905	5.62422895432
22	9	0.495251834393	0.364247056374	0.808199723163	-0.462749704918	2.01181840897	4.62977552414	-2.74260663986
23	9	0.498576469719	-0.0888049971134	0.69934859524	0.709242705161	-0.511959135532	4.0276222229	4.14554786682
24	9	0.499771639705	0.0107828942488	-0.88483575089	-0.465778298269	-0.0579486489296	-5.05474853516	-2.8155207634
25	9	0.499916955829	0.897647105124	-0.422269923444	-0.126165710146	5.20935153961	-2.38992810249	-0.655190944672
26	9	0.497737959027	-0.817732632374	0.36846878206	-0.442203684514	-4.78673505783	2.12239360809	-2.41932225227
27	9	0.49541503191	-0.371874044533	-0.661152217987	-0.651603744352	-2.10817527771	-3.79639077187	-3.76126241684
28	9	0.474047854543	0.990903964395	0.0555819908639	-0.122556010205	5.45916557312	0.306695103645	-0.590399265289
29	9	0.495022520423	-0.959678316292	-0.222564237141	0.17170524041	-5.50086688995	-1.2147705555	0.891716003418
0	10	0.495638459921	-0.628866331622	0.290811003896	0.721079813173	-3.75500297546	1.68401312828	4.00542926788
1	10	0.496740624309	0.775306473599	-0.608556801371	0.168992578244	4.46392059326	-3.44063186646	0.986374378204
2	10	0.45712351799	-0.922435781079	0.0238288030237	-0.385414605239	-4.93878984451	0.162734895945	-2.00668001175
3	10	0.463592121378	-0.166958500511	-0.2571935253	-0.951827899176	-0.865819334984	-1.40179932117	-5.15480804443
4	10	0.49826464057	0.51969665858	-0.0404932763735	0.853390694599	2.89506244659	-0.213973760605	4.93038654327
5	10	0.499851020053	-0.25701528128	-0.00351153319576	-0.966400959397	-1.47921288013	0.00376779539511	-5.5246720314
6	10	0.49929267168	0.392496444148	-0.448592267777	0.802939299463	2.14885520935	-2.62261867523	4.66631984711
7	10	0.499876260757	0.700846290792	0.711742726042	-0.0472944881501	4.08036994934	4.08094453812	-0.317475318909
8	10	0.499923460186	-0.661047614374	0.417375376643	-0.623549393796	-3.84964370728	2.44106221199	-3.52899169922
9	10	0.499982118607	0.844140262082	-0.469139343129	0.259490837336	4.80689382553	-2.8257920742	1.4727306366
10	10	0.499998450279	-0.0280429286043	0.956920993825	-0.288991013236	-0.229501277208	5.51129436493	-1.60873556137
11	10	0.499999061227	-0.398372684801	-0.739879631727	0.542104542095	-2.2588365078	-4.2819070816	3.08345222473
12	10	0.499996960163	-0.724985260586	0.663808897219	-0.183722943329	-4.19165706635	3.92364311218	-1.12874865532
13	10	0.499992117286	-0.0127607467192	0.86857532438	0.495392843328	0.0781508684158	5.04379844666	2.84676837921
14	10	0.49999755621	-0.392006819249	-0.910567555118	0.131138786138	-2.3054728508	-5.25407505035	0.55997800827
15	10	0.499989230186	0.24512356023	0.388192414106	0.888381162481	1.50941812992	2.27850389481	5.06781339645
16	10	0.499628007412	-0.589441279012	-0.656249182886	-0.471058370649	-3.31171894073	-3.78530311584	-2.7317905426
17	10	0.49464739114	0.170794592102	0.645211667169	0.744668457676	1.07807195187	3.71975970268	4.20180988312
18	10	0.433642506599	-0.982814307391	-0.112027420769	0.146717054845	-4.96419429779	-0.619302511215	0.703629493713
19	10	0.457773517817	0.129924188347	-0.211071110899	0.968797549247	0.741736710072	-1.06125330925	5.18252038956
20	10	0.498540595174	-0.296179497558	-0.711381065438	-0.637349735202	-1.74401712418	-4.07848978043	-3.6455719471
21	10	0.499568521976	0.482113267121	0.857285570445	-0.180632910549	2.75582838058	4.96891355515	-0.990846633911
22	10	0.499505758286	0.397883103224	-0.910813068608	0.110039039538	2.12781333923	-5.31560850143	0.638061523438
23	10	0.497965291142	-0.0902110929978	0.995157850572	-0.0390232129084	-0.615143597126	5.76667308807	-0.399152517319
24	10	0.499798811972	0.732268957239	0.146420999692	0.665088764838	4.2130484581	0.815727233887	3.83498740196
25	10	0.499692514539	-0.806687326029	0.126014688195	-0.577387094056	-4.67577791214	0.742942810059	-3.23231625557
26	10	0.494703687727	0.797743296876	-0.108315020791	-0.593189251892	4.64464950562	-0.707382917404	-3.29341506958
27	10	0.456774547696	0.653224926465	0.441800218516	0.614906303727	3.45068192482	2.38550710678	3.29288196564
28	10	0.374118983746	0.824894152824	0.557682370034	0.0924121787987	3.64897155762	2.47708892822	0.443413496017
29	10	0.474506050348	0.564406888743	-0.800342783101	0.202228320169	3.20641422272	-4.35072898865	1.06126308441
0	11	0.4964825809	0.989048749157	0.00585088595773	0.14747318036	5.67373657227	-0.0583175607026	0.783578157425
1	11	0.499800369143	-0.71151950155	0.574454117666	-0.404651041777	-4.18244171143	3.23320865631	-2.24058818817
2	11	0.498410969973	0.742829449124	-0.0267021733746	-0.66894798262	4.39881277084	-0.224760293961	-3.71054601669
3	11	0.498451784253	-0.76816240462	0.602427997874	0.216811041014	-4.42079496384	3.40075111389	1.35886573792
4	11	0.499950800091	0.510772103556	-0.103683357569	-0.853441046348	2.84846329689	-0.661132097244	-4.95930957794
5	11	0.499942198396	0.558194819463	0.327127453195	0.762499949437	3.1634106636	1.75148141384	4.48853254318
6	11	0.499782294035	-0.311011816743	0.868943629742	-0.384978724318	-1.83381450176	4.9792804718	-2.32256031036
7	11	0.49833136797	-0.859183804606	-0.390570177191	-0.330542170671	-5.0118803978	-2.26596546173	-1.86130356789
8	11	0.499233201146	0.556834184928	-0.654467202443	0.511476657749	3.22682857513	-3.77269411087	2.89976549149
9	11	0.499726340175	-0.272860345419	0.930926944509	-0.24273906955	-1.6885266304	5.2905960083	-1.4210524559
10	11	0.499891862273	0.666792398256	-0.631275225681	-0.396080152329	3.85013961792	-3.79888391495	-2.13777065277
11	11	0.499985300004	0.71395119945	0.41402459319	-0.564674526642	4.03150558472	2.48519253731	-3.27877902985
12	11	0.499998286366	-0.600550804444	-0.505925369539	0.619175461189	-3.38662624359	-2.91228556633	3.65867376328
13	11	0.499999590218	-0.270953610958	-0.590241083238	-0.760394374234	-1.53809356689	-3.32252383232	-4.45892906189
14	11	0.499999247491	0.836029315174	0.00920878006898	0.548607494061	4.78737640381	0.152766138315	3.1833357811
15	11	0.499997004867	-0.772161806991	0.555143541694	-0.309163050736	-4.5520606041	3.03340482712	-1.92066550255
16	11	0.499922573566	0.547969023717	0.836451690313	-0.00886108456339	3.24941062927	4.73918914795	-0.000888347625732
17	11	0.499378353357	-0.67932674197	-0.723469089689	0.122913196643	-3.93701648712	-4.1410036087	0.645409822464
18	11	0.49845738709	0.755414051563	0.390265018867	0.526348578178	4.39022350311	2.25833272934	2.90693712234
19	11	0.499020725489	-0.81035625684	-0.345004026539	-0.473597887107	-4.59060573578	-2.01965880394	-2.7850716114
20	11	0.499715257436	0.188914527376	0.234114333751	0.95367802747	1.14654755592	1.35176062584	5.47343254089
21	11	0.499890483916	-0.472943195685	-0.468838071401	-0.745999729531	-2.79489135742	-2.64944291115	-4.27865028381
22	11	0.498214475811	0.847130904214	0.000850768739975	0.531383578329	4.91408014297	0.1285366714	3.07198810577
23	11	0.492672454566	0.231170192741	0.375702056207	0.897445433968	1.36668539047	2.08838129044	5.22444343567
24	11	0.497858114541	-0.797801253864	-0.20485910055	-0.567050181426	-4.58503007889	-1.10531413555	-3.27163696289
25	11	0.499409161508	0.754206584788	-0.303231856849	0.582428423461	4.36910295486	-1.75894081593	3.31884264946
26	11	0.497497498989	-0.800732288877	0.4178434311	-0.429225661671	-4.60557937622	2.43565654755	-2.3515791893
27	11	0.478077441454	0.574050534973	-0.784811902594	-0.233529999881	3.23024082184	-4.31296253204	-1.27960562706
28	11	0.389808759093	0.649696805966	0.757977698746	0.0579988665541	2.99334144592	3.45273637772	0.250847578049
29	11	0.445282608271	0.0895543971685	0.992742283142	0.0802668624617	0.447413802147	5.18517684937	0.430172920227
0	12	0.499219074845	-0.921480276571	-0.314565872309	0.227864898284	-5.33957481384	-1.72686910629	1.22141480446
1	12	0.499865666032	0.942657517095	-0.0955123065618	0.319803384535	5.39525079727	-0.555055260658	1.85720777512
2	12	0.499975055456	-0.924923423458	-0.107212585509	-0.364721979385	-5.33355855942	-0.537906229496	-2.0517616272
3	12	0.499841704965	0.954805568071	-0.285716096629	0.0819306982033	5.47616195679	-1.6830701828	0.403944015503
4	12	0.499518256634	-0.198769505362	0.362141281989	0.910683466204	-1.25537419319	2.0456662178	5.24433469772
5	12	0.497415859252	-0.371478479498	0.476142575906	-0.797052060206	-2.15030312538	2.58830976486	-4.64093017578
6	12	0.495639339089	0.846978375544	0.113685659754	0.519329569856	4.83795595169	0.616386055946	3.01789355278
7	12	0.489552475512	-0.120766035051	-0.750780989782	-0.649417793228	-0.682897090912	-4.26282787323	-3.74261474609
8	12	0.487886056304	0.219592849555	0.811457175549	0.541586772987	1.15410959721	4.68606138229	3.01974058151
9	12	0.493331648409	0.599606335265	-0.259431904678	0.757078152864	3.42282390594	-1.59191870689	4.27830076218
10	12	0.49785014987	-0.394838555819	-0.158817568858	-0.904919606739	-2.33328747749	-0.752672016621	-5.2053360939
11	12	0.499811664224	-0.241632090213	-0.491400028048	0.836743655735	-1.38360357285	-2.73926115036	4.84216880798
12	12	0.499994065613	0.352766164828	0.352306823966	-0.866854044658	2.02591538429	2.03951668739	-4.93793344498
13	12	0.499999158084	-0.0701697154274	-0.408469585659	0.91007077122	-0.34197050333	-2.24766659737	5.27488279343
14	12	0.499997831881	-0.450677809367	-0.512806213238	-0.730697817027	-2.62202262878	-2.84109544754	-4.2907075882
15	12	0.499997809529	0.306315364055	0.592853559131	0.744778863267	1.82114648819	3.41154170036	4.27769327164
16	12	0.499997496605	-0.903533311834	-0.427237849389	0.0330964417362	-5.17350387573	-2.54424500465	0.20107126236
17	12	0.499957337976	0.679239233609	-0.315465684953	-0.662657879409	3.98455238342	-1.69251489639	-3.78384280205
18	12	0.499859377742	-0.900121042345	-0.158596851853	0.405745175832	-5.17208051682	-0.981162309647	2.35978341103
19	12	0.499526783824	0.160928466095	0.986926434653	-0.00884541590342	1.0552854538	5.70904588699	-0.0279674530029
20	12	0.499771058559	0.323905233361	0.905836900223	-0.273029137631	1.77990782261	5.27718162537	-1.7330904007
21	12	0.49989515543	0.607587953412	-0.764580244494	0.215067265289	3.58265590668	-4.34429693222	1.35799312592
22	12	0.49870441854	-0.615305926225	-0.695853275993	-0.370387412641	-3.56778097153	-3.91939258575	-2.24272584915
23	12	0.490210741758	-0.124430472662	0.783508515178	0.608795092061	-0.659380793571	4.48047065735	3.45016956329
24	12	0.487839914858	0.0363010497478	-0.669928500374	-0.741537617504	0.248761892319	-3.79668807983	-4.19145011902
25	12	0.497201122344	0.452679079789	0.46596485963	0.760235753113	2.49931168556	2.80882024765	4.36951637268
26	12	0.49977068603	0.578504531993	-0.803211618989	-0.1420690029	3.36929583549	-4.59597873688	-0.907782793045
27	12	0.494937360287	-0.964265032955	0.0622474727467	0.257523199646	-5.4717540741	0.504144906998	1.48118877411
28	12	0.475642062724	0.57680051448	-0.643379937276	-0.503352185658	3.21316146851	-3.52832221985	-2.78008556366
29	12	0.476027607918	0.717888281406	0.237342140811	-0.654450245332	4.04610681534	1.34573245049	-3.60827207565
0	13	0.499894358218	0.571742644961	-0.439361716665	0.6928720155	3.25179719925	-2.49727749825	4.05119132996
1	13	0.499983433634	-0.373043298731	0.241130659088	-0.895932309117	-2.23178863525	1.37736952305	-5.09029054642
2	13	0.499919086695	0.564201115232	-0.322052126559	0.760236495671	3.28660941124	-1.82017207146	4.3299202919
3	13	0.499380618334	-0.76545857566	0.640226113203	-0.0646814727841	-4.45288419724	3.5793170929	-0.385992527008
4	13	0.487619876862	0.981070529527	-0.0942732328936	-0.169154289493	5.54702186584	-0.606935977936	-1.00158548355
5	13	0.460640063509	0.0336132730359	0.386522099028	0.921667410099	0.183977842331	2.05916571617	4.9651517868
6	13	0.455792188644	-0.345609399782	-0.455180786668	0.820587956426	-1.85286712646	-2.43572568893	4.40155220032
7	13	0.456678077579	0.0320371107459	-0.99776974526	-0.0585590213236	0.185877025127	-5.3609290123	-0.30490732193
8	13	0.460724189878	0.766844249233	0.636586365082	0.0819005324138	4.15410614014	3.40044164658	0.444508552551
9	13	0.461959525943	-0.68980259474	0.69566005658	0.200572844545	-3.72030639648	3.74046087265	1.03124237061
10	13	0.494808867574	0.680637362164	-0.64879089902	0.340298619709	3.88188552856	-3.70410871506	2.03038930893
11	13	0.499360932037	0.102415532487	-0.341354283116	-0.934338435527	0.603869855404	-1.84986639023	-5.41824102402
12	13	0.499994367361	-0.678703728162	-0.410916407814	0.608694467831	-3.80267763138	-2.38816785812	3.60273361206
13	13	0.499992482364	-0.347098501803	0.337727710378	-0.874907208616	-1.89828276634	2.05679416656	-5.02007436752
14	13	0.499982401729	-0.032955841523	-0.99785858475	0.0564991800767	-0.214115962386	-5.80563545227	0.485884904861
15	13	0.499979153275	0.703230165105	-0.673547631587	-0.227598160957	4.09907436371	-3.91972374916	-1.4094312191
16	13	0.499990791082	-0.214279214115	0.919114927713	-0.330623907261	-1.24251627922	5.33247470856	-1.8995141983
17	13	0.499986760318	-0.442512444333	0.479981103941	0.757496453107	-2.54979562759	2.68340539932	4.49964761734
18	13	0.499987391755	-0.129040271437	0.150018055071	-0.980226092032	-0.541395843029	0.906565546989	-5.71407556534
19	13	0.499982297421	-0.375498493754	-0.926187862648	0.0343063299042	-2.24645042419	-5.33719968796	0.227617263794
20	13	0.499962627888	0.31413308486	-0.598640823594	0.736851117474	1.9280359745	-3.4009604454	4.28216648102
21	13	0.499769046903	-0.927016293322	0.0743815646804	-0.367570639132	-5.28128671646	0.477615654469	-2.20514893532
22	13	0.4985986799	0.175495178762	-0.0185256782688	0.98430596944	1.15012395382	-0.0496973209083	5.6313996315
23	13	0.442137118429	-0.576033492256	0.218240366481	-0.787754122958	-2.99146175385	1.07894492149	-4.05625867844
24	13	0.415120914578	-0.95759691403	0.0907229394652	-0.273454746705	-4.69406318665	0.43842202425	-1.29343605042
25	13	0.491860084236	-0.350330546369	-0.77591957971	-0.524611584035	-1.93773841858	-4.39932966232	-3.02308797836
26	13	0.499671146274	-0.268764311437	-0.0288539725941	0.962773697794	-1.60228800774	0.0489075854421	5.55123519897
27	13	0.499844297767	0.756385432238	-0.642699911048	-0.121728806108	4.38792896271	-3.62237739563	-0.881539344788
28	13	0.499156005681	-0.637689918255	0.0600695793519	0.767947403011	-3.67047357559	0.384481340647	4.37285757065
29	13	0.496498659253	0.365939067	0.158352871058	-0.91706759155	2.05166125298	0.929561197758	-5.29083585739
0	14	0.499972939491	0.324176668338	0.431903214127	-0.84164666062	1.74733781815	2.43263578415	-4.90632104874
1	14	0.500000268221	0.639999430885	0.0348137117726	0.767586303903	3.62204289436	0.16905464232	4.43437051773
2	14	0.499541625381	-0.502897661993	-0.0529686490373	-0.862721428841	-2.97822928429	-0.339594960213	-4.93721246719
3	14	0.494801804423	0.95951138881	-0.0121763122305	-0.281406524738	5.57913541794	-0.0774954408407	-1.4475812912
4	14	0.473563175648	0.550323540008	0.231421443154	-0.802239438673	2.96750497818	1.30446732044	-4.51759338379
5	14	0.418006494641	0.386766528032	0.920596415393	-0.0539804849791	1.92837405205	4.52307462692	-0.25822687149
6	14	0.40928889811	0.781827058623	0.620279383786	0.0632450508283	3.75739192963	2.96953058243	0.342093467712
7	14	0.431375771761	0.744630123591	-0.509251736337	-0.431495826259	3.80117416382	-2.58153009415	-2.16985368729
8	14	0.430288077332	0.0747888019993	-0.131981236394	0.988426824978	0.366979926825	-0.58019810915	4.98519611359
9	14	0.408108323812	-0.365757420246	0.925829168783	-0.0951938010874	-1.79805600643	4.46229410172	-0.391039848328
10	14	0.472441479564	0.421503340966	0.78626922972	0.451791580212	2.27672934532	4.4129486084	2.46905088425
11	14	0.49188317731	-0.170608829683	0.618251780832	0.767240094581	-0.975979506969	3.50508570671	4.48651266098
12	14	0.498747900128	0.0845651195871	0.963889415438	-0.252519178194	0.522655487061	5.55945205688	-1.51289582253
13	14	0.499942615628	0.319148879322	-0.73542659169	0.597738840183	1.77579724789	-4.31547355652	3.38644886017
14	14	0.500004783273	0.419174149273	0.872540651089	-0.250929959906	2.28496074677	5.07314014435	-1.42856955528
15	14	0.499984398484	0.113525343992	-0.829356202906	0.547065156058	0.550128698349	-4.86329364777	3.19505357742
16	14	0.499986827374	0.787791882079	-0.530035885429	-0.313760913256	4.56676435471	-3.12021350861	-1.81106686592
17	14	0.500007972121	-0.6483579238	0.525088149234	0.551284353288	-3.72173404694	3.14434075356	3.21484923363
18	14	0.500004768372	-0.953339711053	0.0797771676813	-0.291168334209	-5.59859466553	0.325971603394	-1.62253332138
19	14	0.499994754791	0.949219388999	0.210104197331	-0.234176808869	5.45092535019	1.23387670517	-1.25020503998
20	14	0.499964669347	-0.846795256287	-0.279580285742	-0.452518129752	-4.89673566818	-1.56571626663	-2.55224680901
21	14	0.499642238021	0.812153436075	0.408022948706	0.417042047762	4.70812273026	2.25758695602	2.37980794907
22	14	0.483189217746	-0.617053584714	-0.366649971386	-0.696284907257	-3.49369239807	-2.01751327515	-3.88672685623
23	14	0.405079215765	-0.784421689312	-0.530672468331	0.321044147577	-3.76866912842	-2.4983689785	1.47921729088
24	14	0.396027557552	-0.588690220287	-0.579620007997	0.563457603435	-2.77153396606	-2.68771672249	2.57596135139
25	14	0.495170235634	0.351275561764	0.898621059533	0.262841532241	1.92602920532	5.15504026413	1.54098081589
26	14	0.499294064939	0.112530302034	-0.82086530388	-0.559925962971	0.709132492542	-4.70040798187	-3.24970054626
27	14	0.499904483557	-0.364371580348	0.161010444381	0.917228972632	-2.18065881729	1.03584599495	5.21376895905
28	14	0.49980122596	0.751712839154	0.202004031061	-0.62779150909	4.29854726791	1.06639111042	-3.67033886909
29	14	0.499961797148	-0.370702515987	-0.44192372819	0.816873957906	-2.10752153397	-2.49871659279	4.7439904213
0	15	0.499986378476	-0.0879299048631	0.341361800046	0.935810051934	-0.360188782215	1.9981136322	5.4078783989
1	15	0.499952882528	-0.843804507228	-0.202421214405	-0.497010669443	-4.7952914238	-1.27949392796	-2.96797060966
2	15	0.499628171325	-0.256918057095	0.850357821136	-0.459221828718	-1.4134683609	5.10005044937	-2.48294687271
3	15	0.499540954828	-0.304806108164	-0.637567722929	-0.70753136687	-1.77446329594	-3.66104316711	-4.11697864532
4	15	0.498530562967	-0.172967025905	-0.330302630381	0.927891470115	-0.929079771042	-1.83443212509	5.35169887543
5	15	0.472617793828	-0.373718022285	0.175888575618	-0.910712934347	-2.02870798111	0.959609985352	-5.00370407104
6	15	0.435930982232	0.010027964841	0.9527902122	-0.303463756414	0.0967847183347	4.89624404907	-1.56149673462
7	15	0.462258391082	0.745247623182	-0.141237921562	-0.651657755003	4.04388618469	-0.756638884544	-3.52661156654
8	15	0.448813356459	-0.677308070047	0.0228194417829	0.735345531928	-3.51817917824	0.056420661509	3.92107200623
9	15	0.456762060523	-0.901609726891	0.432205721412	-0.0172659999557	-4.77732181549	2.34232974052	-0.0528190135956
10	15	0.497987851501	0.735054653922	-0.636708544406	-0.233016920478	4.22380304337	-3.63711190224	-1.34944748878
11	15	0.499015331268	-0.723686563396	-0.0240872977932	0.689708315192	-4.18702077866	-0.0377957075834	4.01717567444
12	15	0.499825783074	-0.0850050271241	-0.391449678278	-0.916264860583	-0.464162290096	-2.3451333046	-5.23555040359
13	15	0.499997463077	0.0206796897178	0.493776413317	0.869342972644	0.130446344614	2.89667463303	4.97766876221
14	15	0.500000193715	0.321117168305	-0.53959596524	-0.778280128563	1.75778710842	-3.19269037247	-4.44644021988
15	15	0.499996975064	-0.340797788599	0.420203536377	0.841002886619	-1.95119929314	2.52568721771	4.80806732178
16	15	0.499987229705	0.6272596559	0.00887235507572	-0.7787596583	3.68824148178	0.113855853677	-4.5584397316
17	15	0.500001981854	-0.240449575967	-0.950077526768	-0.198838362868	-1.3733304739	-5.47461652756	-1.11764550209
18	15	0.500000223517	0.131689805172	0.931275603267	-0.339681536108	0.983221411705	5.38101100922	-1.92808842659
19	15	0.499997362494	-0.989308993467	0.111365124612	0.094156914057	-5.69155216217	0.488922357559	0.576461076736
20	15	0.499974966049	0.93604886965	0.289058069192	-0.200643829363	5.40186595917	1.62119793892	-1.07885885239
21	15	0.499857962132	-0.725712755391	0.507896453228	0.464092867282	-4.26191473007	2.86508202553	2.61418867111
22	15	0.489990904927	0.673496439025	-0.0432240944912	-0.737925622456	3.89907693863	-0.347419142723	-4.12415361404
23	15	0.47265778482	-0.190152651101	0.935837931982	-0.296731080852	-1.13814806938	5.13060760498	-1.62472701073
24	15	0.470709852874	-0.579579044741	-0.42840245635	-0.693223965462	-3.2371430397	-2.33241915703	-3.74218678474
25	15	0.497252687812	0.677350893658	-0.721290013969	-0.144694445676	3.95060348511	-4.13191699982	-0.719440221786
26	15	0.49973385781	-0.761427833043	0.359229262154	-0.539612817008	-4.38787889481	2.20338487625	-3.00894594193
27	15	0.499563008547	0.570991026491	-0.746617183937	-0.341367878273	3.3638176918	-4.27741193771	-1.93077158928
28	15	0.499658122659	-0.185072098845	0.982665788676	0.010782671028	-1.1021207571	5.68642044067	0.0657532215118
29	15	0.49994969368	-0.917763343105	-0.396965474475	0.0113515694259	-5.30773878098	-2.36915636063	-0.0735139846802
0	16	0.499963954091	-0.469383783741	-0.803639315867	-0.365845204361	-2.70610952377	-4.59736299515	-2.13880896568
1	16	0.499995484948	-0.150053353545	0.604441934337	0.782389889444	-0.775352478027	3.48858261108	4.48471403122
2	16	0.499980993569	0.42528546064	-0.556986077469	-0.713371422524	2.40146064758	-3.2239086628	-4.10147190094
3	16	0.499942104332	-0.0413300488175	-0.109733112288	0.993101440505	-0.201303303242	-0.489567756653	5.72411394119
4	16	0.499576963484	-0.325769027111	0.259397453221	-0.909168577458	-1.77236688137	1.4998742342	-5.22428321838
5	16	0.49872982502	0.235090227668	-0.131559734754	0.963028878615	1.36491549015	-0.844555735588	5.51785612106
6	16	0.490047439933	-0.594893084466	0.698510304662	0.397725498723	-3.46067404747	3.96434497833	2.16158604622
7	16	0.494733855128	0.80345842352	-0.556641031278	0.211199725311	4.62319946289	-3.16736555099	1.21973228455
8	16	0.490357190371	-0.712912356651	0.689151466358	0.129715951803	-4.06181287766	3.87657976151	0.724670171738
9	16	0.494613155723	0.458905000891	-0.166911576606	-0.872666445873	2.78812098503	-1.0598347187	-4.89198827744
10	16	0.49984896183	-0.831217788698	0.508968054299	-0.223670533276	-4.76250648499	3.04148983955	-1.11793470383
11	16	0.49983330071	-0.102451068286	-0.922109335414	-0.373119487765	-0.4477648139	-5.31438970566	-2.20204520226
12	16	0.499992474914	0.451962448097	0.788850067069	0.416467906562	2.58348345757	4.47608566284	2.47659659386
13	16	0.49999973923	-0.741577199855	-0.180999475866	-0.645989509506	-4.19845151901	-1.16431927681	-3.74150753021
14	16	0.500000119209	0.257609122059	0.91176822982	0.319869090917	1.51653957367	5.22348403931	1.84907007217
15	16	0.499995708466	-0.609938491357	-0.792442865561	0.00305640016269	-3.4408454895	-4.63058376312	-0.00266742706299
16	16	0.499986011535	0.0431934348447	0.23849162381	-0.970183525195	0.269924372435	1.37929069996	-5.64914178848
17	16	0.499999463558	0.200191567062	0.776839159447	0.5970295276	1.20441150665	4.43444633484	3.4811360836
18	16	0.499986365438	-0.937885475264	0.300295534064	0.173762560727	-5.52697277069	1.5198751688	0.951466083527
19	16	0.499998196959	0.878550297499	0.453007594556	-0.151438086487	5.09792137146	2.5059876442	-0.790427923203
20	16	0.499955154955	-0.510219023572	-0.608793828911	-0.607492075558	-3.14694166183	-3.45072317123	-3.44213628769
21	16	0.499743312597	0.337770432836	-0.913720589256	0.22588895385	2.11746358871	-5.22690057755	1.2920217514
22	16	0.497727870941	-0.495824393093	0.84575489676	0.197121347957	-2.90876054764	4.80802440643	1.07717990875
23	16	0.488017931581	0.884495239025	0.0310170174077	0.465517042409	5.05926513672	0.0597224794328	2.60591340065
24	16	0.492538675666	0.73340076399	0.666228870542	0.135138489837	4.17111063004	3.81034827232	0.837518930435
25	16	0.492711164057	-0.807473332873	-0.289941263868	-0.513732304032	-4.61765575409	-1.56342637539	-2.97744321823
26	16	0.496165405959	0.304587361172	-0.463692377751	0.831995143153	1.81969404221	-2.60128283501	4.78199720383
27	16	0.4980815202	-0.611516101833	-0.714268098859	-0.340395564235	-3.60121917725	-4.05757761002	-2.04586958885
28	16	0.49857233651	0.277530446353	-0.220754566756	0.935010306148	1.5317325592	-1.30896258354	5.45229101181
29	16	0.499727323651	0.95809955367	0.226337905047	0.17554599966	5.52720546722	1.3888001442	0.903396606445
0	17	0.499986290932	0.613542993888	0.721202122495	-0.321609224308	3.5029129982	4.21901082993	-1.83542299271
1	17	0.499978136271	0.121196261192	-0.560071934763	-0.819530898847	0.694792151451	-3.34086751938	-4.66585922241
2	17	0.499988611788	-0.286105385395	0.532028236688	0.796925130621	-1.64989042282	3.09856510162	4.52544116974
3	17	0.499778263271	-0.265926238481	-0.825285810437	-0.498183266257	-1.43126225471	-4.71832084656	-3.02283096313
4	17	0.497616790235	-0.223000689798	-0.708463801232	0.669589228329	-1.29029107094	-3.97072935104	3.96536827087
5	17	0.499525420368	0.366962102089	0.560422435538	-0.742472564729	1.98365342617	3.23277235031	-4.32364177704
6	17	0.499577194452	0.847779447702	-0.529329146371	-0.032873436927	4.91125440598	-3.03282785416	-0.124121665955
7	17	0.499200612307	-0.521275581415	-0.782706617845	-0.34006193348	-3.20338249207	-4.39180707932	-2.02068567276
8	17	0.499740928411	0.914046181611	-0.383135326446	-0.133142403128	5.31110906601	-2.11738300323	-0.664879083633
9	17	0.499862864614	-0.886408049606	0.201574678481	-0.416711433236	-5.13136672974	1.25810229778	-2.32793021202
10	17	0.49996727705	0.145410844587	-0.892872366093	-0.426186137907	0.984316468239	-5.16246318817	-2.47128868103
11	17	0.499982431531	-0.790486018262	0.414489160699	0.450921934037	-4.44213008881	2.49246811867	2.72969460487
12	17	0.499999776483	-0.613800833553	-0.384421317354	-0.689542447927	-3.46805524826	-2.23525905609	-4.00221157074
13	17	0.50000038743	0.630665689441	0.12395590548	0.766091196698	3.62487506866	0.825906157494	4.38495063782
14	17	0.499999314547	-0.262156235138	-0.877152402328	0.402340367684	-1.62400352955	-5.10157775879	2.16039037704
15	17	0.499981716275	0.231679194133	0.960791919076	0.152327408053	1.40070199966	5.52179670334	0.736878395081
16	17	0.499939184636	-0.545364167346	-0.0305392525555	0.837642691742	-3.11989736557	-0.164404168725	4.84628391266
17	17	0.499927323312	-0.0271307601795	-0.551667073656	-0.833623033328	-0.211927890778	-3.2240114212	-4.76122522354
18	17	0.499901011586	0.402892346041	0.76542883129	0.501793246001	2.48323822021	4.36958169937	2.88590955734
19	17	0.499975189567	-0.862695704702	0.321512436622	-0.390366333316	-5.03055906296	1.73236608505	-2.17456555367
20	17	0.499984443188	0.874928667044	-0.244936705214	-0.417738959189	5.13072443008	-1.41311776638	-2.2481238842
21	17	0.499557927251	-0.94347392351	-0.24960516774	-0.218069291497	-5.48487377167	-1.23994970322	-1.2862663269
22	17	0.494378939271	0.517636052065	-0.818237627168	0.250080193317	3.054271698	-4.62193012238	1.39061665535
23	17	0.469042673707	-0.685156451184	-0.577782393937	0.443540463383	-3.84199810028	-3.10369300842	2.3669397831
24	17	0.451368412003	-0.327611076542	-0.322669735139	-0.888006320108	-1.74003481865	-1.7021241188	-4.68109416962
25	17	0.472145274282	-0.652776370814	-0.63231739038	0.417202262133	-3.5741944313	-3.48139071465	2.36370539665
26	17	0.471361711621	0.899106159247	0.429902149387	-0.082415146407	4.92852497101	2.32413935661	-0.548254966736
27	17	0.456569507718	0.0514639701571	0.883393976606	-0.465796674388	0.268421590328	4.7297706604	-2.46204805374
28	17	0.495246738195	0.928510642812	-0.134602371152	-0.346049400903	5.27491140366	-0.770558416843	-2.11200904846
29	17	0.499715000391	-0.683258193459	-0.139473176609	0.71673249827	-3.95856785774	-0.809391438961	4.07678604126
0	18	0.499730914831	0.577704472557	-0.477875664626	0.661734381414	3.20131349564	-2.79344463348	3.93791770935
1	18	0.499951779842	-0.294886137852	0.630007709378	-0.718423588023	-1.72658610344	3.68106365204	-4.10650634766
2	18	0.499449193478	0.823167992329	-0.565604640617	-0.0498582683016	4.73477697372	-3.295835495	-0.364251852036
3	18	0.49889549613	-0.510851280456	0.783225332827	0.354385450144	-2.90499472618	4.47632217407	2.06653952599
4	18	0.482118420303	0.73944324775	-0.461434136366	-0.490206304686	4.11121606827	-2.53553318977	-2.81430053711
5	18	0.497155352496	-0.00164619644673	-0.174543095234	0.984648159468	0.010084646754	-1.0353937149	5.65680885315
6	18	0.498479887843	-0.988070604603	0.147346980917	-0.0447811068832	-5.66072654724	0.880660653114	-0.418682336807
7	18	0.499716933817	0.346589839804	0.0933491265343	0.93336028602	2.18355798721	0.606138586998	5.30465888977
8	18	0.499963477254	-0.707109595017	-0.536185690088	-0.460978227663	-4.0688867569	-3.02353334427	-2.71664190292
9	18	0.499939968809	0.170070662047	-0.220229673669	0.960507605772	1.00923585892	-1.16414678097	5.60940122604
10	18	0.499968752265	0.496460884168	-0.788051886163	0.364006614235	2.90754413605	-4.55693817139	2.21192288399
11	18	0.49999754224	0.0718054198553	0.121525677818	-0.989987621797	0.366057217121	0.755523562431	-5.69959259033
12	18	0.499999877065	0.567631568863	0.102330009297	0.816898384885	3.15682649612	0.596950590611	4.75997877121
13	18	0.499998491257	-0.105101097779	-0.495088739659	-0.862462114593	-0.707666993141	-2.79164171219	-4.96326732635
14	18	0.499981954694	0.939207905229	0.194649679704	0.28284273536	5.40787220001	1.22655749321	1.67554092407
15	18	0.499845430255	-0.121230696134	-0.933039376119	0.338733879213	-0.866333305836	-5.41748189926	1.99953842163
16	18	0.499634623528	0.621912191143	-0.679912693421	-0.38851506513	3.59670734406	-3.9473285675	-2.28625440598
17	18	0.499518468976	0.701035808162	0.625678512368	-0.342162526932	4.01684617996	3.67508912086	-1.96641731262
18	18	0.499334134161	-0.690118465338	0.00146325462129	0.723694937585	-4.04506206512	-0.128820180893	4.10780668259
19	18	0.499910086393	0.996945445661	-0.0657924002832	0.0420848956393	5.72176361084	-0.475207239389	0.268800020218
20	18	0.499832898378	-0.101915722304	0.917120867767	-0.385360220382	-0.788785278797	5.27295398712	-2.21109676361
21	18	0.49777469784	0.529619564326	-0.385081681854	0.755787811085	3.09011507034	-2.2828001976	4.24915599823
22	18	0.474899336696	-0.716530420449	0.680027426455	-0.155392586183	-3.92907857895	3.73144984245	-0.879856348038
23	18	0.384942946956	-0.366585346102	0.323536067037	-0.872318518289	-1.71733260155	1.40241074562	-3.95851302147
24	18	0.400252364576	-0.761817455411	0.120281739496	-0.636526879067	-3.56723451614	0.564752280712	-3.01608014107
25	18	0.456733644009	0.369078981206	-0.883465637912	0.288563982959	1.96402359009	-4.72797393799	1.57495868206
26	18	0.415826641023	-0.474635568062	-0.645087565109	-0.598818094977	-2.26788592339	-3.09824967384	-2.94627761841
27	18	0.407463448122	-0.0589710571631	-0.451232703342	-0.89045576075	-0.326857805252	-2.15114331245	-4.22201776505
28	18	0.487106401473	-0.308925677095	-0.4151308467	0.85570515141	-1.81832051277	-2.33194589615	4.80999469757
29	18	0.498807912692	0.00476123504452	-0.405071004265	-0.914272832444	0.125932171941	-2.2350757122	-5.31663417816
0	19	0.499799534678	0.921152873004	-0.0632740500154	-0.384023149238	5.27950716019	-0.33761048317	-2.26040792465
1	19	0.499101806432	-0.607660323265	-0.0130421360621	0.794089940886	-3.55220389366	-0.0982259958982	4.56031322479
2	19	0.495092868805	0.0400719168088	-0.708205256453	0.704868467316	0.291169941425	-4.06087493896	4.15410423279
3	19	0.482203111053	-0.0152663966066	-0.764238895555	-0.644752547614	-0.0629413127899	-4.2215089798	-3.66145205498
4	19	0.374429509044	0.422247696193	0.660913574802	-0.6204031993	1.89718461037	2.90498161316	-2.71434545517
5	19	0.432564556599	0.0915071347538	0.708587643252	-0.6996642024	0.466954708099	3.57000207901	-3.53153800964
6	19	0.497447900474	0.775793119699	-0.265408431569	0.572453840829	4.48833274841	-1.47435677052	3.23764705658
7	19	0.499449953437	-0.942704274361	-0.00650103835691	0.333566166754	-5.48471069336	-0.0999632775784	1.77604961395
8	19	0.499758303165	0.30019906698	0.908594328716	0.290408102521	1.82381606102	5.236764431	1.74339294434
9	19	0.499925836921	0.771421365498	-0.338133134803	-0.539050146092	4.4373664856	-2.03657245636	-3.09666848183
10	19	0.499992586672	-0.585182796779	0.339364844514	-0.736473079387	-3.35657262802	2.08463931084	-4.18159914017
11	19	0.500000730157	0.23964331822	-0.852240346739	0.465034914198	1.30752849579	-4.84355068207	2.8509683609
12	19	0.499998886138	0.513571754295	0.295703625245	-0.805483345084	2.86435437202	1.64929747581	-4.71370029449
13	19	0.499999228865	-0.297105022656	0.293603550366	0.908584371825	-1.61675441265	1.65546905994	5.28837490082
14	19	0.49998652935	-0.242398265042	0.696660145696	-0.675209391599	-1.50318932533	3.96050620079	-3.94486379623
15	19	0.499808624387	0.303108845216	-0.884364727185	-0.354998672199	1.85556674004	-5.15778017044	-1.97077465057
16	19	0.499047890306	-0.344617125573	0.936781895998	-0.0606524203371	-1.93542385101	5.37568998337	-0.355635881424
17	19	0.498449992388	-0.364643654032	-0.382639477551	0.848894596398	-2.08288359642	-2.26220297813	4.84199285507
18	19	0.485089190304	0.030485457624	0.698296619148	-0.715159051232	0.258120149374	3.89764022827	-4.0914144516
19	19	0.493398874998	-0.741239541934	0.439805026612	-0.507085278863	-4.30874490738	2.45089864731	-2.8443274498
20	19	0.499524816871	0.610341284041	-0.781023036061	0.132236659585	3.50692367554	-4.47924184799	0.860713243484
21	19	0.499660268426	-0.47638983628	0.879136714214	-0.0130905160582	-2.81590223312	5.00747251511	-0.128724336624
22	19	0.476595960557	0.332960600896	-0.733256719034	-0.59285059015	1.92707467079	-4.06361579895	-3.23764133453
23	19	0.427156504244	0.0481528969277	-0.505725114702	-0.861349758737	0.18658798933	-2.49952244759	-4.36475086212
24	19	0.467672348022	-0.779703617945	0.600649530039	0.176868341506	-4.26712608337	3.2360022068	0.920352458954
25	19	0.495358452201	0.68616611105	-0.149654920502	-0.711884451871	3.9597325325	-0.891482114792	-4.05132007599
26	19	0.451578877866	-0.702667380235	0.337347657929	0.626462377516	-3.71793413162	1.74024200439	3.25622034073
27	19	0.439987808466	-0.977534302766	0.183561281367	0.103595091093	-5.02184677124	0.88080239296	0.5029296875
28	19	0.478782817721	0.0677593432961	0.794043218892	0.604072874683	0.513205587864	4.42936515808	3.3778231144
29	19	0.496697425842	-0.956472393296	0.288498503957	0.0439223642025	-5.53598403931	1.58559215069	0.255083084106
0	20	0.499990135431	-0.97031806079	0.076660514554	0.229360036651	-5.59408855438	0.348052084446	1.26758217812
1	20	0.499961689115	0.828889926758	0.429850735618	-0.358008148521	4.78493928909	2.39735651016	-2.04137825966
2	20	0.499578982592	-0.964735948106	-0.0515694990608	-0.25811845575	-5.53634738922	-0.343780219555	-1.5337498188
3	20	0.477191329002	0.445869572085	0.739580049543	0.504204001378	2.48138189316	4.07287979126	2.77944922447
4	20	0.371945276856	0.803138052484	0.580784400125	0.132886226618	3.47457575798	2.61062860489	0.574582576752
5	20	0.43311419338	0.384064800963	0.774788969263	0.502191479188	1.96803438663	3.90238809586	2.48587822914
6	20	0.498796030879	-0.593578344581	-0.626241947206	-0.505456004421	-3.53874278069	-3.55379343033	-2.8373029232
7	20	0.499342918396	0.933603398739	0.136145655706	-0.331434841704	5.38446760178	0.738547563553	-1.85176134109
8	20	0.499082401395	-0.365107592431	0.910002092746	-0.196450088182	-2.27050280571	5.2762799263	-1.18936443329
9	20	0.499246329069	-0.846499444645	0.524271129753	0.0926200449291	-4.92227077484	3.09381961823	0.486556529999
10	20	0.499918237329	-0.203840908228	-0.739900921175	0.641089315912	-1.08993375301	-4.25480318069	3.72324466705
11	20	0.499992802739	0.674589529532	-0.143638628969	-0.724083497198	3.8305439949	-0.688490271568	-4.29678058624
12	20	0.49999897927	-0.450343485009	0.414697681495	0.790706379431	-2.56980013847	2.33176898956	4.5874710083
13	20	0.499994784594	-0.853439843638	-0.518902475755	-0.0487919455057	-4.90890836716	-3.03099870682	-0.486359119415
14	20	0.499955788255	0.697660380036	0.321214404334	0.640383713547	4.04707479477	1.74884295464	3.68359208107
15	20	0.498815223575	-0.591602360998	-0.292497551164	-0.751300092523	-3.48797178268	-1.56182527542	-4.33827114105
16	20	0.494419440627	-0.207144825059	-0.958702199855	0.194887437884	-1.13999009132	-5.48703622818	1.2018930912
17	20	0.485019087791	0.372286746047	-0.432827195736	-0.821013518371	2.11915421486	-2.34806418419	-4.66863584518
18	20	0.449198037386	0.718026257876	0.65311377044	-0.240584072337	3.80195713043	3.47889089584	-1.26784276962
19	20	0.484102100134	0.598641169305	0.690319721985	0.406309527148	3.32604122162	3.85450315475	2.38474369049
20	20	0.499508537352	0.0596373314295	-0.53477873411	-0.842884982808	0.18602283299	-3.02996635437	-4.92105197906
21	20	0.499583467841	0.897638422911	0.144746801847	0.41628550908	5.16736650467	0.768797039986	2.42873978615
22	20	0.49740383029	-0.971730936076	-0.195791774717	0.131926376538	-5.57502508163	-1.05012190342	0.776251077652
23	20	0.489037297666	0.538436505653	0.431932579659	-0.723547079332	3.02287316322	2.53842926025	-4.09536027908
24	20	0.497330449522	0.822319513414	-0.139440361476	0.551676538789	4.71953010559	-0.84746158123	3.13584399223
25	20	0.498667255044	-0.907932257455	0.232341595245	-0.348821442848	-5.21569156647	1.34833991528	-2.00627875328
26	20	0.487165525556	0.643870085212	-0.765127649451	0.00331563190835	3.65526914597	-4.36670780182	-0.013908624649
27	20	0.494422972202	0.772357833786	-0.496505551964	0.396163619555	4.43281412125	-2.7617251873	2.33700084686
28	20	0.499213464558	-0.619805840214	-0.0189760062584	-0.78452573675	-3.5822532177	-0.12393130362	-4.48255205154
29	20	0.499819517136	0.313629241974	0.577153518742	0.754009624861	1.96182882786	3.23899650574	4.35641288757
0	21	0.499991133809	0.971897059715	0.220047291597	0.0836378788471	5.58403539658	1.25497066975	0.492363452911
1	21	0.499981820583	-0.7493386186	-0.502952644677	0.43073225081	-4.36565876007	-2.88392710686	2.34904146194
2	21	0.499641537666	0.835738663548	0.325950844041	0.441924126429	4.79578351974	1.97487711906	2.4945063591
3	21	0.497625626624	-0.199538217969	-0.684303799594	-0.70136496165	-1.16793453693	-3.97726583481	-3.97566366196
4	21	0.485382333398	-0.963158778271	0.267779364992	0.0248873366206	-5.41001796722	1.64078640938	0.168611288071
5	21	0.486990168691	-0.884548400182	-0.433592859283	0.171963252221	-4.96595859528	-2.48406291008	1.00990009308
6	21	0.496554233134	0.842832671335	-0.00230788050214	-0.53817075526	4.88321828842	0.0483972355723	-2.99787020683
7	21	0.490157939494	-0.81634884883	-0.0507805071175	0.575322428827	-4.65829372406	-0.272402316332	3.20026397705
8	21	0.486192792654	0.929110388701	0.177155480307	0.32460718015	5.29428815842	0.939735710621	1.75355219841
9	21	0.497309081256	-0.449513356812	-0.232062276028	0.862603525435	-2.5862326622	-1.39729404449	4.95917844772
10	21	0.499633610249	0.0923015437472	0.822814499337	-0.560764411051	0.530936181545	4.66641616821	-3.26883125305
11	21	0.499867498875	0.722727957	-0.64996027009	0.23498073852	4.081990242	-3.87893867493	1.57821106911
12	21	0.499969068915	0.572595020624	-0.0160350085933	-0.819681536242	3.20643234253	-0.130750581622	-4.81565570831
13	21	0.499984592199	0.829176639266	0.245643456872	0.502120894796	4.74658918381	1.38592076302	2.96505641937
14	21	0.499876573682	-0.731641086322	0.630117198197	-0.260103128281	-4.27928256989	3.49735021591	-1.57088875771
15	21	0.495686009526	0.904801239798	0.145552167419	0.400186560268	5.18506622314	0.683988571167	2.35642981529
16	21	0.478774234653	0.426150177875	0.902757089414	-0.0585291671796	2.33988690376	5.03975296021	-0.389199256897
17	21	0.432163722813	-0.268729325305	0.825753973856	0.495898098788	-1.33556556702	4.16937875748	2.53732299805
18	21	0.448022771627	0.582511124498	0.235695972404	0.777899864011	2.9915804863	1.244130373	4.09574604034
19	21	0.489276997745	0.421115479548	-0.734161211152	-0.532605922728	2.26801466942	-4.20079517365	-3.06365847588
20	21	0.499682783149	0.111139535168	0.00552036451294	0.993789479366	0.574364602566	0.0816776454449	5.73608446121
21	21	0.499896213412	-0.612921571117	0.402435699567	-0.67997989336	-3.53011393547	2.25010108948	-3.91315078735
22	21	0.499756336212	0.838975646493	-0.544152005896	-0.00429640210279	4.91296195984	-3.06660938263	-0.0476894378662
23	21	0.498285844922	0.166062312767	-0.985012478589	0.0466232270676	1.00574421883	-5.73138332367	0.372573852539
24	21	0.498835578561	-0.996503014832	0.0316769392161	-0.0773195509076	-5.74121141434	0.195940494537	-0.530883550644
25	21	0.49773504585	-0.22625311017	0.341089927691	0.912396400347	-1.20540988445	1.93795061111	5.3356051445
26	21	0.493194043636	0.922324098175	0.0597583527858	0.381768512581	5.30876159668	0.329293131828	2.14246559143
27	21	0.499205365777	-0.737456533271	0.244144057532	-0.629723384279	-4.31232309341	1.41579735279	-3.51147437096
28	21	0.499402955174	0.847076255624	-0.523450361758	0.0919866073573	4.89260005951	-2.92943191528	0.708217382431
29	21	0.499948911369	-0.112453362712	-0.108922275522	-0.987669063558	-0.845547318459	-0.592078745365	-5.69334077835
0	22	0.499907284975	-0.999331037523	0.0290856184204	-0.0221698950086	-5.74072217941	0.210023373365	-0.197264194489
1	22	0.499989449978	0.738443763991	0.626338310593	0.249802177945	4.2550573349	3.61216259003	1.33665347099
2	22	0.49996547401	0.0767045990374	-0.988190297757	0.132651196395	0.29505610466	-5.69876480103	0.737019777298
3	22	0.499258682132	0.255283566811	0.96248266607	-0.0919642214743	1.36460971832	5.54664993286	-0.530124187469
4	22	0.494400382042	0.65543225377	-0.628788598841	0.418370002133	3.71027040482	-3.65563249588	2.35535287857
5	22	0.469832248986	0.590622348937	0.58455343457	-0.556293558356	3.22660088539	3.21539211273	-3.03578686714
6	22	0.421888813376	-0.839752604555	0.257814472599	-0.477856946021	-4.14845180511	1.27602803707	-2.37526583672
7	22	0.368744067848	-0.481520640513	0.591377108965	-0.646846958524	-2.13161492348	2.57112407684	-2.77671098709
8	22	0.424576476216	0.410235528371	0.842157529018	-0.349967866497	1.97015476227	4.22834396362	-1.75963973999
9	22	0.490358829498	0.497397235913	-0.448903363106	-0.742348813091	2.84965705872	-2.45390176773	-4.23073387146
10	22	0.499430160969	-0.375950483531	-0.387797349944	0.84159042848	-2.21748685837	-2.20869755745	4.79960632324
11	22	0.499903798103	0.868121524217	0.204098786142	-0.452447460693	4.96801996231	1.18152809143	-2.69092392921
12	22	0.499846100807	-0.488715483784	0.568292668415	0.661967234035	-2.76649260521	3.20439648628	3.88919973373
13	22	0.499561745673	-0.350634167369	-0.156881306955	-0.923278904883	-2.07342720032	-0.939445376396	-5.29093170166
14	22	0.499498799443	0.733165847761	-0.646262118078	0.21169108251	4.18500804901	-3.68435621262	1.32127904892
15	22	0.495950683951	-0.406007109312	0.803719531187	-0.4349633805	-2.41215610504	4.55890417099	-2.50555729866
16	22	0.469740539789	-0.706103608136	-0.499308817882	0.502103972263	-3.80175209045	-2.74921226501	2.76296806335
17	22	0.404737254605	-0.298473456665	-0.192206155575	0.934863834698	-1.41870200634	-0.911711633205	4.47136545181
18	22	0.466432183981	-0.126460388289	-0.985792784437	0.110545720612	-0.684966564178	-5.34048748016	0.605472803116
19	22	0.491922006011	0.599958406383	0.611579081503	-0.515772176139	3.34024143219	3.65658712387	-2.91010713577
20	22	0.49805906415	0.974760156148	0.199523454622	-0.10016500907	5.69279193878	1.07015943527	-0.696506261826
21	22	0.499345958233	0.323346053115	-0.0536799310221	0.944757003118	1.96212208271	-0.385853558779	5.49054336548
22	22	0.499743741006	-0.492037535452	0.312518910343	0.812545995243	-2.86702632904	1.89327502251	4.66496610641
23	22	0.499463014305	-0.766495201238	-0.296806704846	-0.569553234068	-4.43917608261	-1.76179862022	-3.28950214386
24	22	0.496303841472	0.728363263964	0.624676222747	-0.281543198182	4.27911520004	3.51447343826	-1.46043729782
25	22	0.481073942035	-0.420044135269	0.254170909676	-0.871183145556	-2.3426451683	1.3393086195	-4.91327762604
26	22	0.469097837806	-0.876040198563	0.452310745185	0.167238034824	-4.78424119949	2.41184687614	0.957302808762
27	22	0.483203355223	0.444105775495	0.104148151149	-0.889900681416	2.64314603806	0.559615850449	-4.95103216171
28	22	0.494966492057	-0.869655517435	-0.00295567029537	-0.493650225371	-5.04940509796	0.0283158533275	-2.72148036957
29	22	0.499936833978	0.692506082445	-0.662755868911	0.284938561801	4.03095436096	-3.79461097717	1.68403935432
0	23	0.499553218484	0.210939963535	-0.86169425827	0.461505511394	1.27226340771	-5.03002786636	2.63081264496
1	23	0.499891370535	-0.667627947476	-0.720078029941	0.189104612704	-3.94608807564	-4.11404705048	1.07515835762
2	23	0.499771416187	0.112655236657	0.853193654478	-0.509283207668	0.626160085201	4.895216465	-2.9388821125
3	23	0.498319163918	0.27551504511	-0.846610954632	0.455347506214	1.52383542061	-4.87765026093	2.61005306244
4	23	0.444248251617	-0.660634200637	0.573550818185	0.484357215191	-3.41200208664	3.05609178543	2.44027543068
5	23	0.404631093144	0.0572095013494	0.92693998199	-0.370822521895	0.235725104809	4.44422626495	-1.76573085785
6	23	0.447208387777	0.100775073744	-0.102767021415	-0.989587451326	0.497267782688	-0.541523456573	-5.18049144745
7	23	0.437777042389	-0.967248980379	-0.0764405442002	-0.242045973232	-4.96279764175	-0.357181608677	-1.26010608673
8	23	0.482678323984	0.570524879885	-0.506762250487	-0.646292026033	3.21674060822	-2.74869132042	-3.65409231186
9	23	0.496985077858	-0.781464454086	-0.203789984332	0.589731251747	-4.43585014343	-1.14517998695	3.3954615593
10	23	0.499662905931	0.692087821142	0.411725504106	-0.592871450734	3.95082187653	2.35546779633	-3.41738080978
11	23	0.498335361481	-0.98230024005	0.00819822924429	0.187133715386	-5.62537193298	0.012157028541	1.18937206268
12	23	0.496955133975	-0.39667716103	-0.630119370384	-0.66753038057	-2.14590406418	-3.67163419724	-3.86176609993
13	23	0.494817584753	0.550089709317	0.77022315002	0.322734582709	3.17127895355	4.34558391571	1.93893504143
14	23	0.481706611812	-0.404646206286	0.637112405695	-0.656010083953	-2.36214518547	3.53873252869	-3.65019702911
15	23	0.47714099288	0.917414715871	0.274517437672	-0.288080571225	5.19117307663	1.45039308071	-1.51045799255
16	23	0.477096233517	0.353048271164	-0.283464010709	-0.891630569721	1.95958852768	-1.53487479687	-4.96486473083
17	23	0.459937825799	-0.297032043398	-0.863790747517	0.406985883907	-1.56465148926	-4.65966701508	2.17450881004
18	23	0.492660336196	-0.308147846126	0.675767663535	0.669614045438	-1.78768491745	3.89527320862	3.75405716896
19	23	0.499873831868	0.216120398829	-0.922943620574	-0.318538924546	1.29306197166	-5.30996179581	-1.83778858185
20	23	0.499851629138	-0.635539497585	0.770226296965	-0.0533010175578	-3.66550540924	4.44826698303	-0.296834945679
21	23	0.499771736562	-0.766000334536	0.0376939895461	0.641734096525	-4.49926376343	0.141389429569	3.74039959908
22	23	0.499928556383	0.426650274439	-0.554930621543	-0.714157929729	2.43106842041	-3.21986722946	-4.14666461945
23	23	0.499669641256	0.256570411614	0.916305140457	-0.307500428385	1.61899805069	5.30318403244	-1.67102432251
24	23	0.495817184448	-0.921486146264	-0.25432410317	-0.293568616834	-5.28127574921	-1.55633819103	-1.59247016907
25	23	0.450643666089	0.0200015628625	0.718465683723	0.695274764964	0.126121133566	3.74088335037	3.68941831589
26	23	0.378700338304	-0.225623210367	-0.435713217302	0.871348471745	-1.04736804962	-1.92630267143	3.86796092987
27	23	0.456541746855	-0.883051626174	-0.408678878979	-0.230654285434	-4.69832754135	-2.18516635895	-1.14192414284
28	23	0.486808523536	0.0100375113328	0.541278151696	-0.840783688509	0.0912181660533	3.1186375618	-4.7562046051
29	23	0.497890092432	0.675063653518	0.524961922557	0.518366707615	3.86252307892	3.11754584312	2.98012971878
0	24	0.499959856272	0.24804007602	0.943043854764	-0.221685382198	1.36238574982	5.4434671402	-1.23575282097
1	24	0.499925017357	0.778038505361	-0.625400190428	-0.0594195758048	4.47181081772	-3.67780447006	-0.432540416718
2	24	0.499453071505	0.45617531654	0.232332504313	0.859026011259	2.50953364372	1.28159666061	5.04983520508
3	24	0.487982742488	0.235836166589	0.350701096326	-0.906305711978	1.26883387566	1.94611108303	-5.15402269363
4	24	0.389229625463	-0.414780090457	0.876589629559	0.244024789538	-1.94545102119	4.01861763	1.11196303368
5	24	0.386040866375	-0.405909613589	0.806783309686	-0.429346103754	-1.81415569782	3.7039167881	-1.93686175346
6	24	0.488018665463	-0.181897479114	0.31700258912	0.930818277422	-1.07036972046	1.72040462494	5.27212142944
7	24	0.497501201928	0.476527614315	0.0966422871026	-0.873831620587	2.79186177254	0.601427316666	-4.97494888306
8	24	0.498277150095	-0.602744494156	-0.30412234771	0.737705003635	-3.44509148598	-1.77007842064	4.21316003799
9	24	0.499116957188	0.570947829088	0.693608584497	-0.439233090707	3.24329066277	3.95262098312	-2.56383633614
10	24	0.497535429895	0.080545985253	-0.746363856951	0.660646151352	0.373797863722	-4.30601453781	3.78194856644
11	24	0.465847969055	0.711375243399	0.614991601155	-0.340191995183	3.86142611504	3.31265354156	-1.86779165268
12	24	0.470654547215	-0.430524413814	0.796688684833	0.424188482362	-2.29542779922	4.39033222198	2.36079311371
13	24	0.443157061934	-0.893523280624	-0.303316680551	0.331081769783	-4.64976024628	-1.63807821274	1.67221665382
14	24	0.406696327031	-0.751180937663	-0.349095444282	-0.5602317107	-3.62637138367	-1.64900326729	-2.69089007378
15	24	0.458560630679	-0.205002291224	0.958912707974	-0.196113434214	-1.10673570633	5.15864133835	-1.09188246727
16	24	0.486484080553	-0.974430916116	-0.145876398477	0.170893142297	-5.5487537384	-0.799958705902	1.05025911331
17	24	0.489037930965	-0.998164955443	0.0156490766234	-0.0584963941233	-5.68262767792	0.114135369658	-0.381618261337
18	24	0.498993515968	0.943018139236	0.131739806375	-0.305550998178	5.39897155762	0.709282636642	-1.7683839798
19	24	0.499903813004	-0.67778103577	-0.389731765247	0.623475756311	-4.01564598083	-2.06292247772	3.61021542549
20	24	0.499983727932	0.643358687731	-0.736861638233	-0.207664452955	3.6854133606	-4.20741081238	-1.22181916237
21	24	0.499937608838	-0.183927362401	0.934846170473	0.303699461494	-1.16599941254	5.42588090897	1.7485332489
22	24	0.499984636903	0.940330807288	-0.333743977998	0.0662791823634	5.43880081177	-1.9226732254	0.369480371475
23	24	0.499893844128	-0.934584519323	-0.00896930677822	0.355628075069	-5.34698581696	-0.0898063108325	2.09270095825
24	24	0.496009342372	0.399383317795	-0.0571636159033	-0.915000156548	2.42449712753	-0.307785958052	-5.16810894012
25	24	0.470840334892	-0.958193591086	-0.102088834213	0.267288069188	-5.2148065567	-0.555996417999	1.51803350449
26	24	0.406650237739	-0.140382308527	-0.868478371079	0.475434671033	-0.671188056469	-4.14196491241	2.30976057053
27	24	0.478751592338	-0.21726763664	0.671695916016	0.708250923385	-1.24917423725	3.70946407318	3.93074512482
28	24	0.498593643308	0.21091941552	-0.882536440203	-0.420288510276	1.35082256794	-5.11456155777	-2.37578892708
29	24	0.499648705125	-0.863815497869	-0.494215863164	-0.0978440914882	-4.96133422852	-2.89239478111	-0.537675380707
0	25	0.498729780316	0.055926928063	-0.977485917259	-0.203453828366	0.265138030052	-5.59493255615	-1.10975408554
1	25	0.499591529369	-0.203454423547	0.887136831173	0.414239713591	-1.18891906738	5.07584428787	2.38152313232
2	25	0.499432412907	0.0435143971486	-0.0210056802097	-0.998831947146	0.299072921276	-0.250693768263	-5.75412368774
3	25	0.492083907127	-0.0473357994914	0.652743302565	0.756098871208	-0.254009991884	3.65091562271	4.35807657242
4	25	0.457019463181	-0.839337711654	0.171808536464	0.515746093145	-4.50337743759	0.941498160362	2.73851037025
5	25	0.461544122547	0.270373938117	0.289940005889	-0.918059217356	1.4287712574	1.61327362061	-4.96619796753
6	25	0.492681615055	0.565166321565	0.510091203428	-0.648377970905	3.24559640884	2.88524103165	-3.72975254059
7	25	0.499570533633	-0.432955580533	-0.901200973455	-0.0196537713966	-2.53567409515	-5.17543935776	0.0799379348755
8	25	0.499790996313	0.219176222084	0.956005731149	-0.194973910261	1.32943129539	5.44380187988	-1.18009495735
9	25	0.498473659158	-0.359166082654	-0.883446736349	0.300868059296	-2.0394051075	-5.06623983383	1.72511577606
10	25	0.483667269349	-0.817437219427	0.526055463932	0.234653022914	-4.5534029007	3.06352329254	1.31214570999
11	25	0.393949985504	0.951084261891	0.27978551097	0.130991582303	4.39694738388	1.30295050144	0.686292171478
12	25	0.407298691571	0.849999444782	-0.109470767689	0.515283509238	4.07546424866	-0.4930960536	2.44338560104
13	25	0.422872677445	-0.787147024515	-0.601129311272	-0.137996785932	-3.9324195385	-3.0003695488	-0.691855669022
14	25	0.397106926888	-0.692930858883	-0.0183958302729	-0.720769323873	-3.26969385147	-0.117371842265	-3.36597108841
15	25	0.471484556794	-0.120712787397	0.989440710097	-0.0802215941102	-0.676675617695	5.43258237839	-0.393770456314
16	25	0.498276546597	0.137188861061	-0.935389097256	-0.325923999016	0.783094346523	-5.36377906799	-1.89601898193
17	25	0.499329164624	0.730772443076	0.216894993801	0.6472466285	4.24337863922	1.24907338619	3.72423267365
18	25	0.499928355217	-0.990565967319	-0.100104997431	0.0935844745572	-5.67540693283	-0.532145738602	0.529920101166
19	25	0.499975711107	0.794683719514	-0.448872898755	-0.408645208833	4.60421276093	-2.54533457756	-2.29962539673
20	25	0.499939635396	-0.553658788372	0.783225239718	0.282878365958	-3.22571706772	4.48572683334	1.63774442673
21	25	0.499899953604	0.562736669481	0.699584228068	-0.440351392253	3.42992377281	3.97868585587	-2.55289840698
22	25	0.499983891845	-0.983189843515	0.168183887356	0.071076801021	-5.64680862427	0.943728804588	0.427645921707
23	25	0.499932378531	0.720305313641	0.0354731500559	-0.692749529603	4.18287181854	0.166607871652	-3.90940666199
24	25	0.499429743737	-0.443172681307	0.253240225612	0.859922881818	-2.61372661591	1.45406794548	4.88151693344
25	25	0.49883364886	0.818808932503	-0.211880780714	-0.53353394158	4.65398406982	-1.19227766991	-3.08460235596
26	25	0.484483756125	-0.743569810956	0.111368174086	0.659318637713	-4.2143740654	0.574710786343	3.67034459114
27	25	0.4925339818	0.843402190086	0.410276207269	-0.346909468747	4.79732465744	2.26303529739	-2.0240650177
28	25	0.498255521059	-0.899467873732	0.0460180385918	-0.434557112757	-5.28763341904	0.273067712784	-2.4039683342
29	25	0.494164556265	0.324605096722	0.943464088443	-0.0671345291194	1.96166038513	5.36832952499	-0.371992826462
0	26	0.486602142453	0.279655882898	0.917193751339	-0.283810164837	1.54329800606	5.1869354248	-1.57611942291
1	26	0.498823881149	0.116693017683	-0.984484894493	-0.131042863745	0.705763459206	-5.63857030869	-0.745706558228
2	26	0.492864534259	-0.950625665204	0.0957258867729	-0.295207383472	-5.52061748505	0.694121003151	-1.52980709076
3	26	0.46787462011	-0.0247682025356	-0.639731544576	-0.768199249556	-0.0833360403776	-3.49953556061	-4.18029403687
4	26	0.422919221222	-0.147247281783	-0.708263418851	-0.690421007448	-0.720711350441	-3.50341892242	-3.46078634262
5	26	0.46034668386	-0.459985709033	-0.84088431343	0.285178398397	-2.42776989937	-4.55233860016	1.53108811378
6	26	0.493233956397	-0.465640378814	0.402684101153	0.788051110206	-2.67343306541	2.26549267769	4.49341249466
7	26	0.499551575631	0.200534865799	0.158090566354	-0.966847009836	1.20788478851	0.921851456165	-5.56566667557
8	26	0.499869942665	-0.422644658921	-0.771414397359	0.475700872222	-2.44250917435	-4.36734247208	2.79274320602
9	26	0.497651293874	0.69015083227	0.529384076313	-0.493400778743	3.93261694908	3.11285352707	-2.8020966053
10	26	0.478109173477	-0.56211646144	0.538216174284	-0.627971682098	-3.17281913757	2.9586648941	-3.57341718674
11	26	0.435146821663	0.300213436608	0.339528835321	0.891398935643	1.54447293282	1.73040986061	4.49021863937
12	26	0.423796132207	0.954156945719	0.101087895206	0.281719293585	4.75675487518	0.493993222713	1.39379453659
13	26	0.467816129327	-0.798642137461	-0.435010996447	0.415855947706	-4.33621168137	-2.40576839447	2.31082439423
14	26	0.465715482831	-0.934549506762	0.281514955182	0.217638575209	-5.09650373459	1.63319098949	1.15067315102
15	26	0.498535066843	0.265407998792	-0.864503406384	-0.426840080741	1.48732876778	-4.97569084167	-2.41739010811
16	26	0.49926199019	-0.0509928572241	0.972901211076	0.225528184491	-0.3248488307	5.58822011948	1.42004990578
17	26	0.499435320497	0.519863054403	0.783107394367	-0.341299302013	2.95457816124	4.59489393234	-2.15437531471
18	26	0.499918997288	0.963801312933	-0.110330006063	-0.2427227203	5.5797996521	-0.720144867897	-1.29134058952
19	26	0.499526485801	-0.734905644486	0.483504339839	-0.475538901731	-4.26945543289	2.82988834381	-2.62414932251
20	26	0.499620586634	-0.356703702308	-0.878006019301	0.319167509047	-1.9229156971	-5.10435962677	1.92475509644
21	26	0.499832898378	-0.11156472486	-0.459543717787	-0.881120243559	-0.69878000021	-2.55489635468	-5.19325065613
22	26	0.499877691269	0.597196208354	-0.558318863513	0.575879097879	3.5309779644	-3.15355491638	3.28462719917
23	26	0.499214157462	-0.952904414396	-0.0596168404081	0.297353340933	-5.49140834808	-0.229366287589	1.66572356224
24	26	0.499402135611	0.646777956498	-0.735973907532	-0.20005169937	3.75807762146	-4.18717288971	-1.20153617859
25	26	0.499122641981	-0.679941341398	0.214581653909	0.701166518071	-4.01189947128	1.22652614117	4.03952598572
26	26	0.495778203011	-0.0816687980784	0.857475818241	0.508001406053	-0.372333139181	5.0534362793	2.80705308914
27	26	0.498211290687	-0.166853673816	-0.389819138901	0.905649430232	-0.941158354282	-2.33498048782	5.19655418396
28	26	0.499522902071	-0.431485070133	-0.498103541971	-0.752139279474	-2.44485402107	-2.91046929359	-4.45055484772
29	26	0.469411887228	-0.253511052285	0.750566228546	0.610231499461	-1.37939476967	4.06473731995	3.42862248421
0	27	0.421259723604	0.56064731885	-0.434007605051	0.705203504404	2.75753068924	-2.11220264435	3.52021121979
1	27	0.492731153965	-0.00359139986971	0.957394603802	0.288760583284	-0.0682263895869	5.42986154556	1.65460753441
2	27	0.494301259518	0.0145237774036	-0.467034907167	-0.884119593368	0.117755055428	-2.79912662506	-5.00050640106
3	27	0.458256080747	-0.43516972336	0.840422751157	-0.322981286158	-2.32163238525	4.512134552	-1.67150974274
4	27	0.388046070933	-0.539509337241	0.357859556161	-0.762145795169	-2.44918560982	1.58542466164	-3.5027012825
5	27	0.433977287263	0.347596901507	-0.385742138132	-0.854622370952	1.71952080727	-1.94178128242	-4.38888072968
6	27	0.489449173212	0.811051012461	-0.56619764154	-0.147025460042	4.54159450531	-3.28858423233	-0.931680440903
7	27	0.499196149409	0.244012581776	0.826253267037	0.507704046317	1.26898109913	4.71640968323	3.08028125763
8	27	0.499887093902	0.5707571871	0.0390650905582	-0.820189095315	3.22487926483	0.279508292675	-4.7848610878
9	27	0.499803602695	0.336886458687	-0.912033457192	0.233885627852	1.8753465414	-5.26569032669	1.43421220779
10	27	0.49693877995	-0.74859272851	0.563444975425	0.349483456677	-4.24132061005	3.34241366386	2.01465559006
11	27	0.489571765065	-0.49776730384	-0.795894811021	-0.344643527456	-2.721763134	-4.55643415451	-2.03351354599
12	27	0.489053922705	-0.049351419186	-0.201493950962	0.978245687519	-0.335021018982	-1.04836940765	5.56625509262
13	27	0.498416859657	0.165891560963	0.224636164242	-0.960217987603	1.03495979309	1.29678630829	-5.46989965439
14	27	0.496507026255	-0.410069734402	-0.469320592032	0.782036440853	-2.37453150749	-2.75971794128	4.45166969299
15	27	0.499726980925	0.547785280115	0.772604613038	0.320957004601	3.14448952675	4.44454956055	1.87858438492
16	27	0.49989778176	-0.345661152073	-0.17163580017	-0.922528872203	-1.985029459	-1.06946110725	-5.28172683716
17	27	0.499760981649	0.158234217076	-0.218433077885	0.962937652723	0.953369855881	-1.2513884306	5.52408361435
18	27	0.499238431454	-0.907133751308	0.209188004673	-0.365169461947	-5.2201423645	1.17217195034	-2.07741522789
19	27	0.49608592689	0.880330577978	-0.398902006457	-0.256700725986	5.05811166763	-2.31835603714	-1.37836790085
20	27	0.493761502206	0.0587659201515	0.825490347179	-0.561348602334	0.318380743265	4.71353721619	-3.18648672104
21	27	0.498874470592	-0.238666996617	-0.774929109172	0.585254594586	-1.31600546837	-4.45708942413	3.3898024559
22	27	0.498823553324	-0.619661836575	0.704903014195	-0.345153514935	-3.51358604431	4.04701852798	-2.02023720741
23	27	0.481610476971	0.959793429914	-0.225634183691	0.166990380094	5.35160303116	-1.30590605736	0.934151887894
24	27	0.478721298277	0.0617688283332	0.752333373849	-0.655880405592	0.287269115448	4.18819665909	-3.66625595093
25	27	0.493511192501	-0.572117341922	0.324036307372	0.753446891677	-3.24822759628	1.89971458912	4.35559129715
26	27	0.499093770981	0.134758037336	-0.968409517553	-0.209817248304	0.807852745056	-5.53550291061	-1.31627750397
27	27	0.497862130404	-0.41479057793	0.909487593452	0.0279480557091	-2.3207616806	5.26963567734	0.0977749824524
28	27	0.48853931576	0.154061180529	-0.639958331642	-0.752807071178	0.895638942719	-3.72066807747	-4.23582839966
29	27	0.40080691874	0.506906966387	-0.361540910264	0.782517410435	2.36526107788	-1.70810258389	3.69243884087
0	28	0.421093635261	0.395127986384	0.667917515272	0.630682223603	1.95660996437	3.25591206551	3.1658987999
1	28	0.474875956774	0.778739031631	-0.527845877003	-0.339034291401	4.2859711647	-2.99252700806	-1.90836691856
2	28	0.496523365378	0.720360171978	0.650179666853	0.241552527287	4.08229494095	3.80349969864	1.39726567268
3	28	0.488404914737	-0.112143419994	-0.990766880004	-0.0761895192275	-0.707059204578	-5.61419868469	-0.414495944977
4	28	0.446622788906	-0.899655362746	0.0149338027418	0.436345287378	-4.72144317627	0.0982645452023	2.32307052612
5	28	0.477551013231	-0.91023460879	0.119357032709	-0.396518417863	-5.019323349	0.648618817329	-2.27838754654
6	28	0.499428931624	-0.0119059242219	0.589920137059	0.8073738173	-0.0595090687275	3.34409737587	4.68513727188
7	28	0.499901536852	0.0249192722607	-0.307279357945	-0.951293028489	0.182650879025	-1.7581551075	-5.46685266495
8	28	0.499991615303	-0.174072248745	0.0524600561186	0.983334528393	-1.01066279411	0.225169748068	5.63730764389
9	28	0.49994392693	-0.196178844854	0.681764901471	-0.704776900837	-1.15093743801	3.95426511765	-4.00039052963
10	28	0.499880462885	0.512859081997	-0.822568990399	0.245674211197	2.96266818047	-4.70918416977	1.35008335114
11	28	0.49942882359	-0.623621492291	0.730114022516	0.279338054117	-3.52205085754	4.22493934631	1.63666009903
12	28	0.499358266592	0.560838919603	-0.782821278397	-0.269537664061	3.23958301544	-4.43914699554	-1.70562434196
13	28	0.49994006753	-0.685204794165	0.0800658857442	0.723936353551	-3.93418884277	0.46055740118	4.15338611603
14	28	0.499833315611	0.899178658378	0.403157928884	-0.170121793708	5.17781019211	2.27599382401	-1.01142430305
15	28	0.499949969351	-0.710733686059	-0.244682365662	-0.659536327609	-4.11579179764	-1.47091472149	-3.72030949593
16	28	0.499990388751	0.359992357108	0.203526735066	0.910484690117	2.10903668404	1.21614742279	5.18542861938
17	28	0.49954457581	-0.292807935809	-0.211709804814	-0.932438990644	-1.72330522537	-1.22152495384	-5.32161474228
18	28	0.494962662458	0.749984793694	0.643006702596	0.155129589842	4.31213569641	3.63335704803	0.965757131577
19	28	0.429181299172	-0.240859439935	-0.14689872121	0.959378703068	-1.27069592476	-0.728177070618	4.82276296616
20	28	0.412092948332	-0.181540979402	0.442755583109	0.878071959707	-0.809234499931	2.11775445938	4.2870965004
21	28	0.46879966557	0.540549386165	0.820500649856	0.185970547941	2.92227554321	4.50244569778	0.985725879669
22	28	0.475894257426	0.106832320887	-0.921677714988	0.372957162296	0.619096338749	-5.11198234558	2.03494572639
23	28	0.406647443771	0.621524332744	-0.77425102013	-0.119343460798	2.99282026291	-3.72677087784	-0.585015773773
24	28	0.386932276189	0.310250030826	-0.483237453379	-0.818673611413	1.43538367748	-2.22600722313	-3.74282073975
25	28	0.452050523832	-0.0434302123356	-0.300119825728	-0.952912329053	-0.224145635962	-1.54626297951	-5.03020381927
26	28	0.493525646627	0.254624181953	-0.549080168822	0.796038626055	1.52117228508	-3.17104673386	4.61131286621
27	28	0.496841318905	-0.441061906022	0.217005565055	0.870846128654	-2.56598758698	1.14936566353	5.06884860992
28	28	0.497248128057	0.605137475288	0.691510841036	-0.394488773898	3.44771909714	3.98184633255	-2.34580755234
29	28	0.434526853263	-0.340715057573	-0.246470725379	0.907284647216	-1.70403528214	-1.26434516907	4.60597085953
0	29	0.470044918358	0.715089020927	-0.420588399931	0.558348538095	3.89437294006	-2.28235077858	3.11464166641
1	29	0.481178104877	0.780456356333	-0.459094408343	-0.424405702232	4.33968734741	-2.58031225204	-2.46358728409
2	29	0.499022118747	-0.670209731896	-0.0146613270008	0.742026927249	-3.89758205414	-0.0605633482337	4.19868087769
3	29	0.498561158776	0.819878681141	-0.270196271996	-0.504770168304	4.73128461838	-1.51951217651	-2.90450549126
4	29	0.494029328227	-0.684409687387	0.584804231494	-0.435416341721	-3.90368843079	3.39264154434	-2.47755002975
5	29	0.499341547489	0.717539664819	-0.207079335709	0.665022539568	4.05902576447	-1.23999476433	3.8717880249
6	29	0.499719174579	-0.0988164177407	0.0653708266391	-0.992956177588	-0.558307230473	0.402106493711	-5.70179510117
7	29	0.499963447452	-0.656671701961	-0.690458641246	0.303396012784	-3.72142267227	-3.97059106827	1.96191883087
8	29	0.500000268221	0.409582180376	0.422621300293	-0.808476143159	2.31795668602	2.51350522041	-4.60911798477
9	29	0.499999463558	0.270902801423	-0.962435812118	-0.0181377984993	1.59552633762	-5.57502508163	0.0481688976288
10	29	0.499998137355	-0.626617669765	0.777989877836	-0.0456294413948	-3.64035916328	4.49043655396	-0.181263923645
11	29	0.499981220812	0.334412498042	-0.281982947003	-0.899251855017	1.98396241665	-1.67844319344	-5.12108039856
12	29	0.499989639968	-0.200605686623	0.307235954184	0.930249120909	-1.19085264206	1.77936649323	5.3156247139
13	29	0.499996516854	0.555899170837	-0.130696094031	-0.820910861706	3.20066595078	-0.783113360405	-4.68478393555
14	29	0.499993115664	-0.988286678245	0.0967473115519	0.118022876217	-5.68389701843	0.467318505049	0.67000412941
15	29	0.499974876642	0.929784608561	0.358240962588	0.0846403828357	5.32189750671	2.05861830711	0.49730682373
16	29	0.499768018723	-0.54853297407	-0.809286372587	-0.21015980468	-3.20168018341	-4.58311462402	-1.31684303284
17	29	0.499497417361	0.391965854007	0.191321401905	0.899866040289	2.22884011269	1.15335643291	5.15093326569
18	29	0.496530942619	-0.300840495347	-0.654594813177	-0.693542087347	-1.76807546616	-3.6755297184	-4.02628993988
19	29	0.424142125994	0.462830275552	0.0890947097483	0.881958201236	2.32214426994	0.468229651451	4.37014961243
20	29	0.391090661287	0.911019349379	0.325088575249	0.253695020248	4.17185497284	1.54001736641	1.26843237877
21	29	0.466915935278	0.321822892381	0.531324386744	-0.783660910082	1.76185655594	2.83680319786	-4.28338241577
22	29	0.480659652501	-0.6262138372	0.0716764866827	0.776349606399	-3.51120829582	0.436479717493	4.32462024689
23	29	0.447267942131	0.527404288556	-0.0829349035282	0.845556927823	2.80629014969	-0.484026312828	4.42423152924
24	29	0.440531335771	-0.204968974564	-0.573337309527	-0.793266694732	-1.04808163643	-2.96036624908	-4.09049892426
25	29	0.439465634525	-0.830278865954	-0.0376360747448	-0.556076011556	-4.27654457092	-0.212366938591	-2.87538027763
26	29	0.489288913086	-0.350171808491	0.232567919265	0.907354323	-1.93347406387	1.29582333565	5.19868516922
27	29	0.49893916212	-0.189732401457	0.349887330064	-0.91737695202	-1.04678273201	2.00348329544	-5.26690721512
28	29	0.499489031732	0.580661767872	-0.409207932179	0.703832920212	3.2582988739	-2.44186496735	4.05198860168
29	29	0.48498646915	-0.285178818084	0.949755918271	0.128983477333	-1.66439938545	5.35738563538	0.579324483871
