0	0	0.499962512404	0.370166964283	-0.326338809174	0.869758242376	2.11995244026	-1.8608481884	4.971991539
1	0	0.499991055578	-0.351511206911	0.355260199652	-0.866158219934	-2.00984573364	2.04080724716	-4.94802045822
2	0	0.4999878034	0.334786700298	-0.527354524728	0.780906569669	1.91089510918	-2.97765350342	4.49233961105
3	0	0.49999948591	-0.34482866143	0.358207296885	-0.867629371745	-1.97276234627	2.05520820618	-4.95694446564
4	0	0.499997362494	0.412056468041	-0.339453010235	0.845565562797	2.33972406387	-1.94101524353	4.84202671051
5	0	0.500000521541	-0.446154607643	0.247558559987	-0.86003536291	-2.53263926506	1.44119727612	-4.91948461533
6	0	0.499997984618	0.438832060247	-0.308128409912	0.84408726202	2.49613857269	-1.7582154274	4.83364582062
7	0	0.499999839813	-0.346438259984	0.34011859164	-0.874242458155	-1.99249899387	1.92675805092	-5.00072193146
8	0	0.499999575317	0.394073710857	-0.229178608273	0.890046670642	2.23859548569	-1.31870651245	5.09257745743
9	0	0.499999489635	-0.311331832173	0.218662222227	-0.92480231555	-1.78524756432	1.26965427399	-5.28083467484
10	0	0.500000331551	0.294247888787	-0.370714282522	0.880902435391	1.68010497093	-2.08981704712	5.04995632172
11	0	0.499999381602	-0.226918455361	0.328697715704	-0.916769232854	-1.31961047649	1.86917805672	-5.23950481415
12	0	0.499999871477	0.285420574567	-0.221737811293	0.932398755178	1.64575648308	-1.28489255905	5.32249927521
13	0	0.499999903142	-0.382733130173	0.248084226705	-0.889926720314	-2.18234443665	1.4211306572	-5.08936214447
14	0	0.499999716878	0.361384945118	-0.334138768242	0.870489635205	2.06592178345	-1.87715744972	4.99046373367
15	0	0.500000488013	-0.469306383916	0.209173730279	-0.857903181354	-2.6529841423	1.19590246677	-4.92244291306
16	0	0.499986886978	0.388875621935	-0.153539821036	0.908405897174	2.22426700592	-0.895667910576	5.18964481354
17	0	0.499973602593	-0.387930243499	0.223257192278	-0.894240656801	-2.21969628334	1.28086256981	-5.11111736298
18	0	0.499237481505	0.504954868971	-0.343704272062	0.791762561422	2.86750483513	-1.94643092155	4.53619766235
19	0	0.499683018774	-0.495423403135	0.337556203999	-0.800382071744	-2.83032870293	1.93831467628	-4.57494449615
20	0	0.498414687812	0.412731053608	-0.407995770744	0.814366335529	2.37353110313	-2.33220243454	4.62803840637
21	0	0.497334599495	-0.480634113207	0.624259971804	-0.615865518458	-2.73906517029	3.53889226913	-3.56174230576
22	0	0.403070934117	0.17500074782	-0.715287893572	0.676563350745	0.811752140522	-3.36208343506	3.17197990417
23	0	0.349759534001	-0.290495412178	-0.860795662386	0.417903389699	-1.18512225151	-3.57610797882	1.74315786362
24	0	0.47201179713	0.135776219563	-0.558730488262	0.818159556375	0.75856757164	-3.05359268188	4.46527194977
25	0	0.499192643911	-0.318279447735	0.498870218955	-0.806118290197	-1.80533003807	2.84624218941	-4.60989999771
26	0	0.49993423	0.342444687717	-0.492600411721	0.800047792464	1.93661522865	-2.81992435455	4.58038377762
27	0	0.499989312142	-0.211642361897	0.43965903621	-0.872873096464	-1.22590041161	2.52040934563	-4.9828209877
28	0	0.49998787418	0.285472285005	-0.460947872323	0.840257480475	1.64883208275	-2.62317800522	4.80493021011
29	0	0.49998998642	-0.389776651226	0.354107944281	-0.8501068909	-2.21192789078	2.0305454731	-4.86536026001
0	1	0.499999716878	-0.372343626325	0.213653936778	-0.903167879873	-2.12844061852	1.25131177902	-5.15688562393
1	1	0.499998357147	0.318057955835	-0.313246466561	0.894827239146	1.82402777672	-1.79417872429	5.11253833771
2	1	0.499999705702	-0.256854618476	0.390269499862	-0.884146719976	-1.48371803761	2.2273914814	-5.05236768723
3	1	0.500000536442	0.292252670069	-0.378662722721	0.87818159811	1.67917513847	-2.15895843506	5.0203499794
4	1	0.500000428408	-0.320157505449	0.421689094789	-0.848338068839	-1.84278416634	2.39326763153	-4.85411119461
5	1	0.499999724329	0.39759638214	-0.377830123222	0.836158785695	2.2771499157	-2.1406493187	4.78781938553
6	1	0.499999240041	-0.424801922698	0.186876972758	-0.885787967589	-2.42575335503	1.09098255634	-5.0611166954
7	1	0.499997936189	0.377525481458	-0.170328281478	0.910199311897	2.15958952904	-0.988738536835	5.20041036606
8	1	0.499999418855	-0.346513537761	0.194543056512	-0.917649915442	-1.98594367504	1.12634658813	-5.2412815094
9	1	0.499998182058	0.367230056035	-0.323703091913	0.871985317669	2.07961964607	-1.82733714581	5.00274944305
10	1	0.499999817461	-0.219678779711	0.27255882064	-0.936724571598	-1.2853962183	1.56520020962	-5.34684419632
11	1	0.499999895692	0.278722995932	-0.272030886298	0.921038917983	1.59560656548	-1.56180524826	5.26279973984
12	1	0.500000014901	-0.346049910782	0.302667721576	-0.888055014942	-1.97301101685	1.72093105316	-5.08232831955
13	1	0.499999992549	0.410792610846	-0.329380620258	0.850151655808	2.3300075531	-1.85899507999	4.87965488434
14	1	0.499997723848	-0.225213542282	0.16859274957	-0.959612080564	-1.31338131428	0.983813643456	-5.47772121429
15	1	0.499999789521	0.215219905688	-0.121930629268	0.968923791555	1.26478207111	-0.726376473904	5.52968645096
16	1	0.499998144805	-0.326306423914	0.252194802326	-0.911000493629	-1.87049055099	1.42608213425	-5.21094369888
17	1	0.499983876944	0.364796247533	-0.241926589706	0.89910801519	2.09445023537	-1.38951730728	5.134557724
18	1	0.499979235232	-0.460496613559	0.27564945573	-0.843777367827	-2.63334512711	1.5971070528	-4.81758022308
19	1	0.499276764691	0.521466186144	-0.368821069519	0.769443978069	2.96619462967	-2.10508441925	4.40001726151
20	1	0.498018667102	-0.469030274402	0.416287664312	-0.778919239868	-2.68014240265	2.38461947441	-4.45964336395
21	1	0.419911406934	0.491615857556	-0.513241498871	0.703489170092	2.38327717781	-2.5147600174	3.44299125671
22	1	0.327825564891	0.342688785209	-0.538099295314	0.770073726908	1.34050321579	-2.13048505783	3.01224780083
23	1	0.407062508166	0.114075594557	-0.721850647777	0.682582156982	0.533884644508	-3.41138029099	3.22756385803
24	1	0.498179584742	-0.283724649595	0.585324310245	-0.759536552806	-1.61203885078	3.34765958786	-4.34848594666
25	1	0.499518625438	0.313035409411	-0.520497027183	0.794412787629	1.77998304367	-2.98091745377	4.53520298004
26	1	0.499986317009	-0.253236576756	0.544160389974	-0.799850427377	-1.45727562904	3.09352254868	-4.58169555664
27	1	0.499998431653	0.261067225073	-0.452666900774	0.852605759385	1.50362384319	-2.58939027786	4.87037563324
28	1	0.499999269843	-0.388315522623	0.401124960344	-0.829644394352	-2.20042228699	2.29345369339	-4.75253200531
29	1	0.499998454005	0.370057462261	-0.291380261077	0.882130952909	2.11445474625	-1.68337368965	5.03818082809
0	2	0.49999987334	0.419262533871	-0.351893366862	0.836893055325	2.37790679932	-2.00431871414	4.79770088196
1	2	0.500000413507	-0.367603739634	0.322824590241	-0.872153526934	-2.09380221367	1.84641742706	-4.98892688751
2	2	0.50000031665	0.288890505767	-0.287116155833	0.913294360399	1.66394948959	-1.65422153473	5.21361255646
3	2	0.500000845641	-0.357664925467	0.247074673022	-0.900571988817	-2.03977537155	1.4340287447	-5.14492177963
4	2	0.500000562519	0.350163717763	-0.335061037357	0.874711079161	2.01561021805	-1.91371393204	4.99632358551
5	2	0.499999511987	-0.449021284684	0.344121880698	-0.824596881589	-2.55736613274	1.96061146259	-4.72241783142
6	2	0.499988652766	0.430659901171	-0.219624176753	0.875384070285	2.46007204056	-1.26994025707	5.00223445892
7	2	0.499991394579	-0.400037591394	0.166733311549	-0.901204709426	-2.27949953079	0.967981517315	-5.1528096199
8	2	0.499962914735	0.328481078949	-0.269199025768	0.905335333066	1.88259923458	-1.51959192753	5.17949008942
9	2	0.499988777563	-0.249302178076	0.227911764292	-0.941225080257	-1.4603458643	1.3084269762	-5.37118673325
10	2	0.499987594783	0.387454507775	-0.229633497022	0.892831149462	2.18775224686	-1.32311272621	5.11357116699
11	2	0.499999910593	-0.338503033613	0.293128501286	-0.894142817434	-1.92168259621	1.66031002998	-5.12259197235
12	2	0.500000059605	0.322009410175	-0.240168665699	0.915766865406	1.84690904617	-1.38209247589	5.23069381714
13	2	0.499987509102	-0.389756474305	0.210433038172	-0.89655330415	-2.21904373169	1.21336102486	-5.12729978561
14	2	0.499988703057	0.262690233519	-0.178253447034	0.948271875484	1.51420068741	-1.02991914749	5.41590738297
15	2	0.499960441142	-0.329066848241	0.285993234342	-0.899957154146	-1.8791205883	1.61923205853	-5.15112638474
16	2	0.4999836348	0.383588495637	-0.2207640995	0.896729099777	2.18989515305	-1.28563261032	5.12254810333
17	2	0.499983090907	-0.406869524499	0.300596755905	-0.86261160459	-2.32583999634	1.72784352303	-4.92890262604
18	2	0.499944917858	0.442251465117	-0.46762327197	0.765337910412	2.53617882729	-2.64219212532	4.39033126831
19	2	0.499614298344	-0.498043554924	0.423494215396	-0.756706856666	-2.831158638	2.42091870308	-4.33634138107
20	2	0.45433434844	0.281392447665	-0.539006338877	0.793908342977	1.4953289032	-2.80826282501	4.15400695801
21	2	0.275875825435	0.368225750236	-0.542707596179	0.754902816204	1.22503256798	-1.78432238102	2.49401426315
22	2	0.419245459139	0.407980501032	-0.566278123993	0.716157103619	1.97740781307	-2.75967216492	3.50138664246
23	2	0.49796744436	-0.271906406782	0.567727194354	-0.777015275746	-1.55901181698	3.25059556961	-4.44347906113
24	2	0.49902702868	0.259442819632	-0.589007220761	0.765349539252	1.48859834671	-3.35296964645	4.37008953094
25	2	0.49997343123	-0.283118261724	0.583879897625	-0.760873389617	-1.61359155178	3.32008123398	-4.36616754532
26	2	0.499991606921	0.232439314482	-0.426821808598	0.873953722338	1.3488547802	-2.465467453	4.97949790955
27	2	0.499999668449	-0.353379357631	0.443731601068	-0.823544349634	-2.0068936348	2.53172802925	-4.71672010422
28	2	0.500000089407	0.324148183154	-0.384642904767	0.864278769362	1.85890054703	-2.20364618301	4.93660068512
29	2	0.500000480562	-0.308728854155	0.445018054313	-0.840622047027	-1.77900528908	2.51157569885	-4.81907749176
0	3	0.500000007451	-0.327103573817	0.305484047254	-0.89424982464	-1.8797274828	1.7472935915	-5.10854101181
1	3	0.499999660999	0.325220795949	-0.347840081768	0.879339929378	1.86652886868	-1.9877166748	5.02457809448
2	3	0.500000551343	-0.35004074485	0.36969724456	-0.86069473352	-2.00165104866	2.10801315308	-4.92300224304
3	3	0.500000283122	0.404851885356	-0.293814785159	0.865891345924	2.31364822388	-1.68172359467	4.94996213913
4	3	0.499999660999	-0.474482482012	0.286912547951	-0.832194426857	-2.69921875	1.64532566071	-4.76366662979
5	3	0.499987840652	0.462197796275	-0.338923117792	0.819453670042	2.63951826096	-1.93620109558	4.68646335602
6	3	0.49996965006	-0.413646147995	0.38761674337	-0.823802236285	-2.37113022804	2.18542218208	-4.72208595276
7	3	0.499272044748	0.33574966567	-0.217630252046	0.916465621503	1.93695998192	-1.25677490234	5.22165155411
8	3	0.49969348684	-0.369328513771	0.178811747706	-0.911933554486	-2.11385536194	1.03381586075	-5.21132421494
9	3	0.499246314168	0.453231947101	-0.163291423313	0.876308571908	2.55493116379	-0.946375012398	5.01719141006
10	3	0.499976225197	-0.304576137339	0.282299881835	-0.909692339904	-1.74387395382	1.59462618828	-5.20684576035
11	3	0.499986033887	0.14170591718	-0.165869912288	0.975913216036	0.851519823074	-0.973500370979	5.57052469254
12	3	0.499987356365	-0.313230715977	0.300809835122	-0.900777420711	-1.79049324989	1.6964867115	-5.15826225281
13	3	0.499974060804	0.433814098383	-0.245776733956	0.866832812652	2.4552834034	-1.4044854641	4.96895885468
14	3	0.499198837206	-0.26765368964	0.192119833821	-0.944167078368	-1.55235636234	1.11077189445	-5.38030147552
15	3	0.499672356993	0.401148526889	-0.357189411789	0.843501975979	2.28508377075	-2.03226423264	4.83228492737
16	3	0.499244954437	-0.413946274289	0.40365518418	-0.815911131366	-2.3667242527	2.28410482407	-4.66619300842
17	3	0.49964170903	0.407492371378	-0.40626950883	0.817860045156	2.34338331223	-2.30593514442	4.67318868637
18	3	0.499792486429	-0.509861496482	0.37383002576	-0.774785367857	-2.89956116676	2.13481712341	-4.43997192383
19	3	0.498905364424	0.430921200097	-0.350369037693	0.831593925382	2.45244693756	-1.99947285652	4.74728107452
20	3	0.498025303707	-0.291195685823	0.271697458711	-0.917270714396	-1.67562842369	1.57544350624	-5.23545408249
21	3	0.454302560538	0.386084135509	-0.465522072683	0.796384480106	2.0096013546	-2.43967628479	4.1683177948
22	3	0.497688278556	-0.213506100282	0.61712718611	-0.757343502848	-1.23787987232	3.51304364204	-4.34295940399
23	3	0.498821556568	0.328744511428	-0.522366023675	0.786804158299	1.85851573944	-2.99339818954	4.48554229736
24	3	0.499957311898	-0.32090356859	0.513570850263	-0.795780045883	-1.82501006126	2.93675327301	-4.55314159393
25	3	0.499979499727	0.224945141708	-0.501419563825	0.83545083891	1.31288206577	-2.8657989502	4.76993322372
26	3	0.499999251217	-0.330027345038	0.510577451349	-0.793972680702	-1.88132953644	2.90241980553	-4.55243587494
27	3	0.500000424683	0.379243929867	-0.415720065803	0.826650390762	2.15990662575	-2.38064050674	4.72778654099
28	3	0.500000137836	-0.335839023207	0.332330852345	-0.881344629002	-1.92540729046	1.90483355522	-5.03488063812
29	3	0.500000001863	0.310579028999	-0.224586947846	0.923634868118	1.78941655159	-1.31722259521	5.26875972748
0	4	0.500000357628	0.394186547175	-0.29011489793	0.872038022122	2.24479532242	-1.66471099854	4.98743391037
1	4	0.500000402331	-0.360675326982	0.382217718502	-0.85077783479	-2.06246995926	2.17589998245	-4.86803531647
2	4	0.499999694526	0.371677210542	-0.469747428061	0.800745530736	2.1267952919	-2.65615749359	4.59493541718
3	4	0.50000012666	-0.431823726851	0.285071522438	-0.855723375878	-2.45728993416	1.63981997967	-4.89526987076
4	4	0.49999852851	0.470801568461	-0.24714928973	0.846913875031	2.68842864037	-1.42845654488	4.83881855011
5	4	0.499990593642	-0.477410700653	0.336129079284	-0.811847439462	-2.72720479965	1.9149389267	-4.64533615112
6	4	0.499245908111	0.492176235435	-0.273875129175	0.826289880667	2.79903268814	-1.58318758011	4.71626567841
7	4	0.498187165707	-0.444146643118	0.344293590142	-0.82716121959	-2.5370452404	1.95420861244	-4.74571275711
8	4	0.44598736614	0.40121955221	-0.253154904899	0.880304188931	2.05464363098	-1.29533612728	4.51789903641
9	4	0.498281236738	-0.371278445958	0.168990132061	-0.913014047446	-2.12467288971	0.976283788681	-5.22638511658
10	4	0.499246006832	0.263816845074	-0.256435614822	0.929860983	1.51770806313	-1.45188212395	5.30807161331
11	4	0.499988278374	-0.208155235409	0.164190017001	-0.964216280867	-1.20209860802	0.944092512131	-5.50892877579
12	4	0.499982422218	0.327660820785	-0.171773982906	0.929049022022	1.87282705307	-1.00550270081	5.30775165558
13	4	0.499273579568	-0.378368162811	0.270786820244	-0.885162149752	-2.15438652039	1.53878545761	-5.05774354935
14	4	0.497379852459	0.338117010435	-0.19277732507	0.921148082663	1.93718695641	-1.11392116547	5.26206970215
15	4	0.445221208036	-0.456389796992	0.42559909842	-0.78139219386	-2.33704304695	2.16015052795	-4.01247930527
16	4	0.498004358262	0.503440662107	-0.317398524852	0.80362035574	2.87446022034	-1.82269155979	4.60022640228
17	4	0.49831680581	-0.520720211967	0.309861189262	-0.795510216301	-2.96131896973	1.77314996719	-4.54614973068
18	4	0.472999941558	0.524626285481	-0.216642980024	0.823306188358	2.8509812355	-1.20130729675	4.49184370041
19	4	0.498417064548	-0.326605713254	0.328157880227	-0.886363984893	-1.87821316719	1.87465286255	-5.06916332245
20	4	0.497645646334	0.242240135944	-0.311505236419	0.918849391479	1.40017974377	-1.77842283249	5.22112035751
21	4	0.498097486794	-0.313546278283	0.417999685391	-0.852622421936	-1.79169344902	2.38832473755	-4.88370800018
22	4	0.471641715616	0.207516704646	-0.480363692714	0.852166380477	1.13994073868	-2.61988973618	4.62619590759
23	4	0.499034620821	-0.256376540976	0.601725065884	-0.756437713446	-1.47965764999	3.4132642746	-4.34314823151
24	4	0.499673992395	0.314390170296	-0.439421988472	0.841467252404	1.79837751389	-2.51618170738	4.804479599
25	4	0.499995429069	-0.371124402461	0.371436864687	-0.851058948281	-2.10278129578	2.14524173737	-4.86484670639
26	4	0.500003185123	0.378176142206	-0.424180968919	0.822832492718	2.15618658066	-2.43292713165	4.70266103745
27	4	0.500000186265	-0.374302179484	0.44076384741	-0.815858510558	-2.14226722717	2.51136422157	-4.66752481461
28	4	0.500000327826	0.399415845216	-0.351335399843	0.846776487278	2.28097844124	-2.01143598557	4.84096240997
29	4	0.500000268221	-0.450466066791	0.302634584083	-0.839936087561	-2.55356168747	1.73322951794	-4.81287050247
0	5	0.499999895692	-0.304167709566	0.25620917377	-0.91751777298	-1.75402414799	1.4758181572	-5.23751592636
1	5	0.499998390675	0.356722181793	-0.281196257182	0.890886047687	2.03626561165	-1.62178492546	5.08997535706
2	5	0.500000149012	-0.362304956333	0.396274581482	-0.843624071899	-2.07380509377	2.2471101284	-4.83119297028
3	5	0.499998617917	0.276675598849	-0.263376260165	0.924166412819	1.62630486488	-1.52575385571	5.26620054245
4	5	0.499999511987	-0.466948749737	0.305071393137	-0.829994162755	-2.66131734848	1.74755191803	-4.74903583527
5	5	0.499961256981	0.453643526882	-0.373030599944	0.809355127261	2.60172080994	-2.12283539772	4.6262011528
6	5	0.499667119235	-0.474681047784	0.334483633497	-0.814124438767	-2.70399737358	1.90600883961	-4.66391086578
7	5	0.445209050551	0.387107016549	-0.19219014589	0.901782182992	1.98631644249	-0.997839450836	4.61389684677
8	5	0.233503461815	0.365308374993	-0.255628885297	0.895099806816	1.02929079533	-0.70633482933	2.49807572365
9	5	0.445758543909	0.407795755342	-0.246268158957	0.879235244863	2.08311295509	-1.26164591312	4.51154851913
10	5	0.49970144406	-0.340441140452	0.241093980027	-0.908830854825	-1.93786859512	1.37253081799	-5.20193195343
11	5	0.499961448833	0.24375699179	-0.108098656061	0.963793136265	1.41510403156	-0.653069078922	5.50161075592
12	5	0.499960515648	-0.400482451734	0.311402776728	-0.861766857392	-2.2673163414	1.76113128662	-4.9447555542
13	5	0.499601375312	0.339969405983	-0.362224692243	0.867879067224	1.96037256718	-2.05805063248	4.96102714539
14	5	0.444432396442	-0.541314777004	0.344536654008	-0.76698944337	-2.74604296684	1.76225566864	-3.93685102463
15	5	0.233735788614	-0.442555454416	0.306691238598	-0.842665505366	-1.24210143089	0.865519404411	-2.34943246841
16	5	0.446175646037	-0.471708176173	0.225268791811	-0.852493617552	-2.41914081573	1.17359638214	-4.37338352203
17	5	0.472410492599	0.467382700397	-0.306859856969	0.829090127519	2.54575014114	-1.67451405525	4.52037286758
18	5	0.329657644033	0.442837584723	-0.399219681248	0.802819107683	1.73140144348	-1.57053279877	3.18018817902
19	5	0.428959408775	0.311586493273	-0.294005910047	0.903589719987	1.56396627426	-1.47242164612	4.50532579422
20	5	0.496951587498	-0.349555546713	0.307453756111	-0.885032828552	-1.98396158218	1.7602584362	-5.06947612762
21	5	0.417519824579	0.314457401322	-0.350574817396	0.88216429318	1.52992093563	-1.70144176483	4.28236055374
22	5	0.320338074118	0.439970737994	-0.295803809542	0.84789495574	1.67076301575	-1.14591741562	3.2553498745
23	5	0.471930328757	0.37321005104	-0.447554306096	0.812655770236	2.02519130707	-2.43317461014	4.4253745079
24	5	0.499785549939	-0.337719614098	0.33174513926	-0.880846538752	-1.93037390709	1.91461992264	-5.0284781456
25	5	0.499982893467	0.251696592474	-0.426222923466	0.868897488113	1.46147441864	-2.43650078773	4.96127033234
26	5	0.499999616295	-0.359843364435	0.494313212347	-0.791307273549	-2.05449414253	2.80815815926	-4.53645324707
27	5	0.500000115484	0.384454081051	-0.436624128037	0.813359963595	2.19438934326	-2.50111865997	4.648914814
28	5	0.500000052154	-0.407346032076	0.366790422794	-0.836381489452	-2.318338871	2.10262012482	-4.7840218544
29	5	0.499999862164	0.360942697846	-0.374164337255	0.854237330956	2.06594467163	-2.12062120438	4.89113950729
0	6	0.499987896532	0.32539881745	-0.234411023735	0.916060632029	1.86117935181	-1.34550464153	5.23506355286
1	6	0.499987896532	-0.332994248328	0.308716319968	-0.890959631165	-1.91814184189	1.7470202446	-5.09486198425
2	6	0.499962564558	0.454586063212	-0.274842142567	0.847238636869	2.58045768738	-1.58491516113	4.8489408493
3	6	0.499990001321	-0.486352807454	0.339737116212	-0.805009092215	-2.76306676865	1.93105602264	-4.61849212646
4	6	0.499985165894	0.510251910258	-0.370905457897	0.775933070168	2.90700674057	-2.10936546326	4.44775247574
5	6	0.499986156821	-0.534573497752	0.377502836022	-0.756123524496	-3.02887988091	2.15629386902	-4.34402799606
6	6	0.499255634844	0.370665224564	-0.345290015094	0.862196089515	2.13661527634	-1.97762095928	4.91064834595
7	6	0.497770559043	-0.420976253097	0.390529499617	-0.818697565807	-2.40140199661	2.2214846611	-4.69312477112
8	6	0.445011341944	0.385249543775	-0.144230404356	0.911471546172	1.97298836708	-0.757626652718	4.6625418663
9	6	0.497959736735	-0.253248607894	0.333747450797	-0.908007589003	-1.46483826637	1.89217066765	-5.19864034653
10	6	0.499266717583	0.322807933889	-0.254244604366	0.911676872016	1.84551501274	-1.45258545876	5.20294475555
11	6	0.499989748001	-0.335064667471	0.234233600139	-0.912615082704	-1.9117026329	1.33783006668	-5.21914768219
12	6	0.499987699091	0.319889156275	-0.27979112435	0.905200449864	1.83779597282	-1.61299276352	5.16801738739
13	6	0.499246194959	-0.358153671525	0.325803633732	-0.874973108056	-2.0408475399	1.85939192772	-4.99594497681
14	6	0.497986316681	0.340583103372	-0.259730309421	0.903627863706	1.96736347675	-1.50367379189	5.16045188904
15	6	0.445923730731	-0.405135334126	0.388961838458	-0.827389901598	-2.08399868011	1.98207783699	-4.24714565277
16	6	0.497194997966	0.525290579845	-0.281126801262	0.803142283994	2.97891449928	-1.6115309	4.6022567749
17	6	0.496134456247	-0.401078837991	0.340921501803	-0.850240139798	-2.30310153961	1.94574332237	-4.85677051544
18	6	0.394799657166	0.264878618343	-0.447035248028	0.854399674956	1.24086523056	-2.07332730293	3.97648572922
19	6	0.384690689854	0.0463951629335	-0.293542539827	0.954819494024	0.232811152935	-1.35652267933	4.39990329742
20	6	0.399655297399	0.11378952768	-0.276777617111	0.954172989587	0.539379954338	-1.3000972271	4.49883794785
21	6	0.369857655838	0.241771905043	-0.366174062139	0.898589395747	1.07654523849	-1.62124443054	3.98079943657
22	6	0.417171210051	0.409888771728	-0.251895551376	0.876664032573	1.98234021664	-1.23859131336	4.25219917297
23	6	0.49820497632	-0.39649134657	0.491913188286	-0.775123233612	-2.2618162632	2.78206801414	-4.46246433258
24	6	0.499535825104	0.405460180066	-0.277216829031	0.871064218117	2.29799413681	-1.61913394928	4.97365903854
25	6	0.499994356185	-0.259673047147	0.495493107217	-0.828888707418	-1.51093363762	2.81277894974	-4.74377346039
26	6	0.499995883554	0.376096090673	-0.397196634519	0.837129956522	2.14501905441	-2.30127334595	4.77426767349
27	6	0.499997876585	-0.340563421364	0.537909122148	-0.771148709614	-1.95576524734	3.04026556015	-4.43023777008
28	6	0.499999552965	0.324162652288	-0.391423267281	0.861223780845	1.86182379723	-2.23316407204	4.92307901382
29	6	0.499997980893	-0.31242643981	0.274107275018	-0.909535552626	-1.78786420822	1.57707488537	-5.19639253616
0	7	0.499964689836	-0.356251344723	0.17206591926	-0.918410746242	-2.02874183655	0.998340368271	-5.25111913681
1	7	0.499256689101	0.416057262909	-0.145498686878	0.897622685819	2.35969376564	-0.853994369507	5.12768936157
2	7	0.499633450061	-0.347517819182	0.28052248829	-0.894728170404	-2.00804615021	1.58670723438	-5.11320877075
3	7	0.499244987965	0.416147692722	-0.251764474787	0.87374810276	2.37669944763	-1.44665026665	4.98415756226
4	7	0.499973133206	-0.421496756805	0.293026124849	-0.858181900391	-2.41169834137	1.67583727837	-4.90576839447
5	7	0.49997407943	0.356662124094	-0.384452847016	0.851462352461	2.0543448925	-2.18670988083	4.86656570435
6	7	0.499971374869	-0.363978169751	0.360906820018	-0.8586420437	-2.08654785156	2.05861735344	-4.90817165375
7	7	0.499242719263	0.384803468229	-0.356357771182	0.8514314005	2.19008541107	-2.02932310104	4.86556720734
8	7	0.499685011804	-0.429228249708	0.25184260054	-0.867374437141	-2.43527197838	1.44742417336	-4.96746444702
9	7	0.499272923917	0.318050981251	-0.216043083303	0.923129979733	1.83327269554	-1.25108575821	5.26009988785
10	7	0.499977007508	-0.41553945068	0.225766555429	-0.881110905266	-2.36403989792	1.30510210991	-5.03978204727
11	7	0.499987300485	0.375608968744	-0.240798173773	0.894949239961	2.14767479897	-1.400370121	5.11066818237
12	7	0.499987576157	-0.318077707724	0.462119700972	-0.827811544872	-1.83293056488	2.60696220398	-4.74774694443
13	7	0.499969989061	0.362947812044	-0.389683088559	0.846413596431	2.08301568031	-2.22602796555	4.83654117584
14	7	0.499290019274	-0.50642181448	0.370723421504	-0.778524945373	-2.86447668076	2.10740470886	-4.46756792068
15	7	0.499273300171	0.354416609642	-0.379006431861	0.854835066792	2.03892183304	-2.15598201752	4.88258361816
16	7	0.497624304146	-0.352044979996	0.268881820009	-0.896530478527	-2.0281932354	1.55052816868	-5.11386013031
17	7	0.416572254151	0.331070091885	-0.391785590082	0.858426843513	1.60498452187	-1.89794921875	4.15850543976
18	7	0.378063462675	0.433216763127	-0.445743159425	0.783349393292	1.9536370039	-2.01463365555	3.55460619926
19	7	0.416564736515	0.229343465918	-0.2016984007	0.952218110411	1.12015521526	-0.998583555222	4.67958307266
20	7	0.345177736599	0.115866613141	-0.20638307362	0.971586823131	0.492927700281	-0.871080458164	4.01082849503
21	7	0.43982629478	0.21886955217	-0.499455104631	0.838236671586	1.12461972237	-2.53725647926	4.30587625504
22	7	0.498165152967	-0.219746893049	0.39065973747	-0.893921849221	-1.27244842052	2.22264075279	-5.11424350739
23	7	0.499187327921	0.252638502131	-0.260125118187	0.931938147159	1.46369051933	-1.52231025696	5.30472230911
24	7	0.499976053834	-0.320252027356	0.299346741137	-0.898793729142	-1.84448218346	1.72955739498	-5.12872028351
25	7	0.499996349216	0.379801466019	-0.537014295833	0.753237341401	2.16639184952	-3.04273843765	4.33007907867
26	7	0.499986365438	-0.446108795824	0.53320346794	-0.718805261573	-2.53353476524	3.01993989944	-4.14266252518
27	7	0.49999062717	0.383770637262	-0.352194129037	0.853627198165	2.18884062767	-2.03772521019	4.87368106842
28	7	0.499962970614	-0.357835867201	0.309144983009	-0.881125911334	-2.03125548363	1.77661514282	-5.03984022141
29	7	0.499977894127	0.244419106143	-0.246798994288	0.937736400579	1.41669094563	-1.42252016068	5.35346221924
0	8	0.499213304371	0.313731585438	-0.258247841682	0.913717978681	1.79124176502	-1.46985304356	5.21731042862
1	8	0.498337104917	-0.377419409137	0.163043217503	-0.911576381239	-2.16150379181	0.938825547695	-5.21885299683
2	8	0.445662710816	0.437423211176	-0.108839454729	0.892644894355	2.23824214935	-0.577867209911	4.57508802414
3	8	0.498332027346	-0.420746167092	0.241948137954	-0.874319027253	-2.40934705734	1.37840044498	-5.00814247131
4	8	0.499249335378	0.413248831405	-0.150719300181	0.898058514739	2.36277341843	-0.894216120243	5.11991739273
5	8	0.499990172684	-0.321099531834	0.340874500536	-0.883572105456	-1.85738646984	1.93236756325	-5.05050706863
6	8	0.499985918403	0.429092994849	-0.279286787134	0.858998307509	2.42433595657	-1.61500859261	4.91992616653
7	8	0.499991055578	-0.204555648159	0.333198144753	-0.920399903922	-1.21079325676	1.90340805054	-5.25449705124
8	8	0.499961167574	0.313938901283	-0.349393170269	0.882817522952	1.80724453926	-1.98843562603	5.04615068436
9	8	0.499989852309	-0.443140774566	0.292373833776	-0.847433652412	-2.51919698715	1.68092393875	-4.84956502914
10	8	0.499986741692	0.455325516745	-0.386393653216	0.802108857048	2.59500384331	-2.18727111816	4.60102558136
11	8	0.499999523163	-0.419825547275	0.391901515986	-0.818632830775	-2.39535498619	2.22686958313	-4.68923854828
12	8	0.499999392778	0.402793195844	-0.372077373599	0.836251199962	2.29972600937	-2.13089752197	4.78042840958
13	8	0.499988175929	-0.384448676971	0.392763759848	-0.835425546488	-2.21013522148	2.23005771637	-4.77803325653
14	8	0.49997902289	0.54338862599	-0.290381330742	0.787659497436	3.07769012451	-1.67801463604	4.51735401154
15	8	0.499799642712	-0.350851670258	0.359894192674	-0.864511003722	-2.03090238571	2.04279136658	-4.93771743774
16	8	0.476636692882	0.469374407306	-0.300062263892	0.830451867091	2.56277656555	-1.65498280525	4.57250452042
17	8	0.334499998018	0.231567045143	-0.40557673075	0.884242172189	0.942202329636	-1.62413585186	3.53752422333
18	8	0.4172337614	0.298299918997	-0.48678653851	0.82100914992	1.44691896439	-2.3501162529	3.991147995
19	8	0.497237384319	-0.296975910167	0.341791584361	-0.891618652587	-1.69557452202	1.95939552784	-5.10180473328
20	8	0.478350125253	0.31698995581	-0.361536264903	0.876817482191	1.74687159061	-1.98537445068	4.8418803215
21	8	0.498551841825	-0.329097809077	0.294938503573	-0.897054017978	-1.8768632412	1.69794631004	-5.1259727478
22	8	0.499367535114	0.321127652102	-0.330612285644	0.887452842486	1.83849620819	-1.89913845062	5.0617980957
23	8	0.499977149069	-0.363096949434	0.404453736906	-0.839391315189	-2.07756924629	2.2874288559	-4.81093454361
24	8	0.499988511205	0.430662957009	-0.347633825505	0.832874624914	2.44768261909	-1.98983454704	4.76774358749
25	8	0.49998703599	-0.372137840686	0.381819597863	-0.84600663249	-2.13572382927	2.18745136261	-4.83092880249
26	8	0.499976888299	0.363359002494	-0.357514399392	0.860321852294	2.07992577553	-2.06121730804	4.91090631485
27	8	0.499250791967	-0.296107328357	0.390356520347	-0.871746658792	-1.7016928196	2.22676992416	-4.97294139862
28	8	0.499706137925	0.24758781793	-0.36198396194	0.898703445922	1.42842209339	-2.06741070747	5.13646888733
29	8	0.499226044863	-0.236302216541	0.388278407451	-0.89073067802	-1.35439229012	2.19733476639	-5.09162282944
0	9	0.498934751377	-0.283578881049	0.231664714713	-0.930545258534	-1.62758040428	1.34489059448	-5.30561065674
1	9	0.445358119905	0.411279455273	-0.186127270272	0.892303675287	2.10506844521	-0.954591870308	4.57142543793
2	9	0.232709723525	0.446635478675	-0.200629373725	0.871931536066	1.23462224007	-0.556467652321	2.43136072159
3	9	0.445887960494	0.42650498355	-0.23499247873	0.873425459869	2.19315171242	-1.19793331623	4.47785186768
4	9	0.499699745327	-0.522837608025	0.224084974751	-0.822451676225	-2.96226787567	1.28722476959	-4.71942615509
5	9	0.499962735921	0.394416848167	-0.271564730258	0.877888345498	2.25816679001	-1.55659651756	5.01583099365
6	9	0.499999731779	-0.350128090379	0.353549409714	-0.867417509172	-2.00499725342	2.00537204742	-4.96411275864
7	9	0.499996270984	0.294397593194	-0.295135982017	0.908969091466	1.68810987473	-1.69677400589	5.19185638428
8	9	0.500000055879	-0.353400262362	0.375328131494	-0.856876331959	-2.02123451233	2.13759970665	-4.90203619003
9	9	0.499998286366	0.450467804524	-0.358452788329	0.817673746446	2.56432056427	-2.0387635231	4.68529844284
10	9	0.499999597669	-0.421114540442	0.29299380836	-0.858380552023	-2.40912818909	1.68925201893	-4.90169095993
11	9	0.499999891967	0.365623530045	-0.359442946831	0.858557046591	2.10244512558	-2.048589468	4.90577173233
12	9	0.499999627471	-0.439308616447	0.321173066246	-0.838961143935	-2.50415563583	1.84036660194	-4.79848766327
13	9	0.499999862164	0.403375796083	-0.263993005311	0.876125367902	2.31401658058	-1.5270318985	4.99993419647
14	9	0.499994508922	-0.473574434404	0.30654530602	-0.825685915125	-2.7032494545	1.74333751202	-4.72617912292
15	9	0.49973885715	0.423903407119	-0.217303403774	0.879252598598	2.42310380936	-1.26780509949	5.01764583588
16	9	0.499221790582	-0.403384702439	0.322944226123	-0.856147071858	-2.30040955544	1.84665906429	-4.89675140381
17	9	0.476043563336	0.292295764262	-0.413911368311	0.862114009501	1.61503386497	-2.26125454903	4.73515224457
18	9	0.498245745897	-0.354165904879	0.328952673864	-0.875417985981	-2.01785802841	1.8799123764	-5.01348829269
19	9	0.498892676085	0.250411592946	-0.344886454067	0.904625540165	1.44256925583	-1.95135879517	5.1631269455
20	9	0.499843012542	-0.30149622088	0.257714037635	-0.917977942873	-1.73031187057	1.48402154446	-5.24234247208
21	9	0.49965434894	0.336816660743	-0.307841609799	0.889824746971	1.93158531189	-1.76196348667	5.08007383347
22	9	0.499984242022	-0.440251107064	0.422419930576	-0.792300678392	-2.50373744965	2.3867316246	-4.55328035355
23	9	0.499993294477	0.454563353238	-0.258553778772	0.852362658365	2.59474277496	-1.50570201874	4.86718416214
24	9	0.499997459352	-0.439936423105	0.338619468346	-0.831740824586	-2.51415157318	1.92779195309	-4.75859642029
25	9	0.499991480261	0.436780136124	-0.350812463807	0.828343967157	2.49201369286	-2.00352597237	4.73925113678
26	9	0.499271672219	-0.355866713346	0.375969779373	-0.855573262398	-2.04543018341	2.14019775391	-4.88128137589
27	9	0.498150315136	0.35190156894	-0.44631555523	0.822780475545	2.00997281075	-2.54149484634	4.7192568779
28	9	0.445436995476	-0.295668960127	0.30570212116	-0.905055843103	-1.51304233074	1.57449960709	-4.63456583023
29	9	0.498284704983	0.200963976921	-0.396641327869	0.89570594338	1.16247630119	-2.25668883324	5.13263273239
0	10	0.498905766755	0.353823815091	-0.3904871927	0.849899088252	2.01737928391	-2.21504831314	4.86017847061
1	10	0.497934646904	-0.424439452747	0.343241727336	-0.837876045467	-2.42034339905	1.97007000446	-4.79634094238
2	10	0.445247255266	0.4275744452	-0.155992172676	0.890419303405	2.19055986404	-0.81092852354	4.55736351013
3	10	0.498347748071	-0.455749490042	0.229284921374	-0.860070245478	-2.60492682457	1.3245215416	-4.92464160919
4	10	0.49923722446	0.398185613619	-0.315795040013	0.861232668801	2.28696799278	-1.7880616188	4.91504669189
5	10	0.499983031303	-0.432614954358	0.227441306126	-0.872418909431	-2.45833683014	1.32697224617	-4.98875379562
6	10	0.499960951507	0.336680743285	-0.319245893255	0.885848822735	1.93155312538	-1.82232880592	5.06239128113
7	10	0.499992057681	-0.319420526299	0.256557361637	-0.912221928901	-1.83438849449	1.48730754852	-5.20681190491
8	10	0.499986875802	0.36103326338	-0.385488614428	0.849148697743	2.06705379486	-2.18575668335	4.86146640778
9	10	0.499997667968	-0.420500079278	0.298567182017	-0.856759780306	-2.39810872078	1.72212910652	-4.89573669434
10	10	0.499999411404	0.440604138599	-0.285423397043	0.851117781197	2.50378108025	-1.6450381279	4.86930561066
11	10	0.49999852851	-0.354395973416	0.332328172867	-0.874048899974	-2.04305553436	1.89200401306	-4.99327087402
12	10	0.50000031665	0.473563256772	-0.347043532406	0.809505175061	2.69234752655	-1.97025024891	4.64301586151
13	10	0.499999828637	-0.418510678322	0.301050663088	-0.856864814533	-2.40053606033	1.72360777855	-4.89370584488
14	10	0.499996256083	0.470367393236	-0.29022982018	0.83337936551	2.6832485199	-1.6528147459	4.76974391937
15	10	0.499991115183	-0.464343710305	0.267673374769	-0.844236864357	-2.64392805099	1.52814435959	-4.83357048035
16	10	0.499728877097	0.334725923807	-0.372802066634	0.865434674048	1.93138670921	-2.10739684105	4.94840431213
17	10	0.4998636581	-0.309784983276	0.337851054201	-0.888757519975	-1.7808662653	1.92285990715	-5.08052587509
18	10	0.499541170895	0.38648152181	-0.192447861291	0.901995484459	2.19048380852	-1.12208223343	5.15515851974
19	10	0.499974252656	-0.232668329694	0.199202563747	-0.951936860802	-1.36356317997	1.14985871315	-5.43298244476
20	10	0.499974939972	0.402857699583	-0.187700070426	0.895809330968	2.28758597374	-1.09026992321	5.12500667572
21	10	0.499995965511	-0.378834743623	0.311886898613	-0.871327033609	-2.17670512199	1.77332317829	-4.98045778275
22	10	0.499991808087	0.414230930475	-0.3308046822	0.847927472413	2.38113307953	-1.89174437523	4.84111690521
23	10	0.499998513609	-0.510627068486	0.291467628011	-0.808892217017	-2.90349769592	1.66552841663	-4.6346411705
24	10	0.499999407679	0.425291078751	-0.261130105272	0.866567115956	2.44225931168	-1.50316357613	4.94571828842
25	10	0.499962747097	-0.494071488332	0.279917033886	-0.823128069353	-2.81551265717	1.60229635239	-4.70997333527
26	10	0.499660715461	0.47319392588	-0.241189845616	0.847298629104	2.69869351387	-1.39364099503	4.84502744675
27	10	0.445375870913	-0.343565935219	0.328825026974	-0.879679799582	-1.76337146759	1.68152797222	-4.50606584549
28	10	0.232694131322	-0.301882014191	0.318400740423	-0.89860348208	-0.848635017872	0.898369193077	-2.49330353737
29	10	0.445632707328	-0.240453141718	0.405351309016	-0.88197086285	-1.24605476856	2.06860780716	-4.52093315125
0	11	0.499221280217	-0.378675045901	0.351325697385	-0.856256657766	-2.16258144379	2.00848221779	-4.8861913681
1	11	0.499180380255	0.358244155093	-0.472236426158	0.805390515931	2.06305480003	-2.6586689949	4.6117773056
2	11	0.499668307602	-0.415588889665	0.27202411452	-0.86792209092	-2.37489652634	1.5675766468	-4.95992422104
3	11	0.499215386808	0.451641508369	-0.332607534503	0.827884156093	2.56262469292	-1.89528226852	4.73559093475
4	11	0.499953895807	-0.394666107614	0.338638595384	-0.854144346827	-2.25974726677	1.93853139877	-4.88075065613
5	11	0.499225895852	0.344497231659	-0.400948848307	0.848859045084	1.98091721535	-2.27161240578	4.84783220291
6	11	0.49965865165	-0.343884575815	0.388045548705	-0.855081312302	-1.9681353569	2.20376992226	-4.89527606964
7	11	0.499256297946	0.396016726972	-0.326243524693	0.858333218834	2.25829005241	-1.85933971405	4.90198993683
8	11	0.499963421375	-0.39032483973	0.322727829948	-0.862260556483	-2.22560977936	1.84820055962	-4.93093776703
9	11	0.499976787716	0.343244407125	-0.395674525662	0.851836220596	1.96808862686	-2.24780035019	4.87410163879
10	11	0.499960973859	-0.322467829482	0.413493961542	-0.851491187692	-1.86438322067	2.3333234787	-4.87553310394
11	11	0.499988030642	0.38944432499	-0.205272644793	0.89788432386	2.22175979614	-1.19730472565	5.13043069839
12	11	0.499988343567	-0.44274506801	0.211839582318	-0.871263907273	-2.52671194077	1.23241829872	-4.97829198837
13	11	0.499999266118	0.446540365692	-0.354064070843	0.821730086796	2.55179691315	-1.99985909462	4.70931053162
14	11	0.500000055879	-0.439634493226	0.187407358691	-0.878407646981	-2.51410698891	1.09372985363	-5.01722240448
15	11	0.499996572733	0.450098984342	-0.146718743698	0.880843070326	2.5674829483	-0.85828846693	5.03542804718
16	11	0.499996315688	-0.435804533938	0.210047777463	-0.875188173699	-2.47403621674	1.21038973331	-5.01050376892
17	11	0.499987319112	0.355779654419	-0.25472449194	0.899186449357	2.03384971619	-1.45189642906	5.1418838501
18	11	0.499995239079	-0.367708391089	0.23945454815	-0.898583362017	-2.09859323502	1.35769224167	-5.14164352417
19	11	0.499993175268	0.377580990142	-0.215666923304	0.900511173765	2.1557867527	-1.23031318188	5.15004730225
20	11	0.499999701977	-0.434939599605	0.224673767617	-0.871980070208	-2.48501944542	1.28263545036	-4.98622703552
21	11	0.500000480562	0.516278306508	-0.256794403106	0.81701489874	2.93463468552	-1.4721198082	4.68064308167
22	11	0.499993722886	-0.520151483108	0.319837324738	-0.791925830065	-2.97012138367	1.81707167625	-4.5344581604
23	11	0.499995045364	0.501940798593	-0.281062201297	0.817960557551	2.86346673965	-1.60991501808	4.67872238159
24	11	0.499979134649	-0.413569656503	0.285210315785	-0.864647451271	-2.38399577141	1.63642525673	-4.93194913864
25	11	0.499986518174	0.507958476516	-0.289747798096	0.811187031229	2.90303516388	-1.65188908577	4.63997602463
26	11	0.499207485467	-0.546404715699	0.205103283006	-0.81201879902	-3.10294008255	1.19085097313	-4.64070701599
27	11	0.498274117708	0.442978620384	-0.302868537356	0.843824976498	2.54596185684	-1.72895765305	4.82847166061
28	11	0.445663996041	-0.366314214103	0.370257241224	-0.853653016083	-1.87441802025	1.89110147953	-4.37992572784
29	11	0.498212281615	0.383535682715	-0.309390989472	0.870159523144	2.2010974884	-1.77065098286	4.97960615158
0	12	0.49996304512	0.405900446268	-0.300695334639	0.863033686159	2.33349251747	-1.72293901443	4.92670154572
1	12	0.499977767467	-0.470021983698	0.321707926242	-0.821938772071	-2.67378807068	1.84947395325	-4.70313262939
2	12	0.499960742891	0.393448826654	-0.256350837273	0.882882930537	2.25296783447	-1.49152576923	5.03840446472
3	12	0.499980982393	-0.283037135542	0.434991672525	-0.854793673782	-1.65330123901	2.4594335556	-4.89066410065
4	12	0.499226652086	0.433506260038	-0.3520509385	0.829537497169	2.45791864395	-2.01261711121	4.74247455597
5	12	0.498185679317	-0.417420205232	0.374081128785	-0.828144722468	-2.38094472885	2.13886666298	-4.74660634995
6	12	0.444922512397	0.300326420023	-0.242889334238	0.922392981733	1.54302299023	-1.25698018074	4.7152967453
7	12	0.498079303652	-0.490025472133	0.282348951233	-0.824714560559	-2.78346943855	1.6168653965	-4.73358106613
8	12	0.499252121896	0.363339020453	-0.236963896209	0.901017684682	2.0740582943	-1.37075328827	5.13961458206
9	12	0.499252106994	-0.308957874319	0.342862160277	-0.887124890276	-1.78248929977	1.94391155243	-5.06293153763
10	12	0.499598369002	0.424863033727	-0.276892925017	0.861871052216	2.4005150795	-1.59482467175	4.93869876862
11	12	0.499323746189	-0.327811839112	0.215655303628	-0.919800080537	-1.88932013512	1.22654652596	-5.24648141861
12	12	0.499973371625	0.391870522953	-0.259404777387	0.882692842788	2.24305224419	-1.47373652458	5.04823684692
13	12	0.499988041818	-0.459297351421	0.325691276297	-0.82642067709	-2.60937428474	1.85699772835	-4.73562955856
14	12	0.499999687076	0.391993993994	-0.289496227077	0.87323115106	2.24199914932	-1.64873409271	4.99428129196
15	12	0.500000022352	-0.383154421132	0.190488064352	-0.903829069518	-2.18687820435	1.09540355206	-5.16742324829
16	12	0.499999638647	0.321102093217	-0.20451731738	0.924697849367	1.83755528927	-1.16335332394	5.28755426407
17	12	0.499999953434	-0.308198031119	0.167481001354	-0.936463607301	-1.76287174225	0.960099935532	-5.35289525986
18	12	0.499999074265	0.298828154008	-0.11278351955	0.947618917123	1.72702670097	-0.659491717815	5.41027641296
19	12	0.50000013411	-0.421362677465	0.160975018833	-0.892491197352	-2.39469456673	0.921344876289	-5.10905218124
20	12	0.49999961257	0.435407052954	-0.203161041443	0.877009857116	2.48367023468	-1.16250312328	5.01625061035
21	12	0.499993812293	-0.460182458279	0.234046910317	-0.856419376744	-2.63718128204	1.34075641632	-4.89222431183
22	12	0.499987415969	0.603188674314	-0.228145597462	0.764272863275	3.41948509216	-1.32087874413	4.38846063614
23	12	0.499602623284	-0.465617023305	0.269208606797	-0.843046566706	-2.6742401123	1.54866051674	-4.80484294891
24	12	0.49980443716	0.495987179214	-0.396844033605	0.772341589614	2.84082627296	-2.24159002304	4.42664575577
25	12	0.499472595751	-0.564605205699	0.305482761791	-0.766747183852	-3.21439647675	1.74279332161	-4.38710832596
26	12	0.499956674874	0.49948941549	-0.285003224399	0.818097479458	2.86835813522	-1.62631344795	4.67070293427
27	12	0.499219778925	-0.535155687643	0.301348079051	-0.789175345051	-3.045399189	1.71926426888	-4.51120615005
28	12	0.499689854681	0.45296500827	-0.294551347579	0.841464321836	2.60241174698	-1.68695545197	4.80431127548
29	12	0.499217715114	-0.507403337392	0.220067237333	-0.83313400138	-2.87847447395	1.27917313576	-4.76071500778
0	13	0.499986622483	-0.462555179793	0.345613402557	-0.816452130636	-2.64674663544	1.96988201141	-4.66865682602
1	13	0.499997653067	0.498459604012	-0.409083789909	0.764322233094	2.84058618546	-2.32342576981	4.38380670547
2	13	0.499999333173	-0.437063023445	0.371037222639	-0.819333444303	-2.49665498734	2.11497187614	-4.68818807602
3	13	0.499961260706	0.364779424021	-0.343783500787	0.86530276574	2.08722019196	-1.97666192055	4.94122982025
4	13	0.499712634832	-0.369971897011	0.298483325134	-0.879788895156	-2.11206054688	1.73018789291	-5.02501773834
5	13	0.445771668106	0.328910998995	-0.343218419502	0.879783309261	1.68229722977	-1.75512850285	4.51360797882
6	13	0.232729680836	0.277712880564	-0.300656195784	0.912404191083	0.788106560707	-0.846368670464	2.53136324883
7	13	0.445455234498	0.363246340955	-0.283918656095	0.887379452379	1.84683990479	-1.45744919777	4.55152511597
8	13	0.498907249421	-0.233550004917	0.260598928429	-0.936772434322	-1.36060595512	1.49227714539	-5.34051704407
9	13	0.498248182237	0.389545434838	-0.243585834916	0.888211852671	2.21022772789	-1.40746068954	5.09118461609
10	13	0.444675724953	-0.202910399601	0.311057714329	-0.928477500045	-1.06053352356	1.59367132187	-4.74484729767
11	13	0.497259533033	0.364892558963	-0.0370785617018	0.930311023624	2.08153271675	-0.244067251682	5.31901931763
12	13	0.499258413911	-0.368058694832	0.128163631895	-0.920927185297	-2.10560488701	0.76201915741	-5.25244951248
13	13	0.499991755933	0.353381129122	-0.346949626427	0.868762185125	2.02447533607	-1.96885704994	4.97160053253
14	13	0.499997857958	-0.292851318232	0.350939296944	-0.889426621633	-1.68436384201	1.99102413654	-5.08783721924
15	13	0.500000482425	0.318180091962	-0.207503883004	0.925042468007	1.80968642235	-1.19455873966	5.29039335251
16	13	0.499999761581	-0.168672502326	0.147516715412	-0.974570882816	-0.997865438461	0.856893062592	-5.56449604034
17	13	0.500000653788	0.254968487117	-0.132324550221	0.957852433304	1.47215056419	-0.765997767448	5.47137832642
18	13	0.500000409782	-0.380403717583	0.0959622110755	-0.919828389263	-2.15791869164	0.559561133385	-5.2644906044
19	13	0.50000028871	0.345725060281	-0.112713500913	0.931541651997	1.98676013947	-0.662269830704	5.31984901428
20	13	0.499999713153	-0.341884379003	0.20321011757	-0.917507885258	-1.95960795879	1.16815984249	-5.24246025085
21	13	0.499994389713	0.385707948922	-0.274652291552	0.880792539071	2.21490335464	-1.56823515892	5.03205919266
22	13	0.49960019812	-0.497246009301	0.326979740763	-0.80363589726	-2.83886957169	1.85321807861	-4.59813737869
23	13	0.498870775104	0.475217933466	-0.324791513545	0.817727575933	2.73134088516	-1.84951150417	4.67080545425
24	13	0.468263216317	-0.607076791803	0.285007946691	-0.741773711571	-3.26432418823	1.54474496841	-4.01082897186
25	13	0.498247310519	0.591312093805	-0.230821917959	0.772703856539	3.37979578972	-1.33296573162	4.42268466949
26	13	0.499153520912	-0.547014621693	0.273539197982	-0.791170848061	-3.12119793892	1.55957651138	-4.51677417755
27	13	0.499968439341	0.587579286725	-0.316439836093	0.744725729343	3.34667778015	-1.8039021492	4.26996898651
28	13	0.499952860177	-0.562628806573	0.337983433007	-0.754464064769	-3.2031083107	1.92419421673	-4.326379776
29	13	0.499991640449	0.486549875886	-0.312502523172	0.815850103442	2.79259109497	-1.78102827072	4.65999507904
0	14	0.499999973923	0.47882732925	-0.272569286591	0.83452403966	2.74377918243	-1.57476782799	4.76221895218
1	14	0.499999929219	-0.488581472718	0.371152883238	-0.7896414894	-2.78760480881	2.12072205544	-4.51836585999
2	14	0.499998040497	0.459364951536	-0.359378779316	0.812299657933	2.61862516403	-2.06484007835	4.64351224899
3	14	0.49999172613	-0.38054993291	0.441938530907	-0.812325109462	-2.17751741409	2.5209467411	-4.64663219452
4	14	0.49926013872	0.28078861133	-0.501463838267	0.818346976935	1.61802256107	-2.83157038689	4.68639326096
5	14	0.49835864082	-0.28159891063	0.348672560631	-0.893940433695	-1.61527299881	2.01232767105	-5.11228370667
6	14	0.445899572223	0.236948211143	-0.425238194371	0.873514752757	1.22591912746	-2.16603827477	4.48381233215
7	14	0.498214470223	-0.244800567889	0.284074948312	-0.927024328539	-1.40473937988	1.64145362377	-5.30192327499
8	14	0.4988899827	0.265430579254	-0.329300684169	0.906149914199	1.51402783394	-1.87057185173	5.17654037476
9	14	0.446371234953	-0.365644724247	0.329512423654	-0.870474295018	-1.85886287689	1.69308519363	-4.47649383545
10	14	0.234044320881	-0.240758680774	0.35981895179	-0.901424195129	-0.690784335136	0.994915246964	-2.52317523956
11	14	0.444556951523	-0.331214630983	0.412999263377	-0.848368125682	-1.6849719286	2.09780454636	-4.35024547577
12	14	0.499696105719	0.401095676572	-0.324124813494	0.856776145509	2.27867794037	-1.8447136879	4.9101228714
13	14	0.499962195754	-0.344639522494	0.346417005154	-0.8724785717	-1.96432232857	1.97779476643	-4.9907336235
14	14	0.499999649823	0.244240373858	-0.328551495622	0.91235988212	1.40876853466	-1.87358379364	5.21435022354
15	14	0.499999636784	-0.262235727125	0.250444829341	-0.931938737727	-1.50135862827	1.43583250046	-5.3260102272
16	14	0.49999986589	0.264561371958	-0.233274858848	0.935729726308	1.51183104515	-1.33638429642	5.34928894043
17	14	0.499999836087	-0.369028244379	0.249416153294	-0.895326609303	-2.09445810318	1.41375255585	-5.12866210938
18	14	0.500000152737	0.342662891043	-0.163091065471	0.925193735099	1.96578776836	-0.94353890419	5.28490161896
19	14	0.500000480562	-0.403405062257	0.24924000464	-0.880422498481	-2.28433513641	1.41578269005	-5.04669284821
20	14	0.500000566244	0.24795944155	-0.307933849892	0.918527549634	1.44382059574	-1.75505828857	5.24663591385
21	14	0.499979186803	-0.375783642068	0.302527320311	-0.875935999271	-2.14648771286	1.73288154602	-5.00765800476
22	14	0.499810270965	0.496034586126	-0.245584484708	0.832849296234	2.83152890205	-1.41777229309	4.7602186203
23	14	0.467674516141	-0.63071675262	0.257254039649	-0.732131639153	-3.38439273834	1.38829731941	-3.96052241325
24	14	0.306244101375	-0.623335617559	0.273613159867	-0.73252204515	-2.27717280388	0.99721634388	-2.69542455673
25	14	0.418374963105	-0.521032065982	0.325178415432	-0.789167019303	-2.54422712326	1.57913017273	-3.83541059494
26	14	0.49822331965	0.488545285987	-0.234000118969	0.840575664567	2.80348944664	-1.35157346725	4.80142498016
27	14	0.499156888574	-0.520596604286	0.274465014351	-0.80848508428	-2.97507381439	1.57186603546	-4.6101975441
28	14	0.499978631735	0.506739594092	-0.31384015332	0.802944171125	2.90650844574	-1.79124212265	4.58565807343
29	14	0.499989293516	-0.59208682114	0.248835451133	-0.766494693061	-3.35837936401	1.44366455078	-4.39653158188
0	15	0.499998632818	-0.467639003058	0.351278867636	-0.811120780137	-2.67189455032	2.0150077343	-4.6350774765
1	15	0.499999757856	0.434021755878	-0.421070278558	0.796445187027	2.48692631721	-2.40179538727	4.55298137665
2	15	0.499999713153	-0.412517156307	0.40257438028	-0.817167953418	-2.37201142311	2.31016802788	-4.66084051132
3	15	0.499987438321	0.437488682318	-0.479814789551	0.760513918723	2.48514127731	-2.73509836197	4.36238479614
4	15	0.499976616353	-0.291769394488	0.41269085548	-0.862877093359	-1.68048799038	2.37267947197	-4.92298793793
5	15	0.49924652651	0.317904621462	-0.418571775574	0.850725760951	1.80195260048	-2.38681936264	4.86198139191
6	15	0.499701868743	-0.284784104902	0.427947072949	-0.857764137948	-1.62045311928	2.44204139709	-4.90984869003
7	15	0.499250296503	0.252516787927	-0.432284049223	0.865659154981	1.44021594524	-2.44371604919	4.95437860489
8	15	0.499257592484	-0.236209737971	0.293175681798	-0.926419440259	-1.35654962063	1.6962659359	-5.28007984161
9	15	0.498196091503	0.334469653479	-0.437923035133	0.834477960285	1.89606595039	-2.49483323097	4.79160547256
10	15	0.446083290502	-0.202956717667	0.330555626601	-0.921705781948	-1.05232024193	1.70144069195	-4.72465419769
11	15	0.498166562989	0.199410003618	-0.265880276057	0.943156047142	1.15053892136	-1.53101396561	5.39503479004
12	15	0.499255292118	-0.318090296216	0.28676676705	-0.903650034454	-1.80976545811	1.6406288147	-5.15953207016
13	15	0.499992478639	0.291327308224	-0.368174962141	0.882935782906	1.66571044922	-2.09031867981	5.05383348465
14	15	0.499997682869	-0.25634776234	0.294391203525	-0.9206626114	-1.4653377533	1.69236052036	-5.26027870178
15	15	0.500000394881	0.258493426064	-0.286146880221	0.922659802756	1.47185993195	-1.64339613914	5.27403736115
16	15	0.499997980893	-0.225325995669	0.326858916236	-0.917818851709	-1.31143164635	1.85309636593	-5.24735355377
17	15	0.500000268221	0.377247504212	-0.276381788821	0.88391030505	2.14268302917	-1.57081913948	5.06251573563
18	15	0.499997481704	-0.33348545136	0.224923948784	-0.915530813788	-1.90833067894	1.28803038597	-5.23266077042
19	15	0.499999798834	0.319036747245	-0.255789940678	0.912571673983	1.8270983696	-1.46929132938	5.21422433853
20	15	0.499997586012	-0.250439235356	0.388189618936	-0.886898533737	-1.45116019249	2.2055542469	-5.07129716873
21	15	0.499991200864	0.321629221074	-0.430303848453	0.843441309255	1.84546351433	-2.4308886528	4.83518362045
22	15	0.499459613115	-0.433349766663	0.291483679672	-0.852786751901	-2.47073411942	1.66999220848	-4.87060403824
23	15	0.497676663101	0.429987901336	-0.256381414769	0.865666780502	2.46904325485	-1.46807646751	4.94475030899
24	15	0.417160749435	-0.687164066969	0.169686907862	-0.706407742289	-3.32365465164	0.840333461761	-3.43525218964
25	15	0.366207960993	-0.587736043772	0.362071048612	-0.723512887659	-2.57107949257	1.57888662815	-3.18495297432
26	15	0.417948275805	-0.452223242722	0.34026986567	-0.824445606004	-2.20371770859	1.64948821068	-4.00595235825
27	15	0.498195193708	0.548442810318	-0.312102568483	0.775759286478	3.128937006	-1.78628373146	4.44678068161
28	15	0.499477446079	-0.500125780983	0.338184757594	-0.797185845915	-2.85479259491	1.9277215004	-4.55507087708
29	15	0.49999473244	0.457804913891	-0.396740305431	0.795620381126	2.62783336639	-2.25336098671	4.55030250549
0	16	0.499999314547	0.463812158549	-0.411880375996	0.784367794757	2.64582705498	-2.35995936394	4.48476886749
1	16	0.50000012666	-0.439524139534	0.477876801576	-0.760560512571	-2.52493524551	2.71750855446	-4.35027265549
2	16	0.500000275671	0.528948681875	-0.46838270788	0.707694094155	3.00061750412	-2.67427515984	4.06648683548
3	16	0.499999947846	-0.401242371207	0.529617024697	-0.747335511467	-2.30121517181	3.00833129883	-4.28309297562
4	16	0.499987564981	0.313224910891	-0.453832644138	0.834221844783	1.7914814949	-2.59229564667	4.77023267746
5	16	0.49999216944	-0.213092545531	0.439876150107	-0.872410763119	-1.24225533009	2.50461292267	-4.98756933212
6	16	0.499964080751	0.190762268423	-0.373736014653	0.907706532034	1.10561692715	-2.14505410194	5.18228816986
7	16	0.499979242682	-0.219307923252	0.342030642474	-0.913739062538	-1.25597238541	1.96110498905	-5.22093153
8	16	0.499966403469	0.215031126545	-0.307335410278	0.926987896472	1.22878265381	-1.76489090919	5.29715967178
9	16	0.499256838113	-0.193122087078	0.440215209073	-0.876877659188	-1.10886740685	2.49100351334	-5.01590681076
10	16	0.49971377477	0.187723628955	-0.357931353904	0.914682997013	1.08318710327	-2.04537367821	5.22889471054
11	16	0.49924540706	-0.177247616667	0.305558193831	-0.935530583449	-1.03053438663	1.74345123768	-5.33718681335
12	16	0.499975409359	0.294005812646	-0.237770321383	0.925756909993	1.67925071716	-1.37722790241	5.28902292252
13	16	0.499987524003	-0.245976568759	0.322856455156	-0.913925181284	-1.41714859009	1.83932840824	-5.22414112091
14	16	0.499999426305	0.222764532441	-0.337569244308	0.914561626345	1.28103244305	-1.92659950256	5.22780036926
15	16	0.499986838549	-0.180327722744	0.39143612604	-0.90236338115	-1.05905580521	2.22036767006	-5.16137886047
16	16	0.499990586191	0.351862311255	-0.267474268219	0.897023093214	1.99625968933	-1.53355658054	5.13378095627
17	16	0.499959092587	-0.360359819051	0.161199793818	-0.918779313702	-2.0571603775	0.946693181992	-5.24903106689
18	16	0.49998518452	0.315947713162	-0.233901972238	0.919492745991	1.81789922714	-1.33767592907	5.25254774094
19	16	0.499987732619	-0.33228735716	0.266623145085	-0.904708356752	-1.89719009399	1.53047847748	-5.17104768753
20	16	0.499999962747	0.386389302456	-0.360232906868	0.849079242331	2.18481516838	-2.04679346085	4.87113714218
21	16	0.499990593642	-0.296410502062	0.27611782079	-0.914275540146	-1.70664429665	1.60373497009	-5.21594381332
22	16	0.499972295016	0.428297919255	-0.316499629175	0.846397588072	2.42801380157	-1.80855441093	4.85046863556
23	16	0.49912647903	-0.408520326144	0.236765873734	-0.881506133934	-2.33468532562	1.37040734291	-5.02482843399
24	16	0.498034119606	0.487218691767	-0.235788743791	0.840845773429	2.78987073898	-1.35996639729	4.80528688431
25	16	0.417501792312	-0.507444983954	0.339752324998	-0.791876218811	-2.46293401718	1.64464330673	-3.84844279289
26	16	0.306107807904	-0.455144810224	0.301870609205	-0.837685703008	-1.66910052299	1.1154102087	-3.06693506241
27	16	0.468297660351	-0.437135957455	0.33606346165	-0.834250264875	-2.36382842064	1.81208252907	-4.50095367432
28	16	0.499814275652	0.456574500133	-0.273791580905	0.846509241564	2.60569214821	-1.59547781944	4.8327255249
29	16	0.499981369823	-0.42510776808	0.415516467849	-0.80413273187	-2.43520784378	2.36534404755	-4.59965276718
0	17	0.49999922514	-0.425352685486	0.492204059127	-0.759480254601	-2.44164919853	2.7920897007	-4.35089492798
1	17	0.500000171363	0.521950926956	-0.383690632029	0.761806227818	2.96435689926	-2.21129631996	4.3600358963
2	17	0.499999895692	-0.480140258659	0.400634039585	-0.780357417047	-2.74064493179	2.29300451279	-4.46274805069
3	17	0.49999980256	0.43866419275	-0.413914928435	0.79765165205	2.49384284019	-2.37387824059	4.56441831589
4	17	0.499999649823	-0.325649898756	0.399016351904	-0.857168649889	-1.87732243538	2.28542613983	-4.89263153076
5	17	0.499998804182	0.386071789651	-0.335113423393	0.859446081321	2.1860165596	-1.93253266811	4.91707706451
6	17	0.499999690801	-0.252530278703	0.418894155109	-0.87221335988	-1.45439827442	2.37265634537	-4.99464511871
7	17	0.49999769032	0.244561308296	-0.344418184615	0.906402714356	1.39973652363	-1.96573519707	5.18277263641
8	17	0.499987727031	-0.191204758289	0.253473480421	-0.948257314831	-1.09602284431	1.47070336342	-5.41483163834
9	17	0.499991497025	0.109575177134	-0.304673685175	0.946132774043	0.654653608799	-1.75828504562	5.40157318115
10	17	0.499963391572	-0.316269460066	0.326303773151	-0.89078587565	-1.78469920158	1.86853957176	-5.09982872009
11	17	0.499992314726	0.296866536303	-0.340787047076	0.892039488009	1.69468712807	-1.94019961357	5.10394048691
12	17	0.499987363815	-0.404177056243	0.299138102417	-0.864382613713	-2.28085660934	1.70763635635	-4.95699596405
13	17	0.499999627471	0.329800789633	-0.245170329512	0.911659447757	1.88228666782	-1.4153046608	5.20938873291
14	17	0.499987259507	-0.301135138967	0.292772969008	-0.907524995081	-1.72476816177	1.6790459156	-5.18559741974
15	17	0.499976374209	0.300141178228	-0.403194779331	0.864493633899	1.71858310699	-2.28372907639	4.95222711563
16	17	0.499239068478	-0.381587848545	0.241098273233	-0.892335327378	-2.17298293114	1.38574886322	-5.09350395203
17	17	0.499527875334	0.348496042341	-0.23762758376	0.906688281555	2.00842452049	-1.36535286903	5.1756196022
18	17	0.499292265624	-0.422189143398	0.276812300689	-0.863209868679	-2.38267374039	1.57004189491	-4.94530296326
19	17	0.499969515949	0.267671442236	-0.310141005709	0.912230538619	1.54414987564	-1.76376438141	5.21456384659
20	17	0.499988477677	-0.281458146778	0.294350979636	-0.913312001673	-1.61411166191	1.69171607494	-5.21682548523
21	17	0.499999649823	0.224846891359	-0.376621744408	0.898665642542	1.30863904953	-2.14284706116	5.13664007187
22	17	0.499987825751	-0.243949452118	0.413583081541	-0.877175979764	-1.41812419891	2.35511684418	-5.01300382614
23	17	0.499956957996	0.333151413331	-0.411164177803	0.848501122384	1.92298269272	-2.33529901505	4.8521027565
24	17	0.49917345494	-0.504109601231	0.34055661343	-0.79365905967	-2.85154509544	1.95630204678	-4.54289627075
25	17	0.497226085514	0.335621497072	-0.456539090503	0.823972250471	1.93834996223	-2.5907330513	4.70864629745
26	17	0.467864170671	-0.453582564361	0.300267227834	-0.839108127238	-2.44573402405	1.63017833233	-4.52701377869
27	17	0.498179398477	0.429646475107	-0.414595247853	0.802193671681	2.44333267212	-2.35809063911	4.59048509598
28	17	0.499580662698	-0.36796711229	0.460346704136	-0.807886821445	-2.11089801788	2.60680556297	-4.62504148483
29	17	0.499982908368	0.389602625546	-0.411893570592	0.823743577015	2.23265981674	-2.36333060265	4.70216083527
0	18	0.499998107553	0.475500733429	-0.40667332261	0.780074266455	2.70649933815	-2.33542633057	4.46124505997
1	18	0.500000678003	-0.426141880616	0.433992497003	-0.793759163808	-2.44777846336	2.47552490234	-4.53506088257
2	18	0.500000521541	0.379506655551	-0.347264874449	0.857544054476	2.18126726151	-2.01050758362	4.88804388046
3	18	0.499999072403	-0.311620162599	0.431694860614	-0.846482381141	-1.80382013321	2.46490693092	-4.83286476135
4	18	0.500000305474	0.408865166238	-0.443614219651	0.797518463712	2.32793354988	-2.52451348305	4.57099437714
5	18	0.499999124557	-0.408684681221	0.324538109537	-0.853025114984	-2.3278465271	1.86044812202	-4.87898731232
6	18	0.499999817461	0.337988391048	-0.258913653026	0.904835657892	1.93121230602	-1.50360667706	5.1670460701
7	18	0.500000070781	-0.335235712729	0.307386835741	-0.890578660268	-1.90535783768	1.7598733902	-5.094810009
8	18	0.500000014901	0.222907547958	-0.36490610888	0.903966679013	1.27766811848	-2.07451725006	5.17224693298
9	18	0.499998383224	-0.147637566041	0.435034921453	-0.888227316744	-0.862832844257	2.45842719078	-5.08986520767
10	18	0.500000488013	0.311086601303	-0.328283803836	0.891882767312	1.7641916275	-1.88566398621	5.10082244873
11	18	0.499997630715	-0.257550420006	0.303351333716	-0.917412529611	-1.47970855236	1.73774063587	-5.2413315773
12	18	0.499999843538	0.236882696428	-0.315974146322	0.918720265908	1.36932206154	-1.79852676392	5.25147438049
13	18	0.499998249114	-0.326483448777	0.269992877928	-0.905821397155	-1.86063027382	1.5403213501	-5.18165969849
14	18	0.499988097697	0.404099254917	-0.25558316828	0.878283004656	2.28448152542	-1.47144579887	5.03056812286
15	18	0.499282579869	-0.350397282022	0.366392090658	-0.861962052908	-2.00675487518	2.06728458405	-4.9290356636
16	18	0.497967753559	0.446737909256	-0.200165242873	0.871985731523	2.54781627655	-1.16717970371	4.99054861069
17	18	0.444047883153	-0.533883304585	0.411117634642	-0.738884908204	-2.70897054672	2.0836493969	-3.79902791977
18	18	0.497650407255	0.319644077071	-0.167859235851	0.932550771236	1.83577466011	-0.9824847579	5.32817316055
19	18	0.499255515635	-0.23782423648	0.261852235464	-0.935346480896	-1.37739682198	1.48852813244	-5.33620214462
20	18	0.499991063029	0.312903519973	-0.274618689034	0.909217225322	1.78602600098	-1.56903243065	5.1994843483
21	18	0.499998159707	-0.40226589123	0.348517924912	-0.846591642274	-2.28079104424	1.99258697033	-4.84948635101
22	18	0.499998107553	0.311819502723	-0.414852888914	0.854789844512	1.80505752563	-2.35882592201	4.88576936722
23	18	0.499979384243	-0.434135261764	0.392321170899	-0.810931978256	-2.46898627281	2.25198507309	-4.63856077194
24	18	0.499241333455	0.433301252264	-0.433411703428	0.790192584196	2.47104120255	-2.46488618851	4.51731491089
25	18	0.497504029423	-0.365490486048	0.405862810261	-0.837670629696	-2.09688949585	2.32099676132	-4.78523111343
26	18	0.445613190532	0.456834030524	-0.286792884618	0.842052557675	2.33974862099	-1.47486841679	4.31760549545
27	18	0.49778239429	-0.321292421448	0.355843622738	-0.877579908656	-1.85099351406	2.03824877739	-5.0140914917
28	18	0.499226719141	0.311210697219	-0.364053965809	0.877845437372	1.79456663132	-2.08573508263	5.00175285339
29	18	0.499985579401	-0.410244985635	0.434478226578	-0.801827738602	-2.34109449387	2.47167730331	-4.59304332733
0	19	0.499999910593	-0.453169671593	0.435816975379	-0.777625110655	-2.58405709267	2.48832416534	-4.45169401169
1	19	0.49999962002	0.501608876266	-0.486923426634	0.715048328329	2.85329723358	-2.77714085579	4.10246133804
2	19	0.499993607402	-0.446242370959	0.484096898099	-0.752673860056	-2.53840684891	2.76382708549	-4.31373643875
3	19	0.49999524653	0.33972744461	-0.458097122017	0.821420897091	1.95719575882	-2.62045621872	4.6891002655
4	19	0.499980896711	-0.43278799936	0.438371924383	-0.787733840534	-2.45612406731	2.49713611603	-4.51867628098
5	19	0.499993223697	0.382400804408	-0.312298510101	0.86962018455	2.1811337471	-1.79782140255	4.96971464157
6	19	0.499991938472	-0.328533996913	0.336225034905	-0.882620042133	-1.8825135231	1.9099650383	-5.04872465134
7	19	0.499999705702	0.372441639925	-0.289841199494	0.881634450283	2.11113357544	-1.66480827332	5.04546737671
8	19	0.499999504536	-0.256797615235	0.279930938888	-0.925037109668	-1.47185361385	1.60822629929	-5.28504753113
9	19	0.500000359491	0.202152474556	-0.281368702193	0.938065045963	1.1703119278	-1.62751317024	5.35466146469
10	19	0.500000309199	-0.306623567516	0.393406232878	-0.866725748883	-1.74967885017	2.22437882423	-4.9679069519
11	19	0.500000130385	0.294983042743	-0.27925829005	0.913783241219	1.67549276352	-1.60577821732	5.22487878799
12	19	0.499999405816	-0.180586299683	0.267462563924	-0.946494778256	-1.05072546005	1.53157901764	-5.40694952011
13	19	0.499999720603	0.247503042192	-0.200053832977	0.948008812204	1.42606639862	-1.15956962109	5.41378068924
14	19	0.49996141158	-0.229171643674	0.242886556488	-0.942595607041	-1.33676707745	1.40212094784	-5.37947225571
15	19	0.499690886587	0.346745835151	-0.231316788037	0.908988376921	1.97716963291	-1.35643279552	5.19241189957
16	19	0.445717945695	-0.383536524203	0.367759755295	-0.847143728648	-1.97334432602	1.87640619278	-4.34422779083
17	19	0.23398197256	-0.469060661576	0.331083553933	-0.818758680001	-1.28506159782	0.932081818581	-2.30412721634
18	19	0.445874035358	-0.357066812689	0.35293033822	-0.864837249221	-1.84163451195	1.80185127258	-4.43480110168
19	19	0.499682003632	0.341283271279	-0.202656927207	0.917853963657	1.9433324337	-1.17415940762	5.24810743332
20	19	0.499962398782	-0.268259341373	0.15946379496	-0.95005695822	-1.56155443192	0.945154488087	-5.41903591156
21	19	0.499999880791	0.453368528325	-0.334307195031	0.826254002638	2.57767939568	-1.89573693275	4.73871231079
22	19	0.499999377877	-0.495689002338	0.281678918996	-0.82155304123	-2.81680202484	1.63115167618	-4.70112419128
23	19	0.499963417649	0.444395843385	-0.462924249689	0.766950763369	2.54158782959	-2.62312793732	4.39808511734
24	19	0.499636210501	-0.410690261239	0.435026265255	-0.801302475887	-2.36422872543	2.48032546043	-4.577023983
25	19	0.44588528946	0.557087562908	-0.324207897966	0.764553913174	2.8351020813	-1.66542577744	3.93661022186
26	19	0.233618553728	0.413499633285	-0.284430501881	0.864937768208	1.16420388222	-0.810836970806	2.40666842461
27	19	0.445246055722	0.451282359303	-0.336557542381	0.826482457677	2.3024597168	-1.71797013283	4.24019432068
28	19	0.499699730426	-0.409929657267	0.317333583954	-0.855135704194	-2.32760334015	1.82562494278	-4.89382886887
29	19	0.49996182695	0.382591949838	-0.347341007332	0.856141124199	2.20135831833	-2.00155210495	4.88157272339
0	20	0.499998651445	0.335706180126	-0.433559575879	0.836258007309	1.94508218765	-2.48380875587	4.76841449738
1	20	0.499994650483	-0.475736757792	0.495005181001	-0.727079368479	-2.69472837448	2.82476806641	-4.1783208847
2	20	0.499985069036	0.34798784036	-0.568977372913	0.745096780341	2.00258493423	-3.23206686974	4.27025985718
3	20	0.499601490796	-0.395067204477	0.502420966715	-0.769087170711	-2.24829864502	2.86430215836	-4.40173530579
4	20	0.49980821833	0.316867044494	-0.387609034415	0.865652651214	1.81623888016	-2.23049759865	4.94127893448
5	20	0.49945249781	-0.281596305402	0.331788474945	-0.900344338949	-1.61680805683	1.90276730061	-5.13619184494
6	20	0.499974887818	0.290677861749	-0.276851081113	0.915892930192	1.6678082943	-1.6052467823	5.22782516479
7	20	0.499989580363	-0.296017124424	0.353250964182	-0.887461333441	-1.69388401508	2.00841212273	-5.07730770111
8	20	0.499999776483	0.281358945993	-0.285153569703	0.916255742244	1.61214780807	-1.63895344734	5.23420143127
9	20	0.500000365078	-0.296747807759	0.306348811447	-0.904483910479	-1.69345021248	1.74467861652	-5.17407941818
10	20	0.500000517815	0.375868629426	-0.284903963447	0.881789376793	2.12116122246	-1.63553857803	5.05140542984
11	20	0.49999861978	-0.257654965262	0.291048841461	-0.921360130872	-1.47138023376	1.66726076603	-5.26694869995
12	20	0.500000065193	0.195505887008	-0.304578367798	0.932206772135	1.13358712196	-1.73436570168	5.32877540588
13	20	0.499996904284	-0.412680972016	0.227978749816	-0.881884405673	-2.31827807426	1.33286702633	-5.05566072464
14	20	0.499979887158	0.305044969782	-0.457557328583	0.835217850307	1.73418307304	-2.5840010643	4.79846096039
15	20	0.499262142926	-0.309947647537	0.474407948817	-0.823935406379	-1.75737404823	2.68315291405	-4.72365140915
16	20	0.498077895492	0.213975098091	-0.414739378663	0.884424052807	1.23542118073	-2.37330174446	5.05976676941
17	20	0.446045506746	-0.373741936766	0.326729237372	-0.868081200204	-1.91566610336	1.6793589592	-4.45395183563
18	20	0.498359449208	0.305718738358	-0.359492046719	0.881647050334	1.76023757458	-2.05084753036	5.04814338684
19	20	0.499253626913	-0.35528841793	0.285152322624	-0.890201265438	-2.01841664314	1.63730502129	-5.08259010315
20	20	0.49999235943	0.370873793617	-0.315217968971	0.873550377051	2.10831832886	-1.78536725044	5.00572776794
21	20	0.499998126179	-0.414748409376	0.280843993805	-0.86551164525	-2.37617540359	1.59886312485	-4.94783735275
22	20	0.499997958541	0.489670478414	-0.218178780985	0.844168728453	2.78837275505	-1.26202249527	4.8292517662
23	20	0.499991305172	-0.442786510594	0.379624343946	-0.812296413583	-2.54384064674	2.15737056732	-4.64395236969
24	20	0.499257788062	0.497374821115	-0.39473242179	0.772531295488	2.82663393021	-2.25153422356	4.41887664795
25	20	0.49821741879	-0.495578807886	0.424660691852	-0.757670734535	-2.82810020447	2.41878437996	-4.35164356232
26	20	0.444962345064	0.405164041746	-0.261631439765	0.876008612402	2.07372903824	-1.35290288925	4.48035907745
27	20	0.497769225389	-0.212098214726	0.414819983098	-0.884838250152	-1.22592520714	2.36407327652	-5.06316137314
28	20	0.499244466424	0.232194839689	-0.373590708415	0.898062101977	1.35644984245	-2.13545966148	5.11863994598
29	20	0.499989971519	-0.487727728892	0.43378983854	-0.757593583955	-2.75757789612	2.47432374954	-4.35601806641
0	21	0.49999910593	-0.310853303061	0.437146706554	-0.843962665599	-1.793156147	2.49297094345	-4.82238101959
1	21	0.499995913357	0.298691892461	-0.378659304023	0.876013861109	1.71926426888	-2.18092107773	4.9981007576
2	21	0.499616272748	-0.259684383619	0.464119278491	-0.846851413317	-1.50712013245	2.66012191772	-4.82657194138
3	21	0.498798370361	0.434437232641	-0.501809406871	0.747964979174	2.45677924156	-2.8718996048	4.29132270813
4	21	0.467966292053	-0.19398819202	0.493225135794	-0.847996195026	-1.06498205662	2.65899705887	-4.57081413269
5	21	0.498135332018	0.248538833123	-0.445194412353	0.860250186654	1.42849850655	-2.54329752922	4.92374420166
6	21	0.499155994505	-0.336416357998	0.425686613536	-0.840008893482	-1.9065374136	2.41100645065	-4.8098449707
7	21	0.4999740161	0.257000256776	-0.380333226676	0.88842416936	1.4847214222	-2.16378378868	5.07950305939
8	21	0.499989300966	-0.334574258982	0.337383956915	-0.879904614628	-1.89789891243	1.91856980324	-5.03997659683
9	21	0.499999871477	0.284316654966	-0.255454592995	0.924070879655	1.61996030807	-1.46992003918	5.28197431564
10	21	0.49999207817	-0.220652532306	0.244661142779	-0.944168091603	-1.26503133774	1.4072893858	-5.39520549774
11	21	0.499993860722	0.141698545533	-0.341279647083	0.929219954952	0.826311707497	-1.93663680553	5.31537437439
12	21	0.499980725348	-0.169699704174	0.304794337947	-0.937177903047	-0.97641402483	1.74925625324	-5.35405397415
13	21	0.499983523041	0.24720570191	-0.376741825968	0.892723326406	1.40696418285	-2.13272190094	5.11524629593
14	21	0.499953910708	-0.085759533259	0.349298665686	-0.933078637953	-0.518372535706	2.00935196877	-5.32820129395
15	21	0.499278396368	0.193335012586	-0.389223296085	0.900625781717	1.09114658833	-2.23288536072	5.14067745209
16	21	0.498937472701	-0.151889606288	0.37808317654	-0.913226510302	-0.885694026947	2.1571893692	-5.21154928207
17	21	0.498939216137	0.252803907569	-0.349772739746	0.902080492444	1.44483268261	-1.99473559856	5.15077781677
18	21	0.499222822487	-0.326003520318	0.319426616974	-0.889768700904	-1.84375858307	1.84130167961	-5.07926177979
19	21	0.499962572008	0.252475091657	-0.419258999149	0.872054023399	1.45508360863	-2.369815588	4.99582862854
20	21	0.499987930059	-0.231374865703	0.257409205897	-0.938193035702	-1.35132408142	1.48146808147	-5.35498809814
21	21	0.499999921769	0.440701565834	-0.15788669432	0.883659392316	2.49857187271	-0.916208148003	5.0607509613
22	21	0.499999597669	-0.41899094977	0.133701168405	-0.898092746646	-2.40145850182	0.780963897705	-5.12956523895
23	21	0.499987799674	0.526718985036	-0.240217269479	0.815391178666	2.98444652557	-1.37937760353	4.67825508118
24	21	0.49997792393	-0.443860018082	0.311606515937	-0.840172401102	-2.53311944008	1.78278136253	-4.80593729019
25	21	0.499268583953	0.354109633195	-0.348991730226	0.867646898175	2.02488803864	-1.99929821491	4.94954681396
26	21	0.499667193741	-0.281553344946	0.385693348538	-0.878617297145	-1.61840605736	2.19339752197	-5.02650880814
27	21	0.49924249202	0.242331848155	-0.396084922434	0.885659082035	1.38537418842	-2.25535511971	5.05726051331
28	21	0.499975968152	-0.279001447699	0.331228511682	-0.901357789799	-1.60349845886	1.91517996788	-5.14374732971
29	21	0.49998755008	0.488951548008	-0.457170049201	0.742914483513	2.75746965408	-2.60503077507	4.28007602692
0	22	0.500000394881	0.354810010413	-0.366574967101	0.860077118638	2.00756287575	-2.10900092125	4.92023944855
1	22	0.499979682267	-0.303717669398	0.327475133002	-0.894715381873	-1.73912858963	1.90188395977	-5.10371589661
2	22	0.499811142683	0.287949563229	-0.521827777608	0.80298245283	1.64676260948	-2.96931672096	4.59979438782
3	22	0.467787608504	-0.316381685447	0.576016004961	-0.75372952121	-1.69937443733	3.09813737869	-4.07234716415
4	22	0.30576121062	-0.265763546041	0.581420638478	-0.768973197678	-0.956759512424	2.11857867241	-2.82814979553
5	22	0.417386636138	-0.104706469949	0.573841402143	-0.812245406474	-0.531824469566	2.78251004219	-3.94418215752
6	22	0.497967686504	0.317775486913	-0.309204645669	0.896332096387	1.81087696552	-1.78494906425	5.12368059158
7	22	0.499166412279	-0.297065081991	0.250524460916	-0.9214064421	-1.69024014473	1.45255494118	-5.25479507446
8	22	0.499977370724	0.285948659639	-0.268017748691	0.919999918716	1.63369488716	-1.5319480896	5.26018619537
9	22	0.499981286004	-0.199648705589	0.28044008661	-0.938878986973	-1.15361595154	1.59411692619	-5.36763095856
10	22	0.49997889623	0.126651481973	-0.209623386853	0.969544964299	0.744100689888	-1.21402204037	5.53731012344
11	22	0.499469667673	-0.151682835327	0.297837528848	-0.942488792441	-0.871995210648	1.69957256317	-5.3819437027
12	22	0.499799055979	0.168953369928	-0.319668223645	0.932344885534	0.971101522446	-1.81411862373	5.33344507217
13	22	0.499585540965	-0.225447058184	0.262461562268	-0.938236405331	-1.27160191536	1.50970935822	-5.36158657074
14	22	0.499258413911	0.00310984405167	-0.34663287484	0.937995724377	0.0513564944267	-1.97791922092	5.35651159286
15	22	0.497424397618	-0.026161884746	0.499211550882	-0.866085090076	-0.167603880167	2.82999181747	-4.9664721489
16	22	0.444997381419	0.246975049313	-0.303382935924	0.920305448863	1.25484323502	-1.55604720116	4.71257019043
17	22	0.49832418561	-0.212089500171	0.319700777147	-0.923476830792	-1.2189104557	1.83892416954	-5.28398990631
18	22	0.49924845621	0.211891949926	-0.434114961157	0.875583235367	1.22877907753	-2.45334506035	5.00645542145
19	22	0.499978821725	-0.261062648137	0.378352478042	-0.888085410367	-1.49683117867	2.15464305878	-5.07957839966
20	22	0.499997284263	0.272312756643	-0.278675351954	0.92097003794	1.56675934792	-1.58455848694	5.26528549194
21	22	0.49999996461	-0.352607571671	0.142601472934	-0.924841997488	-2.01490068436	0.820532202721	-5.28712892532
22	22	0.5	0.313718755484	-0.141309392945	0.938942063134	1.80452489853	-0.816462039948	5.36299133301
23	22	0.50000018999	-0.364530149461	0.209330653725	-0.907357948962	-2.08939027786	1.19864690304	-5.18515539169
24	22	0.49998736009	0.3283369164	-0.261962025863	0.907507997945	1.88066649437	-1.50068128109	5.18638801575
25	22	0.499988418072	-0.225290909611	0.371418156849	-0.900717801983	-1.31118094921	2.10978078842	-5.14957761765
26	22	0.499962691218	0.281510971371	-0.304727976516	0.90988594523	1.59878396988	-1.75721168518	5.19952917099
27	22	0.499988175929	-0.228553550829	0.364500583185	-0.902719557372	-1.31667804718	2.0810918808	-5.15930938721
28	22	0.499986715615	0.266392456855	-0.401856882038	0.87609708668	1.51993823051	-2.29427504539	5.01045322418
29	22	0.500000007451	-0.255163470262	0.443872010859	-0.85899315563	-1.47719812393	2.52774333954	-4.91143608093
0	23	0.499998431653	-0.206107242459	0.442062964938	-0.872983470425	-1.19571208954	2.52330064774	-4.98909664154
1	23	0.499991785735	0.313402579702	-0.465098781362	0.827926292983	1.78216409683	-2.65498352051	4.73933506012
2	23	0.499487210065	-0.274255667403	0.498581314477	-0.822314113798	-1.55972027779	2.84293961525	-4.70159292221
3	23	0.498095542192	0.104540961911	-0.530754149349	0.841053636953	0.627893090248	-3.03703022003	4.81010580063
4	23	0.417918257415	-0.221575448359	0.566701143472	-0.793570497607	-1.08500552177	2.75917363167	-3.85183620453
5	23	0.365912396461	-0.231606817029	0.64435115128	-0.728814020275	-1.0146009922	2.80249881744	-3.21312856674
6	23	0.418841762468	-0.301962904197	0.310664539933	-0.901280171821	-1.4590972662	1.53960609436	-4.38382434845
7	23	0.498234152794	0.231082329297	-0.375320127224	0.897627851165	1.329631567	-2.12827467918	5.14475393295
8	23	0.499476969242	-0.299907228676	0.180110624282	-0.936811516373	-1.70449542999	1.05040347576	-5.34904289246
9	23	0.499972485006	0.276309803452	-0.242134785835	0.930066469671	1.57040441036	-1.37569618225	5.32248163223
10	23	0.499163527042	-0.219286040024	0.242084660135	-0.945150067438	-1.25435841084	1.3783737421	-5.39484834671
11	23	0.498309090734	0.238343324276	-0.305983448936	0.921719365507	1.35783982277	-1.74171102047	5.28147554398
12	23	0.468247834593	-0.203818227327	0.177153042745	-0.962847303395	-1.10455048084	0.970676600933	-5.192486763
13	23	0.498957289383	0.218383486776	-0.15738965068	0.963087301631	1.24785614014	-0.913094162941	5.50564527512
14	23	0.499299963936	-0.168923149563	0.221538541965	-0.960409102396	-0.97054463625	1.28092324734	-5.4840722084
15	23	0.444787215441	0.219806938144	-0.257423931862	0.940966433646	1.12674069405	-1.32092702389	4.81308698654
16	23	0.233220768161	0.234229366076	-0.268730184084	0.934302248863	0.655561625957	-0.764874577522	2.60081720352
17	23	0.445966970176	0.177401491426	-0.346316313201	0.921191468724	0.926948189735	-1.76901447773	4.724650383
18	23	0.499658916146	-0.3301656351	0.328168794218	-0.885040053275	-1.8733754158	1.8750411272	-5.06669330597
19	23	0.499962083995	0.35275900218	-0.273537961127	0.894839689667	2.00759196281	-1.56829929352	5.11769199371
20	23	0.499999538064	-0.371090788845	0.19941781037	-0.906931178944	-2.11113357544	1.14053952694	-5.18943691254
21	23	0.500000217929	0.366973443956	-0.0500298190236	0.928885089039	2.08820104599	-0.319520413876	5.31316232681
22	23	0.499999456108	-0.259644658674	0.204729593577	-0.943753381311	-1.50335597992	1.15133023262	-5.39484357834
23	23	0.499999348074	0.368259288577	-0.213803607077	0.904805566947	2.09703922272	-1.21843147278	5.17692804337
24	23	0.499987788498	-0.309113898412	0.187391496297	-0.932380300588	-1.77360844612	1.09263658524	-5.32415914536
25	23	0.499986622483	0.277922409117	-0.353903543227	0.893034947022	1.58804512024	-2.01011037827	5.11122703552
26	23	0.499965112656	-0.209437474224	0.330362136753	-0.920324292296	-1.2100417614	1.88319325447	-5.25990962982
27	23	0.499978519976	0.282728932759	-0.302229383098	0.910341557094	1.59444046021	-1.75031113625	5.20433044434
28	23	0.499985728413	-0.241626545983	0.422155874592	-0.873728235679	-1.38343322277	2.40417385101	-4.99878311157
29	23	0.499997213483	0.194148562919	-0.372989212114	0.907295642645	1.11910557747	-2.14669847488	5.17903709412
0	24	0.49996111542	0.221438703906	-0.489310787375	0.843528217531	1.26559686661	-2.78352165222	4.83043813705
1	24	0.499983336776	-0.318987112684	0.521536935699	-0.791357344467	-1.80791509151	2.96507692337	-4.54183769226
2	24	0.499951317906	0.285607446383	-0.394853681021	0.873223314597	1.6225386858	-2.28717851639	4.98256540298
3	24	0.499141152948	-0.217337487215	0.503495893444	-0.836215463823	-1.24700188637	2.87451338768	-4.77126741409
4	24	0.497331079096	0.29088124343	-0.525265557038	0.799677558026	1.65785861015	-2.99898099899	4.56958436966
5	24	0.415788248181	-0.199138780368	0.577262245481	-0.791904063695	-0.965894758701	2.795814991	-3.83602142334
6	24	0.306891430169	-0.196848552672	0.502287133161	-0.841996605202	-0.733127713203	1.81996750832	-3.1046462059
7	24	0.468366809189	-0.126285376545	0.330063745033	-0.935473103775	-0.697953164577	1.77289915085	-5.05099582672
8	24	0.499746823683	0.280714674459	-0.157632456678	0.946758300806	1.59415602684	-0.916076123714	5.41321468353
9	24	0.499128580093	-0.237719865884	0.12665747658	-0.963040574945	-1.36631274223	0.742861866951	-5.49144649506
10	24	0.498105261475	0.274390717893	-0.157973225835	0.948553737989	1.56267809868	-0.914173901081	5.42683076859
11	24	0.417605243623	-0.274207563712	0.326012475316	-0.904724310462	-1.3362531662	1.56705975533	-4.39831638336
12	24	0.306091854349	-0.319025063964	0.197394971783	-0.926961829677	-1.14938354492	0.715335547924	-3.40443468094
13	24	0.467903876677	-0.275217021478	0.137180651202	-0.951544565443	-1.48118853569	0.752271413803	-5.13083744049
14	24	0.499027818441	0.302509620112	-0.349125917135	0.886904179562	1.71279752254	-1.96385443211	5.07946109772
15	24	0.498319100589	-0.308791331367	0.326019750846	-0.893509393197	-1.75983572006	1.85270214081	-5.12493658066
16	24	0.446172274649	0.33559137874	-0.275815730829	0.900724213698	1.71059346199	-1.41374027729	4.62691879272
17	24	0.498343225569	-0.33244983579	0.340682793524	-0.879438651004	-1.89739155769	1.93196177483	-5.04583930969
18	24	0.499251507223	0.299889905771	-0.241085550879	0.923008018153	1.72380280495	-1.38796269894	5.2618560791
19	24	0.499991107732	-0.318382951838	0.259253759216	-0.911822232845	-1.82133746147	1.46733689308	-5.21685028076
20	24	0.499996671453	0.331791543141	-0.182965783255	0.925439297879	1.89697098732	-1.0526753664	5.28907728195
21	24	0.500000026077	-0.324372486998	0.155118877432	-0.933124120116	-1.85200834274	0.88019824028	-5.33650398254
22	24	0.499999441206	0.254044037165	-0.0991212618596	0.962100100108	1.47299313545	-0.585454702377	5.49339485168
23	24	0.499989934266	-0.415351377332	0.194717936207	-0.888576478795	-2.34932684898	1.11356925964	-5.0921163559
24	24	0.499962113798	0.352454787743	-0.234525907218	0.905965353333	2.00648474693	-1.3476588726	5.18125629425
25	24	0.499279394746	-0.340422799191	0.330029982167	-0.880450185225	-1.92361140251	1.8724604845	-5.03870677948
26	24	0.49949852936	0.198019259665	-0.253824506154	0.946763694317	1.13108873367	-1.48834621906	5.40272521973
27	24	0.499286297709	-0.08469802198	0.427531810193	-0.900023775434	-0.522489249706	2.42328596115	-5.14405870438
28	24	0.499951645732	0.269459923491	-0.45916012838	0.84650063564	1.51634180546	-2.62006139755	4.85015535355
29	24	0.49997632578	-0.190351234133	0.395043569072	-0.898725200603	-1.09377026558	2.27495408058	-5.12958908081
0	25	0.499687816948	-0.155266762317	0.373318444755	-0.914617718681	-0.899997591972	2.15667057037	-5.2191619873
1	25	0.499232854694	0.223790082036	-0.471447398125	0.853027168374	1.27531754971	-2.68217945099	4.87506103516
2	25	0.499954704195	-0.167528212088	0.490480653014	-0.855197653863	-0.979855418205	2.80377721786	-4.88540458679
3	25	0.499226115644	0.280497459848	-0.560395231211	0.779280668216	1.59493780136	-3.17888736725	4.46589422226
4	25	0.497357588261	-0.377727358485	0.458627549507	-0.804352418711	-2.14973211288	2.63406944275	-4.59408473969
5	25	0.442329272628	0.495653440786	-0.422983749011	0.758559433868	2.53208613396	-2.17531204224	3.88543272018
6	25	0.464416189119	-0.0169872436854	0.290480586205	-0.956730088682	-0.0992248803377	1.56891894341	-5.15472173691
7	25	0.498089518398	0.176479917185	-0.246082465694	0.953046829337	1.0088583231	-1.41751420498	5.43764638901
8	25	0.499056382105	-0.263762338628	0.217553608605	-0.939733928357	-1.50244069099	1.24634861946	-5.36217260361
9	25	0.498288718984	0.264800194022	-0.245647553116	0.932490287828	1.51550602913	-1.3977394104	5.34031963348
10	25	0.417500440031	-0.205092252258	0.215112505455	-0.954810859836	-1.00516438484	1.04432487488	-4.63382053375
11	25	0.365551151335	-0.310211781443	0.17255318313	-0.934876488979	-1.34841918945	0.75915658474	-4.09597682953
12	25	0.417797015049	-0.206830138105	-0.0500855215112	-0.977094025417	-1.0183609724	-0.211864963174	-4.7467546463
13	25	0.497824704275	0.235081969337	-0.241286312195	0.941550520811	1.35367262363	-1.36955833435	5.38569974899
14	25	0.4994552508	-0.231286655493	0.231157123853	-0.945025326159	-1.32963180542	1.32233774662	-5.39476633072
15	25	0.499250305817	0.203627903103	-0.138775679965	0.969163034648	1.19519495964	-0.817890048027	5.52320432663
16	25	0.499660987407	-0.364155320355	0.162425887486	-0.917065283244	-2.06982326508	0.934646129608	-5.24757528305
17	25	0.499242320657	0.303080934785	-0.190114684194	0.933808520963	1.74942350388	-1.09764277935	5.32190656662
18	25	0.499966479838	-0.400620505894	0.226872163907	-0.887711795292	-2.2781226635	1.28828275204	-5.08365678787
19	25	0.499951742589	0.287160578087	-0.0918372942641	0.953469828455	1.6689426899	-0.560958206654	5.44035339355
20	25	0.499991444871	-0.315983315965	0.235367975872	-0.919106337681	-1.81378388405	1.33024382591	-5.25627088547
21	25	0.499986777082	0.299508958844	-0.163655218399	0.939952846191	1.72508978844	-0.937301754951	5.36923742294
22	25	0.499990161508	-0.316403285927	0.123794897158	-0.940512511396	-1.80955910683	0.712977051735	-5.37588119507
23	25	0.499973291531	0.298320972817	-0.223510693511	0.927926487963	1.71141266823	-1.27171015739	5.30497074127
24	25	0.49916842021	-0.217832945495	0.327588450258	-0.919366420485	-1.25282251835	1.8480373621	-5.25360441208
25	25	0.497634427622	0.224701813242	-0.292618666718	0.929453286085	1.29018211365	-1.68698549271	5.31095457077
26	25	0.450971480459	-0.0675929505066	0.55901994751	-0.826394513128	-0.371943980455	2.87674379349	-4.30634355545
27	25	0.498209711164	0.175600527933	-0.382550648528	0.907093962002	0.997184872627	-2.20786333084	5.18214130402
28	25	0.499260798097	-0.16800912675	0.518609847729	-0.838341672093	-0.97166287899	2.94437599182	-4.79372692108
29	25	0.499248728156	0.15832485241	-0.509619996325	0.84570721911	0.913355588913	-2.88070559502	4.84403371811
0	26	0.445744091645	0.199661395609	-0.335637487582	0.920588292362	1.01962685585	-1.72010183334	4.71997928619
1	26	0.498359270394	-0.213151531328	0.344877136177	-0.914125913447	-1.22064352036	1.99737918377	-5.22675848007
2	26	0.499197434634	0.212514860606	-0.525757781626	0.823660238861	1.21251893044	-2.98167467117	4.7139005661
3	26	0.499599318951	-0.249961120097	0.46099524955	-0.851470973276	-1.42972147465	2.65060973167	-4.86028671265
4	26	0.445826597512	0.402039515726	-0.552054889434	0.730479039294	2.05774021149	-2.8155298233	3.76067447662
5	26	0.235257297754	0.394312074528	-0.470451123465	0.789426201942	1.10562455654	-1.30875444412	2.23167419434
6	26	0.444859966636	0.389013463177	-0.351013967311	0.851738058455	1.9879295826	-1.81055521965	4.3593916893
7	26	0.499242626131	-0.234917525958	0.361525219472	-0.902282257214	-1.36284995079	2.06027531624	-5.15250778198
8	26	0.499757822603	0.291173657089	-0.282918238105	0.913879188933	1.66238832474	-1.63039469719	5.22088479996
9	26	0.468382373452	-0.334328062869	0.338572843659	-0.879541457758	-1.79795479774	1.82447469234	-4.75199604034
10	26	0.306468950585	-0.238216715656	0.22196997702	-0.945506280087	-0.882397890091	0.831327199936	-3.46275138855
11	26	0.417364532128	-0.298392920084	0.30326915184	-0.904980379227	-1.44320762157	1.4588714838	-4.39911603928
12	26	0.497961521149	0.162402346668	-0.132391851723	0.977802574855	0.959261417389	-0.762444138527	5.58741378784
13	26	0.499155528843	-0.332358000108	0.17837816729	-0.926131410329	-1.87265634537	1.02972817421	-5.29292106628
14	26	0.499959595501	0.290073295979	-0.216008008803	0.932307901443	1.66691017151	-1.23670470715	5.32682752609
15	26	0.499982751906	-0.384472758452	0.207991922872	-0.899399832126	-2.18520998955	1.18250846863	-5.14926719666
16	26	0.499949656427	0.412218349268	-0.141488523443	0.900031682921	2.35204148293	-0.829795956612	5.14381837845
17	26	0.499965451658	-0.398468553265	0.219894293728	-0.890432092663	-2.2804145813	1.26109671593	-5.08937263489
18	26	0.49922323972	0.493191265374	-0.220911250323	0.841403942967	2.80259346962	-1.25796556473	4.81072235107
19	26	0.499695561826	-0.499056576092	0.181244911816	-0.847403573158	-2.83309531212	1.04417300224	-4.85694694519
20	26	0.499243959785	0.429150470852	-0.258647890772	0.865408078288	2.44856452942	-1.46054494381	4.94544410706
21	26	0.499965824187	-0.427628444024	0.170022730373	-0.887821032088	-2.43657684326	0.970036268234	-5.08029079437
22	26	0.49996124953	0.401766284963	-0.0715358046088	0.912943854202	2.29717540741	-0.435475856066	5.2178940773
23	26	0.499135343358	-0.334394898318	0.159888923637	-0.928771007341	-1.90124166012	0.920299351215	-5.30295658112
24	26	0.497807091102	0.110491217312	-0.224671075022	0.968150091125	0.659913420677	-1.29825115204	5.53413248062
25	26	0.419230815023	-0.163304394335	0.434312300187	-0.885835481733	-0.797955214977	2.11442255974	-4.32180404663
26	26	0.269513750449	-0.245443868883	0.436427739149	-0.865614311186	-0.764094233513	1.4101010561	-2.79878687859
27	26	0.452397376299	-0.125371468325	0.522417921664	-0.843422497953	-0.664784967899	2.70946264267	-4.39619684219
28	26	0.498969532549	0.261347960944	-0.492707072312	0.830022279342	1.47056663036	-2.79942417145	4.75411605835
29	26	0.498285513371	-0.237600203865	0.277213900094	-0.930966485282	-1.3545345068	1.62193286419	-5.32325172424
0	27	0.232596359216	0.151405031176	-0.320537787841	0.935057240548	0.455471813679	-0.901815652847	2.59174752235
1	27	0.445534428582	0.258064444596	-0.345785354002	0.902128167941	1.31382918358	-1.77408456802	4.62423610687
2	27	0.499605137855	-0.200511630028	0.491917632056	-0.847237941487	-1.15604162216	2.80331993103	-4.84732198715
3	27	0.499182146043	0.143452184726	-0.45747624734	0.87757447195	0.844130754471	-2.61608982086	5.00234889984
4	27	0.498054400086	-0.242976820646	0.511578381482	-0.82416613873	-1.38992798328	2.91959190369	-4.72238302231
5	27	0.446137096733	0.419931411013	-0.365081646469	0.83088687645	2.14504384995	-1.8866546154	4.26329374313
6	27	0.498203475028	-0.35186151456	0.432014062688	-0.830395884029	-2.01885509491	2.47205924988	-4.75217008591
7	27	0.499238345772	0.416170489448	-0.452029953439	0.788968342145	2.35515594482	-2.56705474854	4.52313327789
8	27	0.499599643052	-0.292258019615	0.413269120648	-0.862434857766	-1.68839728832	2.35532093048	-4.92377996445
9	27	0.49891506508	0.359926043849	-0.494466154037	0.791174105663	2.04758310318	-2.80524373055	4.54340171814
10	27	0.468583784997	-0.347209141362	0.363066683023	-0.864655073329	-1.86889338493	1.95879292488	-4.6727604866
11	27	0.498311601579	0.340567233591	-0.353379689357	0.871284542818	1.94834446907	-2.00404000282	4.99636173248
12	27	0.49916950427	-0.332075314567	0.129600670816	-0.934307043524	-1.88593864441	0.773993432522	-5.33287525177
13	27	0.499971495941	0.239702685281	-0.287238136546	0.927381731318	1.40174651146	-1.62149083614	5.30109024048
14	27	0.499989252537	-0.351181382498	0.268884832452	-0.896868208526	-2.0029797554	1.53007340431	-5.1312456131
15	27	0.499996364117	0.416334337001	-0.208238800433	0.885043683571	2.38016748428	-1.19395589828	5.05902194977
16	27	0.499990962446	-0.444683280871	0.2865780446	-0.848604621757	-2.53479003906	1.62815117836	-4.859187603
17	27	0.499264106154	0.400394629153	-0.385005774756	0.831537548371	2.29533910751	-2.16072320938	4.76042890549
18	27	0.498296894133	-0.498863482933	0.20586563382	-0.841875623954	-2.84838151932	1.19557094574	-4.82156848907
19	27	0.445523347706	0.435110728883	-0.280133784044	0.855689030342	2.23604631424	-1.42820107937	4.38337421417
20	27	0.498360082507	-0.458962530708	0.215743456846	-0.861863188815	-2.62465858459	1.23457503319	-4.93742370605
21	27	0.49921298027	0.442775602758	-0.141145771962	0.885453350922	2.53525114059	-0.822686970234	5.04774284363
22	27	0.499113798141	-0.528807957321	0.226342922326	-0.818004294479	-2.99313092232	1.26660084724	-4.69293022156
23	27	0.497831571847	0.387961950468	-0.220028714777	0.895026753602	2.22629952431	-1.25313615799	5.11892604828
24	27	0.403811512515	-0.237066079577	0.359643324685	-0.902472355767	-1.11643815041	1.6848732233	-4.23344135284
25	27	0.317079528235	-0.0955496914325	0.407748963467	-0.908080965145	-0.384983420372	1.53940749168	-3.45111775398
26	27	0.419963365421	-0.156759466501	0.400668666031	-0.902713182425	-0.773430109024	1.96065795422	-4.40673732758
27	27	0.498167108744	0.148766930516	-0.407525122097	0.900994825315	0.849888086319	-2.33268928528	5.15799808502
28	27	0.498994797468	-0.137170895651	0.433612130752	-0.890597925807	-0.80418920517	2.47741317749	-5.08182382584
29	27	0.445122167468	0.176872797369	-0.347810873705	0.920729933087	0.908916592598	-1.78147959709	4.71328830719
0	28	0.44570581615	0.306862182255	-0.355648721439	0.882807786576	1.56596755981	-1.81696867943	4.53064918518
1	28	0.498154383153	-0.305302619617	0.209429329467	-0.928940076869	-1.75338459015	1.23640680313	-5.30908727646
2	28	0.499289382249	0.340082762899	-0.457943760645	0.82135937717	1.92388939857	-2.59660243988	4.70727396011
3	28	0.499969214201	-0.259813375376	0.424346647237	-0.867425462477	-1.48831903934	2.42580151558	-4.95907306671
4	28	0.499241173267	0.223825278604	-0.471540949731	0.852966222886	1.29185020924	-2.67524504662	4.87475252151
5	28	0.49969432503	-0.318174662633	0.368424652088	-0.873514830894	-1.81284928322	2.11535406113	-4.99358177185
6	28	0.499246295542	0.291805365026	-0.41014901542	0.864076046475	1.68577766418	-2.33770275116	4.92749786377
7	28	0.499969623983	-0.456539903362	0.380468670604	-0.804248038435	-2.58564758301	2.17843437195	-4.61089706421
8	28	0.499975956976	0.389680165947	-0.324082369613	0.862044074264	2.21693110466	-1.86733567715	4.92809724808
9	28	0.499615781009	-0.287104510434	0.434818005916	-0.853524634571	-1.65087389946	2.46141624451	-4.88486433029
10	28	0.499795496464	0.271239384951	-0.303598968652	0.913376626745	1.56654691696	-1.74195706844	5.21494245529
11	28	0.499472625554	-0.338607116935	0.326491480564	-0.882467298816	-1.93568730354	1.85758316517	-5.04142141342
12	28	0.499979306012	0.399563607065	-0.260745014517	0.878840691658	2.27556228638	-1.485855937	5.02999258041
13	28	0.499989651144	-0.419589023998	0.231791962167	-0.877620383318	-2.38058924675	1.32800495625	-5.02545070648
14	28	0.499999787658	0.360038261504	-0.271010322264	0.89270703788	2.06943202019	-1.53176414967	5.10484838486
15	28	0.500000145286	-0.49679127323	0.11542276106	-0.860160460073	-2.81793355942	0.692907452583	-4.92699289322
16	28	0.499964222312	0.426107032706	-0.266220166039	0.864615301665	2.43636488914	-1.50904011726	4.94648504257
17	28	0.499661490321	-0.376276571454	0.251716752702	-0.891658352837	-2.15775537491	1.44863820076	-5.09324216843
18	28	0.445396766067	0.482309978548	-0.308650843145	0.819824213853	2.46464061737	-1.57742333412	4.20425033569
19	28	0.232283586636	0.454556656	-0.284225098987	0.844153030908	1.26952636242	-0.788616061211	2.34135103226
20	28	0.445594985038	0.469745186274	-0.188421894963	0.862459650923	2.40815377235	-0.980459153652	4.41628265381
21	28	0.499122727662	-0.481547720994	0.221687758967	-0.847918822724	-2.74448776245	1.25808942318	-4.84903860092
22	28	0.4979740493	0.463528480773	-0.0534989172281	0.88446549586	2.66247415543	-0.335189312696	5.05208444595
23	28	0.41631327197	-0.460250347953	0.0364028321787	-0.887042530558	-2.23991894722	0.184747725725	-4.28554439545
24	28	0.329798646271	-0.462569214466	0.28463849834	-0.839649121414	-1.80989408493	1.11336660385	-3.32668948174
25	28	0.404211264104	-0.229244652973	0.35254730341	-0.907280159566	-1.08430147171	1.65370392799	-4.25825023651
26	28	0.498071670532	0.271161592987	-0.348533199027	0.897215692944	1.53564476967	-2.01125073433	5.13496112823
27	28	0.499146113172	-0.0994832786823	0.322557984744	-0.941307295064	-0.601030886173	1.86953294277	-5.36073207855
28	28	0.499207843095	0.283466325714	-0.482217346096	0.828922959816	1.61340713501	-2.73605036736	4.7445898056
29	28	0.498128946871	-0.388043529805	0.417760531035	-0.821521976386	-2.19854903221	2.39479541779	-4.71197986603
0	29	0.499701771885	-0.440804847986	0.283307735273	-0.851720501765	-2.49401283264	1.6457734108	-4.87653303146
1	29	0.499284371734	0.379433673398	-0.417584015259	0.82562320564	2.15940833092	-2.35905456543	4.72964906693
2	29	0.499975346029	-0.301747066739	0.408391704975	-0.861489943657	-1.73881924152	2.33775162697	-4.91920089722
3	29	0.499975413084	0.367601864554	-0.292443072429	0.882805708276	2.08470821381	-1.69633412361	5.04603433609
4	29	0.499991100281	-0.290218958464	0.318768899077	-0.902307788468	-1.66634368896	1.83479571342	-5.15231132507
5	29	0.49996303767	0.248297575392	-0.34685669787	0.904454943708	1.44712460041	-1.98088026047	5.16415929794
6	29	0.499991904944	-0.348019375607	0.391125463734	-0.851999639566	-1.98708367348	2.22767925262	-4.87594795227
7	29	0.499987464398	0.349925459506	-0.374374551475	0.85871757173	2.00709009171	-2.13277769089	4.90970420837
8	29	0.499993670732	-0.345858188546	0.278012901943	-0.896153413076	-1.97879838943	1.59526562691	-5.12087965012
9	29	0.499995311722	0.268393170138	-0.255219963416	0.92888528705	1.55038225651	-1.4669803381	5.30412197113
10	29	0.499981213361	-0.355965815775	0.186099310148	-0.915781297452	-2.0218334198	1.09685301781	-5.2344288826
11	29	0.499994881451	0.372397939068	-0.299333422553	0.878475541561	2.11699533463	-1.70603835583	5.02937459946
12	29	0.499992456287	-0.381090164411	0.267569889507	-0.884972678007	-2.17341065407	1.52190995216	-5.06392002106
13	29	0.500000137836	0.389032665954	-0.15403982722	0.908253993358	2.22182679176	-0.902532935143	5.1898317337
14	29	0.499999610707	-0.339971651298	0.184268098238	-0.922206345828	-1.95645225048	1.06837201118	-5.26473999023
15	29	0.499998360872	0.422557800878	-0.210502028259	0.881551927578	2.41593289375	-1.19628167152	5.04128742218
16	29	0.499992437661	-0.399359349248	0.200322798864	-0.894641205414	-2.28042221069	1.14791679382	-5.11525440216
17	29	0.499208096415	0.301975145795	-0.208397073458	0.93025892691	1.75130605698	-1.19911873341	5.29913187027
18	29	0.498251900077	-0.445251255526	0.289512902751	-0.847309623806	-2.54527711868	1.65670931339	-4.85388994217
19	29	0.445716097951	0.512200312661	-0.37057584334	0.774806029947	2.61997795105	-1.88593304157	3.98172998428
20	29	0.498266536742	-0.502533331196	0.34151649138	-0.794246018028	-2.8663020134	1.95965731144	-4.55290126801
21	29	0.498310770839	0.429267845941	-0.33821326799	0.837460985239	2.46690511703	-1.93877124786	4.76113653183
22	29	0.46382117644	-0.528924906945	0.313907762551	-0.788479777435	-2.8250105381	1.67240214348	-4.23724555969
23	29	0.318522050977	-0.690292212044	-0.189867246938	-0.698174111903	-2.60872173309	-0.719889581203	-2.64042663574
24	29	0.400774866343	-0.686598329174	0.00461857158343	-0.727022285196	-3.20147657394	0.0176627673209	-3.40408992767
25	29	0.496959656477	0.294015566592	-0.336425038988	0.894635702252	1.68931365013	-1.94411659241	5.10190868378
26	29	0.49912815541	-0.259314522523	0.556106454132	-0.789621168714	-1.48414194584	3.13786840439	-4.53241968155
27	29	0.499967332929	0.175654526178	-0.445490235582	0.877886061761	1.02511548996	-2.54825639725	5.01540565491
28	29	0.49995701015	-0.420923807714	0.451628415179	-0.786673326548	-2.36437392235	2.58398628235	-4.52025794983
29	29	0.499263409525	0.249186272336	-0.426923563686	0.869276982583	1.46473264694	-2.42690968513	4.9563498497
