0	0	0.49996201694	0.378043576997	-0.528144808124	0.760359201656	2.16218852997	-3.00756788254	4.3543548584
1	0	0.499988924712	-0.47782598438	0.373759750371	-0.794975457265	-2.71307373047	2.14695286751	-4.55242013931
2	0	0.499987471849	0.418878747618	-0.293366616588	0.859346625679	2.40093994141	-1.68702971935	4.90613889694
3	0	0.499999545515	-0.41890866889	0.282968590426	-0.86281185896	-2.39081907272	1.6417350769	-4.92725133896
4	0	0.499997455627	0.334467299224	-0.354407696115	0.873227811447	1.93525457382	-2.0265879631	4.9834394455
5	0	0.499999728054	-0.373742131127	0.42261692389	-0.825658376729	-2.14634990692	2.39182448387	-4.72930955887
6	0	0.499997608364	0.367699082887	-0.297920185055	0.880931863302	2.10798835754	-1.7136733532	5.03027820587
7	0	0.499999567866	-0.458802316814	0.253688693224	-0.85155298192	-2.59926605225	1.46255946159	-4.87782621384
8	0	0.499999511987	0.36853230295	-0.322226892323	0.871982666999	2.11331772804	-1.82554686069	4.98862934113
9	0	0.499999310821	-0.40893295206	0.203775594408	-0.889521977156	-2.3346760273	1.1708741188	-5.0856423378
10	0	0.499999795109	0.359358788628	-0.164539483855	0.91857934839	2.06205439568	-0.950979232788	5.24665927887
11	0	0.499998867512	-0.37768545784	0.158039553077	-0.912347080118	-2.1591053009	0.920342445374	-5.21316862106
12	0	0.499999735504	0.457271761187	-0.22262645049	0.86101103359	2.59098052979	-1.27688884735	4.93413829803
13	0	0.499999668449	-0.366641231377	0.312085831025	-0.876456868036	-2.0962433815	1.77486562729	-5.01420640945
14	0	0.499998923391	0.343345206185	-0.250552238192	0.905172715744	1.98301696777	-1.45601248741	5.16127729416
15	0	0.499999821186	-0.373563945277	0.330117932954	-0.866874921273	-2.13824319839	1.89369273186	-4.95245218277
16	0	0.499986834824	0.320895798499	-0.421353545646	0.848225840255	1.86743509769	-2.38804101944	4.84811544418
17	0	0.499977260828	-0.522633929329	0.372262901211	-0.766990292179	-2.96085190773	2.12950086594	-4.40401172638
18	0	0.499216724187	0.359093285787	-0.324825441704	0.874951681251	2.07585811615	-1.86471915245	4.98049116135
19	0	0.499538633972	-0.40932542135	0.411715961714	-0.814212912147	-2.34777593613	2.33469176292	-4.66109752655
20	0	0.498458795249	0.447098058179	-0.379465764798	0.8100055924	2.54156446457	-2.18113660812	4.61246013641
21	0	0.497177779675	-0.300478670837	0.471799834885	-0.828925499774	-1.73649191856	2.69524908066	-4.73148488998
22	0	0.401930212975	0.0155061274315	-0.703615515609	0.710411687831	0.0823263525963	-3.29839706421	3.31648111343
23	0	0.345487885177	-0.148491438451	-0.912480077662	0.381222245647	-0.622309982777	-3.73305225372	1.58015704155
24	0	0.472414445132	0.191882937876	-0.58063474039	0.791229572503	1.03553676605	-3.17511749268	4.32280826569
25	0	0.499082356691	-0.0725849245076	0.511319316973	-0.856320024771	-0.438210487366	2.90534496307	-4.895652771
26	0	0.499954350293	0.138355895144	-0.353393558027	0.925186813257	0.801955580711	-2.03955292702	5.28102731705
27	0	0.499989409	-0.224459110381	0.47107973935	-0.853054504086	-1.29358887672	2.67648220062	-4.8838558197
28	0	0.49998671189	0.330065031884	-0.465605475623	0.821138609369	1.86971747875	-2.66212058067	4.70112609863
29	0	0.499991208315	-0.325407546065	0.52603030909	-0.785749351182	-1.86576294899	2.99560046196	-4.49796390533
0	1	0.500000014901	-0.370393926611	0.495528439796	-0.785658898303	-2.1065094471	2.82764482498	-4.5003695488
1	1	0.499997906387	0.39423001055	-0.503643328344	0.768717175948	2.26298522949	-2.85609650612	4.4057507515
2	1	0.500000029802	-0.458830456326	0.347683401969	-0.817674057521	-2.61638116837	2.00443792343	-4.6717543602
3	1	0.500000376254	0.44623492366	-0.388865243323	0.806013781173	2.54790449142	-2.21439170837	4.61411523819
4	1	0.500000115484	-0.446747572363	0.306060235572	-0.840680521238	-2.54421615601	1.7573530674	-4.80869817734
5	1	0.500000033528	0.403057725893	-0.230602605024	0.885644910873	2.29748177528	-1.34693932533	5.05954313278
6	1	0.499999139458	-0.326550614846	0.354888216448	-0.876024571442	-1.87653946877	2.01448535919	-5.01043891907
7	1	0.499997384846	0.363809949388	-0.339849023962	0.867262913792	2.0842833519	-1.93478989601	4.95938491821
8	1	0.499999754131	-0.391275149675	0.274533070126	-0.878370850298	-2.22850775719	1.56462574005	-5.02699375153
9	1	0.49999814108	0.348814161519	-0.183480626412	0.919055787456	2.01016497612	-1.05559909344	5.24674129486
10	1	0.499999828637	-0.431462441774	0.150200431514	-0.889539201897	-2.4434735775	0.873190045357	-5.09471654892
11	1	0.499999631196	0.382855958535	-0.211249189644	0.89933035915	2.18309950829	-1.19501185417	5.14674091339
12	1	0.500000204891	-0.349180031689	0.181586817225	-0.919292952915	-2.00451946259	1.0484637022	-5.25034475327
13	1	0.499999314547	0.297115082467	-0.204851829807	0.932608361316	1.72533965111	-1.18946766853	5.32003259659
14	1	0.499997925013	-0.448061298701	0.347049868227	-0.823891656451	-2.54590940475	1.97204732895	-4.72463321686
15	1	0.499999534339	0.457199519497	-0.414421073923	0.786907728301	2.60291004181	-2.34472846985	4.51856231689
16	1	0.499997925013	-0.424696027732	0.31533397614	-0.848644665052	-2.42134857178	1.82495450974	-4.84699678421
17	1	0.499984603375	0.44620792925	-0.410546374384	0.795204475814	2.5562069416	-2.33343338966	4.5499587059
18	1	0.499982066453	-0.485121546799	0.424216038727	-0.764655371601	-2.75978660583	2.4065785408	-4.39135503769
19	1	0.499299667776	0.445665986598	-0.369683599448	0.815301088365	2.54397511482	-2.11870884895	4.65067100525
20	1	0.498008254915	-0.426276258808	0.408199030209	-0.807255909184	-2.44503259659	2.334628582	-4.61778068542
21	1	0.419460009784	0.39153729642	-0.488976634848	0.779487264864	1.90909874439	-2.38115406036	3.80631971359
22	1	0.332475584	0.232562842912	-0.541082437739	0.808173446524	0.919417083263	-2.16639137268	3.21047306061
23	1	0.407127156854	0.0649095230889	-0.726876178991	0.683694211053	0.311415106058	-3.43895459175	3.22982692719
24	1	0.49818020314	-0.0820095210886	0.624199119716	-0.776949095757	-0.48034492135	3.5541908741	-4.45745134354
25	1	0.499502856284	0.111179906287	-0.476413992566	0.872163250846	0.636927843094	-2.73314380646	4.97487449646
26	1	0.499986618757	-0.179230645862	0.424045899837	-0.887728252572	-1.02311611176	2.42803955078	-5.07366609573
27	1	0.499998725951	0.236778814339	-0.392772633023	0.888631223753	1.34649157524	-2.2589969635	5.07613563538
28	1	0.499999079853	-0.261135718626	0.429220573271	-0.864625835803	-1.49322891235	2.45348215103	-4.9428935051
29	1	0.49999788776	0.248906285562	-0.447580306021	0.858904843781	1.44620633125	-2.55923771858	4.90406560898
0	2	0.499999750406	0.258666315256	-0.430724061422	0.864620448673	1.51229000092	-2.45895576477	4.93555212021
1	2	0.499999631196	-0.409955266063	0.424170664527	-0.807475031925	-2.33770728111	2.42841100693	-4.61781835556
2	2	0.49999973923	0.461391196679	-0.456341089835	0.760835707204	2.6287727356	-2.59290075302	4.36510658264
3	2	0.499999128282	-0.411158574916	0.47214927726	-0.779758735928	-2.35541844368	2.68393516541	-4.4647436142
4	2	0.499999660999	0.452282119475	-0.347701843357	0.821306466874	2.57032203674	-1.99425768852	4.70186233521
5	2	0.500000018626	-0.342323331139	0.260751822354	-0.902675591836	-1.96489298344	1.50146746635	-5.15465974808
6	2	0.499987531453	0.303418173543	-0.32052247809	0.897330904964	1.75006365776	-1.82879471779	5.12598991394
7	2	0.49998915568	-0.350911540403	0.363000843668	-0.863186815416	-2.0077726841	2.05424404144	-4.94347572327
8	2	0.499964632094	0.333482338029	-0.172483822366	0.926843493393	1.92210412025	-1.01606547832	5.28793144226
9	2	0.499991424382	-0.42506381542	0.192693871296	-0.884414961874	-2.40337991714	1.10925519466	-5.06777954102
10	2	0.499986473471	0.25587230291	-0.2611559911	0.930766841328	1.49344086647	-1.46954679489	5.31999826431
11	2	0.499999638647	-0.281443059507	0.135494024873	-0.949963774825	-1.6316318512	0.807520031929	-5.42063379288
12	2	0.499999150634	0.38608193606	-0.240584512092	0.89053906775	2.19365286827	-1.36363387108	5.100274086
13	2	0.499987281859	-0.411313670361	0.244474358894	-0.878096436855	-2.33374977112	1.40124583244	-5.02763271332
14	2	0.49999185279	0.430210048704	-0.319033378419	0.844474403075	2.45387887955	-1.81971979141	4.83210229874
15	2	0.499963097274	-0.414689314866	0.270548013289	-0.868813296768	-2.36443519592	1.56425821781	-4.96455383301
16	2	0.499985668808	0.346255085094	-0.368466139484	0.862751482236	1.99605703354	-2.08748888969	4.93419837952
17	2	0.499982066453	-0.453750463236	0.321833508831	-0.830983579686	-2.58772420883	1.84194111824	-4.75328826904
18	2	0.499945260584	0.452291671899	-0.283761041645	0.845524638775	2.58468818665	-1.64454913139	4.82652378082
19	2	0.499625273049	-0.462286253824	0.381635176462	-0.800403655422	-2.64277362823	2.17956209183	-4.57616233826
20	2	0.456640578806	0.560149477858	-0.506309400983	0.655654903841	2.92842149734	-2.64847517014	3.47230505943
21	2	0.278243729845	0.447144812032	-0.375870581278	0.811654374227	1.48248028755	-1.27908658981	2.69388914108
22	2	0.418894071132	0.417171026899	-0.456832345115	0.785666941377	2.02252483368	-2.2277276516	3.83317995071
23	2	0.497923113406	-0.245636286274	0.603276295657	-0.758762496414	-1.39683556557	3.44012069702	-4.35377216339
24	2	0.499006327242	0.173634113955	-0.464580445407	0.868341064453	0.986604988575	-2.68314361572	4.93899297714
25	2	0.4999749735	-0.121836905329	0.529784047032	-0.839335827908	-0.710062921047	3.01820755005	-4.80320072174
26	2	0.499991420656	0.210324903019	-0.507025115386	0.835876167586	1.1884355545	-2.88892936707	4.78809642792
27	2	0.499999575317	-0.164319902415	0.450182917889	-0.877686908933	-0.953816175461	2.57149028778	-5.01612567902
28	2	0.50000019744	0.227547360575	-0.396176348828	0.889531617945	1.3134251833	-2.27248430252	5.07929611206
29	2	0.499999757856	-0.388770792048	0.322170252175	-0.863170666708	-2.19155621529	1.87107360363	-4.93885707855
0	3	0.500000145286	-0.371776884734	0.396621330512	-0.839329177475	-2.11621022224	2.26564407349	-4.80339670181
1	3	0.499999213964	0.417164815824	-0.365310935971	0.832178728699	2.37886404991	-2.08835220337	4.76049041748
2	3	0.499999966472	-0.424830623532	0.317638409972	-0.84771739502	-2.42292737961	1.83491885662	-4.8430390358
3	3	0.499999571592	0.353793648016	-0.47603385058	0.805122243964	2.03506588936	-2.70311522484	4.60854005814
4	3	0.499999076128	-0.361606202766	0.44125313174	-0.821301788535	-2.07000398636	2.50760126114	-4.70273923874
5	3	0.499987065792	0.316437573107	-0.281719591168	0.905815287064	1.82166600227	-1.62686014175	5.16947841644
6	3	0.49997799471	-0.418935881095	0.250735971093	-0.872710834315	-2.37366700172	1.44624781609	-4.99638843536
7	3	0.499247744679	0.4062380254	-0.284873158764	0.868226900145	2.30894994736	-1.62985146046	4.9593167305
8	3	0.499643735588	-0.397387145292	0.31058383632	-0.863493565334	-2.2650077343	1.75581943989	-4.94780826569
9	3	0.499234553427	0.317621819266	-0.257385621814	0.912616579736	1.83011698723	-1.46173763275	5.20557069778
10	3	0.499977605417	-0.333614540566	0.167410721033	-0.927725707742	-1.90692830086	0.985443949699	-5.29945611954
11	3	0.499986857176	0.422418095736	-0.340621645475	0.839964193896	2.39056444168	-1.9189915657	4.82760381699
12	3	0.499986981973	-0.284054233933	0.191905900528	-0.939406896679	-1.63955426216	1.12707650661	-5.36052656174
13	3	0.499972399324	0.241951205721	-0.255020606345	0.936175253032	1.41249012947	-1.46524381638	5.34348630905
14	3	0.499238371849	-0.385587603107	0.354102758002	-0.852017275121	-2.18610811234	2.00970101357	-4.87570667267
15	3	0.499707818031	0.315533893898	-0.246204494484	0.91641786795	1.81816005707	-1.4227013588	5.23166704178
16	3	0.499226499349	-0.32753859538	0.251687042757	-0.910698688395	-1.88019776344	1.44533884525	-5.19245529175
17	3	0.499645404518	0.475027988588	-0.246218469841	0.844822392676	2.68635225296	-1.43022286892	4.83698558807
18	3	0.49979962036	-0.388617429174	0.346526505427	-0.853753989612	-2.22587966919	1.96960020065	-4.88301801682
19	3	0.498878445476	0.417379379989	-0.350913798047	0.838244570218	2.39241743088	-2.00267505646	4.7754149437
20	3	0.498448610306	-0.546828034409	0.380442176116	-0.745816902072	-3.10910511017	2.1820962429	-4.27850341797
21	3	0.456071462482	0.371032719055	-0.480910086422	0.7943929822	1.95513820648	-2.51473617554	4.17520618439
22	3	0.497830461711	-0.227770106334	0.469417079994	-0.853093420248	-1.3121471405	2.69472789764	-4.87454319
23	3	0.498787276447	0.175500452724	-0.566848139619	0.804911658323	1.01379930973	-3.21939373016	4.59810781479
24	3	0.499962769449	-0.16450333137	0.579358069729	-0.798299994368	-0.948834061623	3.29779529572	-4.57282876968
25	3	0.499979268759	0.203182683182	-0.488109740273	0.848802496877	1.15308403969	-2.80594229698	4.84569597244
26	3	0.499999932945	-0.149161835184	0.474727232643	-0.867401176799	-0.866077423096	2.71397542953	-4.95641136169
27	3	0.499998856336	0.196386320259	-0.461996205682	0.864865260691	1.12829732895	-2.64339017868	4.94185781479
28	3	0.499999783933	-0.285799764535	0.479762432702	-0.829545961812	-1.6278963089	2.72485017776	-4.75527381897
29	3	0.500000193715	0.302744632317	-0.425965292341	0.852583871137	1.73799180984	-2.42660188675	4.87598085403
0	4	0.499999914318	0.352129794857	-0.339201732641	0.87232264223	2.017182827	-1.94181537628	4.9844045639
1	4	0.500000484288	-0.379342854143	0.313393065507	-0.870565210368	-2.16870307922	1.79049611092	-4.97731971741
2	4	0.499999534339	0.359530171462	-0.242699141118	0.901018969117	2.06330871582	-1.40870630741	5.14261627197
3	4	0.49999980256	-0.392837844747	0.396411782608	-0.82978077005	-2.24454212189	2.26167726517	-4.74707460403
4	4	0.49999769032	0.350475233472	-0.4204669817	0.836883879653	2.00537228584	-2.40313124657	4.78362226486
5	4	0.499991875142	-0.323041769118	0.408125582857	-0.853860365647	-1.84641671181	2.3147687912	-4.89083480835
6	4	0.499236177653	0.311634439786	-0.288917508666	0.90521304074	1.78464603424	-1.65942001343	5.16199302673
7	4	0.498361468315	-0.321037591564	0.279022791958	-0.905031019563	-1.84444391727	1.59832978249	-5.18055963516
8	4	0.445526797324	0.426532296314	-0.157102250174	0.890723909633	2.17187404633	-0.82591342926	4.56693315506
9	4	0.498328864574	-0.387196488822	0.230858689447	-0.892627102742	-2.20584917068	1.32400548458	-5.11548709869
10	4	0.49922930263	0.303605953374	-0.244889371748	0.920789129324	1.74977183342	-1.40620303154	5.24855089188
11	4	0.499988112599	-0.378032601137	0.381247672962	-0.843647772675	-2.1491522789	2.17241168022	-4.83216238022
12	4	0.499988880008	0.301071931571	-0.384352161971	0.872713645824	1.72457122803	-2.17661809921	4.99777555466
13	4	0.499247252941	-0.317012338265	0.311751568484	-0.895719898705	-1.80461668968	1.78425955772	-5.11305952072
14	4	0.498376462609	0.298144887479	-0.409979739224	0.861989698022	1.71613001823	-2.33718967438	4.93854045868
15	4	0.445790406317	-0.337763551737	0.326476780263	-0.882795953246	-1.73163223267	1.68280470371	-4.52299642563
16	4	0.497875921428	0.329745475505	-0.25925727656	0.907773972933	1.88550686836	-1.49866342545	5.18970680237
17	4	0.498315706849	-0.272557352391	0.408040122446	-0.871329873315	-1.57710170746	2.30119085312	-4.98114681244
18	4	0.472939804196	0.244636645986	-0.306405021222	0.919928733332	1.35352814198	-1.67707121372	5.00964641571
19	4	0.498277261853	-0.440257611353	0.310570756252	-0.842448242331	-2.50762033463	1.78648638725	-4.82082128525
20	4	0.497677117586	0.440888378112	-0.413742387198	0.79651407714	2.50316524506	-2.33976435661	4.54436922073
21	4	0.498112723231	-0.321695646808	0.368648920823	-0.872129511025	-1.85172557831	2.12403726578	-4.98289012909
22	4	0.471545249224	0.296984948818	-0.519290796377	0.801334517523	1.6083791256	-2.80301976204	4.37137365341
23	4	0.49904121086	-0.256682801172	0.388563847158	-0.884947499157	-1.465020895	2.24754786491	-5.0508441925
24	4	0.499655887485	0.224637816311	-0.563977290563	0.794649273083	1.28414106369	-3.21338653564	4.54607105255
25	4	0.499994859099	-0.231745396443	0.611170064943	-0.756812541482	-1.32908320427	3.46316671371	-4.3520617485
26	4	0.500000286847	0.186935667649	-0.426105844086	0.885149064167	1.07798945904	-2.45413565636	5.05030441284
27	4	0.499999523163	-0.260375440023	0.490837645055	-0.831434324784	-1.48567473888	2.78205823898	-4.76912117004
28	4	0.500000249594	0.312962478965	-0.348822481385	0.883389700665	1.78020179272	-2.01562833786	5.04531097412
29	4	0.500000007451	-0.282379327627	0.370566988275	-0.88484011128	-1.62638139725	2.11500763893	-5.05615901947
0	5	0.499999076128	-0.436968974369	0.313997949205	-0.842889911752	-2.47970151901	1.7959882021	-4.82803821564
1	5	0.499997355044	0.382184487484	-0.279979621586	0.880651139228	2.1883494854	-1.59825372696	5.03376865387
2	5	0.499999389052	-0.343888563724	0.23761759164	-0.908448422247	-1.97511529922	1.37108290195	-5.18728971481
3	5	0.499997768551	0.482246202301	-0.370356244775	0.793898515128	2.72418403625	-2.11177229881	4.56291294098
4	5	0.499999389052	-0.349172123031	0.450992288398	-0.821391979693	-2.00053882599	2.55362415314	-4.70850801468
5	5	0.499961949885	0.287972445377	-0.338361037111	0.895870347354	1.65058493614	-1.94756674767	5.11476993561
6	5	0.49971107766	-0.267197984849	0.370791562771	-0.889448623514	-1.5469019413	2.11075305939	-5.08465909958
7	5	0.445714317262	0.282484838733	-0.371075947306	0.884593102628	1.4514092207	-1.88756155968	4.53917074203
8	5	0.232094092295	0.295820739673	-0.249215976836	0.922161312824	0.838549733162	-0.700069665909	2.55106019974
9	5	0.44560142234	0.388146341416	-0.227695083759	0.893027080484	1.981949687	-1.17069101334	4.57825994492
10	5	0.499689742923	-0.373159575454	0.296868052253	-0.878988788779	-2.1167037487	1.70591115952	-5.03114271164
11	5	0.499960880727	0.294677098049	-0.469349260057	0.832392143145	1.69217956066	-2.65129327774	4.77459621429
12	5	0.499963883311	-0.258505271197	0.314557173207	-0.913361270006	-1.49322855473	1.81500184536	-5.21149682999
13	5	0.499461382627	0.334637901667	-0.270406723837	0.902716831831	1.90620732307	-1.57394635677	5.15435266495
14	5	0.445498485118	-0.276703951292	0.527357224464	-0.80332389554	-1.43227267265	2.67334866524	-4.13063907623
15	5	0.233015244827	-0.347698887068	0.400733331521	-0.847654576429	-0.97814822197	1.10436820984	-2.36299014091
16	5	0.444884423167	-0.440461834925	0.406584628366	-0.800426331371	-2.24516129494	2.0686647892	-4.11007356644
17	5	0.472330704331	0.363899906118	-0.316072110024	0.876170805033	1.98232793808	-1.72957599163	4.77402210236
18	5	0.329692535102	0.366028968666	-0.269952365322	0.890588858315	1.44956791401	-1.08489966393	3.50853538513
19	5	0.428317124024	0.310738160226	-0.320004639622	0.895007724212	1.54940736294	-1.59426093102	4.46173906326
20	5	0.496501840651	-0.349889687646	0.357892261697	-0.865731098838	-1.99531066418	2.04855060577	-4.95040798187
21	5	0.417502354831	0.260295749553	-0.302282455525	0.916990425166	1.26415264606	-1.47817158699	4.4491353035
22	5	0.319774744101	0.222155719286	-0.311837818456	0.92379868552	0.856689691544	-1.1918861866	3.53568077087
23	5	0.471359817311	0.318990810552	-0.270278564703	0.908402091722	1.71933746338	-1.49669075012	4.93490028381
24	5	0.499740254134	-0.243947493167	0.55443335522	-0.795671587526	-1.40045320988	3.1454410553	-4.56398963928
25	5	0.49998531118	0.370375157583	-0.443647403667	0.816087755002	2.08835220337	-2.54862117767	4.67328310013
26	5	0.500000476837	-0.223300791575	0.403902471015	-0.887129951242	-1.29184389114	2.3073425293	-5.0689125061
27	5	0.499999728054	0.292040648131	-0.324236571789	0.899768250914	1.66391122341	-1.87396621704	5.13877820969
28	5	0.49999981001	-0.275496133098	0.386602962023	-0.880136370344	-1.58862876892	2.19776105881	-5.0328168869
29	5	0.499999474734	0.33395762223	-0.298897434463	0.893942185058	1.91814923286	-1.72562122345	5.10226297379
0	6	0.499986670911	0.387453925166	-0.344050564394	0.855282798268	2.22549152374	-1.95728194714	4.88866424561
1	6	0.499989870936	-0.43183146981	0.205103129127	-0.878324705393	-2.44987201691	1.19739747047	-5.0256152153
2	6	0.499964103103	0.273841856314	-0.229664001461	0.933951328584	1.59537041187	-1.31910514832	5.32922887802
3	6	0.499990891665	-0.307738062052	0.293499569223	-0.905071979475	-1.77788901329	1.67921984196	-5.16818094254
4	6	0.499984864146	0.336219825984	-0.276586414217	0.90025339993	1.91968941689	-1.59994864464	5.14198350906
5	6	0.499988347292	-0.250651071565	0.342014915486	-0.905648849118	-1.46294283867	1.94615888596	-5.17349290848
6	6	0.499232664704	0.4686477346	-0.335951989034	0.81701013575	2.63290596008	-1.92150986195	4.68793201447
7	6	0.498369082808	-0.281354171674	0.341466699935	-0.896794470833	-1.62963759899	1.95342540741	-5.13080835342
8	6	0.445438444614	0.281643576046	-0.302999526223	0.910421980831	1.44824337959	-1.55140423775	4.66236877441
9	6	0.498369477689	-0.371076132031	0.254311952035	-0.893100182112	-2.1137213707	1.47515678406	-5.1144695282
10	6	0.499238338321	0.235684888266	-0.342081675151	0.909633311269	1.36983752251	-1.95154523849	5.18676185608
11	6	0.499989207834	-0.27241323669	0.380807519626	-0.883615675207	-1.56236720085	2.17427372932	-5.05122900009
12	6	0.499987382442	0.324794821987	-0.385660073808	0.863582440234	1.84966778755	-2.19356679916	4.94502162933
13	6	0.499289683998	-0.342935062729	0.421940517594	-0.839262618233	-1.95152497292	2.39156746864	-4.80261611938
14	6	0.498189389706	0.294284886388	-0.476120028877	0.828677333916	1.68711972237	-2.70495462418	4.75677108765
15	6	0.445585425943	-0.478672089033	0.262823781352	-0.837733066756	-2.43875312805	1.36496376991	-4.2970290184
16	6	0.496969696134	0.409318689468	-0.17348724444	0.895745715295	2.34304380417	-1.00518906116	5.11134719849
17	6	0.495716195554	-0.361076473742	0.242544331123	-0.900442128929	-2.06652784348	1.38878571987	-5.14104366302
18	6	0.395058233291	0.407933142625	-0.461760177574	0.78763448982	1.88807749748	-2.13762664795	3.68176364899
19	6	0.385349534452	0.136846727227	-0.454765749875	0.880034707263	0.642260015011	-2.09025359154	4.06644248962
20	6	0.399954842404	-0.00632789310659	-0.362506228392	0.931959866167	-0.00387552310713	-1.71689736843	4.39379644394
21	6	0.37099866569	0.316145188848	-0.365777766276	0.875362122362	1.39530324936	-1.62022995949	3.895591259
22	6	0.417615732178	0.242419001883	-0.226883192863	0.943269338165	1.18204557896	-1.11734843254	4.57691001892
23	6	0.497997310013	-0.101828419016	0.369540699659	-0.923618235191	-0.611737251282	2.12729930878	-5.2760848999
24	6	0.49950562045	0.152876631988	-0.505188660565	0.849360437405	0.896847128868	-2.87125968933	4.85632991791
25	6	0.499994363636	-0.327379654394	0.371774218154	-0.868680892276	-1.85562944412	2.13294219971	-4.96992874146
26	6	0.500000186265	0.272812373983	-0.364965410002	0.890153727231	1.55627381802	-2.0848107338	5.09063386917
27	6	0.499997928739	-0.307988261455	0.318933296921	-0.896339658233	-1.75926613808	1.83820438385	-5.11953735352
28	6	0.499999348074	0.366898467559	-0.360120416606	0.857728861614	2.08665657043	-2.06594705582	4.905813694
29	6	0.499997232109	-0.468249696376	0.370524291725	-0.802155827184	-2.65152835846	2.11599349976	-4.60232925415
0	7	0.499963320792	-0.387293770614	0.325810397171	-0.862468040184	-2.21618843079	1.86936628819	-4.92713212967
1	7	0.499231677502	0.358060366459	-0.3366456087	0.870897530203	2.06112909317	-1.90110015869	4.97224712372
2	7	0.49968572706	-0.445894394473	0.241977997333	-0.861756832166	-2.52685308456	1.39002013206	-4.93809318542
3	7	0.499240558594	0.406206587827	-0.298444831274	0.86367059154	2.3133649826	-1.70036673546	4.93347072601
4	7	0.499977491796	-0.369949863994	0.304889567676	-0.877598683712	-2.11531639099	1.74585223198	-5.01641988754
5	7	0.499973781407	0.357442563769	-0.239530354322	0.902695974825	2.04630279541	-1.39329624176	5.15330505371
6	7	0.499977085739	-0.382271096891	0.326681268505	-0.864377323447	-2.18370318413	1.86417889595	-4.94371843338
7	7	0.499235872179	0.351316568342	-0.334071417624	0.874627324485	2.00866651535	-1.90674233437	4.99111366272
8	7	0.499694764614	-0.329419043939	0.362587995477	-0.871787267071	-1.89086890221	2.06629347801	-4.98519611359
9	7	0.499236289412	0.361119170841	-0.423599231724	0.830756664333	2.05047464371	-2.39682745934	4.75799131393
10	7	0.499977782369	-0.286152363846	0.403888560354	-0.868902097754	-1.64102315903	2.2881424427	-4.97632360458
11	7	0.499986596406	0.296718837113	-0.298573553823	0.907089722497	1.69778633118	-1.71180129051	5.18365764618
12	7	0.499987682328	-0.303461578698	0.248958918843	-0.919744816231	-1.74161243439	1.43741881847	-5.25209903717
13	7	0.499976992607	0.332583874148	-0.29374201926	0.896160472671	1.88922894001	-1.68365192413	5.12687540054
14	7	0.499252581969	-0.217954099041	0.240152532069	-0.945950723903	-1.27421545982	1.39403903484	-5.38915491104
15	7	0.499262437224	0.469865093022	-0.197757610658	0.860301529573	2.66388654709	-1.14065468311	4.92496538162
16	7	0.497429203242	-0.511242770882	0.208628655616	-0.833729520454	-2.90360832214	1.19301557541	-4.77390289307
17	7	0.415844622999	0.377767745388	-0.425605491069	0.822284316108	1.83392095566	-2.04931163788	3.97966718674
18	7	0.377816764638	0.434955167064	-0.297756661596	0.849797018775	1.96014881134	-1.35328388214	3.84768652916
19	7	0.416918092407	0.0811308597325	-0.191638315241	0.978106609594	0.4137801826	-0.962739944458	4.80626916885
20	7	0.345106476918	0.158059064195	-0.386023023412	0.908847378618	0.646750152111	-1.58516192436	3.76052355766
21	7	0.439558956772	0.405518593242	-0.416871406355	0.813494253882	2.06538581848	-2.13150286674	4.17109298706
22	7	0.498203605413	-0.323422460332	0.378594167078	-0.867216448649	-1.84692502022	2.17201352119	-4.9582824707
23	7	0.499151591212	0.307132797418	-0.4702885718	0.827344005831	1.73832535744	-2.66804265976	4.73759937286
24	7	0.499977979809	-0.276954910394	0.490081891049	-0.826508147373	-1.57699656487	2.77978563309	-4.74150657654
25	7	0.499991899356	0.263683329294	-0.250410523256	0.931539409631	1.51521587372	-1.47290921211	5.31380844116
26	7	0.499987984076	-0.163520182822	0.326644323552	-0.930894535219	-0.972740411758	1.87732005119	-5.31282567978
27	7	0.499993287027	0.292349211621	-0.438166209921	0.850024888429	1.66200637817	-2.49094629288	4.87046766281
28	7	0.499962110072	-0.237464066752	0.464773776496	-0.852992469887	-1.38421213627	2.64279127121	-4.87692928314
29	7	0.499976858497	0.390135018228	-0.429085713071	0.814665648221	2.23091363907	-2.43575048447	4.66708850861
0	8	0.499208241701	0.425372691473	-0.316309083275	0.847942590738	2.43181037903	-1.79701137543	4.8414940834
1	8	0.498251982033	-0.430336972803	0.23810499929	-0.870698627053	-2.4562330246	1.37314403057	-4.98619747162
2	8	0.445462835953	0.350608707243	-0.167275122749	0.921462190062	1.80349481106	-0.866018235683	4.71679592133
3	8	0.498162508011	-0.420725670275	0.290421806197	-0.859444637459	-2.4021487236	1.66961681843	-4.92069530487
4	8	0.499218348414	0.380677966185	-0.439159685453	0.813770887127	2.1738474369	-2.47723150253	4.66140794754
5	8	0.499991044402	-0.456175873794	0.332739307223	-0.825341217677	-2.5808930397	1.90629994869	-4.73263597488
6	8	0.499984633178	0.327737253325	-0.33470736191	0.883492656827	1.89841854572	-1.90697085857	5.04420518875
7	8	0.49999088794	-0.454985152553	0.303779882346	-0.837082011537	-2.58087396622	1.74246203899	-4.79478883743
8	8	0.499962650239	0.414001334747	-0.26604544552	0.870530134887	2.35694169998	-1.53591442108	4.97682189941
9	8	0.49999178201	-0.273170272765	0.358319293042	-0.892740324121	-1.58574748039	2.0313873291	-5.10423326492
10	8	0.499986518174	0.308572080135	-0.223970898885	0.924456763626	1.7675948143	-1.30501651764	5.27830791473
11	8	0.499999254942	-0.336563218494	0.234603219197	-0.911968491506	-1.92749142647	1.3449960947	-5.21139955521
12	8	0.499999124557	0.366786601485	-0.215767808298	0.904937479538	2.08281826973	-1.24914932251	5.17559146881
13	8	0.499987471849	-0.262641629867	0.312072375532	-0.91303351893	-1.51442635059	1.77677154541	-5.21860074997
14	8	0.499976798892	0.201663533573	-0.310655923693	0.928883585979	1.17784321308	-1.76554942131	5.30874156952
15	8	0.499817192554	-0.351083915413	0.220970854661	-0.909896678601	-2.0052947998	1.27211165428	-5.19966030121
16	8	0.476975087076	0.355494968857	-0.178786891362	0.91741951941	1.95942986012	-0.999308824539	5.0419716835
17	8	0.335903272033	0.411066388207	-0.476557181853	0.777121404229	1.64470791817	-1.90294146538	3.13706946373
18	8	0.417588874698	0.349328326884	-0.416529146107	0.839329012057	1.70409369469	-2.01742744446	4.07552337646
19	8	0.496955618262	-0.364926729705	0.330656745275	-0.870341656334	-2.0839407444	1.89414548874	-4.97804403305
20	8	0.478143107146	0.383681182098	-0.307565478083	0.870742342599	2.11265563965	-1.70637726784	4.79997873306
21	8	0.498652826995	-0.323150449634	0.46770800824	-0.822692534261	-1.84891855717	2.65400910378	-4.71550703049
22	8	0.499352473766	0.286825850318	-0.420462188448	0.860780157575	1.64030206203	-2.38884019852	4.92019033432
23	8	0.499978452921	-0.297051344615	0.36478641878	-0.882434908272	-1.69364655018	2.09911942482	-5.04074287415
24	8	0.499989267439	0.259191980852	-0.372523037852	0.891092645762	1.5010933876	-2.14164686203	5.0838766098
25	8	0.499987080693	-0.380572457739	0.410618366801	-0.828587449372	-2.15974807739	2.32898163795	-4.75393342972
26	8	0.499977841973	0.380881983048	-0.366653842313	0.848819106115	2.15955352783	-2.09817123413	4.86075782776
27	8	0.499265797436	-0.28066317258	0.420270127184	-0.862902777695	-1.61874139309	2.38728642464	-4.92655801773
28	8	0.499692868441	0.285153864744	-0.421498118044	0.860829024782	1.64241707325	-2.39909124374	4.92440319061
29	8	0.499253429472	-0.464136508108	0.27224929864	-0.842886481818	-2.63282227516	1.58055925369	-4.81331062317
0	9	0.498903233558	-0.479630676976	0.274532772242	-0.83341836473	-2.72913408279	1.57071495056	-4.76213788986
1	9	0.445481320843	0.388674129809	-0.161355122632	0.907136673946	1.99301898479	-0.839286923409	4.64541149139
2	9	0.232717690989	0.3624352879	-0.222943669481	0.904951259639	1.01160645485	-0.620359778404	2.51756858826
3	9	0.445484979078	0.337953296394	-0.212122466692	0.916946906086	1.73218822479	-1.09489989281	4.69620656967
4	9	0.499659340829	-0.273539741936	0.356699369069	-0.893275752323	-1.58612084389	2.03856539726	-5.10158491135
5	9	0.499960377812	0.320861614365	-0.371960765884	0.871029857737	1.84566450119	-2.11754822731	4.97900056839
6	9	0.499999236315	-0.403382458065	0.259793157186	-0.877376833524	-2.2969186306	1.50770354271	-5.01372861862
7	9	0.499995786697	0.404833947033	-0.365336237109	0.838235592888	2.32082915306	-2.0691280365	4.79759883881
8	9	0.499999672174	-0.442316629417	0.256652637021	-0.859351745941	-2.51829051971	1.47317266464	-4.9165019989
9	9	0.499997533858	0.358245384763	-0.23164956104	0.904432819598	2.04941082001	-1.34126543999	5.16588783264
10	9	0.499999593943	-0.364238688033	0.271477832009	-0.890859116173	-2.08642721176	1.54360020161	-5.09378051758
11	9	0.499999139458	0.432606209561	-0.233570828511	0.870802236744	2.45430326462	-1.33964383602	4.9867348671
12	9	0.499999616295	-0.333505329825	0.295223327661	-0.895330878381	-1.91659855843	1.67412364483	-5.11944103241
13	9	0.499999731779	0.340951978155	-0.313344796059	0.886322056239	1.94654631615	-1.78885221481	5.06883764267
14	9	0.499994378537	-0.318935647969	0.29364654325	-0.901139145799	-1.82102203369	1.68201565742	-5.15146827698
15	9	0.499738175422	0.34502056568	-0.308328731264	0.886506741506	1.96466112137	-1.75806283951	5.06939983368
16	9	0.499101933092	-0.275399571925	0.322680440255	-0.905556408657	-1.59700798988	1.83058226109	-5.17373037338
17	9	0.476429596543	0.469673912924	-0.303743251211	0.828942973227	2.55918598175	-1.67062091827	4.56677675247
18	9	0.498393967748	-0.337787208474	0.309322239234	-0.888942941986	-1.94083166122	1.78339612484	-5.08007097244
19	9	0.498897150159	0.348134315101	-0.35294853703	0.868464063078	1.99661064148	-2.01225471497	4.95045995712
20	9	0.499858576804	-0.404106908561	0.356625072403	-0.842327824654	-2.29324626923	2.03720998764	-4.82371854782
21	9	0.499650880694	0.313936785426	-0.347268737423	0.883656108882	1.79834032059	-1.98485589027	5.04674339294
22	9	0.499983031303	-0.23356516313	0.266414432963	-0.935131362153	-1.35643291473	1.54941868782	-5.33440828323
23	9	0.499990377575	0.254579400411	-0.40834185004	0.87661066751	1.47047877312	-2.32157182693	5.01335716248
24	9	0.499997794628	-0.377212943304	0.409258940445	-0.830793304661	-2.14740252495	2.33002972603	-4.75903272629
25	9	0.499991230667	0.361947416533	-0.335404091598	0.869769028538	2.07737970352	-1.92555677891	4.96591711044
26	9	0.499257653952	-0.401027335902	0.335141163624	-0.852559368199	-2.28505825996	1.91359257698	-4.8681936264
27	9	0.498368415982	0.417254554362	-0.269148845806	0.868019317565	2.37631845474	-1.55758917332	4.97224235535
28	9	0.44608617574	-0.316395384419	0.324572792192	-0.891373357964	-1.63100552559	1.66289067268	-4.57188224792
29	9	0.498079139739	0.476197271498	-0.31139480923	0.822356024726	2.71907997131	-1.77559411526	4.713098526
0	10	0.498911660165	0.458886377953	-0.32106242108	0.828457732114	2.6134955883	-1.83190822601	4.73395299911
1	10	0.498208880424	-0.401413264576	0.30618104429	-0.863203660291	-2.3066880703	1.74756109715	-4.93950748444
2	10	0.445704814047	0.350858851194	-0.237409185795	0.905833839641	1.8014292717	-1.21988677979	4.64154958725
3	10	0.498337283731	-0.351789227702	0.29311099047	-0.88900522301	-2.01851224899	1.67806828022	-5.08899688721
4	10	0.499227784574	0.383412994084	-0.34441302609	0.856956325274	2.17821741104	-1.9670996666	4.89568567276
5	10	0.499982457608	-0.310963516837	0.394337583782	-0.864754046659	-1.79870045185	2.2364730835	-4.94506692886
6	10	0.499960832298	0.396170867067	-0.304719001445	0.866137964903	2.26172018051	-1.74458062649	4.95170307159
7	10	0.499990243465	-0.424498499924	0.339409450929	-0.839405890009	-2.42094421387	1.92772531509	-4.80709695816
8	10	0.499987896532	0.438560038687	-0.23479513149	0.867488523668	2.49533963203	-1.35581243038	4.96163606644
9	10	0.499997418374	-0.352221177894	0.307339318941	-0.884015149687	-2.03017163277	1.72983813286	-5.0575594902
10	10	0.499998856336	0.427037534983	-0.255057815426	0.867516256047	2.43373823166	-1.44740319252	4.9668431282
11	10	0.49999762699	-0.401521279991	0.198902670678	-0.893990150567	-2.29514837265	1.14600300789	-5.10879516602
12	10	0.500000096858	0.346757274817	-0.195752917018	0.917300489393	1.99090218544	-1.14170598984	5.23648548126
13	10	0.499999303371	-0.408140042188	0.32993270494	-0.85121449481	-2.31888055801	1.86687648296	-4.88122320175
14	10	0.4999945499	0.341339700247	-0.291820085984	0.893492163621	1.9565166235	-1.67704832554	5.10302591324
15	10	0.499989036471	-0.329884871687	0.344874347093	-0.878770536687	-1.88642549515	1.95709085464	-5.02947902679
16	10	0.499742090702	0.340717327429	-0.207908352948	0.916889207901	1.94114935398	-1.21410417557	5.2358007431
17	10	0.499859210104	-0.365403765882	0.294099704278	-0.883167850311	-2.09040737152	1.67839670181	-5.04914236069
18	10	0.499562822282	0.335341989176	-0.420720337473	0.84293543521	1.92806088924	-2.37427997589	4.82518291473
19	10	0.49997612834	-0.453429513846	0.388723774029	-0.802057045027	-2.56110286713	2.21601867676	-4.60724925995
20	10	0.499974794686	0.304865319179	-0.388266758312	0.869658589075	1.7615647316	-2.20692014694	4.97106647491
21	10	0.499996073544	-0.362154823371	0.295691178899	-0.883974326907	-2.05765581131	1.69644069672	-5.0570063591
22	10	0.499994460493	0.377090695842	-0.267095714603	0.88682720208	2.14143896103	-1.53927326202	5.07250785828
23	10	0.499998945743	-0.315734004241	0.385215164223	-0.867133966477	-1.82335472107	2.19085383415	-4.95648956299
24	10	0.499999135733	0.477446923922	-0.361056388563	0.801051009059	2.70993256569	-2.06816411018	4.58999633789
25	10	0.499963402748	-0.418116750728	0.307402500907	-0.854799441504	-2.38844633102	1.76595520973	-4.88416719437
26	10	0.499676302075	0.38819174491	-0.36840084491	0.844741372642	2.22425866127	-2.0964589119	4.83219146729
27	10	0.446299377829	-0.409078801134	0.258731906	-0.875049904451	-2.09186673164	1.33709597588	-4.49295520782
28	10	0.233954831958	-0.351253879698	0.278851120356	-0.893791231034	-0.988626360893	0.786703109741	-2.49652171135
29	10	0.444837948307	-0.348694573472	0.231746118848	-0.908133156993	-1.78894519806	1.19973242283	-4.64268255234
0	11	0.499215014279	-0.469174134364	0.420639101456	-0.776491067541	-2.67627286911	2.38944077492	-4.4405579567
1	11	0.499225430191	0.48738738127	-0.25806846184	0.834178763565	2.76509809494	-1.50318861008	4.76315689087
2	11	0.499694786966	-0.379000052913	0.341838120026	-0.859945149175	-2.17870211601	1.94292092323	-4.91697072983
3	11	0.499229505658	0.379387419305	-0.280275605012	0.881765712255	2.17627191544	-1.60448694229	5.02735710144
4	11	0.499951455742	-0.425294258581	0.358232983829	-0.831140134342	-2.4262714386	2.033005476	-4.76114559174
5	11	0.499212019145	0.452709578644	-0.273504136357	0.848675158585	2.56537818909	-1.57286977768	4.85076332092
6	11	0.499638594687	-0.396047301567	0.262135108856	-0.880018022331	-2.26027870178	1.50699138641	-5.03082704544
7	11	0.499275498092	0.366775706227	-0.25986364695	0.893278493145	2.0903429985	-1.50053536892	5.09643983841
8	11	0.499965541065	-0.349406659926	0.252073917852	-0.90242657648	-2.00846624374	1.4333974123	-5.15738344193
9	11	0.499978087842	0.42010020091	-0.0705509763079	0.904731109743	2.39740657806	-0.435583591461	5.17278814316
10	11	0.499960456043	-0.461921201323	0.0765986444013	-0.883607068467	-2.62718915939	0.465994030237	-5.0564904213
11	11	0.499991856515	0.400779187484	-0.241240662263	0.883843303844	2.29440402985	-1.37002265453	5.05423212051
12	11	0.499987322837	-0.358402178779	0.30655557774	-0.881800179181	-2.05767202377	1.7325565815	-5.04459619522
13	11	0.499999299645	0.370755390277	-0.197127109397	0.907568919323	2.12172412872	-1.15320289135	5.18229675293
14	11	0.499999772757	-0.39304111438	0.346696694798	-0.851657257483	-2.23646521568	1.9575445652	-4.88456916809
15	11	0.499996680766	0.297360598587	-0.342353325015	0.891274859546	1.70989847183	-1.9441318512	5.09721708298
16	11	0.499995736405	-0.282835139434	0.261781250571	-0.922753954611	-1.6289935112	1.49209213257	-5.272960186
17	11	0.499987367541	0.352334022394	-0.186953479041	0.917010977763	2.01298666	-1.09064555168	5.23854541779
18	11	0.499994315207	-0.367381747059	0.237130746096	-0.899332897866	-2.09194970131	1.3720780611	-5.1409497261
19	11	0.499992653728	0.315084972194	-0.291959775556	0.903039838409	1.81108188629	-1.67809963226	5.1566119194
20	11	0.49999928847	-0.295400506395	0.315020256929	-0.901942780084	-1.68916535378	1.80066800117	-5.15614032745
21	11	0.49999926798	0.244403655896	-0.263093082513	0.933299996206	1.4260289669	-1.51454401016	5.32569217682
22	11	0.499993391335	-0.369567845268	0.290204359905	-0.882723647149	-2.10895204544	1.65814709663	-5.04822206497
23	11	0.499994836748	0.41950467214	-0.314061195193	0.851693252132	2.40320158005	-1.80516195297	4.86377239227
24	11	0.499980218709	-0.49523435615	0.405421007858	-0.768359771771	-2.82378268242	2.29178500175	-4.41183376312
25	11	0.499986406416	0.413561122024	-0.279519039597	0.866508110091	2.37524580956	-1.61667537689	4.94307422638
26	11	0.499245494604	-0.405291515284	0.392324618876	-0.825724034446	-2.32261633873	2.21631526947	-4.72032928467
27	11	0.498141791672	0.478793639764	-0.310215584509	0.821293456475	2.73165392876	-1.78422141075	4.70365381241
28	11	0.44454978779	-0.270578639883	0.283132431773	-0.920121310327	-1.4067312479	1.44988703728	-4.69919157028
29	11	0.497403293848	0.44036808257	-0.485967265287	0.754925008808	2.51381349564	-2.76612687111	4.32643699646
0	12	0.499958317727	0.456520065842	-0.404826582259	0.792278276732	2.60404825211	-2.32255029678	4.5283408165
1	12	0.499976698309	-0.408919186483	0.408091188718	-0.816239352529	-2.34627056122	2.32013297081	-4.66862201691
2	12	0.499959673733	0.450911470424	-0.382496253332	0.806458592878	2.5722360611	-2.16592764854	4.6237154007
3	12	0.499979179353	-0.518322928692	0.17841150859	-0.836367547909	-2.93955564499	1.05704474449	-4.78984832764
4	12	0.499224301428	0.404817094084	-0.301281648109	0.863337992243	2.31518650055	-1.71468520164	4.92776536942
5	12	0.498207028955	-0.372119978864	0.258997103077	-0.891317688553	-2.13642811775	1.49025225639	-5.09776878357
6	12	0.445576244965	0.270147022465	-0.338157280604	0.901482245986	1.39614009857	-1.73049223423	4.61721324921
7	12	0.498224675655	-0.222497461507	0.438550912217	-0.870728417486	-1.29618191719	2.48678588867	-4.99259519577
8	12	0.499247089028	0.333624153845	-0.294583706398	0.895497271853	1.91042304039	-1.67569351196	5.11286830902
9	12	0.499210190028	-0.426771619234	0.115429928368	-0.896962606051	-2.42125678062	0.670143246651	-5.12595939636
10	12	0.499668620527	0.378235123642	-0.145963921118	0.914129490267	2.16956424713	-0.840337336063	5.22329187393
11	12	0.499266035855	-0.428589747987	0.233263802118	-0.872868161031	-2.42790412903	1.33548510075	-4.99175214767
12	12	0.499977838248	0.439430094123	-0.275419029051	0.855012017937	2.49370646477	-1.57696533203	4.89735126495
13	12	0.499987553805	-0.344180447671	0.216190248687	-0.913674775735	-1.98073291779	1.23541378975	-5.21836709976
14	12	0.499999564141	0.382993394154	-0.157090127767	0.910295969338	2.1828622818	-0.920320272446	5.20352983475
15	12	0.499999355525	-0.323336455283	0.234418612883	-0.916788661917	-1.85040450096	1.34647834301	-5.23898696899
16	12	0.500000046566	0.310142913806	-0.220848989458	0.924682159918	1.78666055202	-1.27424955368	5.27926015854
17	12	0.500000029802	-0.372831151334	0.274568244801	-0.88634598862	-2.11910629272	1.56126976013	-5.07492589951
18	12	0.499998111278	0.320064535723	-0.282755334838	0.904216850978	1.83132266998	-1.61565995216	5.16902542114
19	12	0.499999880791	-0.295737829389	0.35080502445	-0.888524040805	-1.69287729263	1.99290323257	-5.08372592926
20	12	0.499999668449	0.292339261492	-0.306394159231	0.905903071735	1.68618571758	-1.75265371799	5.17396783829
21	12	0.499993707985	-0.378721307907	0.29444884207	-0.877422389925	-2.1562833786	1.68123054504	-5.02084302902
22	12	0.499986611307	0.35767568215	-0.2858509449	0.88902044054	2.0702753067	-1.63360512257	5.0734744072
23	12	0.499610505998	-0.557258175482	0.330155590647	-0.761879657048	-3.16360139847	1.87193977833	-4.37421703339
24	12	0.499808639288	0.541350654691	-0.241432170646	0.80538809008	3.08600735664	-1.40576982498	4.60266494751
25	12	0.499463170767	-0.484757782575	0.301974874168	-0.820866047297	-2.7636013031	1.71671032906	-4.69339847565
26	12	0.499952115119	0.453863523306	-0.232363598566	0.860241280266	2.59866523743	-1.35889327526	4.9087023735
27	12	0.499210312963	-0.492900420045	0.389305270867	-0.778132753452	-2.80408620834	2.19753432274	-4.46022558212
28	12	0.49961066246	0.472245036186	-0.319555170349	0.821504180696	2.6881608963	-1.84411215782	4.697681427
29	12	0.499241225421	-0.412429758431	0.48859093965	-0.768882688095	-2.3670463562	2.76430130005	-4.39856958389
0	13	0.499986477196	-0.440189965816	0.44636802753	-0.779094588605	-2.5150308609	2.54256772995	-4.46031665802
1	13	0.499997258186	0.367630968469	-0.379369782561	0.849073635854	2.11413216591	-2.17032718658	4.84827566147
2	13	0.499999321997	-0.396612793429	0.266830909514	-0.878350475503	-2.27298045158	1.54743409157	-5.01256132126
3	13	0.499959807843	0.44369543046	-0.295723211755	0.845979992091	2.53088951111	-1.68157529831	4.84209442139
4	13	0.499698668718	-0.361545243662	0.326957798174	-0.87314582688	-2.08071780205	1.8570971489	-4.99212408066
5	13	0.445683952421	0.300048966374	-0.331722570337	0.894388480531	1.5490128994	-1.70045566559	4.58074760437
6	13	0.232844540849	0.368168743916	-0.344515297447	0.863574539822	1.01111161709	-0.953533709049	2.4128177166
7	13	0.445554494858	0.265746825605	-0.339669440575	0.902221311996	1.37897896767	-1.73919510841	4.61922550201
8	13	0.498896915466	-0.404903354517	0.278869121423	-0.87079577779	-2.29340195656	1.58140730858	-4.98380661011
9	13	0.497936982661	0.324066714939	-0.108943412989	0.939740441311	1.86402606964	-0.643220305443	5.37260150909
10	13	0.445556495339	-0.28189689699	0.256391905956	-0.92455250258	-1.4382879734	1.3105225563	-4.74103498459
11	13	0.498323801905	0.189927260885	-0.314616870852	0.930023580426	1.11660146713	-1.80068540573	5.32100915909
12	13	0.499231144786	-0.34070731947	0.392880861259	-0.854144689919	-1.94022655487	2.20859146118	-4.89469003677
13	13	0.499989904463	0.389522381653	-0.196569442099	0.89979595944	2.21557617188	-1.13620305061	5.14671230316
14	13	0.499997394159	-0.359211113524	0.154480140741	-0.920382128269	-2.05696415901	0.900962352753	-5.25759935379
15	13	0.500000480562	0.3110038714	-0.308656081929	0.898892660479	1.79582667351	-1.74248504639	5.14097595215
16	13	0.499999973923	-0.471321115437	0.282911330699	-0.835354766016	-2.65930819511	1.60914349556	-4.79971313477
17	13	0.499999705702	0.311274590959	-0.269117296106	0.911418679839	1.78987383842	-1.53373026848	5.20871257782
18	13	0.499999906868	-0.268533737169	0.254529469695	-0.929034111892	-1.54486370087	1.46269774437	-5.30627441406
19	13	0.499999329448	0.27059633696	-0.33815418442	0.90134863953	1.56207489967	-1.91827297211	5.15444803238
20	13	0.499998662621	-0.425095625963	0.280555858433	-0.860570810036	-2.41764974594	1.60857987404	-4.92507648468
21	13	0.499995511025	0.456938943543	-0.286335352702	0.842151332996	2.60702991486	-1.62851333618	4.82027101517
22	13	0.499603394419	-0.500409953781	0.203649496385	-0.841496738424	-2.85110473633	1.18575692177	-4.80674743652
23	13	0.498860795051	0.571627571043	-0.236192242262	0.785783141025	3.25976991653	-1.36399364471	4.49497842789
24	13	0.468799304217	-0.480074449814	0.334759287264	-0.810841995845	-2.60601520538	1.79804873466	-4.37765073776
25	13	0.498291093856	0.450737159682	-0.305354114012	0.838805625838	2.58904910088	-1.74864971638	4.79623508453
26	13	0.499137107283	-0.475504443671	0.315522345941	-0.821182789189	-2.70627403259	1.79602909088	-4.69274997711
27	13	0.499967761338	0.400410879998	-0.283006081493	0.871538114495	2.308177948	-1.63744616508	4.96820640564
28	13	0.499952111393	-0.449632143844	0.366740805437	-0.814452034714	-2.56831216812	2.08891010284	-4.65996694565
29	13	0.499989051372	0.454458976496	-0.330563843841	0.827160555048	2.5931699276	-1.91940557957	4.7203836441
0	14	0.499999649823	0.456605435312	-0.514145720432	0.72606174297	2.60089254379	-2.92000341415	4.17098808289
1	14	0.499999217689	-0.394321705085	0.407727467691	-0.823570704305	-2.26029729843	2.32693910599	-4.70777988434
2	14	0.499997925013	0.39371616911	-0.344574457947	0.85220656012	2.25062036514	-1.96553874016	4.87390232086
3	14	0.499991565943	-0.408594781115	0.252139588287	-0.877197772948	-2.3395524025	1.44845485687	-5.01122951508
4	14	0.499225728214	0.464602759939	-0.18916355058	0.865078855706	2.6337492466	-1.10594499111	4.94247817993
5	14	0.498310871422	-0.411282827416	0.275063053264	-0.869014817251	-2.35415172577	1.57429325581	-4.97667217255
6	14	0.445281807333	0.433295026381	-0.3581927196	0.827014749408	2.20343971252	-1.82538235188	4.24822568893
7	14	0.498118583113	-0.353560740982	0.208065756039	-0.91197776486	-2.02159237862	1.19920158386	-5.21920347214
8	14	0.498856958002	0.347773678966	-0.229155833816	0.909143042676	1.98100662231	-1.31548368931	5.1898522377
9	14	0.44491873309	-0.161025950244	0.31367692845	-0.935776377083	-0.843262076378	1.59560489655	-4.78966760635
10	14	0.233114222996	-0.229707501549	0.269865619093	-0.935097327215	-0.639325380325	0.755261421204	-2.60627245903
11	14	0.445795411244	-0.142805526011	0.266501670978	-0.953196433641	-0.749074518681	1.36732816696	-4.88451623917
12	14	0.499670142308	0.243655308326	-0.236230239882	0.940652626898	1.40164136887	-1.36614131927	5.37289476395
13	14	0.499961441383	-0.325771872422	0.210003778117	-0.921830299087	-1.86632156372	1.20240426064	-5.26771640778
14	14	0.50000026077	0.406394457727	-0.216161024851	0.887760077985	2.30747747421	-1.23408102989	5.08295154572
15	14	0.500000119209	-0.350500638487	0.218885897468	-0.910625206279	-2.00802993774	1.25582778454	-5.20313978195
16	14	0.499999828637	0.382101680729	-0.19423795108	0.903476576312	2.1812415123	-1.11389958858	5.16591882706
17	14	0.499999608845	-0.288565358219	0.186923297253	-0.939036588733	-1.66135263443	1.08371698856	-5.36188983917
18	14	0.499999372289	0.305800153109	-0.247675478229	0.919316661354	1.75034308434	-1.41762375832	5.25454425812
19	14	0.499999949709	-0.302181956761	0.231055611823	-0.92482396663	-1.74434328079	1.33637833595	-5.27847290039
20	14	0.499999716878	0.480081357751	-0.262848199068	0.83691858277	2.72538733482	-1.49297857285	4.79928207397
21	14	0.499981354922	-0.452067686514	0.22048891771	-0.864302865885	-2.58551931381	1.27487158775	-4.93670988083
22	14	0.499821525067	0.47308642703	-0.337544411134	0.813789286653	2.71074295044	-1.91500139236	4.65517854691
23	14	0.468394741416	-0.556037149058	0.369723685496	-0.744397128723	-2.99795484543	1.98992681503	-4.02432918549
24	14	0.307160317898	-0.688195607969	0.262982679084	-0.676185563047	-2.5020942688	0.995484113693	-2.50316905975
25	14	0.417395725846	-0.565174715457	0.320730176879	-0.760072164105	-2.74608802795	1.55237996578	-3.68918943405
26	14	0.498200751841	0.470005566232	-0.349551353648	0.810498993753	2.69204831123	-1.99447441101	4.63806056976
27	14	0.499152477831	-0.461641768827	0.354969465079	-0.8129474498	-2.62748360634	2.02442860603	-4.64459323883
28	14	0.499977506697	0.437500385474	-0.388871937289	0.810784822933	2.50457453728	-2.22767853737	4.63133239746
29	14	0.499989360571	-0.41408461265	0.468521347844	-0.780398411185	-2.37625265121	2.66170525551	-4.46708440781
0	15	0.499998476356	-0.415985481468	0.453524885906	-0.788207623074	-2.38273525238	2.57715845108	-4.51319122314
1	15	0.500000175089	0.443771343258	-0.325742628164	0.834840544715	2.52432560921	-1.87996709347	4.77281856537
2	15	0.500000383705	-0.358342678956	0.382595958739	-0.851593128669	-2.05801153183	2.16779518127	-4.87358760834
3	15	0.499986536801	0.398060335651	-0.269061578262	0.877014159683	2.26721644402	-1.54568481445	5.01528596878
4	15	0.499977100641	-0.37751853613	0.29070121317	-0.879188580192	-2.16659522057	1.6563436985	-5.02473258972
5	15	0.499259464443	0.373689787252	-0.293809498265	0.879790839707	2.13474798203	-1.67328643799	5.02274513245
6	15	0.499608282	-0.305256489988	0.210147129599	-0.928793119721	-1.76298058033	1.22457706928	-5.29972362518
7	15	0.499232489616	0.325003795485	-0.225116471308	0.918528773238	1.8517087698	-1.28945446014	5.24315690994
8	15	0.499227743596	-0.342768027739	0.255327152343	-0.90405648299	-1.94764602184	1.45340180397	-5.16553258896
9	15	0.498115986586	0.234732277507	-0.177993800174	0.955624908108	1.35074591637	-1.02765595913	5.46671438217
10	15	0.445764578879	-0.240957593221	0.32499774585	-0.914503091007	-1.23024046421	1.65934717655	-4.69219017029
11	15	0.498239275068	0.273866496305	-0.363480782941	0.890437455768	1.56337499619	-2.07353425026	5.10222625732
12	15	0.499254630879	-0.233640756934	0.318167621337	-0.918793426964	-1.34646320343	1.80771160126	-5.24467086792
13	15	0.499989330769	0.328525177706	-0.197336865451	0.923650025252	1.87847709656	-1.14481925964	5.27712106705
14	15	0.499997936189	-0.343224294743	0.244848854183	-0.906777879143	-1.97097337246	1.39288067818	-5.18240261078
15	15	0.499999679625	0.36032965941	-0.234915968005	0.902760779235	2.06413769722	-1.33288311958	5.16190719604
16	15	0.499997297302	-0.37630510476	0.114770652633	-0.919359649661	-2.14261198044	0.692288815975	-5.25578022003
17	15	0.499999415129	0.313735409515	-0.257437868905	0.913945204304	1.80047416687	-1.47393631935	5.22276639938
18	15	0.499998848885	-0.383732637854	0.328032020736	-0.863217386304	-2.18283367157	1.86396789551	-4.9442191124
19	15	0.499999009073	0.389314664931	-0.312118986954	0.866611694851	2.22107410431	-1.76523685455	4.9637503624
20	15	0.499999064952	-0.440013300439	0.136835093207	-0.88750462123	-2.50481700897	0.817030549049	-5.07473182678
21	15	0.499992925674	0.412225550368	-0.21746112268	0.884748978947	2.36526441574	-1.25561618805	5.05142879486
22	15	0.499460864812	-0.480675253506	0.325881491572	-0.814096157783	-2.73574709892	1.86439442635	-4.65358734131
23	15	0.498116914183	0.460160684596	-0.38915067634	0.798006200136	2.64112138748	-2.22385692596	4.56354188919
24	15	0.417532250285	-0.590437080149	0.479618213289	-0.649115108334	-2.86863899231	2.3097178936	-3.16499662399
25	15	0.365122016519	-0.470638371968	0.382755891687	-0.794982672899	-2.0635201931	1.67353963852	-3.47485899925
26	15	0.417839586735	-0.483624708047	0.251428891577	-0.838385743108	-2.34720206261	1.2332034111	-4.07231855392
27	15	0.498255893588	0.415349469872	-0.358569372429	0.836010061562	2.38661289215	-2.05690383911	4.77884578705
28	15	0.499462552369	-0.478508574444	0.448024770526	-0.755184314706	-2.72098898888	2.54592752457	-4.32796669006
29	15	0.499994214624	0.433854926618	-0.365745629067	0.823407576761	2.48047423363	-2.11207985878	4.69810295105
0	16	0.49999961257	0.39438057927	-0.352964164796	0.848457575288	2.25710463524	-2.029088974	4.84478855133
1	16	0.500000122935	-0.402736334283	0.326593695412	-0.855067250668	-2.29786872864	1.87486052513	-4.88766241074
2	16	0.499999482185	0.335086982315	-0.280196796377	0.899559041744	1.92303657532	-1.62116312981	5.1344370842
3	16	0.499999247491	-0.301063610071	0.262970912675	-0.916628060763	-1.74282550812	1.51361656189	-5.2304930687
4	16	0.499987397343	0.406712996554	-0.313408291081	0.858114084208	2.31639385223	-1.79366445541	4.90911340714
5	16	0.499991700053	-0.413551077742	0.340102489243	-0.844574332377	-2.35229921341	1.94638586044	-4.83365488052
6	16	0.499965801835	0.392650436774	-0.33960262195	0.854690408081	2.22965621948	-1.93053030968	4.8976225853
7	16	0.499976595864	-0.232354157148	0.286611760354	-0.929443513336	-1.3502073288	1.64575099945	-5.30637264252
8	16	0.499964591116	0.327324252575	-0.336716251239	0.882882211752	1.85648107529	-1.90649580956	5.06073999405
9	16	0.499221917242	-0.24172198477	0.139707316642	-0.960235568887	-1.38968169689	0.840382397175	-5.47388696671
10	16	0.49971123971	0.230780488008	-0.304136722337	0.9242517084	1.32144331932	-1.73633873463	5.2856965065
11	16	0.499246627092	-0.286110561193	0.343981439862	-0.894325173415	-1.61825215816	1.95992922783	-5.11121988297
12	16	0.499976672232	0.261711892829	-0.337274095265	0.9042970031	1.49599039555	-1.9167484045	5.17508363724
13	16	0.49998678267	-0.405734962695	0.265138711411	-0.874688861115	-2.29956793785	1.51632249355	-5.00987625122
14	16	0.499999307096	0.41227207397	-0.224746754766	0.88290465694	2.3479180336	-1.28383231163	5.05192661285
15	16	0.499987196177	-0.435366088359	0.190093823582	-0.879954946201	-2.46564865112	1.10005450249	-5.03966426849
16	16	0.499987650663	0.292432884895	-0.308319522889	0.905219354432	1.68525028229	-1.75222444534	5.17542314529
17	16	0.499963220209	-0.295775712809	0.417564208869	-0.859160554951	-1.6986746788	2.36132049561	-4.92167949677
18	16	0.499990101904	0.362421230943	-0.325203320141	0.873437835184	2.06248283386	-1.86161148548	4.99662065506
19	16	0.499987624586	-0.352158913351	0.237871528532	-0.90520784114	-2.01532268524	1.37332653999	-5.17041683197
20	16	0.49999897182	0.289935153139	-0.270612264127	0.917990527989	1.68990778923	-1.54262185097	5.24007701874
21	16	0.499990880489	-0.399041263345	0.348606751165	-0.848079833029	-2.29074478149	1.97581887245	-4.85209465027
22	16	0.499975766987	0.41989054093	-0.413004808558	0.808157757956	2.41762542725	-2.33887577057	4.62396144867
23	16	0.499153062701	-0.454765930457	0.423009392247	-0.78374166826	-2.5962729454	2.40740394592	-4.47646903992
24	16	0.498034954071	0.4169318044	-0.480066781837	0.771818473125	2.39903879166	-2.7296667099	4.4179315567
25	16	0.417493805289	-0.513744312356	0.322349458288	-0.795083397049	-2.49006390572	1.5732640028	-3.8607006073
26	16	0.305444244295	-0.478149226641	0.304731414467	-0.823718448318	-1.75075793266	1.11636126041	-3.01072454453
27	16	0.468059457839	-0.416192891799	0.34116118814	-0.842847863213	-2.25043392181	1.84334897995	-4.5428609848
28	16	0.499784767628	0.440112957543	-0.47234769644	0.763667622903	2.51391005516	-2.67952442169	4.37991762161
29	16	0.499980535358	-0.420835381645	0.415105400722	-0.806588549291	-2.403829813	2.3707253933	-4.61317253113
0	17	0.499999310821	-0.370568357549	0.380739963894	-0.847181310156	-2.11778259277	2.18597579002	-4.83935689926
1	17	0.499999199063	0.36513712842	-0.440151591775	0.820330088262	2.08859562874	-2.50600409508	4.69480609894
2	17	0.499999515712	-0.363962107198	0.43352310765	-0.824372063851	-2.08591747284	2.46336936951	-4.71909809113
3	17	0.500000391155	0.384168523022	-0.312800275726	0.868660194452	2.19410252571	-1.8044295311	4.96158313751
4	17	0.49999942258	-0.401123366056	0.382584586953	-0.832303477723	-2.27614569664	2.1832716465	-4.76868343353
5	17	0.499997850507	0.297657128369	-0.452279882431	0.840739639769	1.71323847771	-2.56760215759	4.81311988831
6	17	0.499999780208	-0.386921772953	0.330277058	-0.860934728405	-2.18575954437	1.90496325493	-4.92824554443
7	17	0.499997526407	0.206928410669	-0.352515243455	0.912641022522	1.19581198692	-2.01126289368	5.21655416489
8	17	0.499987311661	-0.248499722013	0.359362088038	-0.899503628587	-1.42472684383	2.0472946167	-5.1438498497
9	17	0.499990936369	0.308327534823	-0.385022303503	0.869880426883	1.74672198296	-2.1764292717	4.99092960358
10	17	0.499963141978	-0.182289758079	0.361038675446	-0.914560833915	-1.05123519897	2.05414032936	-5.23017263412
11	17	0.499991293997	0.148603663796	-0.318156411678	0.936319095616	0.865592956543	-1.81744098663	5.35118293762
12	17	0.499987602234	-0.0984168229022	0.234047420695	-0.96723106538	-0.606811821461	1.35375607014	-5.52291584015
13	17	0.499999303371	0.325941594475	-0.309211268696	0.893392673074	1.85407972336	-1.74621295929	5.11943769455
14	17	0.499986488372	-0.343747423867	0.173505505771	-0.922894115298	-1.96257567406	1.01079559326	-5.27362442017
15	17	0.499961851165	0.312291449227	-0.189537547532	0.930886442492	1.7908244133	-1.09758913517	5.3176240921
16	17	0.499250918627	-0.250096985374	0.335156528941	-0.908362041818	-1.43950843811	1.90177750587	-5.18642187119
17	17	0.499597195536	0.322159646166	-0.387365583611	0.863806151295	1.82806682587	-2.21652889252	4.94276189804
18	17	0.499246396124	-0.260812361985	0.3604937497	-0.895556345666	-1.50559282303	2.05660462379	-5.10807847977
19	17	0.499975707382	0.387683931906	-0.246597131903	0.88819537461	2.21446657181	-1.42256987095	5.07560539246
20	17	0.499987229705	-0.429656255071	0.270118045443	-0.861644789925	-2.45629501343	1.54184269905	-4.9270195961
21	17	0.499999191612	0.576780133283	-0.224341792732	0.78549057148	3.26614046097	-1.29284060001	4.51228761673
22	17	0.499988485128	-0.580177491615	0.201377949384	-0.789202762112	-3.29887604713	1.18354034424	-4.51781749725
23	17	0.499962672591	0.52398589539	-0.324116671481	0.787646598863	2.98045086861	-1.85809016228	4.51172971725
24	17	0.499153662473	-0.442926453735	0.377589788217	-0.813167946009	-2.53857278824	2.16082310677	-4.63371944427
25	17	0.497410431504	0.537591497069	-0.445720503207	0.715771342888	3.0586848259	-2.53301548958	4.10942363739
26	17	0.467775054276	-0.501583245459	0.374055446538	-0.780062030092	-2.70274496078	2.01186227798	-4.21485853195
27	17	0.498115208	0.424877257894	-0.262665870868	0.866305925182	2.43050861359	-1.51596617699	4.93859577179
28	17	0.499593514949	-0.396645635134	0.348825380113	-0.849113122215	-2.27463412285	2.00246763229	-4.8432469368
29	17	0.49998184666	0.381801898478	-0.43124337808	0.817469546332	2.18412947655	-2.45585441589	4.67752981186
0	18	0.499997701496	0.3229851371	-0.438806672859	0.838528058604	1.85256195068	-2.50708532333	4.79208374023
1	18	0.499999824911	-0.334732632578	0.464167104468	-0.820062780412	-1.9167535305	2.64909029007	-4.68964385986
2	18	0.499999023974	0.442197051841	-0.458274170754	0.771003600357	2.50752830505	-2.61396312714	4.42346382141
3	18	0.499998815358	-0.432430898252	0.409676775139	-0.803223790826	-2.45378541946	2.33752632141	-4.60490655899
4	18	0.500000048429	0.246355401248	-0.376744052687	0.892957409422	1.42210745811	-2.16864299774	5.0961098671
5	18	0.499998446554	-0.15661852927	0.465142889404	-0.871270755119	-0.917244136333	2.64589715004	-4.98456907272
6	18	0.499999508262	0.242813334536	-0.423557676565	0.872720218165	1.385420084	-2.41155481339	4.99547576904
7	18	0.499999536201	-0.135051417188	0.358232135308	-0.923813212694	-0.788619399071	2.05029177666	-5.27836561203
8	18	0.499999508262	0.22013205856	-0.269972033545	0.937367045451	1.25886642933	-1.56593191624	5.35279941559
9	18	0.499998435378	-0.301560351474	0.270120642243	-0.914382957547	-1.70457434654	1.56276607513	-5.22890996933
10	18	0.49999983795	0.163381567467	-0.301645827068	0.939316910539	0.945540368557	-1.72399699688	5.36847877502
11	18	0.499998122454	-0.252315714202	0.310609605822	-0.916437915594	-1.43005526066	1.76671767235	-5.24587202072
12	18	0.499999953434	0.300061869895	-0.187487843863	0.935313414123	1.70503425598	-1.08834958076	5.34781503677
13	18	0.499997826293	-0.285238571509	0.207251905767	-0.935780746158	-1.6386847496	1.19904112816	-5.34416675568
14	18	0.499988108873	0.276434670135	-0.254182899814	0.926809002216	1.58857548237	-1.44920516014	5.29710054398
15	18	0.499229539186	-0.301161569928	0.259346942139	-0.917627850712	-1.71150720119	1.47873878479	-5.24067020416
16	18	0.49773915112	0.236674689577	-0.28291251729	0.929486739483	1.36302566528	-1.62646651268	5.3122882843
17	18	0.445621166378	-0.213738247059	0.52567085185	-0.823399123912	-1.11650335789	2.6735162735	-4.22857189178
18	18	0.498237065971	0.212811736897	-0.455981988432	0.864171042598	1.2461810112	-2.59409475327	4.95124149323
19	18	0.499284815043	-0.477771179768	0.290566029458	-0.829039252574	-2.70064520836	1.67433428764	-4.74427890778
20	18	0.499990861863	0.455975346373	-0.289826487647	0.841479108807	2.60787725449	-1.65287053585	4.81151676178
21	18	0.499997548759	-0.38258631067	0.193887357002	-0.90334678152	-2.21498322487	1.12857818604	-5.14943170547
22	18	0.499997530133	0.523220793319	-0.31594480215	0.791466286984	2.96837973595	-1.79443764687	4.54595088959
23	18	0.499980438501	-0.364158213932	0.347514923738	-0.8640730137	-2.11651682854	1.97027754784	-4.93306541443
24	18	0.499220389873	0.452188861079	-0.330447108873	0.8284503257	2.57331633568	-1.88673341274	4.73321247101
25	18	0.49766555801	-0.451465084751	0.363121524778	-0.815059528804	-2.58842182159	2.07532739639	-4.65837574005
26	18	0.445774983615	0.47528503819	-0.302681114098	0.826128486158	2.43264579773	-1.54640042782	4.2423491478
27	18	0.497939713299	-0.467043880176	0.303458376398	-0.830531774097	-2.66741085052	1.73639559746	-4.75446176529
28	18	0.499249093235	0.464393017648	-0.369037274714	0.805078017978	2.6322555542	-2.11274576187	4.60434865952
29	18	0.49998472631	-0.352223576578	0.430088261918	-0.831241624958	-2.02219104767	2.456802845	-4.74953269958
0	19	0.499999783933	-0.322154226407	0.4558165402	-0.829727627651	-1.84345841408	2.59986162186	-4.74603843689
1	19	0.499999955297	0.249282102397	-0.455207603282	0.854777439653	1.443972826	-2.5976331234	4.88383626938
2	19	0.499993812293	-0.322536446405	0.436205627457	-0.840056481027	-1.852825284	2.4883685112	-4.80215930939
3	19	0.499995350838	0.377604746617	-0.391831627638	0.838977133726	2.14233469963	-2.24812340736	4.80066156387
4	19	0.49998094514	-0.18131044799	0.462863769629	-0.867688683927	-1.06014180183	2.63154625893	-4.96397924423
5	19	0.499994136393	0.14027627244	-0.399284052124	0.906032456985	0.819613337517	-2.29253721237	5.17284393311
6	19	0.499991349876	-0.251729959698	0.370556883548	-0.894046768041	-1.4196407795	2.1293721199	-5.11235523224
7	19	0.499999884516	0.0923505600488	-0.41056710134	0.907141680972	0.556400835514	-2.34075117111	5.1865363121
8	19	0.499999720603	-0.195920366841	0.414682054787	-0.888624782062	-1.11657500267	2.35725164413	-5.08745288849
9	19	0.499999854714	0.223644571757	-0.394852579677	0.891108604967	1.2702896595	-2.23506212234	5.10730934143
10	19	0.500000433996	-0.081545245205	0.237453041429	-0.967970260959	-0.492292404175	1.37940073013	-5.5270409584
11	19	0.499999944121	0.201210530078	-0.292868684732	0.934741812528	1.16047048569	-1.66801643372	5.34430837631
12	19	0.499999850988	-0.391008570359	0.219730025445	-0.893773468964	-2.21531581879	1.26654267311	-5.11629486084
13	19	0.49999986589	0.367528397068	-0.296150430981	0.881599568727	2.07678699493	-1.68109107018	5.05533456802
14	19	0.499963063747	-0.297747793667	0.308125319777	-0.903551348114	-1.69624996185	1.74453306198	-5.17328500748
15	19	0.499592715874	0.261229000493	-0.289369200343	0.920882660926	1.49670946598	-1.65255284309	5.26507043839
16	19	0.44464154169	-0.373992424345	0.449289857524	-0.81133734689	-1.89853227139	2.28659391403	-4.16330099106
17	19	0.233740972355	-0.323920134684	0.372199493254	-0.869794966396	-0.904858767986	1.05815565586	-2.42327952385
18	19	0.446100749075	-0.437484989161	0.402390861478	-0.804169434173	-2.22533988953	2.06709623337	-4.13538408279
19	19	0.49970459938	0.408790647734	-0.385681933575	0.82712734959	2.35287189484	-2.18891954422	4.72993087769
20	19	0.499961778522	-0.556159641042	0.334087286019	-0.760967896167	-3.14248538017	1.90008950233	-4.38362789154
21	19	0.499999701977	0.371403167364	-0.22740274025	0.900193135388	2.13701486588	-1.31382226944	5.13783216476
22	19	0.499999415129	-0.363029055725	0.323149365123	-0.873947591403	-2.09365153313	1.82669496536	-4.99718236923
23	19	0.499960865825	0.470066986615	-0.137789129385	0.871809144204	2.66851854324	-0.830341458321	4.98835802078
24	19	0.499697454274	-0.40035834492	0.239357399466	-0.884545776641	-2.2931394577	1.36426579952	-5.0576543808
25	19	0.444903455675	0.42008415732	-0.167885471032	0.89182048047	2.14948177338	-0.872974038124	4.56153869629
26	19	0.232604109682	0.433936159799	-0.204824438807	0.87735190117	1.19968318939	-0.596744835377	2.43763780594
27	19	0.445623602718	0.395367508914	-0.319314898443	0.861233144118	2.02882575989	-1.6345872879	4.41375207901
28	19	0.499645777047	-0.336725805274	0.478195762997	-0.811137808461	-1.9449338913	2.71169734001	-4.64337539673
29	19	0.499961346388	0.37538002013	-0.450541165938	0.810001542148	2.13088011742	-2.57151150703	4.63968324661
0	20	0.499998334795	0.370526321319	-0.389238905989	0.843328713654	2.09892368317	-2.23310184479	4.8262796402
1	20	0.499993879348	-0.279422759776	0.393274285821	-0.875932792759	-1.61493182182	2.25506329536	-4.99937152863
2	20	0.49998581782	0.356967476952	-0.346935396962	0.867300438564	2.02979588509	-2.0027244091	4.95539617538
3	20	0.499595884234	-0.306879138256	0.371355484902	-0.876310617496	-1.75803136826	2.12557268143	-5.0020904541
4	20	0.499822948128	0.302968408534	-0.433673902562	0.84860891444	1.71756827831	-2.47693276405	4.85782432556
5	20	0.499468047172	-0.217470073082	0.448753765428	-0.866791108243	-1.24453830719	2.55314683914	-4.95452928543
6	20	0.499979544431	0.223242441883	-0.405116630023	0.886590846006	1.27539122105	-2.31259775162	5.07035017014
7	20	0.499989755452	-0.20798393994	0.392423463515	-0.895961219032	-1.18270635605	2.23749518394	-5.12621593475
8	20	0.499998915941	0.182227724592	-0.382440260382	0.905832492036	1.04251980782	-2.17936635017	5.18132638931
9	20	0.499999849126	-0.183220856906	0.292692194191	-0.938488890214	-1.0443983078	1.68739235401	-5.36156272888
10	20	0.499999113381	0.104783460717	-0.285339755255	0.952681295309	0.620205461979	-1.63242959976	5.44398021698
11	20	0.499999215826	-0.222213955848	0.295727134278	-0.929067500173	-1.27987289429	1.68397057056	-5.31188774109
12	20	0.499999362975	0.411863152096	-0.245926213944	0.877433211841	2.317735672	-1.4129742384	5.03335094452
13	20	0.49999618344	-0.0955352553188	0.257104261298	-0.961649839502	-0.603164255619	1.46455347538	-5.49608421326
14	20	0.499975901097	0.201255427859	-0.131344292411	0.970693015123	1.15450739861	-0.780808210373	5.54525566101
15	20	0.49916154705	-0.149543474516	0.155308712544	-0.976481414589	-0.880588769913	0.912990868092	-5.56604290009
16	20	0.497885007411	0.317578954904	-0.260835734238	0.911651428533	1.80016815662	-1.49561071396	5.22181034088
17	20	0.445615693927	-0.28530465962	0.433292681737	-0.85490274485	-1.47588551044	2.2114584446	-4.38213253021
18	20	0.498328682035	0.40484302442	-0.383045265366	0.830288173022	2.31474876404	-2.17965698242	4.76242637634
19	20	0.499233387411	-0.423569480592	0.264633196868	-0.86634760127	-2.41405534744	1.52320754528	-4.94330596924
20	20	0.499990675598	0.364939147881	-0.257950923187	0.894584115425	2.10466146469	-1.47839677334	5.10634326935
21	20	0.499998003244	-0.371335800618	0.255697710491	-0.892596439624	-2.11757445335	1.46361505985	-5.10427951813
22	20	0.499997876585	0.352612794291	-0.26961307821	0.896087610315	2.02390933037	-1.54431986809	5.11850118637
23	20	0.49999076128	-0.422606488379	0.283370246763	-0.860874589722	-2.40024161339	1.60106658936	-4.93633270264
24	20	0.499247767031	0.319875722654	-0.198220065135	0.926492486658	1.82904374599	-1.15085232258	5.28385782242
25	20	0.498156517744	-0.264299639738	0.308742132993	-0.913687033808	-1.52847194672	1.75464081764	-5.23060178757
26	20	0.445643279701	0.377686749436	-0.287519939757	0.880161918935	1.93879616261	-1.46558749676	4.51229906082
27	20	0.49823807925	-0.370479582498	0.212108979709	-0.90429788216	-2.12640285492	1.23517274857	-5.17059135437
28	20	0.499273974448	0.426208216628	-0.38294791932	0.819571502169	2.40169668198	-2.18441915512	4.697306633
29	20	0.499990351498	-0.232663654991	0.38152602176	-0.894597964656	-1.35920953751	2.18578910828	-5.10590696335
0	21	0.499998759478	-0.339251580382	0.434506025748	-0.834333793393	-1.93354392052	2.47510838509	-4.777364254
1	21	0.499994941056	0.404827249483	-0.462436938301	0.788839005229	2.29182219505	-2.63972759247	4.5240983963
2	21	0.499598272145	-0.337913425599	0.471498571685	-0.814557311488	-1.92765784264	2.67497158051	-4.66531848907
3	21	0.498945135623	0.280236177608	-0.356068174349	0.891450021019	1.6043254137	-2.05357885361	5.09090948105
4	21	0.468102876097	-0.278238667381	0.413283739616	-0.867052359747	-1.49679923058	2.23085451126	-4.67792367935
5	21	0.498307168484	0.237926869106	-0.409182198409	0.88088633402	1.35874998569	-2.34343528748	5.04277276993
6	21	0.499158192426	-0.215141102459	0.35741260615	-0.908829211127	-1.22519564629	2.04938149452	-5.18431520462
7	21	0.499975670129	0.229063715081	-0.274581555485	0.933881568412	1.3001986742	-1.59935903549	5.33330154419
8	21	0.499989256263	-0.151839112938	0.323634424068	-0.933919505814	-0.882304906845	1.85405778885	-5.33536529541
9	21	0.499999146909	0.16827229699	-0.325083747866	0.930593891522	0.972641944885	-1.85625934601	5.31891870499
10	21	0.499991396442	-0.231581343743	0.315526629025	-0.920224444147	-1.31928300858	1.80069601536	-5.26322937012
11	21	0.499994222075	0.30665211145	-0.245441653698	0.919631924834	1.74548077583	-1.40985321999	5.25839710236
12	21	0.499980688095	-0.337112527094	0.297247985819	-0.893307773952	-1.92089545727	1.68236041069	-5.11490154266
13	21	0.4999830015	0.248182529879	-0.222536539639	0.942805876301	1.41556310654	-1.28284955025	5.38837337494
14	21	0.499955622479	-0.284568050222	0.237832725018	-0.92868542559	-1.61570763588	1.35963618755	-5.31261396408
15	21	0.499268718064	0.21443869046	-0.33243214474	0.918425237663	1.21764087677	-1.86606538296	5.25745344162
16	21	0.49894181639	-0.22150613768	0.301760883413	-0.927294667413	-1.27864348888	1.72379565239	-5.29073810577
17	21	0.498920690268	0.354915554277	-0.349982100709	0.866918380539	2.01352500916	-1.98951840401	4.95835733414
18	21	0.499213088304	-0.351156985382	0.286598154629	-0.891375492922	-2.01814365387	1.63977909088	-5.08187580109
19	21	0.499962072819	0.443771823038	-0.222276137477	0.868135869427	2.52063369751	-1.2782561779	4.96969127655
20	21	0.499987211078	-0.389909822078	0.218389720867	-0.894581611965	-2.22410511971	1.25691759586	-5.11421108246
21	21	0.49999935925	0.289990468547	-0.287928734069	0.912689745888	1.68067145348	-1.63747549057	5.21345329285
22	21	0.499999370426	-0.381810662309	0.28161716993	-0.880291081261	-2.16645097733	1.60172080994	-5.04240036011
23	21	0.499987788498	0.292700950083	-0.20136510597	0.934761064614	1.68929207325	-1.1644796133	5.33648633957
24	21	0.499970728531	-0.218275895182	0.258524461266	-0.941021113743	-1.27890324593	1.47025442123	-5.3753528595
25	21	0.499249149114	0.349243154492	-0.280366821348	0.894104951629	1.9805713892	-1.59878182411	5.10937309265
26	21	0.499713342637	-0.362381938587	0.275203662245	-0.890473062407	-2.06745862961	1.57816135883	-5.09228801727
27	21	0.49924518913	0.373266570852	-0.302728461936	0.876942156256	2.1134390831	-1.72671437263	5.0140838623
28	21	0.499974034727	-0.23626284849	0.413864939073	-0.879144856454	-1.37083292007	2.34089708328	-5.03398656845
29	21	0.499986812472	0.194510785685	-0.338650267286	0.920587611648	1.13597428799	-1.94710016251	5.25414180756
0	22	0.499999392778	0.297019503719	-0.399059122845	0.867485579641	1.70075631142	-2.28293371201	4.95788192749
1	22	0.499979902059	-0.311617781449	0.494722669893	-0.811260647498	-1.7771525383	2.81186413765	-4.64988803864
2	22	0.499818254262	0.275128128854	-0.415995583101	0.866748053101	1.57053303719	-2.39529514313	4.94781970978
3	22	0.46763773635	-0.180805119628	0.487490580155	-0.854202811384	-0.987498164177	2.62271904945	-4.60407686234
4	22	0.305447664112	-0.187884783385	0.477400910084	-0.858363372485	-0.684298574924	1.75600540638	-3.13350772858
5	22	0.418028768152	-0.166428966201	0.475757347363	-0.863687643561	-0.812696695328	2.31197881699	-4.19873666763
6	22	0.498249944299	0.127908294595	-0.461791585092	0.877717494478	0.745964884758	-2.63641619682	5.02364873886
7	22	0.499188508838	-0.186993798331	0.459141143529	-0.86845997588	-1.07785749435	2.58945846558	-4.9727268219
8	22	0.499978099018	0.239023354434	-0.358072268628	0.902580792214	1.36118912697	-2.04545903206	5.16225767136
9	22	0.499981094152	-0.266819712272	0.325213726486	-0.907217324156	-1.51476716995	1.85798096657	-5.18980979919
10	22	0.499977450818	0.259460456295	-0.364547929553	0.894307038258	1.48998832703	-2.05268836021	5.12489318848
11	22	0.499468555674	-0.319782157395	0.170717933574	-0.931984312619	-1.81930613518	0.991318583488	-5.32235431671
12	22	0.499823775142	0.310202349272	-0.206065760056	0.928068642418	1.76805281639	-1.18474185467	5.30604076385
13	22	0.499596124515	-0.194455963839	0.265031857455	-0.944428394671	-1.13372635841	1.51498126984	-5.39049625397
14	22	0.499291144311	0.329235563935	-0.267877608332	0.905453218226	1.84938073158	-1.52098560333	5.18392419815
15	22	0.498007402755	-0.0658580163814	0.123668646733	-0.990135741953	-0.412201792002	0.739495277405	-5.66262054443
16	22	0.445351015776	0.202174555809	-0.290587142981	0.935245722427	1.04306423664	-1.48903512955	4.78894901276
17	22	0.498178061098	-0.319615805199	0.271081058783	-0.907943168175	-1.8368844986	1.55798685551	-5.19311380386
18	22	0.499216564	0.414665013125	-0.248792360208	0.875302969487	2.34498786926	-1.42546129227	5.00540924072
19	22	0.499978680164	-0.352529045608	0.216373766814	-0.91044256548	-2.02223038673	1.24675405025	-5.20001316071
20	22	0.499997466803	0.379206569193	-0.226553392307	0.897148782708	2.15879607201	-1.30230224133	5.1309709549
21	22	0.499999690801	-0.364497390425	0.260783016599	-0.893942878839	-2.06836032867	1.4950851202	-5.11594676971
22	22	0.500000074506	0.316461784188	-0.237740375136	0.918330797251	1.822701931	-1.36128854752	5.24464225769
23	22	0.499999783933	-0.383525693117	0.182633396093	-0.905291712847	-2.17219638824	1.05189144611	-5.18271112442
24	22	0.499987304211	0.368438458888	-0.211239800491	0.905334661162	2.08885860443	-1.22223937511	5.17987632751
25	22	0.499989215285	-0.346205048675	0.25433626477	-0.903025541552	-1.97025179863	1.45472228527	-5.16575574875
26	22	0.499962441623	0.28905670027	-0.309110315068	0.906033684334	1.6550359726	-1.76016247272	5.18086481094
27	22	0.4999878034	-0.238155114986	0.28795559856	-0.927557930517	-1.37136566639	1.64787554741	-5.29991388321
28	22	0.49998687394	0.246185489798	-0.219944234087	0.94393709457	1.40445923805	-1.27738833427	5.39298343658
29	22	0.499999299645	-0.305170412294	0.28662902376	-0.908138107448	-1.73354840279	1.64780640602	-5.19279193878
0	23	0.499999657273	-0.278524093532	0.406110663885	-0.870343873421	-1.58926355839	2.31074142456	-4.9819521904
1	23	0.499990791082	0.198004772925	-0.436842999228	0.877474959144	1.14584302902	-2.49452733994	5.01517295837
2	23	0.499488200992	-0.208685669733	0.479016199581	-0.852639297586	-1.20647740364	2.73105740547	-4.86868095398
3	23	0.497865516692	0.336464528077	-0.510299029726	0.791445842497	1.9065990448	-2.91370534897	4.53889846802
4	23	0.417239271104	-0.0833714792202	0.653533912135	-0.752291580534	-0.419722676277	3.15231227875	-3.66730308533
5	23	0.364597085863	-0.13770141229	0.569160842629	-0.8106135061	-0.598600029945	2.48030662537	-3.54568767548
6	23	0.416892301291	-0.181638086848	0.491534132371	-0.851705231944	-0.890454173088	2.37712788582	-4.13154697418
7	23	0.498130178079	0.29667439767	-0.229776578418	0.926923419586	1.6855276823	-1.34240150452	5.30288410187
8	23	0.499472808093	-0.261723388203	0.31756727309	-0.911401061624	-1.49123668671	1.80604505539	-5.20843267441
9	23	0.499971298501	0.230943050041	-0.247162829712	0.941050393574	1.33673417568	-1.41765213013	5.37515640259
10	23	0.499138532206	-0.316252803687	0.142947111106	-0.937843423812	-1.78861284256	0.842858910561	-5.35497808456
11	23	0.498030990362	0.283656650632	-0.115612063637	0.951931066461	1.62734127045	-0.671436429024	5.44385147095
12	23	0.468043224886	-0.312468234497	0.181966298381	-0.932336778575	-1.67692637444	0.988211393356	-5.03093862534
13	23	0.498805809766	0.233065853392	-0.371689388953	0.898625231185	1.34121251106	-2.09744787216	5.14750099182
14	23	0.499270696193	-0.288950170714	0.289091338932	-0.912652177228	-1.64417481422	1.65200734138	-5.21616744995
15	23	0.445414127782	0.200286366819	-0.264520681447	0.943352627787	1.03455877304	-1.35925221443	4.82978916168
16	23	0.23280434031	0.293053204988	-0.312424562544	0.903609822747	0.792040944099	-0.862811744213	2.52584290504
17	23	0.44575198181	0.26301022405	-0.342661744973	0.90189165124	1.34808933735	-1.74954271317	4.62615966797
18	23	0.499704413116	-0.281729316569	0.287399180658	-0.915439950593	-1.61548340321	1.64789581299	-5.23196268082
19	23	0.499963101	0.288709575854	-0.303392564792	0.908074739456	1.65489113331	-1.73029839993	5.19088506699
20	23	0.499999698251	-0.278350697601	0.303714279751	-0.911196205776	-1.59256291389	1.73296916485	-5.21005868912
21	23	0.500000473112	0.211651187178	-0.354436108788	0.910812175892	1.24143624306	-2.00627970695	5.20830249786
22	23	0.50000013411	-0.373150288471	0.252719848597	-0.892687817963	-2.10024642944	1.44919252396	-5.11704969406
23	23	0.499999199063	0.23639652218	-0.165391782194	0.957477019403	1.36848378181	-0.972657799721	5.46606731415
24	23	0.499988086522	-0.252869966365	0.375598411419	-0.89161797506	-1.44738781452	2.1094686985	-5.11406421661
25	23	0.499985378236	0.255056904377	-0.208681787479	0.9441387012	1.45310032368	-1.22215914726	5.39353179932
26	23	0.499962359667	-0.249619471293	0.311716492604	-0.916800386011	-1.42232453823	1.78065395355	-5.24259614944
27	23	0.499990236014	0.194446024096	-0.341331634907	0.91961049294	1.11803257465	-1.93354105949	5.26299095154
28	23	0.499983798712	-0.134432259525	0.172384439594	-0.975813287768	-0.795023918152	1.01574444771	-5.57069778442
29	23	0.499997083098	0.311046493118	-0.305864854208	0.899831523164	1.75970578194	-1.74646687508	5.15217065811
0	24	0.499962437898	0.259583459851	-0.31244271126	0.913781144231	1.48286533356	-1.79520368576	5.22081565857
1	24	0.499981977046	-0.18443275969	0.31946318303	-0.929477181991	-1.07610595226	1.84573602676	-5.30379390717
2	24	0.499949317425	0.228623317363	-0.486657724146	0.843146273364	1.3189895153	-2.76118755341	4.82985782623
3	24	0.499108314514	-0.317940041323	0.44563678881	-0.836852425809	-1.80815458298	2.54748678207	-4.77670478821
4	24	0.496920350939	0.258461063745	-0.454373439577	0.852492026904	1.47097873688	-2.60238909721	4.86247062683
5	24	0.416372764856	-0.0403818542405	0.504223728544	-0.862628388949	-0.222916275263	2.44580125809	-4.18386650085
6	24	0.309092935175	-0.2855563634	0.454048548754	-0.843977179014	-1.02801012993	1.67170643806	-3.13469624519
7	24	0.469112636521	-0.221921515907	0.202374876567	-0.953831877278	-1.20315480232	1.1133787632	-5.15177631378
8	24	0.499758578837	0.21765535615	-0.311935629456	0.924836368778	1.26082491875	-1.77776277065	5.2850151062
9	24	0.499151971191	-0.341493810857	0.248608299697	-0.906408236099	-1.92731559277	1.42826867104	-5.17938375473
10	24	0.498183142394	0.201873978708	-0.254627364243	0.945733473077	1.17330491543	-1.448797822	5.40942049026
11	24	0.418035785668	-0.104639283512	0.256951296634	-0.960742760318	-0.534502983093	1.23575079441	-4.67111253738
12	24	0.306678621098	-0.314912344639	0.0982832065998	-0.944018340126	-1.15539848804	0.392046630383	-3.46167087555
13	24	0.468120416626	-0.306223701725	0.196526680588	-0.931452794466	-1.65434718132	1.07027876377	-5.02309036255
14	24	0.499068042263	0.265946985176	-0.251667929518	0.930556529356	1.53384268284	-1.44852185249	5.30444431305
15	24	0.498160351068	-0.296866856226	0.303442985236	-0.9054238921	-1.69864082336	1.73798656464	-5.18270874023
16	24	0.445629034191	0.191487994203	-0.289450932061	0.937843540259	0.99561882019	-1.49156391621	4.80136966705
17	24	0.498359758407	-0.249052828904	0.342815508223	-0.905787069756	-1.4277806282	1.96261620522	-5.18649291992
18	24	0.499242894351	0.217346567402	-0.337278563715	0.915971418821	1.25517296791	-1.92701375484	5.22442483902
19	24	0.499990850687	-0.306053564332	0.343393429649	-0.887925767299	-1.73838567734	1.96270298958	-5.08054733276
20	24	0.499994974583	0.228606668033	-0.280675565434	0.932180357173	1.33123075962	-1.61308550835	5.32098293304
21	24	0.500000108033	-0.311727418115	0.282327811519	-0.90725796973	-1.76467418671	1.61939692497	-5.19113969803
22	24	0.499999266118	0.177673326336	-0.304964525188	0.935643536549	1.0468981266	-1.73929548264	5.34522533417
23	24	0.49998912774	-0.192552170514	0.249071434184	-0.949150716327	-1.10206127167	1.42896366119	-5.4243478775
24	24	0.499976309016	0.156438294471	-0.299737747475	0.941108039899	0.906055390835	-1.71698832512	5.37762641907
25	24	0.499300481752	-0.0710622715136	0.329781752749	-0.941378855255	-0.436744570732	1.87723469734	-5.37447881699
26	24	0.499713364989	0.189339521537	-0.36858630348	0.910106962105	1.07608175278	-2.09565544128	5.20976829529
27	24	0.499225335196	-0.241298644157	0.305584141478	-0.921082676422	-1.36030006409	1.75157737732	-5.25963354111
28	24	0.499964674935	0.169430613457	-0.258480705695	0.951042055856	0.978095948696	-1.47912847996	5.43497991562
29	24	0.499975636601	-0.228458334422	0.305939466985	-0.924233645771	-1.31903076172	1.74360656738	-5.28246831894
0	25	0.499621663243	-0.311460983098	0.355286491025	-0.881341911691	-1.77910101414	2.02571344376	-5.04195070267
1	25	0.499228727072	0.358035280623	-0.312570924188	0.879835300031	2.03028202057	-1.79386305809	5.02439975739
2	25	0.499954786152	-0.357935868635	0.357668710829	-0.862528264602	-2.04057097435	2.05335092545	-4.93035411835
3	25	0.499220699072	0.342025934947	-0.398277783969	0.851112840122	1.95191311836	-2.27647829056	4.85733127594
4	25	0.496877461672	-0.29635584864	0.468194534722	-0.832446447907	-1.70092642307	2.6653316021	-4.75502538681
5	25	0.442257247865	0.439269606015	-0.426141894917	0.790850996477	2.24977087975	-2.18049311638	4.05079364777
6	25	0.465625750832	-0.0763501728569	0.197900186238	-0.977244169792	-0.423466205597	1.07680499554	-5.27674913406
7	25	0.497977890074	0.270053815398	-0.292352035215	0.917388262567	1.53846824169	-1.66026985645	5.23971939087
8	25	0.499059684575	-0.293783346668	0.368017594081	-0.882187279248	-1.67961025238	2.07993555069	-5.04197883606
9	25	0.498050097376	0.359895520017	-0.309987128547	0.879990451543	2.04632687569	-1.77035617828	5.04189348221
10	25	0.418013621122	-0.273208920671	0.224923312509	-0.935289468109	-1.32563996315	1.10100364685	-4.54585409164
11	25	0.365758391097	-0.344960591299	0.259667542391	-0.90198390112	-1.50645411015	1.13614356518	-3.95380401611
12	25	0.417595829815	-0.516373815853	0.19969847445	-0.832753625993	-2.4860367775	0.968869328499	-4.05862617493
13	25	0.498175777495	0.337065675439	-0.283251972822	0.8978613759	1.93825817108	-1.62295460701	5.13486671448
14	25	0.499434310943	-0.399809821562	0.376146295809	-0.835862471183	-2.26536440849	2.13257408142	-4.78989028931
15	25	0.499221876264	0.332310701841	-0.362334208048	0.870794762915	1.89646017551	-2.06891441345	4.97035884857
16	25	0.499632745981	-0.290875827003	0.418137558395	-0.860553447222	-1.66349458694	2.37494063377	-4.92777729034
17	25	0.499231286347	0.307976982521	-0.350593787968	0.884440034189	1.75294160843	-2.00684690475	5.04793596268
18	25	0.499968010932	-0.240245516619	0.398888692129	-0.884968871225	-1.38339591026	2.27232050896	-5.06061506271
19	25	0.499948542565	0.296053135447	-0.446570633705	0.844350170311	1.69959211349	-2.52686452866	4.8383641243
20	25	0.499991737306	-0.393001569993	0.306224883213	-0.867050221662	-2.21973562241	1.75187909603	-4.96971511841
21	25	0.49998633191	0.326219533006	-0.263443822499	0.90784259025	1.86811041832	-1.52083563805	5.18436527252
22	25	0.499989882112	-0.313905142871	0.359157373149	-0.878902464778	-1.77235841751	2.04384422302	-5.03708410263
23	25	0.499973841012	0.181858254608	-0.282193656975	0.941963011585	1.05754542351	-1.62528371811	5.37862110138
24	25	0.499132633209	-0.276118251757	0.305677169659	-0.911219062024	-1.55095291138	1.75279736519	-5.20594978333
25	25	0.498063271865	0.13222830523	-0.339767863748	0.931167801237	0.759482502937	-1.9424046278	5.33035326004
26	25	0.451520338655	-0.051221491531	0.336956936283	-0.940125726643	-0.276293694973	1.7561852932	-4.88239336014
27	25	0.498535899445	0.143736465487	-0.378174803481	0.914507324466	0.829523086548	-2.14984226227	5.23953771591
28	25	0.49919513613	-0.197861139894	0.248821899665	-0.94812374275	-1.13536965847	1.43202710152	-5.4081454277
29	25	0.499190572649	0.381100522287	-0.250495356659	0.889951947133	2.14146375656	-1.45102655888	5.08951473236
0	26	0.445603594184	0.200423772219	-0.492674123768	0.846819059362	1.03650045395	-2.50876426697	4.34789037704
1	26	0.498138777912	-0.359181928846	0.351434451792	-0.864570510765	-2.05352258682	2.01313638687	-4.94961214066
2	26	0.499195188284	0.413604406643	-0.359162315975	0.836620478824	2.35134363174	-2.04291820526	4.78270244598
3	26	0.49964280054	-0.397057647243	0.355072887587	-0.846326455492	-2.27943181992	2.0356938839	-4.8325381279
4	26	0.445374801755	0.546386939719	-0.32102878958	0.773564366013	2.77360963821	-1.65766477585	3.97648262978
5	26	0.234928235412	0.363788663456	-0.4006313637	0.840923491622	1.03600084782	-1.11271953583	2.36275744438
6	26	0.445006657392	0.372484267083	-0.359562061358	0.855552800713	1.90650594234	-1.84108090401	4.38464403152
7	26	0.499243918806	-0.34494076053	0.183476774097	-0.92051732471	-1.96732497215	1.06811130047	-5.25659942627
8	26	0.499740898609	0.360544239625	-0.249668417559	0.898706588685	2.04729127884	-1.42759311199	5.14298057556
9	26	0.467772703618	-0.187396340762	0.21325541915	-0.958855952514	-1.03897964954	1.15421617031	-5.16415929794
10	26	0.306287691928	-0.266865006743	0.293284794367	-0.918023473321	-0.985384345055	1.05968511105	-3.36989760399
11	26	0.417585985735	-0.285668045747	0.194782483314	-0.938324864763	-1.39531135559	0.962600946426	-4.55218172073
12	26	0.497865363955	0.409514080674	-0.411587176929	0.81418315723	2.33944439888	-2.33208823204	4.66876316071
13	26	0.499169185758	-0.395823916751	0.295316013262	-0.869546939066	-2.25547719002	1.69670248032	-4.96104717255
14	26	0.499963633716	0.373225922536	-0.357071429808	0.856272389349	2.13680362701	-2.035551548	4.89621496201
15	26	0.499982986599	-0.33533981624	0.369409508948	-0.866650923003	-1.9188297987	2.10826230049	-4.95527744293
16	26	0.499950274825	0.289566092516	-0.395658441918	0.871553713436	1.67231702805	-2.25043034554	4.9818649292
17	26	0.499965816736	-0.376675943558	0.328580923872	-0.866111892316	-2.13722157478	1.87689495087	-4.95981121063
18	26	0.499230228364	0.266410546287	-0.340308489166	0.90178464892	1.54873394966	-1.94616830349	5.13866376877
19	26	0.4996618554	-0.361805408367	0.343359609238	-0.866718538639	-2.05897855759	1.96000647545	-4.96144866943
20	26	0.499232038856	0.273767978134	-0.225273259408	0.935041738504	1.5884475708	-1.31703913212	5.32315444946
21	26	0.499964728951	-0.370854709773	0.32614124889	-0.869539343568	-2.0940527916	1.86294472218	-4.9836974144
22	26	0.499952849001	0.199717158749	-0.43046814705	0.880233054865	1.16060435772	-2.44010448456	5.03874731064
23	26	0.499142423272	-0.226289064867	0.38258190414	-0.895781416276	-1.28764820099	2.17195916176	-5.11886310577
24	26	0.497970290482	0.240679083272	-0.418064073156	0.875954342196	1.37302005291	-2.38174962997	5.01922702789
25	26	0.419827014208	-0.0652104763938	0.4869019401	-0.871018997781	-0.326034426689	2.35423946381	-4.26589727402
26	26	0.267881198786	-0.0496526943212	0.297258778247	-0.953505022903	-0.177198246121	0.99050027132	-3.04449129105
27	26	0.451552433893	-0.108597386715	0.419844187785	-0.901075726885	-0.567325294018	2.16782069206	-4.68900156021
28	26	0.49888946116	0.179584882508	-0.265723236557	0.947174974082	1.03816127777	-1.53601276875	5.39919281006
29	26	0.498197603971	-0.247289108068	0.404463898645	-0.880486826548	-1.41806697845	2.2976808548	-5.04850387573
0	27	0.233548557386	0.219884139337	-0.387620391303	0.895210253244	0.626795709133	-1.10136342049	2.48907375336
1	27	0.445050172508	0.242886371711	-0.391626308816	0.88748805326	1.25118780136	-2.00343084335	4.54254150391
2	27	0.499658323824	-0.389910850135	0.255241564368	-0.884771876116	-2.22803068161	1.48890924454	-5.05215215683
3	27	0.499249920249	0.48282354371	-0.410395156346	0.773600181804	2.72921299934	-2.32243943214	4.44481611252
4	27	0.498009420931	-0.307224815403	0.350546253637	-0.884720428645	-1.78545820713	2.01628422737	-5.05047130585
5	27	0.446280486882	0.410370884866	-0.373552173175	0.831898137256	2.1048886776	-1.91699051857	4.27086782455
6	27	0.49830519408	-0.389442962717	0.30257235814	-0.869933415199	-2.23162603378	1.72638237476	-4.98264169693
7	27	0.499221384525	0.321633396786	-0.14697296023	0.935388105031	1.84197735786	-0.865711569786	5.3335313797
8	27	0.499603766948	-0.365969504095	0.227330102454	-0.902434123131	-2.08847618103	1.29502010345	-5.1575050354
9	27	0.498733527958	0.438833761036	-0.0955745273949	0.893471006742	2.49109458923	-0.573009669781	5.11454582214
10	27	0.468130253255	-0.329946910057	0.293654698579	-0.897163281987	-1.78913891315	1.57162737846	-4.84196996689
11	27	0.498237647116	0.394999779399	-0.265568578396	0.879459211359	2.25448775291	-1.52981734276	5.0338435173
12	27	0.499151092023	-0.394244474972	0.394455389196	-0.830045926373	-2.24748897552	2.23383140564	-4.74741506577
13	27	0.499975856394	0.405099778937	-0.285502967503	0.868551797334	2.31302833557	-1.64729499817	4.9620423317
14	27	0.499989435077	-0.419827410834	0.302270278469	-0.855790642545	-2.38824748993	1.73356342316	-4.89612770081
15	27	0.499995175749	0.359557351413	-0.310327797966	0.880008618625	2.05822277069	-1.7855540514	5.02592134476
16	27	0.499991282821	-0.411554521024	0.301155461714	-0.860190830051	-2.33750486374	1.7201051712	-4.92592716217
17	27	0.499246761203	0.363470624306	-0.176517092366	0.914729917172	2.09708833694	-1.04196476936	5.20726394653
18	27	0.498358201236	-0.503211751814	0.334275234277	-0.796892715857	-2.85843038559	1.903632164	-4.58396530151
19	27	0.445813905448	0.472811859097	-0.280567771978	0.835302742258	2.41940045357	-1.44565963745	4.2834854126
20	27	0.4983298406	-0.367603550994	0.378010240381	-0.849691642576	-2.09472060204	2.14817047119	-4.87759971619
21	27	0.499192968011	0.252694936325	-0.331652108225	0.908929121695	1.45863807201	-1.90040338039	5.18140411377
22	27	0.499024311081	-0.175550339867	0.340676201933	-0.923645929785	-1.01309490204	1.94063508511	-5.26968002319
23	27	0.497351303697	0.203151611937	-0.221737400336	0.953709572071	1.17184650898	-1.287525177	5.44579696655
24	27	0.403551485389	-0.213224428691	0.384093099505	-0.898336147509	-1.00139439106	1.79024505615	-4.21565389633
25	27	0.315792385489	-0.202667965343	0.320963479048	-0.925153036498	-0.763021051884	1.22750091553	-3.49535870552
26	27	0.419594718143	-0.122134092266	0.424572810816	-0.897118270811	-0.595140635967	2.05609679222	-4.38616895676
27	27	0.498001974076	0.269367702668	-0.413725138396	0.869639322144	1.53947854042	-2.36303520203	4.98021030426
28	27	0.498906534165	-0.323660205596	0.318151384145	-0.891080113166	-1.82597351074	1.83236432076	-5.0902299881
29	27	0.44588078931	0.189723092469	-0.471537660095	0.861195322384	0.984069824219	-2.4086265564	4.41969060898
0	28	0.445372670889	0.241557236837	-0.478914644402	0.84397326066	1.24310457706	-2.44770479202	4.32583522797
1	28	0.497758787125	-0.476750473451	0.328695392576	-0.815271933139	-2.70519900322	1.88228654861	-4.67656230927
2	28	0.499262049794	0.343268942059	-0.324749262019	0.881308317353	1.98120009899	-1.84837567806	5.02452611923
3	28	0.49995881319	-0.396044483405	0.323749826734	-0.859264113561	-2.26880526543	1.87049603462	-4.90328264236
4	28	0.499276455492	0.436738134783	-0.415920928229	0.797665082028	2.48277997971	-2.36251425743	4.56552267075
5	28	0.499705139548	-0.439262818499	0.39167312018	-0.808480267671	-2.51625132561	2.23560810089	-4.62234687805
6	28	0.499243535101	0.470108263421	-0.305930212383	0.827891856352	2.65876340866	-1.75053083897	4.73915529251
7	28	0.499967396259	-0.249555706045	0.261615644789	-0.932351438022	-1.45826792717	1.49671542645	-5.32270717621
8	28	0.499973922968	0.299797301297	-0.356540098715	0.884873288185	1.72801399231	-2.00668549538	5.06785583496
9	28	0.499598834664	-0.447124858413	0.141964638951	-0.883133852978	-2.54788017273	0.834862828255	-5.04518699646
10	28	0.499823018909	0.441127486095	-0.241376883824	0.864374768817	2.50473737717	-1.38088870049	4.95026111603
11	28	0.49947186932	-0.370172995983	0.259678230765	-0.891930025009	-2.11281204224	1.4894245863	-5.09237527847
12	28	0.499978393316	0.311624131865	-0.337407921453	0.888282778725	1.79945278168	-1.9261469841	5.07342338562
13	28	0.499989449978	-0.371040220783	0.370819969448	-0.851364613324	-2.11860489845	2.11171483994	-4.87168121338
14	28	0.499999534339	0.3632940953	-0.321650812396	0.874390161887	2.08582472801	-1.85105133057	4.99093818665
15	28	0.49999923259	-0.309342025637	0.4449215354	-0.840447701236	-1.78721165657	2.50952911377	-4.81695747375
16	28	0.499962732196	0.375942877598	-0.269151884062	0.886692853297	2.15992879868	-1.55349993706	5.06024932861
17	28	0.499701865017	-0.494550779808	0.236951619097	-0.836225720962	-2.81479239464	1.36372888088	-4.7874174118
18	28	0.445898674428	0.520573179597	-0.282982865599	0.805558354474	2.66463255882	-1.44585049152	4.13612270355
19	28	0.233291083947	0.479707109783	-0.264320792631	0.836669353691	1.33243155479	-0.751826047897	2.33276581764
20	28	0.445736695081	0.374473624455	-0.383384896338	0.844266264781	1.93328285217	-1.95401978493	4.32803535461
21	28	0.499112069607	-0.352175813643	0.391343533836	-0.850189646379	-2.00363016129	2.22979021072	-4.86245822906
22	28	0.497390704229	0.20902413856	-0.313099729405	0.926432657534	1.21319794655	-1.79580211639	5.28917551041
23	28	0.410447515547	-0.580445323246	0.0644190166439	-0.811747138594	-2.75679326057	0.314030945301	-3.88524532318
24	28	0.330013683066	-0.256301984991	0.271581407875	-0.927659868371	-1.03327035904	1.07043623924	-3.65975284576
25	28	0.402748869732	-0.245141413865	0.241199741599	-0.93900392537	-1.14434969425	1.13602817059	-4.39243936539
26	28	0.497926766053	0.0992402353852	-0.389051456798	0.915854977409	0.59480035305	-2.22284793854	5.24058246613
27	28	0.499152135104	-0.30041423622	0.459516399232	-0.835820534274	-1.70158195496	2.60683298111	-4.78471469879
28	28	0.499242164195	0.26843697929	-0.386446326234	0.882383604273	1.5381141901	-2.21855545044	5.03014183044
29	28	0.498307958245	-0.290106666303	0.507653704788	-0.811249553579	-1.66575443745	2.89541935921	-4.6510310173
0	29	0.499689407647	-0.351515506991	0.547882147731	-0.759119226829	-2.01702594757	3.10873126984	-4.35620546341
1	29	0.499257333577	0.409214145544	-0.299372511697	0.861928002984	2.34327626228	-1.73268949986	4.90958976746
2	29	0.499968230724	-0.423590633009	0.284833006871	-0.859907630984	-2.41454792023	1.64427602291	-4.91457939148
3	29	0.499975737184	0.38581660012	-0.457270983563	0.801279476003	2.21518111229	-2.58085393906	4.59600114822
4	29	0.499991241843	-0.433163037222	0.39736027511	-0.808996041368	-2.47260499001	2.27399730682	-4.62600231171
5	29	0.499961458147	0.515839114292	-0.410934534766	0.75169329936	2.92213487625	-2.34243106842	4.31999111176
6	29	0.499991729856	-0.388264797791	0.324142524169	-0.86265988131	-2.23034310341	1.8507039547	-4.92843151093
7	29	0.499987024814	0.365123059465	-0.226719855032	0.902930373164	2.0850288868	-1.31270682812	5.15892028809
8	29	0.499993551522	-0.306699495316	0.303176869636	-0.902230128787	-1.77518296242	1.72727680206	-5.15310287476
9	29	0.499994173646	0.509504811924	-0.222716934055	0.831145001736	2.87932729721	-1.27802407742	4.7722735405
10	29	0.499982118607	-0.330148510278	0.289283743244	-0.898508139671	-1.90751767159	1.63789916039	-5.13495349884
11	29	0.499994419515	0.303737015847	-0.28255176667	0.909894677617	1.75339972973	-1.60629439354	5.19916057587
12	29	0.499991532415	-0.376700812796	0.279579394823	-0.883137508902	-2.14873576164	1.60713171959	-5.048350811
13	29	0.500000033528	0.344517973981	-0.414128785246	0.842499088922	1.98445892334	-2.3453681469	4.821870327
14	29	0.499999251217	-0.486882655719	0.35811438189	-0.796680217555	-2.75191307068	2.04177212715	-4.57754564285
15	29	0.499997682869	0.382700665204	-0.330225620155	0.862839058368	2.19291305542	-1.89593601227	4.92752552032
16	29	0.499989476055	-0.441720736551	0.315796606174	-0.839735252583	-2.51510858536	1.81259202957	-4.80372095108
17	29	0.499270714819	0.512833371825	-0.344476557953	0.786344602425	2.91409039497	-1.95328640938	4.50390481949
18	29	0.498159710318	-0.403914908133	0.235328519621	-0.884009748159	-2.32155537605	1.36156392097	-5.05298137665
19	29	0.444476231933	0.518499133549	-0.188211566502	0.834107340061	2.64174032211	-0.986431598663	4.26586008072
20	29	0.497604049742	-0.524709924023	0.495653479552	-0.692103405453	-2.98972821236	2.81766605377	-3.98102974892
21	29	0.498303718865	0.44249498765	-0.444468951143	0.778874532498	2.50843286514	-2.53419017792	4.44795799255
22	29	0.464981820434	-0.324774615744	0.433154323842	-0.840772728331	-1.75672125816	2.31589603424	-4.51666879654
23	29	0.318712502718	-0.689436839624	-0.149046457524	-0.708845538654	-2.59143614769	-0.559095442295	-2.69060373306
24	29	0.403927031904	-0.568011798376	0.123081677638	-0.813765013709	-2.67067146301	0.56317460537	-3.83237886429
25	29	0.497193139046	0.233535437536	-0.383520222507	0.893517452735	1.33144903183	-2.18590974808	5.1112985611
26	29	0.499164875597	-0.220254162917	0.27584440352	-0.935627045763	-1.25382947922	1.60535097122	-5.33290815353
27	29	0.499958433211	0.355496249447	-0.397877549445	0.845763484833	2.00354337692	-2.279992342	4.84562587738
28	29	0.499966874719	-0.22634680997	0.445014621937	-0.866446252158	-1.32510328293	2.54318094254	-4.94671916962
29	29	0.49922259897	0.432007578808	-0.477691302224	0.764970895938	2.43310761452	-2.73530387878	4.38065910339
