0	0	0.499962266535	0.308570702531	-0.404158180042	0.861069269597	1.75532674789	-2.29934358597	4.93083429337
1	0	0.499991104007	-0.25687250057	0.338191624139	-0.905341341049	-1.48044085503	1.92477416992	-5.17590475082
2	0	0.499986864626	0.2851843928	-0.218369726347	0.933265516731	1.63310337067	-1.27654802799	5.32871961594
3	0	0.499998431653	-0.323794672478	0.303513728701	-0.896122997454	-1.84832763672	1.72850966454	-5.12600135803
4	0	0.499997228384	0.313654824151	-0.29072177018	0.903936670144	1.80981945992	-1.67101764679	5.15923976898
5	0	0.50000038743	-0.389110426661	0.289960006124	-0.874366210871	-2.21666908264	1.6580619812	-5.00237798691
6	0	0.499997716397	0.242754557056	-0.369539873734	0.896945096842	1.42162239552	-2.09234523773	5.12788534164
7	0	0.499999888241	-0.373707835895	0.327358856488	-0.867858647747	-2.11751794815	1.87749445438	-4.96781921387
8	0	0.500000312924	0.302926599421	-0.391920417255	0.8686966455	1.74145531654	-2.22692370415	4.96916866302
9	0	0.499999221414	-0.342233182253	0.310022142611	-0.886996460002	-1.95711314678	1.78040885925	-5.06784439087
10	0	0.499999713153	0.373828428528	-0.376775571537	0.847521371245	2.13462400436	-2.15167140961	4.84724998474
11	0	0.499999430031	-0.382562914532	0.391773263764	-0.836755236748	-2.18461465836	2.24151229858	-4.78379011154
12	0	0.500000145286	0.379051707306	-0.396892388601	0.835940329843	2.16165113449	-2.25985717773	4.78576517105
13	0	0.499999452382	-0.361024401004	0.283856371857	-0.888305658	-2.07478952408	1.65064454079	-5.0656952858
14	0	0.499998997897	0.344414931281	-0.342484168431	0.874118384136	1.97749507427	-1.97220504284	4.98899364471
15	0	0.499999396503	-0.286402413414	0.4266314909	-0.857880661027	-1.65820491314	2.43042349815	-4.90257024765
16	0	0.499987103045	0.246198886077	-0.428115718284	0.869541856527	1.42669594288	-2.45346260071	4.96262979507
17	0	0.499970581383	-0.339055728589	0.49102299836	-0.802457243716	-1.93144249916	2.79565382004	-4.59803104401
18	0	0.499223425984	0.257941621358	-0.458509239088	0.850432476827	1.48633956909	-2.61488223076	4.8512096405
19	0	0.499642442912	-0.268514412025	0.403256147869	-0.87480540107	-1.53808712959	2.30468964577	-5.00181531906
20	0	0.498411417007	0.266878253159	-0.435667583305	0.859633500306	1.52320218086	-2.47998714447	4.89995288849
21	0	0.497603911906	-0.221287788002	0.541739808789	-0.810894379345	-1.27479827404	3.09097480774	-4.63927364349
22	0	0.403188370168	0.154437241816	-0.684689439067	0.712284711594	0.713458776474	-3.20855951309	3.34824991226
23	0	0.346910536289	-0.186578607422	-0.730069264695	0.657409531418	-0.76767128706	-3.01209568977	2.69684815407
24	0	0.471418753266	0.142034754352	-0.476424122971	0.867667092615	0.77439469099	-2.5963242054	4.72903585434
25	0	0.499130167067	-0.144786451102	0.478835607325	-0.86588298559	-0.846399664879	2.72749996185	-4.94383907318
26	0	0.499952994287	0.163968992687	-0.457079941555	0.874180814515	0.946765899658	-2.60692405701	4.99930524826
27	0	0.49998953566	-0.114734121867	0.4788285295	-0.870378837413	-0.697580575943	2.7301030159	-4.97559595108
28	0	0.49998671934	0.253344079269	-0.446044128162	0.858406321757	1.4363451004	-2.53981184959	4.91617202759
29	0	0.49999204278	-0.254355966925	0.392336813257	-0.883954109133	-1.4560521841	2.24087667465	-5.05415153503
0	1	0.499999001622	-0.25933112334	0.287865735967	-0.921889736641	-1.48083436489	1.64618504047	-5.2710814476
1	1	0.499997593462	0.327456358324	-0.233659806609	0.915519212343	1.85961771011	-1.35658597946	5.23356389999
2	1	0.499999742955	-0.337770519864	0.202582202594	-0.919168932842	-1.92549681664	1.17978191376	-5.25232887268
3	1	0.499999355525	0.321727315728	-0.28987989933	0.901366284192	1.8414233923	-1.66362583637	5.15069389343
4	1	0.499999813735	-0.425390840412	0.326285985688	-0.84414458977	-2.41639232635	1.85643792152	-4.83753490448
5	1	0.500000167638	0.449980653434	-0.225252074728	0.864163708082	2.55445075035	-1.30214643478	4.9464507103
6	1	0.499999899417	-0.30257711099	0.293360639894	-0.906855350575	-1.74863219261	1.68306708336	-5.17688560486
7	1	0.499997917563	0.40135853836	-0.385003036867	0.831073995074	2.28282833099	-2.18050813675	4.76673460007
8	1	0.500000022352	-0.373171418423	0.320767343214	-0.870546612192	-2.13032889366	1.83997106552	-4.97584581375
9	1	0.499998003244	0.36011441023	-0.312787411288	0.878909350777	2.05908346176	-1.79518485069	5.02192687988
10	1	0.499999478459	-0.38468001855	0.403625460024	-0.830125154028	-2.19672727585	2.29981184006	-4.75066804886
11	1	0.499999824911	0.424168280212	-0.430354720929	0.796791117066	2.40658450127	-2.45869278908	4.5660610199
12	1	0.499999880791	-0.292272286821	0.418523917433	-0.859892226324	-1.70404410362	2.39183473587	-4.90571928024
13	1	0.499999538064	0.452976530647	-0.419413091335	0.786705104534	2.57187914848	-2.39258980751	4.51164770126
14	1	0.499997694045	-0.330956074097	0.454303335997	-0.827089206749	-1.90937519073	2.58735537529	-4.7271604538
15	1	0.49999865517	0.363169095385	-0.452613919397	0.814400913633	2.06334924698	-2.58269500732	4.6641740799
16	1	0.499997124076	-0.309214700331	0.453155086478	-0.836084168429	-1.77210581303	2.59110665321	-4.77784919739
17	1	0.499983195215	0.337317753229	-0.482361188686	0.80842094048	1.93306326866	-2.74927139282	4.62446451187
18	1	0.499981842935	-0.341946012658	0.45211282532	-0.823812428656	-1.94482803345	2.5770740509	-4.71834373474
19	1	0.499326005578	0.278847004624	-0.394327627099	0.875642661431	1.59949803352	-2.25569105148	4.99472808838
20	1	0.498176783323	-0.29792086869	0.386867528154	-0.872683603409	-1.69755125046	2.21897745132	-4.99657392502
21	1	0.419482262805	0.237955025422	-0.398099165915	0.885942695649	1.15572762489	-1.95547533035	4.31832170486
22	1	0.338184140623	0.249314832871	-0.551512380158	0.796037818601	0.999855041504	-2.23121953011	3.2289545536
23	1	0.404357392341	0.0199099859872	-0.61977196732	0.784529349981	0.0958568975329	-2.91307997704	3.68772339821
24	1	0.497458074242	-0.262771389891	0.324054168128	-0.908812462928	-1.49341702461	1.86723804474	-5.19148588181
25	1	0.499475829303	0.328433205544	-0.456147190557	0.827080026384	1.85563397408	-2.58598518372	4.7435798645
26	1	0.499985065311	-0.326203585107	0.416552382566	-0.848572527037	-1.85210037231	2.38889241219	-4.85245704651
27	1	0.499997965991	0.298793514995	-0.449326054149	0.841919552249	1.69241976738	-2.55838012695	4.82492017746
28	1	0.499999240041	-0.221039866583	0.36912688515	-0.902710762116	-1.27690160275	2.10877251625	-5.15854406357
29	1	0.499997572973	0.241731967533	-0.262377200017	0.934196906858	1.3847014904	-1.51385617256	5.33638811111
0	2	0.499999618158	0.120275256247	-0.23132958873	0.96541207995	0.724047243595	-1.34738469124	5.51026344299
1	2	0.499999452382	-0.25867698477	0.411756369522	-0.873809424136	-1.48315119743	2.32382678986	-5.00967884064
2	2	0.499999884516	0.338562364297	-0.359802027919	0.869435464073	1.92334163189	-2.0558154583	4.97622060776
3	2	0.499999102205	-0.220992186529	0.416736056322	-0.881755925897	-1.29264175892	2.36985206604	-5.04039859772
4	2	0.499999523163	0.377463240554	-0.350954846979	0.85694352055	2.15725684166	-1.99609136581	4.904296875
5	2	0.499999269843	-0.4092366417	0.186249160745	-0.893217006786	-2.33424496651	1.09021806717	-5.10404729843
6	2	0.499986734241	0.383550464391	-0.285237131088	0.878367132988	2.18727850914	-1.62517881393	5.02547454834
7	2	0.499991286546	-0.37274726159	0.268164419629	-0.888339643955	-2.13486981392	1.54669797421	-5.07290792465
8	2	0.49996317178	0.382123802222	-0.294553284092	0.875910818866	2.17917084694	-1.68912041187	5.00743913651
9	2	0.499990541488	-0.344399209027	0.312504589778	-0.885285302142	-1.97790789604	1.79636478424	-5.05433654785
10	2	0.499986879528	0.347513277007	-0.372607902573	0.860463754753	1.9909529686	-2.1400437355	4.91320514679
11	2	0.499999094754	-0.340517124768	0.48708371046	-0.80423724531	-1.95893073082	2.76449632645	-4.60506820679
12	2	0.499998461455	0.407657864246	-0.401844128602	0.81996119544	2.32580900192	-2.30107855797	4.68859815598
13	2	0.499986246228	-0.52935110449	0.417788725289	-0.738403676315	-2.9946808815	2.38200926781	-4.24941158295
14	2	0.499989211559	0.423183386701	-0.450507727109	0.786103434056	2.41723442078	-2.56658220291	4.50075387955
15	2	0.499962702394	-0.311858364538	0.40444956583	-0.859747003	-1.79954338074	2.32229113579	-4.90400981903
16	2	0.499983374029	0.346120814135	-0.462798679701	0.816099114134	1.98290920258	-2.63229179382	4.67159175873
17	2	0.499982777983	-0.443508816159	0.412013252769	-0.795955406748	-2.51676464081	2.36300325394	-4.55743265152
18	2	0.499948408455	0.320352597622	-0.343858518911	0.88268654242	1.84140849113	-1.99255251884	5.03232526779
19	2	0.499743435532	-0.324120833063	0.401595464894	-0.856543500443	-1.84228491783	2.29442119598	-4.90177106857
20	2	0.458098653704	0.181898277457	-0.375726686103	0.908703732802	0.972432971001	-1.9862909317	4.78931665421
21	2	0.280802164227	0.199320903504	-0.426918225219	0.88204988884	0.685511350632	-1.42420196533	2.96634602547
22	2	0.419119331986	0.322995351215	-0.434184472764	0.840926778444	1.55724644661	-2.11762666702	4.10646390915
23	2	0.497725611553	-0.134593987839	0.347034703496	-0.928144047553	-0.774870872498	1.98980891705	-5.3064789772
24	2	0.498952114955	0.189314534488	-0.241938400788	0.951643744925	1.08849859238	-1.40214121342	5.42234945297
25	2	0.499962266535	-0.255069984531	0.280408108494	-0.925370518053	-1.46478068829	1.62559914589	-5.28263425827
26	2	0.499990802258	0.338930063888	-0.4300225454	0.83678373684	1.92454648018	-2.43618369102	4.80117321014
27	2	0.499999228865	-0.271084409539	0.361195727181	-0.892216839995	-1.55676293373	2.07030534744	-5.09650373459
28	2	0.49999961257	0.2949632823	-0.284478935902	0.912177831962	1.68162870407	-1.63904953003	5.21282958984
29	2	0.499999731779	-0.265980390524	0.190558281891	-0.944956069381	-1.51742470264	1.1143168211	-5.39873123169
0	3	0.500000011176	-0.218405125353	0.394512274217	-0.892557710578	-1.26413011551	2.23779964447	-5.10755348206
1	3	0.50000018999	0.289859707928	-0.323154370957	0.900862143866	1.65279269218	-1.86940717697	5.14376497269
2	3	0.499999728054	-0.338457930386	0.389504558552	-0.856581828097	-1.92339038849	2.22145652771	-4.90409231186
3	3	0.499999828637	0.260494971005	-0.473320248766	0.841492906797	1.50888240337	-2.68306064606	4.81849575043
4	3	0.499999854714	-0.438815667548	0.301641816253	-0.846435481653	-2.4799156189	1.74199390411	-4.84887266159
5	3	0.499986696988	0.335954018428	-0.251879017058	0.907574712224	1.93883192539	-1.44588768482	5.18012094498
6	3	0.499976921827	-0.356099331967	0.292674563889	-0.887431611689	-2.03914499283	1.67727923393	-5.0708823204
7	3	0.499241866171	0.392886375724	-0.314204127136	0.864243057398	2.23182845116	-1.79430508614	4.93777132034
8	3	0.499697715044	-0.349761071263	0.341869494969	-0.872234166631	-2.01141214371	1.95618534088	-4.98235845566
9	3	0.499253205955	0.422070072904	-0.405604992483	0.810765961071	2.39601874352	-2.30295681953	4.64150333405
10	3	0.49997715652	-0.369749509275	0.440232233003	-0.818218113596	-2.11452651024	2.5012383461	-4.68614053726
11	3	0.499986819923	0.365489695807	-0.429966269323	0.825558168455	2.08997893333	-2.45959496498	4.71835041046
12	3	0.499987591058	-0.382320498462	0.338365888875	-0.859848569053	-2.18492794037	1.93977046013	-4.91379928589
13	3	0.499977301806	0.31726723537	-0.259321715152	0.912191728427	1.84968948364	-1.5105907917	5.19675779343
14	3	0.499210000038	-0.489649068973	0.383936890815	-0.782838586891	-2.76675701141	2.19358587265	-4.48592424393
15	3	0.499630767852	0.361255037485	-0.410705612306	0.837147357346	2.0673661232	-2.33885455132	4.79031181335
16	3	0.49922497198	-0.370399996609	0.35513108863	-0.858303997661	-2.11777377129	2.0488038063	-4.88937568665
17	3	0.499645277858	0.481653951181	-0.457039286438	0.747746321933	2.72941756248	-2.60519957542	4.29133749008
18	3	0.499834019691	-0.314981296398	0.500672556901	-0.806296331187	-1.81517601013	2.84249615669	-4.6164431572
19	3	0.498958636075	0.311987567731	-0.443023336757	0.840472534156	1.77611553669	-2.52789235115	4.79613876343
20	3	0.498247321695	-0.24444258401	0.490634926236	-0.836376226515	-1.40382158756	2.7927441597	-4.78823041916
21	3	0.45721963793	0.251247350042	-0.21948293403	0.942709929282	1.31649947166	-1.19637477398	4.95739984512
22	3	0.497665587813	-0.153520784181	0.483260091705	-0.861911278839	-0.87820494175	2.73708033562	-4.94748544693
23	3	0.498806733638	0.0950759921438	-0.355311796442	0.929900039266	0.557517170906	-2.02953481674	5.3013381958
24	3	0.499958753586	-0.21826435727	0.334557722424	-0.916750675327	-1.23943769932	1.91577219963	-5.24243545532
25	3	0.499979287386	0.253164940305	-0.325449970499	0.911037776221	1.44524049759	-1.85890436172	5.20899486542
26	3	0.499999158084	-0.294845252972	0.288672574571	-0.91089759111	-1.68065106869	1.67174983025	-5.20262765884
27	3	0.499998729676	0.257459167499	-0.363011300757	0.895509671971	1.484998703	-2.07508301735	5.11585998535
28	3	0.499999962747	-0.340185641947	0.391858393584	-0.854822044867	-1.93854236603	2.22600841522	-4.89614248276
29	3	0.500000286847	0.342469179248	-0.322050941639	0.882608663143	1.93989276886	-1.84298706055	5.05267000198
0	4	0.499999832362	0.343455361735	-0.405247085524	0.847238581611	1.94580852985	-2.30886077881	4.85487365723
1	4	0.499999932945	-0.268913258573	0.448799803728	-0.852211473484	-1.54573869705	2.54288196564	-4.88179016113
2	4	0.499999526888	0.288708745286	-0.300500311852	0.909036205534	1.65374779701	-1.74838733673	5.18635940552
3	4	0.499999750406	-0.326524584527	0.425641839958	-0.843925778595	-1.86518061161	2.42624950409	-4.82899284363
4	4	0.49999820441	0.304663529288	-0.385555522694	0.870934597339	1.76496827602	-2.19880127907	4.97380685806
5	4	0.499990347773	-0.424663737555	0.281617583745	-0.860437241484	-2.41098690033	1.63014340401	-4.92144823074
6	4	0.499246500432	0.354408046748	-0.38754813601	0.851000222489	2.0306558609	-2.19516539574	4.86242103577
7	4	0.498360458761	-0.321810803053	0.358812321147	-0.876180075802	-1.85099172592	2.05172204971	-5.01557731628
8	4	0.445952866226	0.396283114493	-0.393343398749	0.829602714454	2.02402949333	-2.00814151764	4.26315641403
9	4	0.498250622302	-0.408229318275	0.344060691273	-0.845559616125	-2.33175992966	1.97234559059	-4.84248399734
10	4	0.499251287431	0.344403101142	-0.299974598215	0.889607635056	1.98087263107	-1.7388818264	5.06432247162
11	4	0.49998755753	-0.368167730292	0.504963604722	-0.780681932849	-2.11045455933	2.8478474617	-4.48747491837
12	4	0.49998986721	0.410779630079	-0.318552358968	0.854274247597	2.34559202194	-1.82723975182	4.88347005844
13	4	0.499281555414	-0.38631321471	0.277441844614	-0.879652273911	-2.21184015274	1.58947491646	-5.01740550995
14	4	0.498121928424	0.389383396996	-0.420394297225	0.819542070308	2.23421049118	-2.39019298553	4.69734716415
15	4	0.445352768525	-0.249400551233	0.304474979414	-0.919290134808	-1.29706168175	1.57053160667	-4.70020246506
16	4	0.497881282121	0.326778877733	-0.410795105977	0.851153890888	1.88081681728	-2.3466155529	4.8670964241
17	4	0.49829749018	-0.447549531642	0.446557110393	-0.774781365215	-2.54239988327	2.53840041161	-4.43576097488
18	4	0.473607778549	0.356649433421	-0.434672325317	0.826958977969	1.94714283943	-2.37450432777	4.51536941528
19	4	0.498387411237	-0.30223411274	0.383855300323	-0.872530600902	-1.73049080372	2.20994138718	-4.98495197296
20	4	0.497732117772	0.289021705265	-0.489725062444	0.822578760424	1.62806367874	-2.78037309647	4.69201517105
21	4	0.497843779624	-0.157050986347	0.472952918729	-0.866977810761	-0.914714276791	2.68733310699	-4.96880197525
22	4	0.470995120704	0.131547163087	-0.26315666408	0.95574259821	0.719016194344	-1.4558879137	5.18216228485
23	4	0.499030651525	-0.1036949259	0.290263365815	-0.95131201023	-0.606876015663	1.68159794807	-5.43189239502
24	4	0.499663550407	0.197238811468	-0.459244022278	0.86613612051	1.12966895103	-2.59363150597	4.9646821022
25	4	0.499993074685	-0.213076164584	0.352875986867	-0.91108566336	-1.22861862183	2.02531480789	-5.20321178436
26	4	0.500003624707	0.247844576078	-0.35840957697	0.900064242843	1.4275277853	-2.04525470734	5.14428520203
27	4	0.499998912215	-0.318125999385	0.401995910863	-0.858600684931	-1.8143787384	2.2911093235	-4.91348075867
28	4	0.500001031905	0.378224767078	-0.377349486625	0.845312599287	2.14476847649	-2.15593075752	4.84116458893
29	4	0.499999538064	-0.254685784465	0.326828125737	-0.91012006209	-1.48260474205	1.87529969215	-5.19365644455
0	5	0.499999567866	-0.341331472655	0.333944663591	-0.878620388697	-1.94280052185	1.91805291176	-5.02299833298
1	5	0.499998018146	0.277321882093	-0.396554936397	0.875120995138	1.58437335491	-2.27431249619	5.00023651123
2	5	0.499999396503	-0.254314794915	0.388652905055	-0.885591838535	-1.46297192574	2.22630786896	-5.05886697769
3	5	0.499998498708	0.413625636507	-0.432587815302	0.801112735435	2.33626294136	-2.4696097374	4.59729576111
4	5	0.4999996759	-0.382403877407	0.430265274075	-0.81770353336	-2.1828546524	2.44942855835	-4.68172359467
5	5	0.499961793423	0.419370594216	-0.400431646935	0.814728667005	2.38605213165	-2.27706861496	4.66958856583
6	5	0.499656487256	-0.425769809436	0.349218437191	-0.834725435397	-2.42336320877	2.00261068344	-4.77582979202
7	5	0.445313051343	0.285001321468	-0.332863176385	0.898875048362	1.47715687752	-1.70253396034	4.5992307663
8	5	0.233049177565	0.380885155659	-0.29124583999	0.87755476119	1.04340028763	-0.828167259693	2.44754242897
9	5	0.445765715092	0.259111371912	-0.406425642194	0.876173210224	1.35048878193	-2.06677341461	4.49372243881
10	5	0.499616906047	-0.433099950455	0.31392283697	-0.844912353647	-2.45229244232	1.79604363441	-4.84277963638
11	5	0.499963097274	0.394731475921	-0.338717317783	0.854082923697	2.26140904427	-1.93463468552	4.88119649887
12	5	0.499964013696	-0.449588698826	0.24424115292	-0.859195124002	-2.56548452377	1.40644550323	-4.91115808487
13	5	0.499653656036	0.494506593997	-0.167265178803	0.852927657222	2.81203556061	-0.990807831287	4.8800239563
14	5	0.445470314473	-0.386106752751	0.31268790921	-0.867840911062	-1.97372078896	1.59553813934	-4.45098209381
15	5	0.233380964957	-0.384961934969	0.321735063196	-0.865038067218	-1.04031288624	0.90064060688	-2.4273879528
16	5	0.445544682443	-0.258735552525	0.397557500551	-0.880343085175	-1.33573997021	2.02490210533	-4.51613283157
17	5	0.472499370575	0.39249353022	-0.257984883789	0.882832163252	2.1383895874	-1.4257209301	4.81011772156
18	5	0.330857038498	0.26445119824	-0.323689440869	0.908455122513	1.06848216057	-1.29159998894	3.58982944489
19	5	0.428295705467	0.35297865174	-0.449080722129	0.820812144421	1.74628686905	-2.23214173317	4.10097026825
20	5	0.496953193098	-0.185987038857	0.490388769624	-0.851426847124	-1.07894873619	2.79935932159	-4.87171506882
21	5	0.417300691828	0.207568177592	-0.373407503865	0.904147271028	1.00788342953	-1.81739866734	4.38579750061
22	5	0.319006444886	0.2539425365	-0.37339664831	0.892237710023	0.95219796896	-1.42645549774	3.41303014755
23	5	0.471672464162	0.229003854681	-0.433255913656	0.871691773406	1.24044454098	-2.34278655052	4.7479801178
24	5	0.499840267003	-0.282510856852	0.368537367234	-0.885645428325	-1.60421597958	2.12200713158	-5.05999660492
25	5	0.499983735383	0.302127451579	-0.403249181081	0.863776071074	1.7206299305	-2.28789567947	4.94856405258
26	5	0.499999564141	-0.322398772233	0.314191030901	-0.89294066307	-1.83842420578	1.8173879385	-5.09929227829
27	5	0.499999318272	0.316130332081	-0.407960319831	0.85652203158	1.80927193165	-2.32606267929	4.898832798
28	5	0.500000227243	-0.325162471892	0.370881853402	-0.869894256614	-1.86627566814	2.11679029465	-4.97178936005
29	5	0.4999996759	0.365871090132	-0.288039785327	0.884969732519	2.08130741119	-1.66254925728	5.05851411819
0	6	0.499987345189	0.254749066604	-0.3611873381	0.897020969577	1.46680271626	-2.07572603226	5.12138843536
1	6	0.499991383404	-0.222469906474	0.531107100649	-0.8175771452	-1.27358007431	3.00776815414	-4.6931385994
2	6	0.499963089824	0.169537931634	-0.462988683657	0.86999906238	0.988594055176	-2.64152288437	4.97243738174
3	6	0.499991767108	-0.244545130282	0.423909833811	-0.872065440236	-1.41732192039	2.41649198532	-4.98440313339
4	6	0.499985851347	0.354557809299	-0.350011460691	0.867052903374	2.01117944717	-2.0067782402	4.96122074127
5	6	0.499990861863	-0.265028947087	0.341704943585	-0.901663678283	-1.54322326183	1.95323216915	-5.14780712128
6	6	0.499247621745	0.437853828116	-0.371486724688	0.818707297259	2.48065280914	-2.12006211281	4.68423938751
7	6	0.497717894614	-0.424419204313	0.433613478275	-0.794888476749	-2.41981077194	2.46601581573	-4.55923891068
8	6	0.445055747405	0.310678092993	-0.194520837123	0.930398176298	1.59401893616	-1.01872634888	4.7569527626
9	6	0.498350635171	-0.296711854973	0.269232943747	-0.916229063673	-1.70321726799	1.5459240675	-5.24426651001
10	6	0.499244635925	0.293786604751	-0.237129167223	0.925990922699	1.69973623753	-1.37454533577	5.27398967743
11	6	0.499986998737	-0.404244818093	0.26949744515	-0.874046482804	-2.29976534843	1.54937720299	-4.99957418442
12	6	0.499989293516	0.428671267625	-0.280333621372	0.858867862387	2.455286026	-1.6045396328	4.90705680847
13	6	0.499257028103	-0.480628098938	0.375995372307	-0.792227309877	-2.72627067566	2.11597824097	-4.5492348671
14	6	0.498366987333	0.258587180586	-0.270428122818	0.927362550692	1.50710213184	-1.55608785152	5.30246782303
15	6	0.445531623438	-0.159327406136	0.223055574734	-0.961696931593	-0.853329956532	1.16116881371	-4.91932630539
16	6	0.496885042638	0.259694841376	-0.469463355585	0.8438973558	1.50356292725	-2.65598917007	4.8280673027
17	6	0.496167518198	-0.405487876694	0.359126639599	-0.840599570893	-2.30729842186	2.05481290817	-4.81028461456
18	6	0.394106060266	0.383386050401	-0.282232812452	0.879408764985	1.76964688301	-1.30860447884	4.09254932404
19	6	0.385178953409	0.293905678233	-0.339399074073	0.893547827942	1.35525977612	-1.58472633362	4.11693096161
20	6	0.399935174733	0.177344501389	-0.506805759895	0.843621271404	0.835186064243	-2.3812687397	3.98401331902
21	6	0.370680514723	0.16439906087	-0.443786212044	0.880923803053	0.727647125721	-1.9638787508	3.91548347473
22	6	0.418061584234	0.11043104564	-0.376834096205	0.919674425053	0.55265378952	-1.83487153053	4.46838569641
23	6	0.498308718204	-0.2270500826	0.39092456048	-0.891978838317	-1.30185770988	2.23862791061	-5.10354042053
24	6	0.499512687325	0.236188448454	-0.442051010578	0.865335727255	1.35819029808	-2.49882245064	4.95357131958
25	6	0.499992918223	-0.290283972572	0.280744789203	-0.914831994742	-1.66040563583	1.62767910957	-5.22361087799
26	6	0.500004414469	0.350657820461	-0.411838822524	0.841087318423	1.99279737473	-2.33330345154	4.82466173172
27	6	0.499997526407	-0.324337084847	0.452718624904	-0.830572875826	-1.85915327072	2.57352209091	-4.7542514801
28	6	0.500000350177	0.361337976578	-0.346711989299	0.865578224748	2.06040382385	-1.99400019646	4.94590520859
29	6	0.499997287989	-0.378743416679	0.345464255352	-0.85860810187	-2.14989519119	1.97180914879	-4.9167432785
0	7	0.499963924289	-0.228045812268	0.397074659985	-0.889003274406	-1.31151711941	2.25854825974	-5.08576774597
1	7	0.499244384468	0.186988000469	-0.450362727755	0.873045761189	1.07446265221	-2.57313990593	4.98062705994
2	7	0.499714359641	-0.225708744894	0.4378886239	-0.870235092109	-1.29441642761	2.49775624275	-4.97851991653
3	7	0.499254148453	0.33454554906	-0.325784061005	0.884275987008	1.88643836975	-1.87040305138	5.05309009552
4	7	0.499973470345	-0.257363227472	0.287904413047	-0.922428977262	-1.48339474201	1.65419363976	-5.26791095734
5	7	0.499974859878	0.263633828801	-0.211252538436	0.941206443516	1.51561021805	-1.23753523827	5.37184762955
6	7	0.499975714833	-0.329521933485	0.341225234971	-0.880329844076	-1.87984991074	1.93990588188	-5.03955602646
7	7	0.499272122979	0.340194520422	-0.368873408244	0.864985605062	1.94296550751	-2.09432506561	4.94306373596
8	7	0.499654415995	-0.294033937449	0.335415118029	-0.895008794497	-1.68908190727	1.9063334465	-5.11930036545
9	7	0.499237120152	0.341939763352	-0.340802483692	0.875745890854	1.94468593597	-1.94152021408	5.00306367874
10	7	0.499974645674	-0.377420851212	0.398714356368	-0.835811200629	-2.14211130142	2.25917291641	-4.79578304291
11	7	0.499986670911	0.296149374506	-0.34231126761	0.891694198729	1.72344303131	-1.95158576965	5.0902671814
12	7	0.499986723065	-0.463893828942	0.258887886812	-0.847218730631	-2.63990116119	1.49027574062	-4.84714317322
13	7	0.499976653606	0.429677118563	-0.286606031454	0.8562911634	2.45397686958	-1.64705324173	4.89405441284
14	7	0.499253645539	-0.361740768778	0.257777696519	-0.895932070741	-2.06628894806	1.48330760002	-5.11066865921
15	7	0.498962372541	0.451195908036	-0.257836037875	0.854366917749	2.54960799217	-1.4796435833	4.89130020142
16	7	0.497624922544	-0.37754132573	0.274978707291	-0.884222402963	-2.15671563148	1.58820855618	-5.04926633835
17	7	0.416388370097	0.449844949716	-0.307711561835	0.838422993439	2.17341709137	-1.48297345638	4.06506729126
18	7	0.377865282819	0.320096273877	-0.304361323689	0.897163619465	1.45412242413	-1.38625526428	4.05473947525
19	7	0.417829740793	0.0812588672512	-0.669157715691	0.738664299952	0.415669351816	-3.27297115326	3.66310405731
20	7	0.3448120635	0.110286056345	-0.443054346201	0.889685243268	0.456556916237	-1.83606255054	3.66833686829
21	7	0.439099319279	0.0471584725448	-0.165189668387	0.985133722865	0.259410738945	-0.87022793293	5.03364944458
22	7	0.498074740171	-0.201633455297	0.391307270831	-0.897898975108	-1.15056180954	2.22859144211	-5.13907194138
23	7	0.499136339873	0.259156252438	-0.352263350662	0.899304491595	1.47146344185	-2.01083922386	5.13453054428
24	7	0.499977007508	-0.272561288776	0.314670139037	-0.909226620518	-1.5568819046	1.79724884033	-5.19947052002
25	7	0.499987227842	0.273160161677	-0.209504293077	0.938877775461	1.56504249573	-1.22216320038	5.36099672318
26	7	0.499987764284	-0.26356070851	0.24351452843	-0.933400464631	-1.52924537659	1.41874861717	-5.32421112061
27	7	0.499991104007	0.349252278231	-0.439790605141	0.827409855985	1.9933590889	-2.49762201309	4.74113559723
28	7	0.499962601811	-0.336534020524	0.406551143347	-0.849388615931	-1.92239546776	2.30544757843	-4.86547374725
29	7	0.499976843596	0.298426706816	-0.315341834632	0.900833518465	1.71695816517	-1.80695235729	5.14558649063
0	8	0.499252833426	0.268860954001	-0.265711111485	0.925803106847	1.54268503189	-1.53526306152	5.27928686142
1	8	0.498213823885	-0.173218845992	0.494384685718	-0.851809259119	-1.00310778618	2.80902600288	-4.88754940033
2	8	0.44605941698	0.275818802044	-0.402376833442	0.872935777906	1.4093080759	-2.05983829498	4.48224210739
3	8	0.498200969771	-0.239951010454	0.301862508765	-0.922660575935	-1.38209760189	1.7363473177	-5.27695560455
4	8	0.499252382666	0.265692807166	-0.370963521351	0.88982773504	1.51409769058	-2.10553216934	5.08514499664
5	8	0.499990295619	-0.312621438289	0.314065508908	-0.896454512196	-1.76681184769	1.78498029709	-5.13622903824
6	8	0.49998562783	0.190570223079	-0.222418882845	0.956144774932	1.12394356728	-1.28208434582	5.45761585236
7	8	0.499991867691	-0.309217475795	0.176392501347	-0.934489292679	-1.76828980446	1.03128385544	-5.33874988556
8	8	0.499963669106	0.298848507077	-0.207528397736	0.931462041068	1.71369314194	-1.20736002922	5.31869411469
9	8	0.499991644174	-0.291288076609	0.318670860332	-0.901997859865	-1.67063236237	1.81795287132	-5.15636730194
10	8	0.49998722598	0.309119497977	-0.353037341347	0.883068384433	1.77657938004	-2.01968240738	5.04437732697
11	8	0.499998725951	-0.393998554376	0.352989200308	-0.848624630573	-2.24499130249	2.01524806023	-4.85658359528
12	8	0.499998986721	0.508322195036	-0.260613621319	0.820785651932	2.88252258301	-1.50668871403	4.70221233368
13	8	0.499987766147	-0.378346664416	0.38742023099	-0.840689815654	-2.16916275024	2.19140839577	-4.81485939026
14	8	0.499979421496	0.305173563588	-0.377789563879	0.874153385574	1.76265692711	-2.14578557014	4.99744272232
15	8	0.499824371189	-0.387790705945	0.339172274459	-0.85707673905	-2.21324467659	1.93715214729	-4.9011182785
16	8	0.476716026664	0.360452547917	-0.386376369553	0.84899190912	1.98577928543	-2.11745071411	4.66872262955
17	8	0.33590191789	0.462753013524	-0.202372022536	0.863078914683	1.85412216187	-0.834301948547	3.46878695488
18	8	0.416883882135	0.415559156154	-0.320059227279	0.851394549413	2.00352478027	-1.54854476452	4.1347951889
19	8	0.496668504551	-0.212237961805	0.30393672478	-0.928750512732	-1.2295409441	1.74204015732	-5.30492210388
20	8	0.478099048138	0.318706336077	-0.269489944794	0.908736177886	1.74990212917	-1.4995303154	5.01001119614
21	8	0.498518958688	-0.2705533205	0.336213453259	-0.902087254435	-1.54341995716	1.91936063766	-5.15957069397
22	8	0.499350786209	0.206848488824	-0.40404342486	0.891045797644	1.18959522247	-2.29105186462	5.09309196472
23	8	0.499977240339	-0.209247348508	0.312329266357	-0.926642313149	-1.20898294449	1.78438878059	-5.29549360275
24	8	0.499987894669	0.294050150292	-0.211419928117	0.932113793004	1.6793936491	-1.23831486702	5.32302045822
25	8	0.499986957759	-0.297357843968	0.347694385509	-0.889205784347	-1.71097660065	1.96425628662	-5.08941650391
26	8	0.499974273145	0.40486439761	-0.285919889611	0.868524401657	2.29853343964	-1.64624810219	4.96958732605
27	8	0.49923671782	-0.402490205365	0.406667894201	-0.820135878018	-2.29243421555	2.29974126816	-4.69560813904
28	8	0.499682368711	0.290046634711	-0.226711168934	0.929771474919	1.68448638916	-1.3180116415	5.30440235138
29	8	0.499240733683	-0.418136270908	0.167621562662	-0.892785008096	-2.35724782944	0.977755486965	-5.10718107224
0	9	0.498828493059	-0.365596628048	0.256080362775	-0.894853034504	-2.07976269722	1.46654415131	-5.11013031006
1	9	0.44526963681	0.261224494891	-0.436540472223	0.860926349568	1.34406471252	-2.21657371521	4.41781425476
2	9	0.233571616001	0.252703253016	-0.294779195609	0.921545599388	0.71817612648	-0.851872444153	2.56148505211
3	9	0.445458956063	0.241443915309	-0.389542203389	0.888797900278	1.24137616158	-1.98806941509	4.55626773834
4	9	0.499706786126	-0.209883850264	0.409914688012	-0.887647856951	-1.21612465382	2.32283830643	-5.08244657516
5	9	0.499959250912	0.18916375506	-0.267948854935	0.944680096599	1.10999906063	-1.54600477219	5.39139604568
6	9	0.499999148771	-0.324355180626	0.196342274181	-0.925334225116	-1.84818863869	1.132999897	-5.29046440125
7	9	0.499995585531	0.391196576602	-0.229677641858	0.891186523285	2.22152042389	-1.31446385384	5.10096025467
8	9	0.499999310821	-0.368585482067	0.300913632967	-0.879542908506	-2.09192490578	1.72015714645	-5.0354142189
9	9	0.499997735023	0.286289793237	-0.297256034966	0.910866073561	1.63745033741	-1.71049952507	5.20365190506
10	9	0.500000018626	-0.323574952718	0.369023522942	-0.87127543836	-1.83873844147	2.10996842384	-4.98517131805
11	9	0.499999959022	0.330372526092	-0.407998278801	0.851111860157	1.89036822319	-2.31688070297	4.87328863144
12	9	0.499999761581	-0.44490561376	0.285125925034	-0.848977150292	-2.51853632927	1.63646841049	-4.86595821381
13	9	0.499999172986	0.344082789666	-0.253111758211	0.904179999619	1.98151910305	-1.46370768547	5.15909719467
14	9	0.49999371171	-0.34817250135	0.319070044583	-0.881459140263	-1.99102056026	1.82016181946	-5.04034376144
15	9	0.499736037105	0.375648235332	-0.322287426276	0.868918418585	2.15085482597	-1.84592199326	4.9614109993
16	9	0.499158542603	-0.386648709674	0.396775050471	-0.832509660383	-2.19883298874	2.25506234169	-4.7699508667
17	9	0.476947214454	0.244970170565	-0.468761233065	0.848676924341	1.36325502396	-2.55699396133	4.67522668839
18	9	0.498343095183	-0.286925973323	0.30990860444	-0.90643816266	-1.65406942368	1.78406882286	-5.18007707596
19	9	0.498909063637	0.284597078658	-0.321998228593	0.902951628606	1.63616502285	-1.84137105942	5.14610481262
20	9	0.499840915203	-0.395188648784	0.370823225644	-0.84042612239	-2.24200963974	2.10931777954	-4.81700801849
21	9	0.499645106494	0.355317783889	-0.305974452758	0.883249062672	2.02227449417	-1.75670814514	5.0462231636
22	9	0.49998312071	-0.257083966285	0.332481911984	-0.90739385742	-1.47609555721	1.89412117004	-5.18848228455
23	9	0.499991729856	0.257728342366	-0.242703648678	0.935238493893	1.47732079029	-1.40989553928	5.33994102478
24	9	0.499997224659	-0.355205888506	0.321291142632	-0.877838697277	-2.02867364883	1.82767403126	-5.02314949036
25	9	0.499991670251	0.379181647747	-0.297023062078	0.876355281039	2.15825390816	-1.69923567772	5.01369953156
26	9	0.49927168712	-0.391719506698	0.318248384629	-0.863292414975	-2.23281478882	1.80943369865	-4.93259191513
27	9	0.498141095042	0.473097857753	-0.321124523723	0.820400790622	2.69571185112	-1.84309482574	4.70133447647
28	9	0.445605348796	-0.408788334007	0.221146463903	-0.885430030823	-2.09116363525	1.14169645309	-4.53745746613
29	9	0.498225193471	0.335631791094	-0.140802064117	0.931410800639	1.93239688873	-0.821844339371	5.32624578476
0	10	0.49891526252	0.437371605402	-0.304909298657	0.846012055695	2.49237251282	-1.71741020679	4.84117221832
1	10	0.497775290161	-0.408408125017	0.215626140137	-0.886965710222	-2.3395178318	1.23414945602	-5.07271051407
2	10	0.445194970816	0.303136280243	-0.341984824828	0.88946881631	1.55145800114	-1.74762296677	4.5565404892
3	10	0.497892361134	-0.483417245386	0.283709009359	-0.828140667322	-2.73764395714	1.63003492355	-4.7540345192
4	10	0.499264515936	0.365941158228	-0.272847234256	0.889742353423	2.07871174812	-1.57823562622	5.07762384415
5	10	0.499980930239	-0.32394965082	0.368809723697	-0.871226727919	-1.86107754707	2.07689929008	-4.99211120605
6	10	0.499959073961	0.411222995797	-0.199241005826	0.889493490322	2.34041500092	-1.15297698975	5.0869474411
7	10	0.499991245568	-0.345802396317	0.245557174994	-0.905606082417	-1.98015069962	1.41515636444	-5.17366790771
8	10	0.49998709932	0.261288962864	-0.45900994081	0.849139536309	1.49683904648	-2.58771657944	4.87482690811
9	10	0.499996636063	-0.173670951745	0.359227345123	-0.916948261919	-1.00320661068	2.05130577087	-5.24190568924
10	10	0.499999206513	0.197067479809	-0.426137137376	0.882933490446	1.12885344028	-2.41082191467	5.06059360504
11	10	0.499997764826	-0.184572477725	0.379824979914	-0.906457933442	-1.06260895729	2.1608145237	-5.18573474884
12	10	0.49999961257	0.18403953255	-0.280493669807	0.942047106921	1.08546638489	-1.6089117527	5.37938404083
13	10	0.499999824911	-0.433108004699	0.271572153826	-0.859456817724	-2.44278240204	1.55368745327	-4.93083381653
14	10	0.499996475875	0.351514664362	-0.254266213038	0.900991750043	2.02429366112	-1.46777045727	5.14127206802
15	10	0.499989140779	-0.459169725398	0.309194448275	-0.832803672203	-2.59803652763	1.76322793961	-4.77830266953
16	10	0.499732993543	0.315360278895	-0.241771249836	0.917657102216	1.81894993782	-1.40167963505	5.23306798935
17	10	0.499815199524	-0.299030135932	0.299449250796	-0.906041458214	-1.72130393982	1.72005295753	-5.17263126373
18	10	0.4995784536	0.43068067791	-0.371075003308	0.822689185291	2.44258642197	-2.10782980919	4.71455621719
19	10	0.499977041036	-0.426277124003	0.375271175799	-0.823079193132	-2.4203517437	2.14353084564	-4.71544075012
20	10	0.499975007027	0.355320738365	-0.403283140999	0.843273313389	2.04139471054	-2.29283022881	4.82234096527
21	10	0.499995693564	-0.388542866862	0.303914130899	-0.869868174869	-2.20511078835	1.7506301403	-4.97609424591
22	10	0.499994223937	0.296311300367	-0.258454796327	0.919456758924	1.69513559341	-1.49901771545	5.25023460388
23	10	0.49999909848	-0.242471469141	0.339511328166	-0.908812216412	-1.41645026207	1.93743133545	-5.19014596939
24	10	0.499999511987	0.469067290242	-0.374247916068	0.7999464823	2.65191173553	-2.12606287003	4.59891223907
25	10	0.499962313101	-0.320643355599	0.223034004341	-0.920567037982	-1.84814977646	1.29701697826	-5.25266075134
26	10	0.499646777287	0.257363470523	-0.236407862827	0.936950034118	1.4976041317	-1.35956859589	5.34846448898
27	10	0.445439055562	-0.417062663362	0.275655112742	-0.866067545662	-2.12972998619	1.41182053089	-4.44046735764
28	10	0.232765635476	-0.410641634193	0.338755380235	-0.846533071197	-1.14353847504	0.904742002487	-2.37140512466
29	10	0.445521697402	-0.443535337815	0.20005989853	-0.873643200116	-2.26700353622	1.03842914104	-4.47699117661
0	11	0.499263100326	-0.450789787824	0.170674569929	-0.876161376901	-2.56322145462	0.979214072227	-5.00691890717
1	11	0.499171156436	0.493853485125	-0.0575989519694	0.867635347344	2.79717206955	-0.374937474728	4.96330928802
2	11	0.499700840563	-0.355169789009	0.278969993577	-0.892205225079	-2.03588914871	1.58961629868	-5.10236930847
3	11	0.49928169325	0.29451330796	-0.327081736178	0.897930648376	1.70320248604	-1.85893201828	5.12224197388
4	11	0.499948911369	-0.262389544271	0.35153400828	-0.898652084001	-1.52922582626	1.99801945686	-5.13473653793
5	11	0.499239630997	0.449230027307	-0.209297815582	0.86855443523	2.54518008232	-1.22442674637	4.96194839478
6	11	0.49969047308	-0.488411515089	0.189112552372	-0.851874776281	-2.77596545219	1.09305977821	-4.87814712524
7	11	0.499230049551	0.36358232343	-0.262749435479	0.89373968707	2.07272839546	-1.50200951099	5.10270929337
8	11	0.49995819293	-0.172665272072	0.355865304708	-0.918447923796	-1.00718486309	2.02492237091	-5.25197887421
9	11	0.499977758154	0.0836648722797	-0.217773075712	0.972406847282	0.498890787363	-1.26106894016	5.5543718338
10	11	0.499961398542	-0.123737189757	0.194647103887	-0.973037313169	-0.712437331676	1.13230395317	-5.55860328674
11	11	0.49999159947	0.109125563255	-0.249225662748	0.962277600525	0.635475993156	-1.4263253212	5.49979066849
12	11	0.499986948445	-0.165142523777	0.234198912086	-0.958059923188	-0.963075995445	1.35136318207	-5.47118473053
13	11	0.499999664724	0.306681274082	-0.286377633744	0.907708349096	1.76017689705	-1.63659071922	5.18774318695
14	11	0.499999351799	-0.406080668732	0.328705911569	-0.852672806053	-2.30524301529	1.86984610558	-4.88612747192
15	11	0.49999640882	0.357150306396	-0.32585761268	0.875363053196	2.04629731178	-1.85834574699	5.00426959991
16	11	0.499996051192	-0.365010453152	0.252778854	-0.896030256219	-2.08740139008	1.45089161396	-5.12049818039
17	11	0.499985814095	0.35125470363	-0.252519418875	0.901584203648	2.01875424385	-1.45452523232	5.14719724655
18	11	0.499994181097	-0.439872285839	0.305149209069	-0.844627925394	-2.50415420532	1.74819517136	-4.83300924301
19	11	0.499992605299	0.367148142101	-0.379139878642	0.849385185988	2.11541295052	-2.16145992279	4.85144138336
20	11	0.499999545515	-0.382784194784	0.369029140412	-0.846931965243	-2.18961381912	2.11517190933	-4.83920001984
21	11	0.49999910593	0.285822445488	-0.434111584468	0.854314147071	1.65712165833	-2.46167755127	4.88712692261
22	11	0.499993793666	-0.295074835582	0.369186322234	-0.881267440044	-1.69869971275	2.11436271667	-5.03287410736
23	11	0.499995615333	0.389725661956	-0.395738162657	0.831567925686	2.22493362427	-2.25501322746	4.75970697403
24	11	0.499979265034	-0.462675121856	0.37691220396	-0.802414432897	-2.63313412666	2.15051937103	-4.59580516815
25	11	0.499986208975	0.389581048646	-0.30433741499	0.869255626598	2.22763061523	-1.7286747694	4.97395372391
26	11	0.499232266098	-0.312448552417	0.239760401671	-0.919179444876	-1.79646492004	1.36942899227	-5.24230337143
27	11	0.498306948692	0.358497395968	-0.191659759835	0.913644434966	2.05952787399	-1.10528612137	5.22730541229
28	11	0.445538461208	-0.429116986589	0.233965361606	-0.872421240794	-2.19767260551	1.20244765282	-4.47043561935
29	11	0.498076273128	0.272173392464	-0.168965157716	0.947297429487	1.58853268623	-0.973041176796	5.41306114197
0	12	0.499963648617	0.438111794301	-0.202695346272	0.875769748446	2.4985306263	-1.1636493206	5.00846815109
1	12	0.499978777021	-0.380806493797	0.254919705331	-0.888820768275	-2.18144869804	1.44584870338	-5.08339834213
2	12	0.499960139394	0.378347606873	-0.302944506991	0.874687209268	2.15354704857	-1.72675657272	5.00583600998
3	12	0.499980118126	-0.385281656531	0.257700776283	-0.886085974973	-2.19210314751	1.50051784515	-5.06303405762
4	12	0.49922182411	0.361256529221	-0.391003892099	0.846528012802	2.0583820343	-2.21982288361	4.83912754059
5	12	0.498303908855	-0.39339794844	0.369670476494	-0.841773005609	-2.25408506393	2.10412883759	-4.82502937317
6	12	0.445740167052	0.506085388342	-0.248655602855	0.825861956307	2.57696151733	-1.27782785892	4.24355077744
7	12	0.49832322821	-0.395347337728	0.274578426426	-0.876531328757	-2.25259685516	1.57476758957	-5.02343988419
8	12	0.499189071357	0.264930461791	-0.331182081109	0.905610445814	1.51032853127	-1.87524282932	5.17618274689
9	12	0.499245587736	-0.146973535659	0.172005287833	-0.974070305868	-0.849223256111	1.0071669817	-5.55519533157
10	12	0.499704254791	0.165209027255	-0.167899879868	0.971861928287	0.938758969307	-0.965161085129	5.55707788467
11	12	0.499239824712	-0.109700213383	0.19376470063	-0.974895432328	-0.647864818573	1.10642635822	-5.56328487396
12	12	0.499975733459	0.326545871185	-0.298097233416	0.896942491714	1.84100961685	-1.69470334053	5.14162445068
13	12	0.499987717718	-0.326937713638	0.290576002698	-0.899264876472	-1.86854434013	1.66209363937	-5.14038801193
14	12	0.499999444932	0.350442227107	-0.29824805501	0.887827879233	1.99373245239	-1.7072353363	5.07886886597
15	12	0.499999608845	-0.265994295369	0.35038147831	-0.898042234246	-1.54623436928	1.99696445465	-5.12946224213
16	12	0.499998725951	0.439474863918	-0.258035658508	0.860394934273	2.49702739716	-1.49255955219	4.92213535309
17	12	0.499999649823	-0.45255661382	0.308099152236	-0.83681982749	-2.5775706768	1.75710844994	-4.7909488678
18	12	0.499998271465	0.441043482165	-0.260678372475	0.858794173806	2.52199149132	-1.51396608353	4.90249013901
19	12	0.499999471009	-0.467143917267	0.372852538116	-0.801721613392	-2.66514205933	2.12645721436	-4.58920955658
20	12	0.49999897927	0.522271506531	-0.345104404581	0.779830381176	2.95997881889	-1.98544502258	4.47059249878
21	12	0.499993417412	-0.407466745651	0.368657151871	-0.835501499438	-2.33360147476	2.11153054237	-4.77324771881
22	12	0.499985955656	0.360220335843	-0.446921726365	0.818842036139	2.075476408	-2.53598308563	4.68536758423
23	12	0.499610960484	-0.493323179813	0.369713100065	-0.787365521153	-2.79767775536	2.12606430054	-4.50449037552
24	12	0.499827828258	0.432308062532	-0.391018700435	0.812535608438	2.48043060303	-2.22015547752	4.64820718765
25	12	0.499449234456	-0.449716796128	0.176404871496	-0.875577594844	-2.56621623039	1.04566252232	-4.99463510513
26	12	0.499956063926	0.42711958782	-0.242817182312	0.870981442784	2.43729186058	-1.38212811947	4.98370456696
27	12	0.499239187688	-0.456651911774	0.19523600655	-0.867958485885	-2.59664392471	1.11838769913	-4.95876073837
28	12	0.49969054386	0.482688210538	-0.167980940906	0.8595315555	2.74565649033	-0.962975740433	4.92247724533
29	12	0.499274831265	-0.42590729778	0.177922705522	-0.887100042023	-2.42089867592	1.01411271095	-5.06962490082
0	13	0.499987401068	-0.42040635239	0.293767948704	-0.858463098324	-2.39088463783	1.66210174561	-4.92053365707
1	13	0.49999688752	0.272611540369	-0.248844073098	0.929386666217	1.57809376717	-1.4347383976	5.30472135544
2	13	0.499999448657	-0.243468101815	0.342841075688	-0.907294483737	-1.40915703773	1.95567035675	-5.18441057205
3	13	0.499960724264	0.338677948203	-0.421561089854	0.841179823178	1.92944920063	-2.39268136024	4.82039165497
4	13	0.499709665775	-0.33777085669	0.397029177082	-0.853392454218	-1.93261194229	2.2640953064	-4.88205528259
5	13	0.445617929101	0.344906047481	-0.321122431599	0.881997847126	1.77206730843	-1.64508080482	4.51867008209
6	13	0.232475112192	0.359553437581	-0.271474159574	0.892761505783	1.00131773949	-0.765739381313	2.47756242752
7	13	0.445374310017	0.360506129302	-0.268078648846	0.893403138997	1.8453783989	-1.37480914593	4.57659673691
8	13	0.498963501304	-0.30049914338	0.267650865736	-0.915457961295	-1.70969772339	1.54240369797	-5.22466278076
9	13	0.498107796535	0.216569601652	-0.336972511571	0.916268047072	1.24110603333	-1.90963089466	5.25193452835
10	13	0.445397818461	-0.194471935521	0.162529281709	-0.967349419229	-0.99490582943	0.841784715652	-4.95390462875
11	13	0.498285997659	0.161426407688	-0.0478110836201	0.985725933099	0.931538581848	-0.309407293797	5.64280509949
12	13	0.499272737652	-0.284997971853	0.32022526423	-0.903455552968	-1.62394976616	1.8055524826	-5.16748523712
13	13	0.499991837889	0.335077873857	-0.300091849173	0.893122444299	1.90863204002	-1.70995259285	5.11043787003
14	13	0.499997973442	-0.243308880702	0.245117252313	-0.938465940346	-1.41091895103	1.42373144627	-5.35474157333
15	13	0.499999031425	0.292309986457	-0.420823138158	0.858756518583	1.67408776283	-2.37904882431	4.92255449295
16	13	0.499999765307	-0.428909851719	0.371182810811	-0.823565212995	-2.44009113312	2.10940313339	-4.72097492218
17	13	0.499999921769	0.429237822043	-0.374810838064	0.82174918789	2.45417952538	-2.13600230217	4.70060253143
18	13	0.500000011176	-0.411642519261	0.407219736367	-0.815305171485	-2.3645529747	2.31370258331	-4.66282463074
19	13	0.500000305474	0.455058642796	-0.411926183559	0.789454527453	2.59856414795	-2.35240650177	4.51598167419
20	13	0.499998793006	-0.422638088203	0.449914337263	-0.786736382485	-2.43867683411	2.54581022263	-4.50144672394
21	13	0.499994885176	0.515952815621	-0.295098599993	0.804182509344	2.92716598511	-1.70840644836	4.60482358932
22	13	0.499608434737	-0.475632672974	0.364794964973	-0.800436252259	-2.70900273323	2.09137797356	-4.57419395447
23	13	0.498905025423	0.462547041129	-0.462099878298	0.756646507439	2.64462327957	-2.62631559372	4.3364982605
24	13	0.46862629801	-0.463960148424	0.380466216911	-0.799991523995	-2.50387096405	2.06220912933	-4.31799650192
25	13	0.498203951865	0.493419002925	-0.34132862787	0.800020284336	2.81454610825	-1.94172763824	4.59030437469
26	13	0.499125044793	-0.411396422078	0.245249909902	-0.877841366988	-2.35677862167	1.40999257565	-5.00304603577
27	13	0.499968405813	0.413402395474	-0.24250535169	0.877661446013	2.36762404442	-1.37318563461	5.01949930191
28	13	0.499951243401	-0.389133859923	0.101891389482	-0.915528800099	-2.23957514763	0.607370257378	-5.22521829605
29	13	0.499991215765	0.339014214946	-0.13566976163	0.930947408742	1.95875751972	-0.790468931198	5.31302022934
0	14	0.500000182539	0.417409120921	-0.312122820944	0.853433635626	2.37853908539	-1.77027344704	4.88815832138
1	14	0.499999016523	-0.324369727752	0.285068142526	-0.901953676102	-1.85029649734	1.63032138348	-5.15781641006
2	14	0.499997749925	0.223292415351	-0.326163452415	0.918562953507	1.29482388496	-1.87524843216	5.24346733093
3	14	0.499991796911	-0.272340982562	0.418897767339	-0.86623036759	-1.56638789177	2.38195323944	-4.95562267303
4	14	0.499247558415	0.327279106914	-0.353700074119	0.876233213104	1.86198413372	-2.02988767624	4.99976539612
5	14	0.498250715435	-0.398571819575	0.366073077978	-0.840910819422	-2.2567896843	2.09488797188	-4.82833576202
6	14	0.445397492498	0.281613938386	-0.31047476661	0.907909141382	1.4456076622	-1.58782434464	4.65090322495
7	14	0.498167008162	-0.208267017905	0.374294220264	-0.903619768448	-1.20375955105	2.13907647133	-5.17171764374
8	14	0.498946122825	0.29157701399	-0.347649742542	0.891135512379	1.65851664543	-1.98201107979	5.09123706818
9	14	0.445299526677	-0.273699782347	0.231701929154	-0.933489499228	-1.3977367878	1.18975400925	-4.7814040184
10	14	0.232784557622	-0.183075506192	0.258504836676	-0.948503351838	-0.535486698151	0.69084405899	-2.64253354073
11	14	0.445263491012	-0.16403217807	0.164379692211	-0.972662717157	-0.852117538452	0.84797668457	-4.97835874557
12	14	0.499597126618	0.262609852806	-0.278583364982	0.923811330286	1.50877082348	-1.587485075	5.28098630905
13	14	0.499959368259	-0.3815389098	0.2525997234	-0.889168960348	-2.15188884735	1.45393610001	-5.09331703186
14	14	0.499999660999	0.289303150781	-0.299153204215	0.909291508459	1.64733219147	-1.70290660858	5.202917099
15	14	0.499999800697	-0.236572449558	0.29840980601	-0.924654023831	-1.36906099319	1.7097568512	-5.28104305267
16	14	0.499999430031	0.364980899969	-0.224908231563	0.903440772842	2.09082841873	-1.30945324898	5.15816164017
17	14	0.499999817461	-0.429643256923	0.330593836201	-0.840306127103	-2.45412158966	1.88705873489	-4.80631828308
18	14	0.499999102205	0.482444897136	-0.353729056737	0.801325574063	2.75271749496	-2.02969026566	4.58112859726
19	14	0.499999459833	-0.456647591368	0.406959689787	-0.791111109887	-2.62308692932	2.31433105469	-4.52189493179
20	14	0.499999605119	0.542658400086	-0.320202607732	0.77652569231	3.07819604874	-1.84011363983	4.45328235626
21	14	0.499980341643	-0.382021654038	0.304898905551	-0.872408226257	-2.20574879646	1.74809145927	-4.97653150558
22	14	0.499824307859	0.435263246159	-0.363938960965	0.823464837886	2.49153089523	-2.07787966728	4.70708417892
23	14	0.468246590346	-0.391793662342	0.407867632762	-0.824707051197	-2.12727975845	2.19619655609	-4.44755077362
24	14	0.306953180581	-0.453558403007	0.51096073535	-0.730208122381	-1.66740584373	1.85456562042	-2.69948768616
25	14	0.417455848306	-0.442996521705	0.503029585545	-0.742101959183	-2.15318512917	2.43694829941	-3.606133461
26	14	0.498108271509	0.436837299017	-0.328018705565	0.837601876184	2.49939823151	-1.87081456184	4.79408311844
27	14	0.499143924564	-0.442422839241	0.205841697039	-0.872863807864	-2.52938938141	1.18846416473	-4.97641658783
28	14	0.499976553023	0.531641482973	-0.22952464997	0.815276498275	3.01215434074	-1.30434274673	4.68211841583
29	14	0.499989897013	-0.409277012045	0.174119097069	-0.89564215368	-2.34384489059	1.01307201385	-5.11553764343
0	15	0.499999575317	-0.406430318801	0.285907669353	-0.867796750723	-2.31196403503	1.62200784683	-4.97121572495
1	15	0.499999545515	0.302350034209	-0.243266206985	0.921632252774	1.73621356487	-1.41100883484	5.26145505905
2	15	0.499999638647	-0.311643246344	0.424428469627	-0.850140553778	-1.77553796768	2.40047645569	-4.87612867355
3	15	0.499987173826	0.346025409634	-0.369133586448	0.862558294403	1.95479631424	-2.11513566971	4.93868494034
4	15	0.499977562577	-0.197272354079	0.394229512827	-0.897589388046	-1.14449584484	2.25298571587	-5.12874364853
5	15	0.499280404299	0.112574273995	-0.383711643374	0.916565550069	0.682057380676	-2.18340826035	5.23198413849
6	15	0.499669821933	-0.151114981816	0.285129490597	-0.946501682969	-0.879211902618	1.651086092	-5.40371656418
7	15	0.499231643975	0.215034876272	-0.397491128379	0.892054261156	1.22775995731	-2.26052689552	5.09585237503
8	15	0.499178379774	-0.288129845265	0.438851916684	-0.851111148729	-1.6475019455	2.48077630997	-4.8701171875
9	15	0.498100169003	0.344267734762	-0.298298627983	0.890223373848	1.96662664413	-1.7042760849	5.09854841232
10	15	0.446158794686	-0.362642581464	0.0839163048744	-0.928142452367	-1.84092700481	0.451143324375	-4.76856803894
11	15	0.498329535127	0.348890676578	-0.0998553585953	0.931828419376	1.99408459663	-0.594177603722	5.33541250229
12	15	0.499240677804	-0.302716659809	0.262080985476	-0.916338464175	-1.72631835938	1.48779964447	-5.23386144638
13	15	0.499991290271	0.182015822773	-0.275547556792	0.943898185297	1.06884598732	-1.57612419128	5.39120340347
14	15	0.499998008832	-0.186783664809	0.267087521995	-0.945397333482	-1.0850045681	1.5355618	-5.39899158478
15	15	0.499999679625	0.232622858003	-0.306313116535	0.923070355159	1.34730696678	-1.74166798592	5.27644920349
16	15	0.499997582287	-0.420950241442	0.234480754522	-0.876253199702	-2.38551616669	1.35600471497	-5.01596784592
17	15	0.499999824911	0.395197151991	-0.307361987566	0.865648785396	2.27698802948	-1.76578021049	4.93841028214
18	15	0.499998137355	-0.54463215084	0.390308776682	-0.742317236171	-3.09983205795	2.22078251839	-4.26005840302
19	15	0.499999500811	0.540684003013	-0.348871895518	0.765473193131	3.08294153214	-1.99054050446	4.38388538361
20	15	0.499998211861	-0.505172254925	0.249626577378	-0.826128055885	-2.88099050522	1.44801926613	-4.7215180397
21	15	0.499993961304	0.34543368539	-0.289535246641	0.89266169961	2.00282025337	-1.66567289829	5.09011745453
22	15	0.499485097826	-0.524290410844	0.34441459681	-0.778779911529	-2.97137594223	1.95346498489	-4.47040557861
23	15	0.497996330261	0.537348710782	-0.200555327866	0.819166603009	3.06284761429	-1.1683151722	4.69013309479
24	15	0.417336266488	-0.4476110063	0.391888556704	-0.803783395053	-2.17188000679	1.90701293945	-3.90167284012
25	15	0.365325719118	-0.446783172126	0.424511098474	-0.787511983641	-1.95585894585	1.85262322426	-3.45039820671
26	15	0.41832575947	-0.468687845966	0.406668840346	-0.784188853106	-2.26983809471	1.96748375893	-3.82735061646
27	15	0.498147599399	0.459246822719	-0.239585514715	0.855389465075	2.6218752861	-1.37718975544	4.89676332474
28	15	0.499475751072	-0.443349674633	0.291182137118	-0.847734645409	-2.5311923027	1.65252923965	-4.84536075592
29	15	0.499993350357	0.400034622713	-0.281106344726	0.872325354203	2.28472518921	-1.59343314171	4.99285745621
0	16	0.499999469146	0.324896560307	-0.104174159198	0.939994664696	1.85704398155	-0.632687926292	5.37097454071
1	16	0.499999329448	-0.279381457707	0.290311261094	-0.915240609223	-1.60152590275	1.65297794342	-5.23349905014
2	16	0.499999783933	0.26978853494	-0.342582274752	0.899917513687	1.5429213047	-1.96247220039	5.14307832718
3	16	0.499999446794	-0.233499820171	0.307275346915	-0.922528967111	-1.35019302368	1.78021109104	-5.26290225983
4	16	0.499987363815	0.236731210548	-0.452201008845	0.859925916316	1.353495121	-2.56276774406	4.92800807953
5	16	0.499990683049	-0.278578550317	0.339051362976	-0.898575630967	-1.57453000546	1.95292401314	-5.13753318787
6	16	0.499963086098	0.231390155258	-0.360537072045	0.903588189238	1.32813835144	-2.05318427086	5.16736650467
7	16	0.499977435917	-0.202659429713	0.362748698382	-0.909583716527	-1.1748636961	2.07354021072	-5.19645500183
8	16	0.499961435795	0.343102482088	-0.337440317236	0.876592675698	1.95111298561	-1.92408871651	5.01832199097
9	16	0.499275062233	-0.383937757366	0.154084751511	-0.910411823199	-2.18526744843	0.908513724804	-5.19595718384
10	16	0.499674623832	0.29070666683	-0.128972702903	0.948079994392	1.68365943432	-0.748710155487	5.41301250458
11	16	0.499241214246	-0.398190148234	0.208712213905	-0.893243425734	-2.2585735321	1.17595469952	-5.10910844803
12	16	0.499976828694	0.368513514044	-0.256594706257	0.893508224186	2.09449028969	-1.45939254761	5.11593770981
13	16	0.499986894429	-0.271327941812	0.319174444804	-0.908024681259	-1.55871534348	1.81320619583	-5.19296455383
14	16	0.499999165535	0.278167529765	-0.321564500476	0.90510722979	1.58940446377	-1.82475972176	5.17967176437
15	16	0.499986726791	-0.33278288207	0.259076684509	-0.906716507484	-1.89433836937	1.49400889874	-5.18275165558
16	16	0.499991547316	0.345742469655	-0.311031100827	0.885280632904	1.98332428932	-1.77763259411	5.05907869339
17	16	0.49996240437	-0.448572840593	0.396150747817	-0.801153538148	-2.55695509911	2.25072860718	-4.59142017365
18	16	0.499989293516	0.541812632347	-0.377190514666	0.751110103164	3.08538365364	-2.15378904343	4.30433177948
19	16	0.499986816198	-0.529572882432	0.277197640871	-0.801694474278	-3.02136111259	1.60128879547	-4.58149862289
20	16	0.499999321997	0.475801397521	-0.334898112249	0.813299627769	2.71656870842	-1.91770970821	4.65081644058
21	16	0.499991942197	-0.364284274434	0.398405035622	-0.84176623536	-2.09640550613	2.25988912582	-4.81487941742
22	16	0.499978579581	0.388822580551	-0.295370076238	0.872681797058	2.24489164352	-1.68758440018	4.98067426682
23	16	0.499168034643	-0.45741781157	0.173434465304	-0.872175115389	-2.6054353714	0.997439026833	-4.97963476181
24	16	0.497856618837	0.366812920408	-0.14444215371	0.919012919198	2.11474347115	-0.848963618279	5.24591064453
25	16	0.416970744729	-0.400835317987	0.408747292579	-0.81991261648	-1.93933677673	1.96542215347	-3.98880934715
26	16	0.306607250124	-0.354807118556	0.28300140674	-0.891079184139	-1.314478755	1.05361902714	-3.26156973839
27	16	0.468178045005	-0.346155042519	0.319177368854	-0.882214539525	-1.87636709213	1.71206760406	-4.76096916199
28	16	0.499814640731	0.386315220843	-0.273159350521	0.880990646584	2.19948959351	-1.55707275867	5.04205417633
29	16	0.499980919063	-0.290999284627	0.158007056793	-0.94358528303	-1.68136906624	0.924000740051	-5.38600349426
0	17	0.499998750165	-0.294373601234	0.222258962934	-0.929486490645	-1.67793512344	1.27212452888	-5.31542634964
1	17	0.499999206513	0.273166280018	-0.339456609447	0.900082992709	1.55888915062	-1.93090224266	5.15038490295
2	17	0.50000012666	-0.248140507525	0.412131188452	-0.8766836214	-1.43143749237	2.34298849106	-5.01449251175
3	17	0.499999467283	0.316700177194	-0.406733105334	0.856895080387	1.79447031021	-2.31970405579	4.90754413605
4	17	0.499999437481	-0.226262072981	0.409636865967	-0.883743804714	-1.29601180553	2.34363102913	-5.05075788498
5	17	0.49999769032	0.236700143765	-0.386655651241	0.891330718255	1.3613755703	-2.1994395256	5.09852933884
6	17	0.499999418855	-0.38050324059	0.311719342133	-0.870659712885	-2.14405250549	1.79093122482	-4.98879957199
7	17	0.499997206032	0.257592194032	-0.360192585828	0.896608924051	1.48086941242	-2.04425859451	5.12978315353
8	17	0.499986540526	-0.319015561995	0.299021135219	-0.89934166583	-1.83708095551	1.70485568047	-5.1386423111
9	17	0.499988928437	0.449361383168	-0.263505918119	0.853603525317	2.55470204353	-1.49879574776	4.89044427872
10	17	0.499962199479	-0.36346388133	0.204402490049	-0.908907932098	-2.07981109619	1.1597931385	-5.1970949173
11	17	0.499991079792	0.357698462139	-0.0948379507318	0.929008919916	2.05025172234	-0.567538499832	5.30690050125
12	17	0.499986907467	-0.303957040055	0.126281568229	-0.944279134222	-1.76017689705	0.739397406578	-5.38939523697
13	17	0.499998766929	0.36758037599	-0.261889675337	0.892355571025	2.08765029907	-1.48499619961	5.11118078232
14	17	0.499986963347	-0.297036433974	0.224094840557	-0.928197640229	-1.70437324047	1.2972009182	-5.30047798157
15	17	0.499976936728	0.346306551732	-0.301981027021	0.888188736445	1.9717130661	-1.71736371517	5.0841884613
16	17	0.499251138419	-0.280495127716	0.335193361123	-0.899426424999	-1.62151050568	1.90776491165	-5.12996196747
17	17	0.499670699239	0.382031285236	-0.36492290047	0.849048510872	2.18227219582	-2.092689991	4.85340166092
18	17	0.499229766428	-0.468105424721	0.413544092958	-0.780934436766	-2.6653881073	2.33873796463	-4.47413539886
19	17	0.499973468482	0.469100768835	-0.282165941547	0.836855334039	2.68101978302	-1.63082289696	4.77966117859
20	17	0.499986313283	-0.43992718734	0.456960862675	-0.7730788057	-2.51677203178	2.5807466507	-4.43805360794
21	17	0.499999456108	0.420659052378	-0.399228043852	0.814655099201	2.39757847786	-2.27180862427	4.66771697998
22	17	0.49998935312	-0.53495618487	0.239397212469	-0.810253574464	-3.02503299713	1.38922965527	-4.64982795715
23	17	0.499960184097	0.427847907924	-0.150324933527	0.891262353095	2.44709610939	-0.87754881382	5.09215641022
24	17	0.499176219106	-0.454540673538	0.196316109667	-0.8688226293	-2.56799888611	1.11635017395	-4.97517442703
25	17	0.497046560049	0.215284400059	-0.192536286531	0.957383102765	1.26378321648	-1.10721492767	5.45934200287
26	17	0.467783249915	-0.346745285915	0.276596505457	-0.896248893927	-1.86760032177	1.48718881607	-4.8395190239
27	17	0.498119175434	0.364033876715	-0.156651400996	0.918117462621	2.06851291656	-0.914359092712	5.24233293533
28	17	0.499584399164	-0.302684580124	0.258890852758	-0.917255455865	-1.74192905426	1.46477556229	-5.24010133743
29	17	0.499982234091	0.306965952481	-0.270152463078	0.912573038562	1.75297856331	-1.5283472538	5.22229146957
0	18	0.499998535961	0.186061637537	-0.181622970889	0.965605594165	1.08625912666	-1.06031823158	5.51236915588
1	18	0.499999543652	-0.21890906736	0.292197154573	-0.930967047262	-1.24906647205	1.67704987526	-5.32167243958
2	18	0.499999582767	0.339557136854	-0.366835345104	0.866102061188	1.90853786469	-2.09821510315	4.96527290344
3	18	0.49999859184	-0.310465957119	0.40229449101	-0.861260722414	-1.76138353348	2.29974341393	-4.92879915237
4	18	0.499999806285	0.144034215618	-0.441882622551	0.885434296048	0.844018399715	-2.51095318794	5.06691789627
5	18	0.49999923259	-0.192366661434	0.297027551645	-0.93529123867	-1.11172747612	1.71451807022	-5.33984136581
6	18	0.499999277294	0.312271192564	-0.267125412836	0.911663707796	1.77761685848	-1.53540015221	5.21229314804
7	18	0.499999482185	-0.230898333071	0.233331518403	-0.944585815215	-1.35018575191	1.34871411324	-5.39030981064
8	18	0.499999880791	0.426717319368	-0.157085340654	0.89063826838	2.42573308945	-0.932976186275	5.0938038826
9	18	0.49999788776	-0.511132108061	0.273659522864	-0.814772626967	-2.90008401871	1.55753803253	-4.67506837845
10	18	0.499999426305	0.363599679213	-0.177696105821	0.914450308794	2.09479808807	-1.03318190575	5.21854543686
11	18	0.499998021871	-0.43485467229	0.221907721815	-0.872730414839	-2.47225046158	1.25879228115	-4.99920558929
12	18	0.499999273568	0.456186288529	-0.13452665217	0.879657120709	2.5903506279	-0.785321295261	5.03604984283
13	18	0.499997396022	-0.366495913216	0.17255300222	-0.914279064083	-2.09724545479	1.00803470612	-5.22264909744
14	18	0.499991724268	0.285556152347	-0.263997842486	0.921283247986	1.64788019657	-1.50206589699	5.26430416107
15	18	0.499245293438	-0.343408167736	0.240497802457	-0.90787203798	-1.96041083336	1.37409090996	-5.18189001083
16	18	0.498393971473	0.346990732187	-0.274641346574	0.896755018123	1.97687244415	-1.57574796677	5.139128685
17	18	0.44568990171	-0.251327163067	0.453726585545	-0.854965989192	-1.28849506378	2.29774284363	-4.39852428436
18	18	0.498137027025	0.354450989552	-0.283429859747	0.891084738176	2.03551864624	-1.63104319572	5.09637832642
19	18	0.499218892306	-0.412459101213	0.242582752753	-0.878083764736	-2.34859466553	1.40300691128	-5.00973367691
20	18	0.499989770353	0.41507791505	-0.313891156193	0.853921932322	2.35422325134	-1.80354976654	4.88887357712
21	18	0.499997381121	-0.196860755534	0.325422188187	-0.924849307923	-1.16266846657	1.86854147911	-5.27854347229
22	18	0.499997515231	0.364449155994	-0.407938235275	0.837116006833	2.07398080826	-2.29956579208	4.80806732178
23	18	0.499979978427	-0.286260038156	0.245761257378	-0.926097508326	-1.65801107883	1.40490055084	-5.2886505127
24	18	0.499222554266	0.379892693675	-0.221127733527	0.898211593533	2.15808916092	-1.26220059395	5.13176774979
25	18	0.497845422477	-0.34976932769	0.199728122032	-0.915297817476	-1.99519121647	1.14258635044	-5.23809671402
26	18	0.445923393592	0.291984179199	-0.248177444745	0.923662922834	1.51079642773	-1.26506960392	4.73705053329
27	18	0.497897664085	-0.282236278116	0.181806499387	-0.941960232757	-1.62858819962	1.03451776505	-5.3859333992
28	18	0.499236067757	0.350362506462	-0.108827707318	0.930270199558	1.99213242531	-0.655939280987	5.31008338928
29	18	0.499985124916	-0.300026298054	0.201195464243	-0.932472308245	-1.71644186974	1.15504455566	-5.32980155945
0	19	0.499999351799	-0.268153375987	0.321420964988	-0.90817527505	-1.51994872093	1.8278605938	-5.20049762726
1	19	0.499998960644	0.0201330884643	-0.362238452074	0.931867996332	0.156983435154	-2.05758047104	5.3331413269
2	19	0.499993657693	-0.0578580112052	0.346854710975	-0.936132608135	-0.366198062897	1.99054384232	-5.34824848175
3	19	0.499995082617	0.259860608864	-0.389024974384	0.883816741902	1.46433067322	-2.22721481323	5.05823802948
4	19	0.499980740249	-0.13551735679	0.409500283827	-0.902188762707	-0.799786329269	2.33947730064	-5.15493345261
5	19	0.49999268353	0.237714688098	-0.328335322391	0.914159528273	1.36112177372	-1.88441240788	5.22336483002
6	19	0.499991018325	-0.324805016156	0.326110092378	-0.887780327068	-1.85422074795	1.86211967468	-5.07699680328
7	19	0.499999329448	0.365033936418	-0.343651884428	0.865247714584	2.0743830204	-1.95456767082	4.95615386963
8	19	0.499999150634	-0.394985880459	0.32364541504	-0.859790555636	-2.26090979576	1.8423781395	-4.91727542877
9	19	0.499999471009	0.465621394447	-0.368352406017	0.80468206269	2.6478843689	-2.08367538452	4.61945676804
10	19	0.499999996275	-0.385394780499	0.265985823972	-0.883584973056	-2.20000219345	1.52172160149	-5.05291748047
11	19	0.499999973923	0.337871114537	-0.311366534127	0.888197045361	1.94714283943	-1.76342618465	5.07795572281
12	19	0.499999854714	-0.445434947007	0.235420627453	-0.863808332997	-2.53280067444	1.35654306412	-4.9430065155
13	19	0.499999616295	0.378109333534	-0.35738074839	0.853997852793	2.16389894485	-2.01341247559	4.89437580109
14	19	0.499961938709	-0.353932591761	0.297977959609	-0.886533054137	-2.02455735207	1.68604469299	-5.07368564606
15	19	0.499691721052	0.399410740193	-0.134374463426	0.906870753855	2.27092027664	-0.786800026894	5.1888384819
16	19	0.446089930832	-0.280666755579	0.114677057237	-0.95292987405	-1.43503093719	0.616271197796	-4.88786888123
17	19	0.232845928986	-0.134100201651	0.287948805865	-0.948210219897	-0.411555171013	0.800983786583	-2.6339392662
18	19	0.445012280717	-0.163259105921	0.244354647779	-0.955843747922	-0.842657446861	1.26642918587	-4.88750982285
19	19	0.499615289271	0.31634099186	-0.346386291425	0.883144899766	1.80795669556	-1.9655456543	5.05562829971
20	19	0.499962035567	-0.298224043313	0.353496564247	-0.886624271637	-1.70037674904	2.00335359573	-5.07783508301
21	19	0.499999487773	0.111638713241	-0.273929334829	0.955248406032	0.677142262459	-1.57798838615	5.45399141312
22	19	0.499999374151	-0.250268398062	0.284726679008	-0.925362873252	-1.43437159061	1.63078558445	-5.28900146484
23	19	0.499962529168	0.283057988871	-0.187612242403	0.940574197731	1.61793315411	-1.0942274332	5.37256097794
24	19	0.499654704705	-0.274192617613	0.246727790646	-0.929485774915	-1.58214175701	1.40321469307	-5.31237506866
25	19	0.445332070813	0.398489627533	-0.145983202537	0.905480491963	2.0294907093	-0.756872057915	4.64167022705
26	19	0.232565619983	0.387806930604	-0.160441210464	0.907669765146	1.0594804287	-0.460789471865	2.53007292747
27	19	0.445312988013	0.383195723338	-0.195271333683	0.902790199247	1.95624113083	-1.00519299507	4.62567043304
28	19	0.499682448804	-0.367890548936	0.319573173795	-0.873229368834	-2.10203504562	1.80103802681	-5.00397062302
29	19	0.499962411821	0.366915117866	-0.292989296145	0.882910283452	2.0842461586	-1.66677713394	5.05551147461
0	20	0.499997437	0.270686764351	-0.289460743381	0.918118267788	1.54082655907	-1.65465497971	5.25089073181
1	20	0.49999352172	-0.142780580863	0.25115073587	-0.957359396256	-0.82256090641	1.46040976048	-5.46646165848
2	20	0.499987645075	0.132604455007	-0.359877234763	0.923528253174	0.765139102936	-2.05514979362	5.27993631363
3	20	0.499597270042	-0.186457383501	0.428862236159	-0.883917884498	-1.07341051102	2.44283795357	-5.0509352684
4	20	0.499823831022	0.270054613326	-0.449307464127	0.851582825391	1.52713084221	-2.56139469147	4.87794780731
5	20	0.499466411769	-0.312518725587	0.377922743234	-0.871496670277	-1.78043460846	2.15587878227	-4.97969150543
6	20	0.499973516911	0.357880449396	-0.328966042103	0.873900982425	2.03649401665	-1.88268077374	4.99915361404
7	20	0.499988470227	-0.29482582533	0.338546439274	-0.893568151387	-1.69898533821	1.93028962612	-5.10581302643
8	20	0.49999909848	0.377520495807	-0.301461528343	0.875556521405	2.14678692818	-1.72615289688	5.00950670242
9	20	0.499999083579	-0.349306572874	0.273500387512	-0.896204472304	-2.00231742859	1.5674482584	-5.12058782578
10	20	0.499999947846	0.303283168442	-0.220027607554	0.927150026508	1.74576258659	-1.26983058453	5.29374217987
11	20	0.499999303371	-0.317881657813	0.271300986528	-0.908486117855	-1.82472467422	1.55212783813	-5.19073867798
12	20	0.499999623746	0.394107947033	-0.307084598245	0.866243600615	2.2523162365	-1.74367511272	4.95685195923
13	20	0.499996181577	-0.366902147483	0.262763497633	-0.892377811515	-2.10072278976	1.50778079033	-5.09860706329
14	20	0.49998014234	0.353682723343	-0.169396374335	0.919898581133	2.03555011749	-0.99398291111	5.25004577637
15	20	0.499218426645	-0.395826632475	0.121438637725	-0.910260366209	-2.25035643578	0.724023878574	-5.19666528702
16	20	0.49825114198	0.331058666791	-0.221787030871	0.917175376948	1.89788269997	-1.27546691895	5.24958515167
17	20	0.445128228515	-0.150738341501	0.324566418631	-0.933774379761	-0.780411779881	1.65443694592	-4.78228235245
18	20	0.498339470476	0.155511048868	-0.271783415971	0.949710528784	0.915449857712	-1.5654437542	5.43286657333
19	20	0.499242119491	-0.331314083592	0.279451622136	-0.901186866804	-1.87546598911	1.59744572639	-5.14959096909
20	20	0.499991357327	0.255832915509	-0.188563141378	0.948152657042	1.47199177742	-1.1147813797	5.41161823273
21	20	0.49999778159	-0.256179600181	0.29600786438	-0.920190934902	-1.45286905766	1.69164729118	-5.26438426971
22	20	0.499997507781	0.28001267835	-0.303642089514	0.910710920896	1.5953066349	-1.73744130135	5.20741605759
23	20	0.499991223216	-0.299697092303	0.290652715951	-0.908681820868	-1.70477676392	1.66158246994	-5.19792747498
24	20	0.499237440526	0.290240451721	-0.274707640363	0.916676711012	1.64285135269	-1.56207096577	5.23879003525
25	20	0.498212888837	-0.233236958738	0.188254940592	-0.954023374148	-1.34704422951	1.09421896935	-5.45613765717
26	20	0.445405811071	0.333646627285	-0.188190720991	0.923722999949	1.71314811707	-0.965031862259	4.73059844971
27	20	0.498162843287	-0.208142021631	0.240540925834	-0.948059577152	-1.20846879482	1.37787127495	-5.42361497879
28	20	0.499265879393	0.354358048457	-0.238075615101	0.904295513086	2.00538992882	-1.3705791235	5.16631031036
29	20	0.499990783632	-0.337746056664	0.212671870495	-0.916896001032	-1.91507220268	1.24013805389	-5.24323177338
0	21	0.499998632818	-0.247496911443	0.346464479671	-0.904824647737	-1.40652346611	1.97912693024	-5.17569828033
1	21	0.49999524653	0.21995808271	-0.353456864066	0.909223122834	1.25069653988	-2.01374363899	5.20238876343
2	21	0.499599441886	-0.233601331205	0.361601661878	-0.902593295004	-1.32175266743	2.063560009	-5.16018772125
3	21	0.498990751803	0.222889963472	-0.410748773752	0.884084559895	1.26635849476	-2.34765720367	5.05894756317
4	21	0.467915676534	-0.162728719578	0.476899607501	-0.863762773098	-0.885698497295	2.56353092194	-4.66146230698
5	21	0.497769150883	0.321818894609	-0.369307551504	0.871805328886	1.83214867115	-2.11311602592	4.9889497757
6	21	0.499119091779	-0.360969094966	0.300786629474	-0.882739325061	-2.04008769989	1.73441910744	-5.0409488678
7	21	0.49997715652	0.286640887716	-0.29931416245	0.910081333534	1.63996660709	-1.72463786602	5.19844198227
8	21	0.499988652766	-0.283723729559	0.309111105432	-0.907717560579	-1.63270783424	1.76676750183	-5.18598079681
9	21	0.499998763204	0.331282189614	-0.256443272316	0.908013743799	1.88714885712	-1.47428417206	5.19114255905
10	21	0.499991822988	-0.328437079555	0.23705512415	-0.914294237589	-1.88101744652	1.35903966427	-5.22442722321
11	21	0.499994065613	0.32759717175	-0.271726801607	0.904900347193	1.88198971748	-1.5440788269	5.17297315598
12	21	0.499980282038	-0.440959743531	0.265515096072	-0.857354208214	-2.50254487991	1.52003467083	-4.91018009186
13	21	0.499983668327	0.370848020094	-0.302286047228	0.878120089534	2.13110113144	-1.72298848629	5.01733922958
14	21	0.499951444566	-0.490922029339	0.36027811837	-0.793218279248	-2.77908110619	2.04364871979	-4.56062698364
15	21	0.499228015542	0.318286931251	-0.397129999369	0.860802644627	1.85045349598	-2.24542117119	4.91339969635
16	21	0.498934920877	-0.379494980655	0.364590008721	-0.850327986837	-2.15024805069	2.07642912865	-4.86461305618
17	21	0.498889680952	0.270983507163	-0.420152612245	0.866048336566	1.56291270256	-2.38669967651	4.94547986984
18	21	0.499215632677	-0.346677428998	0.367365668397	-0.863051114307	-1.96636724472	2.09247970581	-4.93434810638
19	21	0.499964784831	0.342330324392	-0.315537438507	0.885011906079	1.95199680328	-1.81063604355	5.05900287628
20	21	0.499986700714	-0.278841452244	0.368122901593	-0.886979691895	-1.59175407887	2.09489178658	-5.07598543167
21	21	0.499999813735	0.16962637768	-0.382438041939	0.908277510496	0.996624827385	-2.18090891838	5.19029998779
22	21	0.499999769032	-0.244974988954	0.365571155475	-0.897967140307	-1.39867460728	2.08788275719	-5.13476085663
23	21	0.499987643212	0.220533366631	-0.390746072062	0.893690405773	1.27443432808	-2.21225547791	5.11600065231
24	21	0.49996913597	-0.128415042493	0.264611107179	-0.955766989815	-0.774662554264	1.5309278965	-5.45503997803
25	21	0.499234702438	0.261728021125	-0.349254054612	0.899733320654	1.49090611935	-1.97251033783	5.14526510239
26	21	0.499689441174	-0.321865169988	0.277631967821	-0.905164793169	-1.82455480099	1.59599208832	-5.17921257019
27	21	0.499233262613	0.203607650106	-0.272047332303	0.940496769694	1.17276668549	-1.56479108334	5.36295509338
28	21	0.49997202307	-0.24601128106	0.340167747161	-0.907614650269	-1.39814126492	1.9359972477	-5.19488191605
29	21	0.499986110255	0.0992245945178	-0.377204744077	0.920799142532	0.611903429031	-2.14279842377	5.2664308548
0	22	0.499999523163	0.267677644759	-0.349227713238	0.897991471454	1.51559150219	-1.99887156487	5.13715934753
1	22	0.499981019646	-0.148834560521	0.343109313339	-0.927428850476	-0.865919232368	1.9570991993	-5.30112838745
2	22	0.499821862206	0.169884349945	-0.286427865205	0.942920137487	0.975515127182	-1.65709984303	5.38391065598
3	22	0.468221770599	-0.153586869587	0.368934758119	-0.91667781567	-0.830016553402	1.98766803741	-4.9474439621
4	22	0.30564457085	-0.062994240261	0.388323758097	-0.919367382819	-0.248383671045	1.42479503155	-3.36130857468
5	22	0.416964489967	-0.0438990749731	0.49638550395	-0.866991523998	-0.21852439642	2.39793515205	-4.21054124832
6	22	0.498201735318	0.156826859784	-0.455963004559	0.876072528119	0.911719441414	-2.59773492813	5.01685190201
7	22	0.499153841287	-0.213232185501	0.442696647807	-0.870948743088	-1.2309281826	2.51403045654	-4.97439002991
8	22	0.499977316707	0.311271925722	-0.360063945794	0.879467875022	1.76769709587	-2.05444431305	5.03398609161
9	22	0.499981302768	-0.243758213686	0.328801977788	-0.912398593085	-1.41198134422	1.86592817307	-5.2165555954
10	22	0.49997587502	0.408639269141	-0.255284394029	0.87626698322	2.3081741333	-1.44830715656	5.02726793289
11	22	0.499470170587	-0.352873107862	0.15805303552	-0.922225464684	-2.02132177353	0.927587151527	-5.26025390625
12	22	0.499819740653	0.389636437859	-0.220673970296	0.89414005901	2.22344446182	-1.26170349121	5.11323976517
13	22	0.49960051477	-0.353843776968	0.243035676042	-0.903176749962	-2.02475047112	1.3974635601	-5.15605401993
14	22	0.499246668071	0.44977362556	-0.309006718693	0.837984805085	2.56379938126	-1.76213371754	4.78654193878
15	22	0.49807138741	-0.496373037279	0.374366268271	-0.783239238703	-2.82072615623	2.13956689835	-4.4980225563
16	22	0.445143789053	0.301393434282	-0.334003168026	0.893086715566	1.55165338516	-1.7169418335	4.56746387482
17	22	0.498246178031	-0.394465634106	0.416570372276	-0.819064093006	-2.24681401253	2.38122701645	-4.69716453552
18	22	0.499229539186	0.40662640137	-0.376293363363	0.832501215854	2.3074388504	-2.15210962296	4.75683355331
19	22	0.499979075044	-0.349963101359	0.350788469349	-0.868604212204	-1.9974668026	2.00981259346	-4.96520805359
20	22	0.499997284263	0.289431917787	-0.421883191641	0.859211113509	1.65506696701	-2.40355062485	4.91591262817
21	22	0.499999135733	-0.300338625378	0.41546089284	-0.858597086314	-1.70477378368	2.3732624054	-4.91383838654
22	22	0.499999891967	0.259791276716	-0.365374364286	0.893873630031	1.49080681801	-2.08802461624	5.10911941528
23	22	0.499999433756	-0.399770303245	0.290300811755	-0.869430355657	-2.25259447098	1.6773545742	-4.98049736023
24	22	0.49998762086	0.341179467731	-0.309963496328	0.887422786355	1.92629218102	-1.78388857841	5.07996940613
25	22	0.499989878386	-0.300171689507	0.318306166615	-0.899209731438	-1.70068109035	1.83170175552	-5.14191770554
26	22	0.49996112287	0.239379437022	-0.39687374711	0.886108748397	1.37655746937	-2.25786161423	5.06825780869
27	22	0.499987371266	-0.191590667793	0.405920092643	-0.893600522831	-1.10319912434	2.30572915077	-5.11395359039
28	22	0.49998633936	0.179710169668	-0.323952726719	0.928848150006	1.04081010818	-1.8610779047	5.30418682098
29	22	0.499999206513	-0.231036145472	0.370600089025	-0.899598729156	-1.31914639473	2.116522789	-5.1444606781
0	23	0.499998029321	-0.217646592676	0.370863539045	-0.902823457883	-1.25717926025	2.12116003036	-5.15822982788
1	23	0.499991657212	0.159259179294	-0.300963064278	0.940243451321	0.921173214912	-1.73132944107	5.37005519867
2	23	0.49947527796	-0.206026416727	0.376669875691	-0.90314612348	-1.15995180607	2.14017748833	-5.16640758514
3	23	0.498267086223	0.10523954888	-0.347753831997	0.93166083404	0.612309932709	-1.9937864542	5.33024549484
4	23	0.418126482517	-0.144050488241	0.314369843814	-0.938307549867	-0.692933380604	1.53345561028	-4.5623793602
5	23	0.365019741468	-0.0540842295305	0.397652707934	-0.91594062034	-0.253059059381	1.73625254631	-4.00578117371
6	23	0.417372843251	-0.17219923313	0.420495896004	-0.890803359644	-0.818574428558	2.03838968277	-4.32858562469
7	23	0.498141214252	0.294228256361	-0.462021667694	0.836639535129	1.66965317726	-2.62848949432	4.80254745483
8	23	0.499453056604	-0.311871545529	0.301836948336	-0.900905431057	-1.76453697681	1.73573148251	-5.14726448059
9	23	0.499970218167	0.200191494744	-0.23185195271	0.951928588423	1.16097688675	-1.32835769653	5.43861055374
10	23	0.499143047258	-0.247649127584	0.0899334831139	-0.964666718728	-1.43112826347	0.550031661987	-5.49920940399
11	23	0.498294454068	0.381662834227	-0.269947305036	0.884003356031	2.1747508049	-1.52385568619	5.07188367844
12	23	0.468290155753	-0.34900685192	0.192759647348	-0.917081204511	-1.8842151165	1.05047988892	-4.94710636139
13	23	0.498939016834	0.232870769897	-0.275743499305	0.932596765552	1.35967707634	-1.56965911388	5.32892608643
14	23	0.499310187995	-0.414828587934	0.21315302106	-0.884580709854	-2.3585588932	1.23877930641	-5.05535507202
15	23	0.445690061897	0.413878876215	-0.292593541892	0.862028592952	2.11149024963	-1.5054949522	4.42171955109
16	23	0.232548077591	0.291724587772	-0.382730819213	0.876592199893	0.835200786591	-1.05685079098	2.43298053741
17	23	0.445718508214	0.302429884399	-0.432960427913	0.849165138759	1.55386376381	-2.21318387985	4.35468578339
18	23	0.499711114913	-0.336082254824	0.432346142453	-0.836735042351	-1.91939842701	2.46063375473	-4.79167938232
19	23	0.499961994588	0.322016201918	-0.343233281599	0.882324475522	1.84001219273	-1.97693014145	5.03846406937
20	23	0.499999850988	-0.234094922377	0.43183477206	-0.871044371405	-1.35577094555	2.45974326134	-4.97969150543
21	23	0.500000193715	0.29222197539	-0.470518497819	0.832597538015	1.65956330299	-2.6701464653	4.77543401718
22	23	0.499999649823	-0.183832294184	0.360915639657	-0.914300600823	-1.07878994942	2.07089352608	-5.21892213821
23	23	0.499999761581	0.282187158822	-0.338650129571	0.897600410616	1.60380470753	-1.9480574131	5.13071346283
24	23	0.499987680465	-0.146369952923	0.514062373428	-0.845172002084	-0.862546384335	2.89912724495	-4.85369491577
25	23	0.499988455325	0.120597558663	-0.39050687276	0.912666758007	0.7188180089	-2.23381209373	5.21418476105
26	23	0.499965202063	-0.282050845832	0.415558712876	-0.864730175557	-1.58941221237	2.37246704102	-4.95249843597
27	23	0.499989259988	0.243121981536	-0.398023428315	0.884572807973	1.38479101658	-2.27832651138	5.05734348297
28	23	0.499984469265	-0.252085691553	0.311801556236	-0.916096388839	-1.43461811543	1.80420684814	-5.23207426071
29	23	0.499997127801	0.340379758484	-0.396787970176	0.852467551722	1.92362380028	-2.26493501663	4.88452529907
0	24	0.499961785972	0.305090761806	-0.444801081101	0.842063908092	1.73451626301	-2.52518582344	4.82712650299
1	24	0.499981619418	-0.216337140376	0.261258447823	-0.940713699876	-1.23812460899	1.52543699741	-5.36991739273
2	24	0.499951921403	0.125454845772	-0.395688370426	0.909775683992	0.733816444874	-2.24755167961	5.20523643494
3	24	0.499125206843	-0.13712787942	0.353407697994	-0.925364222177	-0.790749371052	2.01339435577	-5.28187513351
4	24	0.497375210747	0.214713732528	-0.261242995773	0.941089852364	1.22174310684	-1.5135165453	5.37149524689
5	24	0.415710839443	-0.101411339287	0.26441299506	-0.959062828134	-0.487557113171	1.28693926334	-4.64508247375
6	24	0.307698645629	-0.0461129576179	0.331937650677	-0.942173546223	-0.206512778997	1.22244954109	-3.46784043312
7	24	0.467976808548	-0.0824234809825	0.377037293455	-0.922523305465	-0.466693907976	2.029317379	-4.97651386261
8	24	0.49977635406	0.183534502589	-0.322987698189	0.928436337709	1.05498754978	-1.84423720837	5.30753135681
9	24	0.499148346484	-0.23135443513	0.226003155402	-0.946254563579	-1.3103839159	1.29296505451	-5.40253019333
10	24	0.498026408255	0.254728957175	-0.150135091061	0.955286665252	1.46295499802	-0.861626148224	5.46236944199
11	24	0.417398907244	-0.445455545039	0.254558511431	-0.858352679061	-2.15132308006	1.22732937336	-4.17534589767
12	24	0.306016845629	-0.359379253322	0.255343303523	-0.897578046538	-1.30829799175	0.943352758884	-3.28949356079
13	24	0.468091908842	-0.257879985162	0.300880287038	-0.91813341412	-1.40237271786	1.6190969944	-4.95140504837
14	24	0.499053064734	0.379309970455	-0.294445118575	0.877169321432	2.16404938698	-1.67219877243	5.01037359238
15	24	0.498175788671	-0.372879501067	0.213215537891	-0.903050392883	-2.13542985916	1.2383825779	-5.16519546509
16	24	0.445542983711	0.358423018313	-0.390397407072	0.848011087483	1.83508753777	-1.99826598167	4.34710216522
17	24	0.498369660228	-0.343370921613	0.401913383715	-0.848859259348	-1.95981669426	2.29590559006	-4.86628580093
18	24	0.499236937612	0.260561108642	-0.401302240699	0.878102739019	1.50192546844	-2.29096651077	5.00785493851
19	24	0.499990880489	-0.352100591959	0.379225758321	-0.855694453276	-2.00181388855	2.1705429554	-4.89546775818
20	24	0.499995358288	0.289610150339	-0.353408743539	0.889510101579	1.65360689163	-2.0253071785	5.0838971138
21	24	0.499998830259	-0.258525162512	0.36497271507	-0.89440463863	-1.48985111713	2.09300851822	-5.10715103149
22	24	0.499999258667	0.315802029363	-0.373815388032	0.872084361699	1.78834819794	-2.14117956161	4.99026060104
23	24	0.499989673495	-0.232131420954	0.360157999779	-0.903549234187	-1.33744311333	2.06493163109	-5.16036605835
24	24	0.499975077808	0.203026689682	-0.359563075248	0.910765918442	1.16104316711	-2.06392979622	5.20371437073
25	24	0.499299563468	-0.18827480954	0.316689243447	-0.929656129533	-1.07286143303	1.8241174221	-5.30221509933
26	24	0.499716922641	0.161097967922	-0.425679917716	0.890417908841	0.934191703796	-2.42598152161	5.09264945984
27	24	0.499223701656	-0.176915798495	0.503796016506	-0.845511900564	-1.01242399216	2.84963297844	-4.84156894684
28	24	0.499963819981	0.133637792593	-0.434545046346	0.890680382117	0.795908093452	-2.47433686256	5.09352779388
29	24	0.499976303428	-0.322063310164	0.465958212608	-0.824110531634	-1.83226037025	2.64846515656	-4.72409057617
0	25	0.499701246619	-0.303343909226	0.399375315044	-0.865148444181	-1.73873412609	2.28359150887	-4.94536685944
1	25	0.499227683991	0.276018573452	-0.368882865935	0.887546718956	1.57581317425	-2.10596752167	5.06631851196
2	25	0.499953072518	-0.18659558691	0.358626207335	-0.914641640402	-1.0814729929	2.0593495369	-5.22310876846
3	25	0.499185018241	0.211487664273	-0.33549665242	0.917995078459	1.21453237534	-1.9311401844	5.23280191422
4	25	0.497086539865	-0.332889795175	0.414919857153	-0.846773816558	-1.89109969139	2.35016512871	-4.85200786591
5	25	0.443319853395	0.533484806753	-0.211854020348	0.818847870502	2.72505784035	-1.09910333157	4.20767307281
6	25	0.468150658533	-0.382102868848	0.167889644456	-0.908741142957	-2.05812311172	0.922941505909	-4.93833875656
7	25	0.49805999361	0.228575555429	-0.301201288056	0.925759687788	1.31298995018	-1.71682882309	5.28402042389
8	25	0.499065410346	-0.173617324703	0.361225856164	-0.916172966967	-1.0017824173	2.04154634476	-5.23438930511
9	25	0.497842945158	0.121114926621	-0.234137492491	0.964629881954	0.716715097427	-1.34510970116	5.514128685
10	25	0.417331427336	-0.295788716184	0.0596041708707	-0.953392038037	-1.4413985014	0.30412080884	-4.62532186508
11	25	0.36585951969	-0.375953947132	0.159378448956	-0.912829195219	-1.63803255558	0.706875145435	-4.00327539444
12	25	0.418042002246	-0.207644479298	0.331786073691	-0.920218328182	-1.02693152428	1.60131776333	-4.4738817215
13	25	0.497912876308	0.394811877673	-0.248855559201	0.884417600403	2.25544786453	-1.42616009712	5.05958461761
14	25	0.49943677336	-0.435708704223	0.318766374883	-0.84175169932	-2.48164725304	1.81873059273	-4.81153678894
15	25	0.499252803624	0.39252571979	-0.301490622015	0.86892287583	2.2395362854	-1.72827208042	4.95836639404
16	25	0.499708693475	-0.398997374776	0.407432080686	-0.821462229533	-2.27619671822	2.31777429581	-4.70603322983
17	25	0.499225839972	0.355756858562	-0.309358942091	0.881892341805	2.0259001255	-1.78812170029	5.02837371826
18	25	0.499969005585	-0.21882368999	0.400116669048	-0.889956652792	-1.27528238297	2.28505373001	-5.08381652832
19	25	0.499949019402	0.373742009084	-0.452492490422	0.80967120287	2.115691185	-2.56326913834	4.65225458145
20	25	0.499990839511	-0.264212288607	0.297114161125	-0.917559285173	-1.52852892876	1.72003078461	-5.23414754868
21	25	0.499986890703	0.329099364714	-0.355502391119	0.874820929136	1.8697810173	-2.03975725174	5.00261735916
22	25	0.499989397824	-0.306990036495	0.457582964705	-0.834490831528	-1.75719571114	2.60825228691	-4.77424955368
23	25	0.499969556928	0.295430551575	-0.441735893804	0.847106952705	1.68436121941	-2.51967048645	4.84775257111
24	25	0.499169643968	-0.234270064668	0.36841058994	-0.899661699763	-1.33373022079	2.1104593277	-5.13290071487
25	25	0.498113021255	0.21982852069	-0.314657514677	0.923399193171	1.25585281849	-1.80410075188	5.28542900085
26	25	0.451319733635	-0.212542875957	0.317208188933	-0.924231838206	-1.09850978851	1.6496925354	-4.80026531219
27	25	0.498563479632	0.182865122562	-0.361695872481	0.914186218875	1.05135118961	-2.0732178688	5.23097276688
28	25	0.499204413965	-0.252391341924	0.274838005615	-0.92777296856	-1.42922472954	1.59427666664	-5.29257774353
29	25	0.499233197421	0.375212876868	-0.356122754289	0.855798972254	2.11722493172	-2.03943347931	4.89375257492
0	26	0.445517338812	0.339117703861	-0.447192123311	0.82765837625	1.73877310753	-2.28574562073	4.24317550659
1	26	0.498284783214	-0.385474934004	0.434872918252	-0.813814856233	-2.196372509	2.48808264732	-4.66595888138
2	26	0.49919769913	0.343677571492	-0.462026765908	0.817567730796	1.94765281677	-2.63055491447	4.67652750015
3	26	0.499669957906	-0.292627481319	0.449655970209	-0.843906787289	-1.67995834351	2.55409288406	-4.83273506165
4	26	0.445195358247	0.413024299922	-0.350746636277	0.840468753027	2.11287927628	-1.79096853733	4.30702590942
5	26	0.232946159318	0.416596976276	-0.265330522644	0.869509443946	1.16575157642	-0.737481236458	2.42019748688
6	26	0.446041166782	0.477313488801	-0.176567964093	0.860811005659	2.43947386742	-0.91632682085	4.42226934433
7	26	0.499250296503	-0.415051903306	0.22601619257	-0.881276686551	-2.35324692726	1.2978811264	-5.04184007645
8	26	0.499772783369	0.309555267996	-0.276849604799	0.909686667143	1.77522802353	-1.58232593536	5.19897460938
9	26	0.467963974923	-0.382034004299	0.207858029829	-0.900469354834	-2.04905509949	1.12363898754	-4.86154985428
10	26	0.306343175471	-0.329593987788	0.161790095303	-0.930156851437	-1.20705294609	0.59404116869	-3.41193175316
11	26	0.41777067259	-0.335206551861	0.19458552647	-0.921831351429	-1.63074588776	0.946338176727	-4.47796678543
12	26	0.49820567295	0.253857843235	-0.300726561676	0.919303938059	1.46659314632	-1.71246099472	5.25904369354
13	26	0.499134410173	-0.386492193978	0.172175948876	-0.906079039942	-2.20696282387	1.01814365387	-5.1655921936
14	26	0.499959006906	0.473494169289	-0.420665267623	0.773850117442	2.69078445435	-2.37232470512	4.45369148254
15	26	0.499983716756	-0.333773491582	0.36598156905	-0.868707515469	-1.93468129635	2.0978910923	-4.95436000824
16	26	0.499949309975	0.399284334943	-0.439649207124	0.804537503504	2.27435994148	-2.49656772614	4.61221265793
17	26	0.499965332448	-0.381186932415	0.353109638235	-0.854406288566	-2.16599225998	2.0208902359	-4.89031600952
18	26	0.499231424183	0.231807342827	-0.389624406482	0.891323834353	1.34388530254	-2.21443867683	5.08682727814
19	26	0.499703038484	-0.319528697056	0.34597443856	-0.882158205551	-1.82507920265	1.98402428627	-5.04290437698
20	26	0.499247547239	0.338160283969	-0.336302040455	0.878947415908	1.91963768005	-1.92560970783	5.018907547
21	26	0.499958500266	-0.292050492779	0.399286034639	-0.869066839898	-1.6841981411	2.28376030922	-4.96346378326
22	26	0.499953821301	0.329257519792	-0.546151424472	0.770264959094	1.87698340416	-3.09213829041	4.42839336395
23	26	0.499097920954	-0.339772255372	0.482632957114	-0.807229981596	-1.92574763298	2.74798583984	-4.61689043045
24	26	0.497289467603	0.157334898763	-0.45935594704	0.874206979811	0.920909762383	-2.61039352417	5.00256443024
25	26	0.419216727838	-0.167889832369	0.136585626	-0.976297788053	-0.823798656464	0.692607462406	-4.75741147995
26	26	0.266915801913	-0.184556073658	0.295686343274	-0.937287918452	-0.589299619198	0.938654303551	-2.99628639221
27	26	0.451414681971	-0.16901567346	0.375235752368	-0.911390054954	-0.878371059895	1.94066762924	-4.73759174347
28	26	0.498952196911	0.121133142094	-0.303790735521	0.945006852302	0.715667665005	-1.74211370945	5.38936090469
29	26	0.498313974589	-0.255124359693	0.366110383789	-0.894916056384	-1.46401679516	2.09347438812	-5.12497520447
0	27	0.232469078153	0.398506491743	-0.395945960317	0.827296423628	1.0743124485	-1.11708021164	2.30773258209
1	27	0.445263136178	0.366654044911	-0.532313413394	0.763025059399	1.87321233749	-2.7128765583	3.91899633408
2	27	0.499674297869	-0.28171136113	0.510272892373	-0.812564018598	-1.61829864979	2.8998966217	-4.6554775238
3	27	0.499218527228	0.333923534743	-0.356060318654	0.872763497418	1.89719891548	-2.05807733536	4.97500276566
4	27	0.498042169958	-0.354584049393	0.458769154262	-0.81473984499	-2.02702379227	2.60809159279	-4.67461490631
5	27	0.445172511041	0.39942896202	-0.206993841345	0.893090171228	2.0504887104	-1.07105016708	4.56802415848
6	27	0.498287171125	-0.399956728877	0.24341167	-0.8836206052	-2.28928804398	1.39146327972	-5.05986881256
7	27	0.499234877527	0.400740771841	-0.207417677328	0.892403911307	2.27647352219	-1.19932186604	5.09573030472
8	27	0.499581001699	-0.36317127795	0.297706623806	-0.882880166848	-2.07014417648	1.69516515732	-5.04714679718
9	27	0.498983066529	0.384585702461	-0.240736710943	0.89114514725	2.20315551758	-1.37387228012	5.09537220001
10	27	0.468566711992	-0.475373674087	0.206600137145	-0.855182000113	-2.54912042618	1.12180650234	-4.62674951553
11	27	0.498307812959	0.360499355275	-0.195899464352	0.911955928054	2.06693553925	-1.14168226719	5.21545696259
12	27	0.499152768403	-0.268297857658	0.352280390538	-0.896612952181	-1.55124545097	1.99117636681	-5.11977291107
13	27	0.49997658655	0.406811164104	-0.245342317568	0.879949898557	2.31966090202	-1.41480791569	5.03058004379
14	27	0.499988794327	-0.441241482083	0.280188861136	-0.852525751274	-2.52151012421	1.62113642693	-4.86816120148
15	27	0.499995574355	0.467668843084	-0.387909001341	0.79423703004	2.65209007263	-2.2121732235	4.55644464493
16	27	0.499989677221	-0.347726931739	0.385461587724	-0.854696054356	-1.99870729446	2.2027285099	-4.88258171082
17	27	0.499240089208	0.324824062965	-0.287998893076	0.900858460418	1.85444641113	-1.66572976112	5.13544273376
18	27	0.498352725059	-0.301925715163	0.305646379422	-0.90300672936	-1.72480988503	1.75381994247	-5.17102384567
19	27	0.445892326534	0.310627065215	-0.272386932708	0.910667988482	1.58861637115	-1.40241932869	4.66990661621
20	27	0.498152140528	-0.298236849175	0.372499887824	-0.878805220379	-1.71681642532	2.12520456314	-5.03031301498
21	27	0.499211594462	0.402550771712	-0.367850468695	0.838235592704	2.27814340591	-2.10165190697	4.7938170433
22	27	0.499027941376	-0.262135052954	0.364612658071	-0.893500320978	-1.52536690235	2.08892250061	-5.08757543564
23	27	0.497865773737	0.370611714148	-0.3778981302	0.848433828019	2.11047077179	-2.1644346714	4.85744762421
24	27	0.402825079858	-0.281107867506	0.204422430912	-0.93765123397	-1.31322431564	0.974034786224	-4.38556146622
25	27	0.315028472804	-0.215388247584	0.267700220192	-0.939118999335	-0.812224984169	1.00775778294	-3.54480981827
26	27	0.419670931995	-0.183658478987	0.250497535658	-0.950536978621	-0.896794676781	1.23151826859	-4.63797330856
27	27	0.498074769974	0.186900380647	-0.41942056071	0.888343762835	1.06653952599	-2.38701677322	5.09200382233
28	27	0.499003821984	-0.168122001911	0.322948654017	-0.931364138961	-0.960584282875	1.85726046562	-5.31364774704
29	27	0.445821344852	0.271894548076	-0.363479229174	0.891042201405	1.39940869808	-1.86837673187	4.56545448303
0	28	0.445566475391	0.286357858685	-0.461498412665	0.839653733319	1.47629380226	-2.35884332657	4.3031373024
1	28	0.498116206378	-0.183373119056	0.454509072196	-0.871662665542	-1.06638145447	2.59234046936	-4.99112319946
2	28	0.499214630574	0.215715894233	-0.417056344881	0.882910334162	1.23938751221	-2.38757896423	5.03416442871
3	28	0.499965783209	-0.261969980154	0.386468927307	-0.884315270548	-1.50619220734	2.2057762146	-5.05492448807
4	28	0.499248348176	0.29295451756	-0.3982255703	0.869249127581	1.69129228592	-2.26595115662	4.95954799652
5	28	0.499699927866	-0.463917663894	0.242697451456	-0.851984945984	-2.6305949688	1.40081501007	-4.88090467453
6	28	0.499233599752	0.378027590295	-0.261956176011	0.887960642611	2.15826940536	-1.49297642708	5.06905984879
7	28	0.499964071438	-0.255979392781	0.279642221944	-0.92535116479	-1.48259437084	1.59956383705	-5.28523731232
8	28	0.499970160425	0.281483711126	-0.389897506152	0.876782102387	1.62280893326	-2.20336532593	5.02057218552
9	28	0.4996044375	-0.426208919018	0.173324072061	-0.887865261959	-2.41464424133	1.02508187294	-5.07594442368
10	28	0.499802250415	0.365221591405	-0.304449202491	0.879729431288	2.10140299797	-1.73276388645	5.02642345428
11	28	0.49948104471	-0.445862809693	0.323181103152	-0.834721707815	-2.52090120316	1.84413206577	-4.78207778931
12	28	0.499978229403	0.325703452072	-0.357604882307	0.875234831036	1.87665653229	-2.03857326508	5.00094795227
13	28	0.49998915568	-0.426367433268	0.33168155477	-0.841545101628	-2.42838740349	1.89745008945	-4.81511354446
14	28	0.499999374151	0.406404965669	-0.358769157826	0.840309285485	2.33233428001	-2.05087661743	4.79981231689
15	28	0.499999158084	-0.394444350284	0.415602971017	-0.819565631912	-2.26477646828	2.3636879921	-4.68694210052
16	28	0.499961670488	0.368082794358	-0.401735672233	0.838524600803	2.0955953598	-2.29903316498	4.795814991
17	28	0.499670222402	-0.260868969963	0.422730960329	-0.867897410809	-1.51039946079	2.4019100666	-4.96491765976
18	28	0.445538805798	0.197987961409	-0.310690763242	0.929662313302	1.02930080891	-1.59594833851	4.75978422165
19	28	0.23312520422	0.278888737557	-0.292961987979	0.914545977883	0.781709074974	-0.817150831223	2.54829859734
20	28	0.445281945169	0.309830613835	-0.197708216067	0.930008845136	1.59117484093	-1.03035378456	4.75846147537
21	28	0.498884286731	-0.438107005603	0.342885226303	-0.830958466606	-2.48187255859	1.96508574486	-4.7525472641
22	28	0.497854292393	0.38120187673	-0.275361883267	0.882530997995	2.18211197853	-1.58893013	5.04471349716
23	28	0.411152843386	-0.413718472872	0.2965747458	-0.860744123046	-1.98676264286	1.40964257717	-4.10889911652
24	28	0.329841732979	-0.289417986631	0.403018898155	-0.86822404755	-1.14804124832	1.56928503513	-3.43857717514
25	28	0.403311146423	-0.206927014681	0.349719874176	-0.913716159538	-0.974897027016	1.63595843315	-4.28069019318
26	28	0.498005859554	0.142494588604	-0.223372840074	0.964261306149	0.823531985283	-1.30229854584	5.51223182678
27	28	0.499156408012	-0.162537644968	0.37454378391	-0.912851832393	-0.938781380653	2.13761854172	-5.2093091011
28	28	0.499210759997	0.1103060125	-0.402212899244	0.908876981383	0.652133584023	-2.28781986237	5.18908405304
29	28	0.498350076377	-0.221830511689	0.381476402598	-0.897366691127	-1.26946425438	2.19037246704	-5.13639450073
0	29	0.499690979719	-0.328198250765	0.436380202786	-0.837769793446	-1.8650354147	2.48692274094	-4.79933214188
1	29	0.499244816601	0.286693750228	-0.339858663277	0.895713560563	1.62822711468	-1.96028089523	5.10818624496
2	29	0.499975703657	-0.241716484306	0.448553711008	-0.860449132463	-1.3923715353	2.53275680542	-4.93408203125
3	29	0.499974898994	0.324203555271	-0.289133537939	0.900718519843	1.84720039368	-1.67688167095	5.14407157898
4	29	0.499990075827	-0.366831542487	0.388145462716	-0.845445278661	-2.09042978287	2.19972634315	-4.84563446045
5	29	0.499962199479	0.414799933629	-0.267353234924	0.869748965413	2.36705303192	-1.53495287895	4.97180509567
6	29	0.499991234392	-0.400716708788	0.236209322141	-0.885229504384	-2.27107143402	1.36518955231	-5.06658983231
7	29	0.499986846	0.232431697856	-0.256592311559	0.938155579571	1.35378015041	-1.4830725193	5.35345697403
8	29	0.499992612749	-0.265696372914	0.405157666424	-0.874787232851	-1.52696275711	2.29546928406	-5.00863361359
9	29	0.499993968755	0.335607719184	-0.269350053853	0.902672702209	1.92174863815	-1.55328965187	5.15591621399
10	29	0.49998133257	-0.348092135205	0.369783713523	-0.861447543743	-1.991361022	2.10494804382	-4.92794322968
11	29	0.499992694706	0.32076883675	-0.397513923981	0.859703456787	1.85164356232	-2.26172971725	4.91341972351
12	29	0.499991886318	-0.378863185059	0.334929914627	-0.862719328226	-2.16230773926	1.92668032646	-4.92887735367
13	29	0.499998774379	0.420995355495	-0.379479404954	0.823867884959	2.40496897697	-2.15972471237	4.71555662155
14	29	0.499999850988	-0.496814576458	0.40505244013	-0.76753358061	-2.81942296028	2.30265760422	-4.40901374817
15	29	0.499997861683	0.49322334554	-0.317300341343	0.809969891291	2.79018068314	-1.84245824814	4.63901996613
16	29	0.499990969896	-0.311734636766	0.436533809464	-0.843954826655	-1.7990745306	2.48519039154	-4.82465362549
17	29	0.499231740832	0.39964595163	-0.407437945793	0.82114397865	2.25588274002	-2.33765506744	4.69393920898
18	29	0.498040635139	-0.287966670058	0.452283874884	-0.844105735945	-1.65329551697	2.58025479317	-4.83391141891
19	29	0.445341298357	0.316751656709	-0.259572770198	0.912299493009	1.61528611183	-1.33970010281	4.67299604416
20	29	0.498129907995	-0.305840526837	0.341521147844	-0.888720922292	-1.74929666519	1.97477912903	-5.08141851425
21	29	0.498257927597	0.313872936709	-0.570647183483	0.758844892969	1.80040347576	-3.217877388	4.34960460663
22	29	0.459674101323	-0.457261434541	0.450467817767	-0.766805533129	-2.41721320152	2.38724660873	-4.07850170135
23	29	0.317026060075	-0.626393440086	-0.0100961349162	-0.779441675995	-2.34733462334	-0.03219614923	-2.92734241486
24	29	0.40170757845	-0.453131023766	0.154700053485	-0.877918087724	-2.12778115273	0.718630492687	-4.09995555878
25	29	0.497523464262	0.252353323521	-0.416151753532	0.873576280665	1.43510830402	-2.3737039566	5.00133514404
26	29	0.499162066728	-0.173237134767	0.347182352659	-0.921657913295	-1.00413799286	1.99302041531	-5.25438642502
27	29	0.499961920083	0.37800706091	-0.435229723687	0.817120400872	2.10907483101	-2.48224020004	4.70152187347
28	29	0.499966561794	-0.21088856926	0.387178336148	-0.897562781856	-1.21435642242	2.22417616844	-5.12506389618
29	29	0.499247264117	0.242263981674	-0.424939117111	0.872201186615	1.38596832752	-2.41913795471	4.98092937469
