0	0	0.499962551519	0.138036744168	-0.323592961284	0.93607342269	0.805742025375	-1.87028682232	5.34198856354
1	0	0.499991625547	-0.246474009816	0.44294687412	-0.862002685142	-1.38323330879	2.518897295	-4.94308328629
2	0	0.499986637384	0.107694634928	-0.43628795206	0.893339066926	0.639404594898	-2.48403787613	5.10958480835
3	0	0.499998990446	-0.21025491875	0.381265897384	-0.900238404331	-1.20187544823	2.17975068092	-5.14667987823
4	0	0.499998118728	0.294972595402	-0.313513249479	0.902607672448	1.67322385311	-1.80669844151	5.15966558456
5	0	0.499999918044	-0.308460323046	0.411126223204	-0.857803857359	-1.76748132706	2.33235311508	-4.91180610657
6	0	0.499998066574	0.467908029201	-0.270119552985	0.841485295953	2.65132308006	-1.57455825806	4.81577157974
7	0	0.499999918044	-0.390476247397	0.327223179097	-0.860495956574	-2.24432945251	1.86675882339	-4.91551113129
8	0	0.499999921769	0.419335254934	-0.303580137081	0.855568258141	2.38732600212	-1.73816919327	4.89518928528
9	0	0.499998688698	-0.304491841123	0.345358545576	-0.887700509004	-1.7591984272	1.98071479797	-5.0665397644
10	0	0.499999534339	0.339827786452	-0.301120714897	0.890978894596	1.9412560463	-1.73426091671	5.08982372284
11	0	0.499999679625	-0.307531009541	0.347701660805	-0.885735983939	-1.77196502686	1.9746723175	-5.06401920319
12	0	0.500000026077	0.369117028717	-0.277472774344	0.886995760198	2.11203145981	-1.60943377018	5.06310987473
13	0	0.50000051409	-0.41210871149	0.414435417555	-0.811424484835	-2.34670209885	2.3341088295	-4.66284799576
14	0	0.500000689179	0.411487473586	-0.320316630754	0.853273294522	2.33771944046	-1.83645951748	4.88335752487
15	0	0.499999847263	-0.359544542974	0.322966124755	-0.875454512741	-2.05582857132	1.85034584999	-5.0034198761
16	0	0.499987252057	0.442392186627	-0.319530204237	0.837967542206	2.49981212616	-1.83100128174	4.80499649048
17	0	0.499976661056	-0.256717011417	0.34372277062	-0.903300079158	-1.48984193802	1.96381115913	-5.15892934799
18	0	0.499235533178	0.309198136187	-0.351407803136	0.883690595443	1.74845743179	-2.01515102386	5.04634189606
19	0	0.499656867236	-0.289316782982	0.393795563001	-0.87247971532	-1.64334058762	2.25466418266	-4.99155664444
20	0	0.498453695327	0.258741832579	-0.430162524737	0.864877370721	1.4799079895	-2.44568395615	4.93104934692
21	0	0.49745330587	-0.191449213233	0.337219201305	-0.921753985087	-1.10788333416	1.9400677681	-5.26316452026
22	0	0.402897581458	0.128663552577	-0.564558582002	0.815303193742	0.585842192173	-2.65512704849	3.8170747757
23	0	0.348071224988	-0.209565732873	-0.789077251249	0.577442027538	-0.858178853989	-3.25084590912	2.39030790329
24	0	0.472452331334	0.192936666965	-0.451532198376	0.871145290047	1.05827474594	-2.46442604065	4.75749158859
25	0	0.499215394258	-0.343551583655	0.272659142426	-0.898681980135	-1.94733130932	1.58023786545	-5.13046550751
26	0	0.499951049685	0.371484090131	-0.29769751906	0.879417851721	2.10504937172	-1.70424747467	5.03467178345
27	0	0.499989558011	-0.315238473975	0.293181509952	-0.902590331628	-1.79698395729	1.68082273006	-5.16036081314
28	0	0.499987471849	0.318355534677	-0.281077273968	0.905342653142	1.80659687519	-1.6248575449	5.1750535965
29	0	0.499990615994	-0.222212552952	0.349965338549	-0.910025188182	-1.27643156052	1.99866271019	-5.20215797424
0	1	0.499999847263	-0.197752213042	0.442719652725	-0.874581826548	-1.12956857681	2.51639938354	-5.00783729553
1	1	0.499998256564	0.0934767347624	-0.384125953863	0.918536527106	0.562926292419	-2.20098400116	5.24696445465
2	1	0.500000089407	-0.146082186426	0.463991762912	-0.873711416177	-0.837217926979	2.62454271317	-5.0104227066
3	1	0.499999355525	0.22114448819	-0.361344863461	0.905828352942	1.27031958103	-2.07154107094	5.17506456375
4	1	0.499999940395	-0.244443250302	0.306786196973	-0.919853100625	-1.40336954594	1.76147711277	-5.25439023972
5	1	0.499999959022	0.256959367985	-0.346911072056	0.902011414168	1.49697983265	-1.98745715618	5.14838838577
6	1	0.499999187887	-0.512151594708	0.304890956519	-0.802958435208	-2.89366722107	1.74068760872	-4.61478424072
7	1	0.499997962266	0.390295717251	-0.231010851286	0.891236915575	2.23862934113	-1.3443005085	5.08620071411
8	1	0.499999787658	-0.356329098063	0.343721256726	-0.868841338536	-2.04062485695	1.96163225174	-4.9671330452
9	1	0.499998107553	0.358269065883	-0.414495540197	0.836562444524	2.04199814796	-2.3526597023	4.79375982285
10	1	0.500000085682	-0.35191146472	0.315629109474	-0.881213133272	-2.01074624062	1.80961740017	-5.03638744354
11	1	0.500000055879	0.353030439731	-0.268957466769	0.89612018708	2.0181453228	-1.55114841461	5.11905956268
12	1	0.499999362975	-0.41636975643	0.334615673348	-0.845380729069	-2.36486506462	1.89854729176	-4.84646224976
13	1	0.499999970198	0.367038873288	-0.222943429452	0.903093955666	2.09502625465	-1.30495560169	5.15775251389
14	1	0.499998193234	-0.355585122505	0.302675693196	-0.884277470821	-2.03537511826	1.73072648048	-5.05396509171
15	1	0.500000152737	0.336328771487	-0.310621480461	0.889042886112	1.93421244621	-1.78657197952	5.07470417023
16	1	0.499998059124	-0.367456695877	0.349150754455	-0.862014690895	-2.10161399841	1.99951422215	-4.92621421814
17	1	0.499984990805	0.348004370469	-0.372758516501	0.860200003784	1.97004318237	-2.13769459724	4.92293453217
18	1	0.499984320253	-0.224651267747	0.446729549905	-0.866004917504	-1.29540777206	2.54751873016	-4.951795578
19	1	0.499319631606	0.19348449802	-0.484627040358	0.853053562667	1.11910963058	-2.7563354969	4.8729352951
20	1	0.4982242845	-0.252680609455	0.479289350388	-0.840496417726	-1.44100987911	2.73736190796	-4.81734228134
21	1	0.419287737459	0.204696464438	-0.445855372838	0.871385301665	0.993232607841	-2.16630649567	4.25493621826
22	1	0.336242560297	0.193678919407	-0.437470507665	0.878127571086	0.780102849007	-1.76608991623	3.53421735764
23	1	0.404811043292	0.0513906766855	-0.601622168812	0.797125940077	0.238707661629	-2.8303976059	3.74889397621
24	1	0.498083300889	-0.262112596049	0.502007218079	-0.824187927593	-1.49616348743	2.86521625519	-4.72067403793
25	1	0.499465297908	0.215019827211	-0.366444024648	0.905254246445	1.25018405914	-2.10021829605	5.16277885437
26	1	0.499986428767	-0.209985487017	0.31140001498	-0.926788069578	-1.22624850273	1.78375017643	-5.2917432785
27	1	0.499998375773	0.34252758439	-0.295113587324	0.891954496882	1.94586753845	-1.69818556309	5.10043954849
28	1	0.49999942258	-0.309271111506	0.392243547662	-0.866311940877	-1.76093387604	2.23685121536	-4.95813655853
29	1	0.499997854233	0.24265525342	-0.425335988638	0.871898918887	1.3839918375	-2.42525959015	4.98853778839
0	2	0.500000193715	0.286943441241	-0.408476499241	0.866493168523	1.62458992004	-2.3262860775	4.96370267868
1	2	0.499999944121	-0.216860560629	0.257922832131	-0.941513308408	-1.23082578182	1.49621319771	-5.37940311432
2	2	0.500000080094	0.147754847633	-0.216512509121	0.965034112555	0.864101290703	-1.27504253387	5.50770568848
3	2	0.500000532717	-0.380923882757	0.38936747188	-0.838623853338	-2.13917994499	2.20518541336	-4.82370615005
4	2	0.499999959022	0.277274133164	-0.297067645928	0.913712136737	1.59326040745	-1.71962404251	5.21475124359
5	2	0.500000141561	-0.372888000231	0.422332867377	-0.826189741172	-2.11880064011	2.39139866829	-4.74167537689
6	2	0.499987725168	0.375109425604	-0.281838212049	0.883096903546	2.15560817719	-1.62640166283	5.0391368866
7	2	0.499991737306	-0.411027103447	0.297991014562	-0.861544006695	-2.33708333969	1.70074486732	-4.93258094788
8	2	0.499963942915	0.305244487511	-0.369255752298	0.877767618586	1.76053524017	-2.09681034088	5.01866340637
9	2	0.499991264194	-0.313016632216	0.396750842487	-0.862907501962	-1.79081261158	2.25641918182	-4.93830299377
10	2	0.499987524003	0.345320720457	-0.351119272395	0.870326867663	1.97055995464	-2.00200247765	4.97887802124
11	2	0.499999579042	-0.331477090976	0.279878979206	-0.900994281423	-1.89883923531	1.61307740211	-5.14543819427
12	2	0.499999083579	0.343162366514	-0.320125508582	0.883039777679	1.95795583725	-1.83418679237	5.04858541489
13	2	0.499987887219	-0.204358098936	0.292009373537	-0.934327722571	-1.21485829353	1.68189096451	-5.32920026779
14	2	0.499991368502	0.348825854363	-0.339035736939	0.873713507052	1.98889052868	-1.94407749176	4.99525785446
15	2	0.499963682145	-0.429106283411	0.423803121466	-0.797658267539	-2.43596744537	2.40646910667	-4.57822132111
16	2	0.499987084419	0.373178403076	-0.434114211698	0.819928491199	2.12498140335	-2.47964525223	4.69282913208
17	2	0.499982964247	-0.219572829323	0.443225863714	-0.869102184072	-1.27620613575	2.52621340752	-4.96762275696
18	2	0.499951526523	0.214040967179	-0.474427255392	0.853876597472	1.23093533516	-2.70074176788	4.88545894623
19	2	0.499777588993	-0.220490274539	0.462216511907	-0.858917886037	-1.25986111164	2.63692831993	-4.91402864456
20	2	0.45804919675	0.221647570909	-0.44415515649	0.868100542145	1.16110301018	-2.33930873871	4.58184862137
21	2	0.279423814267	0.152280884787	-0.322158620339	0.934357723503	0.521335184574	-1.09304881096	3.11741518974
22	2	0.419047858566	0.246369892144	-0.257833212741	0.934250453922	1.18889927864	-1.27098751068	4.55316543579
23	2	0.497636809945	-0.331731384019	0.355967317146	-0.873636971505	-1.88751864433	2.05084180832	-4.99389743805
24	2	0.498999342322	0.348393824861	-0.500745263573	0.792386221364	1.98113393784	-2.83534598351	4.53842067719
25	2	0.499968845397	-0.359096897523	0.46643558268	-0.808385592028	-2.03740954399	2.65276885033	-4.63736152649
26	2	0.499990765005	0.283558663358	-0.315003176233	0.905741399847	1.62943911552	-1.81871581078	5.16970682144
27	2	0.499999534339	-0.343848499755	0.340523616014	-0.875106779858	-1.95580136776	1.94933688641	-5.00614929199
28	2	0.500000800937	0.224430908354	-0.477409067392	0.849535961421	1.29746651649	-2.70338821411	4.8683795929
29	2	0.500000461936	-0.184972187159	0.428401615432	-0.884453133791	-1.07437443733	2.44693994522	-5.05388355255
0	3	0.499999672174	-0.311739285309	0.354654868872	-0.881497896753	-1.75643396378	2.02915143967	-5.04845905304
1	3	0.500000353903	0.184496292263	-0.319211074894	0.929551186222	1.0584038496	-1.82093691826	5.31487989426
2	3	0.499999960884	-0.128881856464	0.29335214122	-0.947277144407	-0.762067317963	1.67969369888	-5.41162109375
3	3	0.49999968335	0.25725006101	-0.298512648342	0.919082479917	1.466345191	-1.71868515015	5.25195884705
4	3	0.499999515712	-0.232986736389	0.393520617047	-0.889302369628	-1.35182094574	2.23310947418	-5.08659744263
5	3	0.499987691641	0.357778801848	-0.389826670362	0.848545517944	2.03503203392	-2.22656011581	4.85629749298
6	3	0.499977350235	-0.388897753391	0.335255919423	-0.858115380295	-2.21904325485	1.90702319145	-4.91175460815
7	3	0.499234672636	0.360009824577	-0.252784434488	0.898049528639	2.06048822403	-1.45030117035	5.12173557281
8	3	0.499698530883	-0.373735628846	0.220725373521	-0.900889554393	-2.12271404266	1.28362762928	-5.1525349617
9	3	0.499252444133	0.244945464426	-0.28180562741	0.927678450659	1.41886377335	-1.62488150597	5.28578567505
10	3	0.499977175146	-0.330989140417	0.328967083468	-0.884435891923	-1.88989949226	1.88496017456	-5.05567264557
11	3	0.499987181276	0.337994486852	-0.367552367064	0.866409247598	1.9324631691	-2.08999109268	4.9578871727
12	3	0.499988157302	-0.337211259037	0.429686212812	-0.837650479196	-1.93345856667	2.44060206413	-4.79461097717
13	3	0.499971427023	0.445897219595	-0.425426783345	0.787519981695	2.51109170914	-2.42840099335	4.52791547775
14	3	0.499251559377	-0.292581702759	0.424017883398	-0.857090883028	-1.69682371616	2.40634584427	-4.89068078995
15	3	0.499704144895	0.392813761578	-0.338902803879	0.854893115096	2.23954677582	-1.95988333225	4.8831410408
16	3	0.499224144965	-0.34074319132	0.501500991557	-0.795230050386	-1.94740641117	2.83395147324	-4.55736494064
17	3	0.499651025981	0.249455710928	-0.358022387429	0.89977320386	1.43356609344	-2.06780934334	5.1301984787
18	3	0.499838251621	-0.292213487652	0.38315778116	-0.876242770225	-1.66133451462	2.19175696373	-5.01149463654
19	3	0.498944465071	0.238985026133	-0.361441250088	0.901247124832	1.35697722435	-2.07873249054	5.13681268692
20	3	0.498640868813	-0.107955432077	0.392793149442	-0.913268397809	-0.627468943596	2.2405538559	-5.22776222229
21	3	0.457278124988	0.0850685257851	-0.421778189042	0.902699565287	0.455894887447	-2.20363879204	4.76049375534
22	3	0.497830400243	-0.0429042288271	0.238463397762	-0.970203295746	-0.2716332376	1.39177501202	-5.54605007172
23	3	0.498859293759	0.315115336065	-0.367807412709	0.874882867664	1.78142023087	-2.08785867691	5.0016875267
24	3	0.499957680702	-0.326249308762	0.336018758448	-0.883545574661	-1.86831641197	1.94252753258	-5.04247331619
25	3	0.499982006848	0.330907763993	-0.460439093331	0.823708621456	1.89952588081	-2.61824798584	4.71370363235
26	3	0.49999955669	-0.335015164368	0.405782566586	-0.850356012678	-1.91662240028	2.30914330482	-4.86613416672
27	3	0.500001046807	0.374376492642	-0.298585074169	0.877889056339	2.12010073662	-1.72170317173	5.02281808853
28	3	0.499999742955	-0.260606777072	0.340297549582	-0.903483085338	-1.49001610279	1.95679843426	-5.16119861603
29	3	0.500000484288	0.232959506294	-0.379882174202	0.895220309282	1.33694183826	-2.17619562149	5.1146402359
0	4	0.499999912456	0.145618872483	-0.319538938326	0.936317259731	0.852301955223	-1.8421125412	5.34529399872
1	4	0.499999847263	-0.124788274872	0.29314084673	-0.947890463309	-0.738328576088	1.68690884113	-5.41269779205
2	4	0.499999381602	0.300743536331	-0.357436753705	0.884190190206	1.68530774117	-2.03404521942	5.07114934921
3	4	0.49999926053	-0.203836002898	0.304184250672	-0.930549743735	-1.18380141258	1.74063324928	-5.31538534164
4	4	0.499997351319	0.33641425146	-0.310261683396	0.889136175865	1.89905738831	-1.78573572636	5.08847141266
5	4	0.499990161508	-0.266535773719	0.404577015311	-0.874800617289	-1.54394841194	2.29018545151	-5.00628948212
6	4	0.499237794429	0.399294686958	-0.247945763714	0.882658853252	2.26089048386	-1.44097161293	5.04016399384
7	4	0.498331148177	-0.354757462916	0.266846799353	-0.896069153682	-2.03478336334	1.52870297432	-5.12922286987
8	4	0.445453573018	0.332597752913	-0.304349301144	0.892608669939	1.70803833008	-1.56110262871	4.5706319809
9	4	0.498219534755	-0.261744590915	0.406262030765	-0.875466122409	-1.50771760941	2.31349277496	-5.01540708542
10	4	0.499263513833	0.359476341869	-0.377717357652	0.853291484409	2.0338549614	-2.15244102478	4.88082504272
11	4	0.499989204109	-0.3508133371	0.244197834744	-0.904045032075	-1.99680733681	1.43034589291	-5.16334056854
12	4	0.499989841133	0.319698285197	-0.368687573267	0.872847340467	1.82529568672	-2.11610746384	4.98778343201
13	4	0.499248903245	-0.30229623113	0.476564066676	-0.825532360964	-1.73512208462	2.69783163071	-4.72270584106
14	4	0.498312603682	0.39119081539	-0.356849292809	0.84830909943	2.22762537003	-2.05297613144	4.85901451111
15	4	0.446061622351	-0.411268072788	0.347157484292	-0.842816856384	-2.10217571259	1.77146351337	-4.33139419556
16	4	0.4979432486	0.369793959399	-0.399684091427	0.838752081757	2.10507297516	-2.29162168503	4.80213546753
17	4	0.498337157071	-0.248358226028	0.441245837757	-0.862334217242	-1.43170523643	2.50271749496	-4.92634296417
18	4	0.473518174142	0.333719272465	-0.334514035699	0.881323894551	1.81311273575	-1.83913397789	4.81079626083
19	4	0.498437665403	-0.242173554218	0.463720338696	-0.85224140777	-1.38058245182	2.6278014183	-4.89259386063
20	4	0.497706750408	0.0642482335322	-0.283635042712	0.956777574483	0.387412428856	-1.64021468163	5.43699264526
21	4	0.498085014522	-0.100708488749	0.278634991291	-0.955102267782	-0.574046671391	1.61005139351	-5.46277809143
22	4	0.470809318125	0.065461349061	-0.418709199511	0.905757924627	0.369983792305	-2.25189399719	4.92598104477
23	4	0.499014444649	-0.299632611524	0.341665972205	-0.890777560084	-1.70613837242	1.95709991455	-5.09439897537
24	4	0.499645523727	0.346975669473	-0.340076212708	0.87404579648	1.98157763481	-1.94942975044	4.99113464355
25	4	0.49999557808	-0.424538673759	0.424888285866	-0.799522894617	-2.41080331802	2.41662549973	-4.58661699295
26	4	0.500001523644	0.368398693492	-0.374392197968	0.850948226823	2.09781718254	-2.14149832726	4.86814880371
27	4	0.499999858439	-0.246904115314	0.309528070035	-0.918275956182	-1.43071806431	1.78061509132	-5.24134635925
28	4	0.500000920147	0.20296372351	-0.366767755572	0.907902605135	1.17492032051	-2.09958148003	5.1860909462
29	4	0.500000052154	-0.26057390809	0.463229343493	-0.847065412911	-1.47353434563	2.62292337418	-4.8622341156
0	5	0.499999966472	-0.176515832513	0.39051116941	-0.903517120722	-1.02157640457	2.22184967995	-5.16767311096
1	5	0.499998010695	0.243865681696	-0.327300448092	0.91290960449	1.38116204739	-1.87207937241	5.2222661972
2	5	0.499999497086	-0.188094703725	0.381985676742	-0.904824472036	-1.09731733799	2.15912699699	-5.1795167923
3	5	0.499997843057	0.217942398433	-0.25613882635	0.941750504434	1.25205922127	-1.48100042343	5.37805509567
4	5	0.499999903142	-0.247899607481	0.325760473517	-0.912373771272	-1.42660856247	1.85339260101	-5.21657371521
5	5	0.499962929636	0.282450726214	-0.292049811608	0.913744217383	1.61959505081	-1.68747520447	5.2162861824
6	5	0.499708931893	-0.286023970496	0.375427926416	-0.881614519146	-1.6444029808	2.12899827957	-5.04609060287
7	5	0.445556905121	0.338542669372	-0.336221647328	0.878830964909	1.72617423534	-1.72709679604	4.50509881973
8	5	0.232625179924	0.350688746538	-0.350037795666	0.868614382023	0.953174114227	-0.975378036499	2.42388796806
9	5	0.445291463286	0.366739846862	-0.348609202796	0.862538989524	1.86319828033	-1.79178786278	4.42105579376
10	5	0.499641634524	-0.216047533803	0.453094497214	-0.864886605129	-1.25839471817	2.57329082489	-4.94893836975
11	5	0.499963324517	0.246380703563	-0.355336508869	0.901683156312	1.41410267353	-2.03950977325	5.15003347397
12	5	0.49996200949	-0.243424529612	0.449070705028	-0.859697621416	-1.39063310623	2.54199337959	-4.92844867706
13	5	0.499705724418	0.193724310828	-0.388090348638	0.901030949906	1.12329018116	-2.21676969528	5.15039920807
14	5	0.446206990629	-0.248701431772	0.293219401296	-0.923130532773	-1.29658281803	1.50592195988	-4.73195505142
15	5	0.233263795264	-0.421968050856	0.22870523972	-0.877289506025	-1.15171337128	0.66579413414	-2.45147848129
16	5	0.444781946018	-0.249285390618	0.275603449765	-0.928385443931	-1.30096113682	1.4129345417	-4.74500751495
17	5	0.472773626447	0.258706390447	-0.363329739555	0.895020951653	1.41648125648	-1.9813747406	4.88216686249
18	5	0.331598611549	0.410639311485	-0.26277331217	0.873112559911	1.59966087341	-1.05566084385	3.47762012482
19	5	0.428120622411	0.30093226615	-0.349522275768	0.887284593539	1.50237429142	-1.7402715683	4.42146492004
20	5	0.49696097523	-0.128951652463	0.380388650928	-0.915792523213	-0.744733512402	2.16803312302	-5.24210882187
21	5	0.417614834383	0.190263038864	-0.269951489384	0.943888854379	0.915752112865	-1.32879686356	4.58087682724
22	5	0.319436760619	0.118190853821	-0.396361240975	0.910455209621	0.466273665428	-1.50407838821	3.48538517952
23	5	0.472105348483	0.281695300193	-0.293184472664	0.91361404479	1.52875566483	-1.60724937916	4.96986198425
24	5	0.499839894474	-0.326806423581	0.351671663129	-0.877225514254	-1.87254667282	1.99912011623	-5.01771402359
25	5	0.499990284443	0.403064030924	-0.325760024642	0.855230842124	2.29404044151	-1.87204647064	4.89046382904
26	5	0.499999821186	-0.33060595576	0.374858687953	-0.866129705115	-1.89506363869	2.13577151299	-4.95271730423
27	5	0.500000655651	0.330591002571	-0.343414845153	0.879076693553	1.87615323067	-1.96427321434	5.03052949905
28	5	0.500000420958	-0.254771098162	0.397721587479	-0.88142454379	-1.45349597931	2.26311135292	-5.04476499557
29	5	0.500000081956	0.184750567177	-0.377661831986	0.907325062251	1.06978785992	-2.16454362869	5.18207979202
0	6	0.499987658113	0.314313769086	-0.367962222908	0.875106083327	1.7749569416	-2.09895730019	5.01309251785
1	6	0.49998950772	-0.259885384629	0.258465338812	-0.930405962733	-1.49042713642	1.48689854145	-5.3153629303
2	6	0.499962873757	0.330733159697	-0.190202068186	0.924358561563	1.86604034901	-1.11146497726	5.28891181946
3	6	0.499988999218	-0.298129940392	0.269165352029	-0.915788486447	-1.69466018677	1.5399992466	-5.23839759827
4	6	0.49998537451	0.293953252264	-0.287324958599	0.911611679198	1.68260550499	-1.65524804592	5.20695495605
5	6	0.499990876764	-0.391446398999	0.34722498966	-0.85217634517	-2.21099328995	1.98396897316	-4.88544559479
6	6	0.499237794429	0.267849456101	-0.322543963666	0.907866763555	1.53909552097	-1.85059738159	5.17589569092
7	6	0.498381543905	-0.212368615619	0.382445819665	-0.899241216872	-1.22523641586	2.18109273911	-5.15156030655
8	6	0.445847192779	0.0879487750881	-0.428055900497	0.899462705736	0.492383539677	-2.18611955643	4.6130065918
9	6	0.498143538833	-0.34653287434	0.34910660815	-0.870654663542	-1.97136998177	2.00118279457	-4.98812437057
10	6	0.499264419079	0.278112211046	-0.433660371155	0.857083590181	1.58541548252	-2.45948886871	4.90167808533
11	6	0.499990370125	-0.2492116672	0.395614308334	-0.883958632501	-1.42108428478	2.25142002106	-5.05923080444
12	6	0.499988229945	0.176616664787	-0.280006254855	0.943611705609	1.02066111565	-1.62978291512	5.38477373123
13	6	0.499250227585	-0.196258572243	0.274435373241	-0.941364859518	-1.12900066376	1.58344650269	-5.3669257164
14	6	0.498311709613	0.290954867978	-0.334072034566	0.896516112806	1.66385829449	-1.90796756744	5.13630008698
15	6	0.444710854441	-0.428930629534	0.212272135849	-0.878042741209	-2.18068647385	1.09667396545	-4.49604463577
16	6	0.496340818703	0.549572483268	-0.347744905963	0.7596338368	3.11779165268	-1.98270320892	4.3482465744
17	6	0.495409056544	-0.409540636235	0.379053212408	-0.82981632271	-2.34481215477	2.15478754044	-4.73836565018
18	6	0.39495371934	0.157995362088	-0.262924534469	0.951792075368	0.764272809029	-1.22556304932	4.42694091797
19	6	0.38421453163	0.267076898259	-0.335391013169	0.903428358367	1.22255897522	-1.54927361012	4.16050577164
20	6	0.400783127174	0.146478843188	-0.460257102508	0.875618266192	0.696731925011	-2.18086504936	4.13418865204
21	6	0.370475359261	0.231071442581	-0.370274497829	0.899723726864	1.01587212086	-1.64240860939	3.99621677399
22	6	0.417686618865	0.198784067466	-0.416010363694	0.887367044588	0.96029818058	-2.01625823975	4.31385326385
23	6	0.498364169151	-0.218357707709	0.336191814832	-0.91613043565	-1.25845265388	1.92250299454	-5.2424659729
24	6	0.499522849917	0.341903572475	-0.246496801054	0.906830344772	1.9419157505	-1.43195223808	5.17745113373
25	6	0.499995402992	-0.380609394626	0.302131325601	-0.873986928285	-2.16402292252	1.73834323883	-4.99828910828
26	6	0.499997232109	0.303476676346	-0.344606906145	0.888340017758	1.73994898796	-1.97033715248	5.07669258118
27	6	0.499998185784	-0.272548694745	0.30070229151	-0.913944933174	-1.56182920933	1.72226750851	-5.22280979156
28	6	0.49999987334	0.246308403285	-0.336903789113	0.908750794967	1.40934240818	-1.92849969864	5.19385957718
29	6	0.499997749925	-0.250774484637	0.355711869742	-0.900322844084	-1.43209469318	2.03398180008	-5.14719247818
0	7	0.499964952469	-0.229559529852	0.393105252067	-0.890376708507	-1.31407880783	2.23520278931	-5.09545135498
1	7	0.499252034351	0.245365526059	-0.269176147401	0.93131088273	1.39295864105	-1.54018974304	5.3172917366
2	7	0.49958216399	-0.182309738392	0.194559815164	-0.963799583737	-1.06149625778	1.13966453075	-5.50191068649
3	7	0.499263608828	0.205268211938	-0.339237172874	0.918032189909	1.18671631813	-1.92605316639	5.24139690399
4	7	0.499973956496	-0.281409541663	0.397006836482	-0.873609890997	-1.60102593899	2.25476884842	-5.00435018539
5	7	0.499973941594	0.295885424977	-0.448766415963	0.843244044859	1.69769060612	-2.54096508026	4.8317694664
6	7	0.499975632876	-0.340732125488	0.326004896889	-0.881829023034	-1.9333165884	1.87384939194	-5.04363870621
7	7	0.499243119732	0.24658167413	-0.303916047002	0.920235032129	1.41802060604	-1.75859498978	5.24278974533
8	7	0.499555978924	-0.295789694653	0.377318803375	-0.877575624751	-1.67726755142	2.15535235405	-5.0223903656
9	7	0.499253196642	0.262189783663	-0.291108795449	0.920060968933	1.50898504257	-1.67661452293	5.24388980865
10	7	0.499975934625	-0.252026852282	0.294940476106	-0.921679218212	-1.4500297308	1.70041251183	-5.26259422302
11	7	0.49998716265	0.23620712738	-0.33792625765	0.911049964253	1.35071587563	-1.94568538666	5.20316648483
12	7	0.499986734241	-0.164573002547	0.43499696825	-0.885264573134	-0.954998552799	2.4599852562	-5.07193851471
13	7	0.499974112958	0.2413838406	-0.31996927003	0.916162380658	1.38308823109	-1.83736467361	5.23452997208
14	7	0.499224044383	-0.319224025441	0.376423171976	-0.869713525927	-1.81972289085	2.13115715981	-4.97299528122
15	7	0.499213464558	0.298684337607	-0.301874926861	0.905350316176	1.73287844658	-1.72985708714	5.1624250412
16	7	0.4975223355	-0.488751961892	0.350359964036	-0.798980234642	-2.78270530701	1.99653434753	-4.57492446899
17	7	0.416109351441	0.370378067756	-0.193608860127	0.908479882114	1.80258250237	-0.948318004608	4.39093875885
18	7	0.378219455481	0.437749947586	-0.311609130439	0.843371053105	1.97423648834	-1.41025137901	3.82658147812
19	7	0.416630338877	0.36071715495	-0.520055735186	0.774225526849	1.76589024067	-2.5520825386	3.81247162819
20	7	0.344814039767	0.146155845728	-0.61482610141	0.775001505666	0.607786118984	-2.51969528198	3.21494817734
21	7	0.439077120274	-0.0181832537673	-0.517334187294	0.855590268727	-0.0701107829809	-2.6380841732	4.38157320023
22	7	0.498151857406	-0.127085723916	0.317225188245	-0.939796466646	-0.736616075039	1.82659256458	-5.36985683441
23	7	0.499153267592	0.207643990022	-0.38255107608	0.900299198932	1.18855440617	-2.17125940323	5.14279174805
24	7	0.499977365136	-0.269874263241	0.339954689634	-0.900887723879	-1.54234313965	1.95191287994	-5.14776277542
25	7	0.499997474253	0.293563126676	-0.443365936456	0.846904561947	1.68334197998	-2.50856184959	4.85418701172
26	7	0.49998729676	-0.304344205242	0.407098026524	-0.861188598122	-1.73643374443	2.30821084976	-4.93405532837
27	7	0.499991945922	0.26503780233	-0.201509426269	0.942946930882	1.51511311531	-1.18859064579	5.38396549225
28	7	0.499963391572	-0.222080915723	0.335234613442	-0.915586053204	-1.27970373631	1.91650915146	-5.23173093796
29	7	0.499979481101	0.240570942039	-0.337781511652	0.90996113776	1.36993896961	-1.94747400284	5.19777917862
0	8	0.499220825732	0.147216738874	-0.403333222499	0.903133181443	0.854800343513	-2.30362510681	5.15292882919
1	8	0.498078100383	-0.183930052854	0.27698425043	-0.943106282807	-1.060079813	1.59957742691	-5.39298057556
2	8	0.445289682597	0.225780746974	-0.442928481833	0.867662039205	1.16736984253	-2.24924373627	4.45155239105
3	8	0.498282533139	-0.274584391781	0.339358147007	-0.899688534911	-1.56271529198	1.94130957127	-5.154733181
4	8	0.49924011901	0.180988883452	-0.277539573558	0.943511954973	1.05687439442	-1.60576486588	5.37535476685
5	8	0.499990485609	-0.272686387993	0.350753215228	-0.89588744595	-1.56058192253	2.01159787178	-5.11904287338
6	8	0.499985214323	0.3188642006	-0.363605978872	0.875280705662	1.81659340858	-2.08768725395	5.00233268738
7	8	0.499990422279	-0.287847937785	0.481725005509	-0.827698365216	-1.640001297	2.73214578629	-4.74732542038
8	8	0.499963503331	0.281974228358	-0.466994138108	0.838097255403	1.61402392387	-2.64674043655	4.80353832245
9	8	0.499987669289	-0.328351830713	0.350270648362	-0.877208953536	-1.87511849403	2.00601673126	-5.0144534111
10	8	0.4999874942	0.361180703813	-0.312743625604	0.878487292929	2.04534888268	-1.79794585705	5.02691078186
11	8	0.499999403954	-0.273239197596	0.445082336005	-0.852784882062	-1.55931079388	2.51750731468	-4.89103317261
12	8	0.499999292195	0.194067239109	-0.366373965139	0.910004408985	1.12634754181	-2.10090065002	5.1965637207
13	8	0.499987717718	-0.32119186661	0.315365156159	-0.892961703045	-1.8263566494	1.81045603752	-5.1060461998
14	8	0.499977950007	0.406663681749	-0.270008250196	0.872765830434	2.30522680283	-1.57018268108	4.99136400223
15	8	0.499812617898	-0.38043144433	0.302499231594	-0.873937143649	-2.17070174217	1.73811602592	-4.99385404587
16	8	0.476538039744	0.441118079946	-0.353251303748	0.825002033904	2.41848087311	-1.93680715561	4.53919553757
17	8	0.335239490494	0.427885829521	-0.195773277396	0.882375510059	1.70980095863	-0.795593082905	3.54339599609
18	8	0.417625114322	0.372290458202	-0.266480486232	0.889037662413	1.82063877583	-1.29566311836	4.31230258942
19	8	0.497087415308	-0.429823239893	0.302053248058	-0.850891190333	-2.44648385048	1.74414515495	-4.86948490143
20	8	0.477883931249	0.176514699776	-0.42836319502	0.886198360366	0.99468934536	-2.35522031784	4.88486146927
21	8	0.498584702611	-0.212497871596	0.365134384259	-0.906378252166	-1.20536291599	2.0929377079	-5.18263673782
22	8	0.499335533008	0.20623685275	-0.266048275615	0.941639355385	1.18270254135	-1.54094791412	5.36949634552
23	8	0.499977692962	-0.260793034751	0.35451369939	-0.897946006155	-1.48568439484	2.03120517731	-5.13357782364
24	8	0.499990165234	0.2162833271	-0.42004819144	0.881351824918	1.25142586231	-2.3779540062	5.04631900787
25	8	0.499987080693	-0.293075265351	0.314758183414	-0.902792431744	-1.66891515255	1.81185901165	-5.1591553688
26	8	0.499980650842	0.289463654568	-0.342422846363	0.893844162577	1.65419650078	-1.95171511173	5.11272192001
27	8	0.499252764508	-0.234160603159	0.29562424733	-0.926161495809	-1.35172879696	1.69085121155	-5.28242349625
28	8	0.499698966742	0.291763297889	-0.443754034086	0.847323158681	1.65603017807	-2.52115511894	4.8588886261
29	8	0.499219439924	-0.163811154415	0.515319129733	-0.841196826088	-0.944690644741	2.91515254974	-4.81692314148
0	9	0.498923391104	-0.227899539453	0.461020284549	-0.857625849162	-1.2950245142	2.60812091827	-4.91242694855
1	9	0.445155240595	0.352749865245	-0.369109800688	0.859840384959	1.79668712616	-1.89631319046	4.40380382538
2	9	0.232762806118	0.363192056478	-0.378588059351	0.851329907514	0.977728009224	-1.05586791039	2.3827650547
3	9	0.445990839973	0.229600056948	-0.347791312912	0.909024211181	1.18767511845	-1.79051804543	4.65737962723
4	9	0.499715857208	-0.243584606557	0.333546699695	-0.910721218909	-1.38716804981	1.91518306732	-5.20652103424
5	9	0.499960564077	0.309796911278	-0.402825212607	0.861253575813	1.7586826086	-2.2904176712	4.93365907669
6	9	0.499999430031	-0.287998223573	0.429463106706	-0.855931342572	-1.63611197472	2.44540119171	-4.90200281143
7	9	0.499995727092	0.195634915968	-0.451308214075	0.870659448672	1.14193487167	-2.56729340553	4.97920131683
8	9	0.499999370426	-0.239366106999	0.304886791638	-0.921817721193	-1.38570618629	1.76000404358	-5.26141262054
9	9	0.499997846782	0.383539859188	-0.388200636006	0.837972220672	2.17751312256	-2.19916605949	4.80765724182
10	9	0.499999690801	-0.28682270807	0.304828129012	-0.90819191028	-1.65203940868	1.7492518425	-5.18610286713
11	9	0.499999273568	0.247736847493	-0.328168840997	0.911554532758	1.42853069305	-1.88669204712	5.20429706573
12	9	0.499999430031	-0.263881503466	0.373639758443	-0.889246806595	-1.51052808762	2.13801193237	-5.08234739304
13	9	0.499999854714	0.291925458367	-0.389378470936	0.873592544112	1.66578948498	-2.22593021393	4.99531507492
14	9	0.499993335456	-0.300288173894	0.476653501577	-0.826213321155	-1.72002375126	2.69988441467	-4.73764801025
15	9	0.499733310193	0.322344601398	-0.410097665206	0.853178681721	1.84255194664	-2.33704280853	4.87802314758
16	9	0.499144800007	-0.359994155798	0.367129566197	-0.857682977221	-2.06437492371	2.10444498062	-4.89684534073
17	9	0.476503673941	0.510760909379	-0.343888609079	0.787949184907	2.79407906532	-1.89197874069	4.3373298645
18	9	0.498390134424	-0.48645147385	0.28920068732	-0.824456139551	-2.7711250782	1.67230558395	-4.7205491066
19	9	0.498892858624	0.458011519648	-0.383676082823	0.801884100939	2.59992957115	-2.17975950241	4.58640003204
20	9	0.499846134335	-0.314660365203	0.402984970605	-0.859413735076	-1.80157089233	2.30329108238	-4.91285943985
21	9	0.499648112804	0.174224637218	-0.397220186351	0.901033794783	1.02815890312	-2.2634677887	5.14458560944
22	9	0.499982055277	-0.294292082608	0.335607495274	-0.894851819705	-1.67995381355	1.93086254597	-5.11290550232
23	9	0.499992433935	0.323294552552	-0.426863848077	0.844551885614	1.84690833092	-2.41433405876	4.84266757965
24	9	0.499997707084	-0.260002607312	0.293772998012	-0.919834805729	-1.49083662033	1.69059658051	-5.25415325165
25	9	0.499992018566	0.25618243638	-0.248663601602	0.934096875345	1.48238921165	-1.43140816689	5.33306121826
26	9	0.499273493886	-0.309767893221	0.265263300486	-0.913060366977	-1.77591943741	1.5192694664	-5.20873451233
27	9	0.498225977644	0.311672650087	-0.227872649169	0.922460955785	1.78245854378	-1.3154335022	5.27918100357
28	9	0.445098675787	-0.352876418959	0.360297856239	-0.863518203474	-1.80724775791	1.8412091732	-4.42274236679
29	9	0.497454687953	0.112653763291	-0.444351558457	0.888741144605	0.666785180569	-2.54272508621	5.07799863815
0	10	0.498921906576	0.227335749788	-0.189341641715	0.955232013482	1.32210671902	-1.12173402309	5.44178247452
1	10	0.498218677938	-0.368924328214	0.323165470997	-0.871469401877	-2.09019088745	1.8503125906	-4.99938631058
2	10	0.445671975613	0.270807783639	-0.421752926244	0.865325149019	1.40002918243	-2.15265369415	4.43583869934
3	10	0.498289979994	-0.22906445951	0.47140195597	-0.851651142955	-1.3229238987	2.67904448509	-4.88569927216
4	10	0.499237183481	0.142961722782	-0.420270508401	0.896066206029	0.849068760872	-2.38422393799	5.11738824844
5	10	0.499983560294	-0.262340001917	0.299774413188	-0.917231172929	-1.48510742188	1.73437476158	-5.24183273315
6	10	0.499961169437	0.151876181394	-0.346263726328	0.925761879402	0.898222923279	-1.98885476589	5.28429365158
7	10	0.49998659268	-0.315663879704	0.402782258412	-0.859140714527	-1.79056298733	2.27772831917	-4.93039751053
8	10	0.499987600371	0.324184776242	-0.14535778824	0.934759511452	1.86127758026	-0.867441534996	5.33709144592
9	10	0.499998025596	-0.431740887434	0.266381491079	-0.861766039786	-2.45233464241	1.52824223042	-4.93357563019
10	10	0.500000022352	0.3366651065	-0.276689033872	0.900055434182	1.92792654037	-1.59187507629	5.14127445221
11	10	0.499998923391	-0.341730547188	0.347324196263	-0.873261779657	-1.9470975399	1.99186348915	-4.99264478683
12	10	0.499999500811	0.340565135313	-0.43820489834	0.831860478494	1.93786132336	-2.48490214348	4.77063798904
13	10	0.499999523163	-0.227626892542	0.391686491665	-0.891497442531	-1.31965494156	2.23951721191	-5.09212493896
14	10	0.49999628216	0.21770159996	-0.440115755696	0.87115104027	1.26333808899	-2.50203752518	4.98335647583
15	10	0.499989237636	-0.246849619015	0.398752127718	-0.883211190052	-1.42643284798	2.28128838539	-5.04454565048
16	10	0.499730136245	0.331517516768	-0.456293485871	0.825767758409	1.90117454529	-2.58957147598	4.72600507736
17	10	0.499859295785	-0.472883068567	0.405159636764	-0.782449533324	-2.67900300026	2.31371545792	-4.48953342438
18	10	0.499571379274	0.318880338771	-0.418920264807	0.850188885648	1.85154461861	-2.38064241409	4.85202550888
19	10	0.499977778643	-0.402302598334	0.390639895905	-0.827981334995	-2.30578184128	2.23150730133	-4.73160266876
20	10	0.499974802136	0.455123264995	-0.38266002827	0.804011266355	2.58464455605	-2.18998217583	4.60504055023
21	10	0.499994508922	-0.347661382516	0.374902685977	-0.859406504021	-2.00050234795	2.14395284653	-4.90898418427
22	10	0.499991830438	0.406364000589	-0.432873710629	0.80466679419	2.32234501839	-2.44926857948	4.61515426636
23	10	0.4999983944	-0.453411344406	0.300751412575	-0.839027258555	-2.57059383392	1.73612999916	-4.80336856842
24	10	0.500000448897	0.27445221609	-0.249196230067	0.928750353972	1.60024333	-1.43298256397	5.29912900925
25	10	0.499964401126	-0.422636645496	0.24472139074	-0.872633775875	-2.40443825722	1.40524220467	-4.9930934906
26	10	0.49964620918	0.483356284205	-0.312854910669	0.817611464811	2.74378705025	-1.77899837494	4.69100809097
27	10	0.445990774781	-0.339865275723	0.288689384126	-0.895069848588	-1.75567936897	1.48852932453	-4.58420801163
28	10	0.233494564891	-0.417689076076	0.326510655632	-0.8478954107	-1.1441065073	0.908750891685	-2.37982034683
29	10	0.444775212556	-0.398984699512	0.245189013104	-0.883568648951	-2.03266215324	1.26526737213	-4.52264022827
0	11	0.49921259284	-0.310874455137	0.315560322781	-0.896537091162	-1.7607640028	1.79701960087	-5.12433242798
1	11	0.499261215329	0.174758828034	-0.404167719014	0.897835066664	1.04146301746	-2.28579902649	5.12786388397
2	11	0.499652937055	-0.371900990082	0.334961727682	-0.865731075198	-2.10850477219	1.91281163692	-4.95929527283
3	11	0.49925390631	0.420410213173	-0.249933704468	0.872231847636	2.37404108047	-1.45556724072	4.98441314697
4	11	0.499954417348	-0.320974288811	0.328230266644	-0.888392029445	-1.82422423363	1.8691163063	-5.08716154099
5	11	0.499231878668	0.18936078207	-0.332862685013	0.923766706014	1.09722137451	-1.89623999596	5.27094268799
6	11	0.49958024919	-0.189526625937	0.390373479752	-0.900937403135	-1.09579277039	2.20608472824	-5.16002082825
7	11	0.499260537326	0.334771760036	-0.242417219066	0.910583198057	1.90149343014	-1.39917004108	5.19838666916
8	11	0.49996496737	-0.405420052856	0.117302460956	-0.906573060153	-2.30710959435	0.707132875919	-5.18410205841
9	11	0.499976348132	0.441294482685	-0.32568714265	0.836174063616	2.51121497154	-1.84348511696	4.79425907135
10	11	0.499959927052	-0.331744015015	0.320236518954	-0.887352511931	-1.90097546577	1.83867740631	-5.0681219101
11	11	0.49998389557	0.335533411503	-0.447612899897	0.828890838175	1.92056071758	-2.52375888824	4.75781345367
12	11	0.499989174306	-0.382747569658	0.315755812648	-0.868218039838	-2.16789340973	1.81773984432	-4.96855163574
13	11	0.500000186265	0.322609236231	-0.306053616821	0.895686588227	1.84287285805	-1.75439929962	5.1195063591
14	11	0.499999415129	-0.356933457579	0.272938180312	-0.893366249972	-2.02769804001	1.5752363205	-5.10847377777
15	11	0.499996792525	0.325697088423	-0.318548736497	0.890195545411	1.86427593231	-1.82531619072	5.08693504333
16	11	0.499997206032	-0.339465002069	0.378789049081	-0.860977565716	-1.93671262264	2.16384243965	-4.92439174652
17	11	0.499987270683	0.346614991571	-0.350648103444	0.870002273083	1.98644471169	-2.01465463638	4.96773910522
18	11	0.499995343387	-0.347029594163	0.384969475689	-0.855201124627	-1.99450492859	2.20025014877	-4.88512372971
19	11	0.499991942197	0.466832328251	-0.352246919551	0.811165633497	2.65101361275	-2.02299284935	4.64383506775
20	11	0.499999344349	-0.482507092433	0.399859967623	-0.779293854746	-2.75201582909	2.26931262016	-4.46802902222
21	11	0.499999459833	0.525861017698	-0.277978323841	0.803864566666	2.98621487617	-1.60591197014	4.60383367538
22	11	0.49999416247	-0.507267576309	0.30394854077	-0.806408637472	-2.88740706444	1.74667930603	-4.6148443222
23	11	0.499995533377	0.453887010618	-0.349546654756	0.819636332614	2.59526395798	-1.9875793457	4.69009923935
24	11	0.499978654087	-0.418388843597	0.249302257763	-0.873383741449	-2.39683580399	1.43740940094	-4.98765087128
25	11	0.499983258545	0.479085780454	-0.243965911642	0.84318292732	2.73337078094	-1.40909290314	4.81982469559
26	11	0.499233346432	-0.50957754172	0.276964812741	-0.814629499514	-2.89361715317	1.59115386009	-4.65598249435
27	11	0.498277191073	0.409481928325	-0.371628452113	0.833196761849	2.35163354874	-2.1107006073	4.77473974228
28	11	0.446026451886	-0.394390113909	0.337073766103	-0.854890469157	-2.01717162132	1.72234654427	-4.39104318619
29	11	0.498329877853	0.351537452414	-0.334132670727	0.874515167337	2.01455569267	-1.90410494804	5.01049804688
0	12	0.499962124974	0.23343666818	-0.259105436306	0.937214860545	1.36398506165	-1.48473155499	5.3503203392
1	12	0.499975152314	-0.303519007865	0.305323722248	-0.902581650876	-1.73253130913	1.7440943718	-5.16170167923
2	12	0.499959046021	0.294765779665	-0.238048740811	0.925443640714	1.70310866833	-1.37626135349	5.280854702
3	12	0.499983612448	-0.353793252754	0.291204162131	-0.888836582428	-2.02326917648	1.64737796783	-5.08708620071
4	12	0.499233979732	0.344964226163	-0.159887501472	0.924897653549	1.95987677574	-0.942678689957	5.27824401855
5	12	0.498313032091	-0.236245557915	0.253417840315	-0.938065794374	-1.36046338081	1.44939363003	-5.37036037445
6	12	0.445372806862	0.245092958377	-0.154700970485	0.957077348747	1.26151919365	-0.81407392025	4.89790630341
7	12	0.498302893713	-0.275254842089	0.274153409638	-0.921452483794	-1.58567011356	1.56528115273	-5.27444505692
8	12	0.499211363494	0.333978913424	-0.277891070498	0.900685649006	1.91311502457	-1.57913267612	5.14141988754
9	12	0.499223604798	-0.424918989103	0.294112349019	-0.856120189491	-2.41177248955	1.68185949326	-4.89298295975
10	12	0.499616291374	0.267515969097	-0.370625140959	0.889422403118	1.54755342007	-2.09452557564	5.090695858
11	12	0.499299684539	-0.317752444546	0.232678280902	-0.919181266988	-1.79433166981	1.36041045189	-5.24750709534
12	12	0.499965872616	0.209697279677	-0.26264169315	0.941831403127	1.22373485565	-1.50201654434	5.37932157516
13	12	0.49998806417	-0.306738191551	0.303704718838	-0.902039425746	-1.75314188004	1.72417426109	-5.16102313995
14	12	0.499999660999	0.353174980265	-0.235733686694	0.905371228984	2.02427506447	-1.360637784	5.17055130005
15	12	0.499999832362	-0.398298294071	0.27056032414	-0.876444852767	-2.26315903664	1.55029511452	-5.0161151886
16	12	0.499999482185	0.279903601689	-0.367107157699	0.887066124101	1.61553692818	-2.08802270889	5.07114458084
17	12	0.500000003725	-0.301451352233	0.378071097622	-0.875322413388	-1.73227548599	2.15400052071	-5.0044670105
18	12	0.499999351799	0.408385952839	-0.405677445977	0.817708214065	2.32345414162	-2.3073554039	4.68648719788
19	12	0.500000074506	-0.352073780887	0.371936122866	-0.858899047222	-2.03228139877	2.11474680901	-4.90775966644
20	12	0.500000204891	0.396251819618	-0.318536578603	0.861114942119	2.27339363098	-1.81919836998	4.92030858994
21	12	0.499993599951	-0.447372020576	0.267288052811	-0.853472537361	-2.55620718002	1.53776669502	-4.87681627274
22	12	0.499987114221	0.456417724524	-0.288113111371	0.841827592679	2.60683202744	-1.65587031841	4.81120204926
23	12	0.499602694064	-0.450681554008	0.37193965753	-0.81150910533	-2.57993388176	2.11122083664	-4.63874053955
24	12	0.499811634421	0.520622254268	-0.314631523588	0.793699863126	2.95860314369	-1.81277823448	4.54400253296
25	12	0.499484799802	-0.47939926004	0.413875270574	-0.773875706997	-2.73961305618	2.33092522621	-4.43705749512
26	12	0.49995110184	0.431259370998	-0.331600998358	0.839080528206	2.48044347763	-1.88514983654	4.79434490204
27	12	0.499264296144	-0.410986687819	0.235883851441	-0.880595679677	-2.34270811081	1.35767948627	-5.02602529526
28	12	0.499635964632	0.25067860355	-0.246694206247	0.936110146471	1.47471165657	-1.41958916187	5.33993291855
29	12	0.499255046248	-0.383379833745	0.246379864119	-0.890121826288	-2.17456674576	1.41370987892	-5.08555555344
0	13	0.499987039715	-0.373604746377	0.197208123101	-0.906382066056	-2.13292765617	1.14584267139	-5.17937755585
1	13	0.49999820441	0.432229588821	-0.296930525659	0.851475099742	2.44901943207	-1.69126009941	4.88178348541
2	13	0.49999948591	-0.420967979624	0.249022852801	-0.8722233538	-2.39577436447	1.42866039276	-4.99034833908
3	13	0.499960940331	0.36252038904	-0.221135274834	0.905360788722	2.07404351234	-1.26938843727	5.17332553864
4	13	0.499672954902	-0.31901520154	0.214692452257	-0.923112372428	-1.83069610596	1.23898100853	-5.27345228195
5	13	0.445524785668	0.377372853106	-0.291727577928	0.878911116106	1.91742825508	-1.48653578758	4.5136384964
6	13	0.232636935078	0.287008223111	-0.226545797463	0.930754146657	0.803268194199	-0.642364323139	2.58478546143
7	13	0.445742627606	0.334866037214	-0.241626359396	0.910758716437	1.70783543587	-1.2397108078	4.67191934586
8	13	0.498984504491	-0.319604277109	0.295129861266	-0.900417387128	-1.83758735657	1.67666935921	-5.13950634003
9	13	0.497825212777	0.433748432682	-0.25313959175	0.864744265222	2.46770620346	-1.45355403423	4.95273780823
10	13	0.444979129359	-0.232697134273	0.178299342128	-0.956065577405	-1.20154809952	0.92816144228	-4.88811397552
11	13	0.497644288465	0.121332033667	-0.327120916133	0.93716084203	0.720306038857	-1.85023188591	5.36505746841
12	13	0.499291816726	-0.207707043042	0.16774089596	-0.963701601168	-1.19693124294	0.979099452496	-5.49606513977
13	13	0.499990228564	0.317997130003	-0.218054890167	0.922675398059	1.81637620926	-1.25446462631	5.27405738831
14	13	0.499998144805	-0.439686128443	0.291757598624	-0.849443118814	-2.49622702599	1.65417361259	-4.87034893036
15	13	0.499999925494	0.410434217593	-0.196038898537	0.890568640414	2.34528112411	-1.14293730259	5.08733034134
16	13	0.500000074506	-0.301641366674	0.277777848075	-0.912059182855	-1.73390197754	1.59898591042	-5.20827770233
17	13	0.500000234693	0.287749100679	-0.270777062141	0.91862954322	1.66372311115	-1.57097458839	5.24009227753
18	13	0.500000532717	-0.448625824929	0.315706328972	-0.836100701503	-2.5446639061	1.80495405197	-4.79133558273
19	13	0.499998848885	0.424250166459	-0.222014983785	0.877907252068	2.41895413399	-1.29202091694	5.01670312881
20	13	0.499999120831	-0.408750957149	0.198896581918	-0.890709158329	-2.32701778412	1.16466486454	-5.09114551544
21	13	0.499996054918	0.388737213113	-0.320733174823	0.863720793839	2.22663497925	-1.83094143867	4.93714809418
22	13	0.49960078299	-0.373481382009	0.336987979025	-0.864263130814	-2.1507256031	1.92136669159	-4.93106889725
23	13	0.498981393874	0.461512753678	-0.3268085357	0.824743693026	2.6313855648	-1.87915098667	4.71722126007
24	13	0.467964623123	-0.436281384224	0.462453050724	-0.771878053617	-2.35814619064	2.47431182861	-4.1729722023
25	13	0.49781620875	0.482105608596	-0.253855390068	0.838529440803	2.75881886482	-1.47232723236	4.78988695145
26	13	0.49911717698	-0.545775751431	0.236266126519	-0.803932302256	-3.09512424469	1.35055375099	-4.60135507584
27	13	0.499963257462	0.458637247457	-0.14563916904	0.876607727371	2.62155580521	-0.860073685646	5.00792646408
28	13	0.499957047403	-0.452097011957	0.32304102561	-0.831416133806	-2.5661907196	1.81737184525	-4.77577352524
29	13	0.499992482364	0.461741931123	-0.240862827813	0.853685824657	2.6213593483	-1.38458848	4.88846826553
0	14	0.49999981001	0.315413470934	-0.253004892862	0.914605306425	1.80968892574	-1.45021688938	5.22547578812
1	14	0.499999932945	-0.287848153841	0.329362895087	-0.899257206627	-1.66863417625	1.87301337719	-5.13770389557
2	14	0.499998029321	0.438550464247	-0.309020154844	0.843907598146	2.48671960831	-1.74976825714	4.84216403961
3	14	0.499990858138	-0.38756094342	0.19654194267	-0.900648532951	-2.20675563812	1.15009713173	-5.14769744873
4	14	0.499261882156	0.30613390414	-0.375173495931	0.874943930024	1.75630795956	-2.11667108536	5.00311994553
5	14	0.498187910765	-0.232194138309	0.413130674971	-0.880573067686	-1.35499048233	2.35353255272	-5.04076051712
6	14	0.445465395227	0.273204359544	-0.313280509665	0.909513441457	1.40930962563	-1.59789812565	4.65939331055
7	14	0.498199775815	-0.29696480576	0.182589294254	-0.937268933532	-1.70833873749	1.05981814861	-5.36031007767
8	14	0.498959515244	0.364208462352	-0.26297608947	0.893418027755	2.06200194359	-1.49452805519	5.11032438278
9	14	0.44566646032	-0.259898732683	0.257138457726	-0.930769822409	-1.34059488773	1.32015943527	-4.76822471619
10	14	0.233640721068	-0.307432796012	0.277011022291	-0.910357056031	-0.848554611206	0.755640625954	-2.552267313
11	14	0.44520884566	-0.338393397342	0.0720857465204	-0.938239603611	-1.7244374752	0.398855030537	-4.80623960495
12	14	0.499681791291	0.328626394169	-0.166052791313	0.929747903226	1.87081003189	-0.956686556339	5.31792449951
13	14	0.499959852546	-0.275775659229	0.219231092561	-0.935887554053	-1.60583353043	1.26001536846	-5.34072589874
14	14	0.49999993667	0.402484842118	-0.289013748435	0.868606357955	2.30588054657	-1.64551734924	4.96597766876
15	14	0.500000625849	-0.494127927116	0.257070106157	-0.830513426842	-2.79754400253	1.48581385612	-4.76041316986
16	14	0.500000275671	0.340773552601	-0.424284337256	0.838961373966	1.9552025795	-2.40644907951	4.80415582657
17	14	0.499999918044	-0.364378587898	0.438757881914	-0.821413273414	-2.07833361626	2.48707962036	-4.70995235443
18	14	0.500000204891	0.357757200116	-0.332441486064	0.872635344292	2.0509095192	-1.91023993492	4.98286104202
19	14	0.499999832362	-0.389994226166	0.325474858212	-0.86137716491	-2.21911430359	1.8540854454	-4.93179750443
20	14	0.499999813735	0.246125894536	-0.323612021837	0.91361770088	1.44424724579	-1.85607254505	5.21234273911
21	14	0.49998081848	-0.381726206754	0.430051106239	-0.818132720957	-2.18428683281	2.43197345734	-4.69083309174
22	14	0.499824643135	0.446556785643	-0.344081928467	0.825950763484	2.53608036041	-1.97014653683	4.72983598709
23	14	0.468303900212	-0.445437076099	0.336491139684	-0.829674348254	-2.3962264061	1.82164525986	-4.48020124435
24	14	0.306368773803	-0.386519032648	0.418760032099	-0.821731752409	-1.40688967705	1.5401673317	-3.01716184616
25	14	0.41685937345	-0.306513432384	0.478345398123	-0.822943008879	-1.50325763226	2.30929207802	-3.99140548706
26	14	0.497823316604	0.493355667945	-0.234978333723	0.837487532795	2.81102108955	-1.35600876808	4.79235649109
27	14	0.499157462269	-0.420333115968	0.199211674684	-0.885231484014	-2.40169239044	1.13168549538	-5.05248117447
28	14	0.499976936728	0.309596554605	-0.172050753026	0.935172984939	1.79899168015	-0.999000072479	5.33523416519
29	14	0.499989837408	-0.379482701658	0.317031191142	-0.869185885174	-2.16516852379	1.78785562515	-4.98034763336
0	15	0.499999128282	-0.301941785678	0.221174663792	-0.927314901292	-1.72889614105	1.28478908539	-5.29600811005
1	15	0.500000078231	0.311196979065	-0.319724592892	0.894948392323	1.77771234512	-1.81223297119	5.12247943878
2	15	0.500000050291	-0.330500034366	0.174145794603	-0.927600651954	-1.89432442188	1.03014028072	-5.29564476013
3	15	0.499987702817	0.288346925568	-0.290316326929	0.912454097933	1.66577005386	-1.64970541	5.21426391602
4	15	0.499977685511	-0.399632966813	0.266232930958	-0.877162196124	-2.27256536484	1.53726053238	-5.01614284515
5	15	0.499267663807	0.467053368271	-0.348889719172	0.812488224556	2.63576078415	-1.98800802231	4.65836381912
6	15	0.499642126262	-0.39829188028	0.312916571488	-0.862233609523	-2.27115273476	1.79444432259	-4.93080043793
7	15	0.499247930944	0.346733899281	-0.28245973404	0.894422775725	1.98058366776	-1.60098385811	5.10906791687
8	15	0.499217569828	-0.273554274003	0.202612447943	-0.940274563685	-1.57665491104	1.17199850082	-5.35979318619
9	15	0.498345578089	0.294265862423	-0.248350932475	0.922891876956	1.68248200417	-1.42611563206	5.28417348862
10	15	0.4461052306	-0.268405380989	0.305066918586	-0.913724644869	-1.38306236267	1.55717086792	-4.68890333176
11	15	0.49818742089	0.203441783459	-0.289360067956	0.93535137345	1.18719315529	-1.6501647234	5.35225725174
12	15	0.499251961708	-0.354812397201	0.25184211949	-0.90037975857	-2.01627993584	1.43987774849	-5.14324140549
13	15	0.499990075827	0.486333493004	-0.291436055079	0.823738283305	2.7562289238	-1.65558743477	4.72831344604
14	15	0.499998178333	-0.475953085928	0.275911187135	-0.83506986343	-2.70524644852	1.58645677567	-4.77998590469
15	15	0.5	0.380744393818	-0.346764985354	0.857197615202	2.18542861938	-1.97424721718	4.90046977997
16	15	0.499997910112	-0.289383041666	0.424393510633	-0.857990444777	-1.67718923092	2.41238069534	-4.90444803238
17	15	0.500000312924	0.384528695164	-0.390721624272	0.836345798652	2.17863345146	-2.2373919487	4.78886985779
18	15	0.499998375773	-0.31633586676	0.411692594316	-0.854658310195	-1.81515550613	2.33457875252	-4.8928565979
19	15	0.499999728054	0.356748843669	-0.295913952121	0.886095477632	2.03258109093	-1.72382974625	5.05859327316
20	15	0.499999046326	-0.338544351669	0.419384089523	-0.842321023962	-1.93962717056	2.37093734741	-4.82760715485
21	15	0.499994643033	0.461587196382	-0.311344060097	0.83066367224	2.61280870438	-1.79256796837	4.75943231583
22	15	0.499477207661	-0.319288136388	0.316696117473	-0.893173362309	-1.84002220631	1.80917179585	-5.09516334534
23	15	0.498133543879	0.260349929553	-0.317903217675	0.911677277535	1.50767493248	-1.83014082909	5.20880651474
24	15	0.41819870472	-0.283908097598	0.495961367877	-0.820620809931	-1.39412820339	2.40010452271	-3.99466466904
25	15	0.365508858114	-0.371655884302	0.461981113514	-0.805261047375	-1.62468934059	2.01604747772	-3.53220534325
26	15	0.416617970914	-0.344207247445	0.440701783046	-0.829037580105	-1.67279481888	2.12698602676	-4.02180194855
27	15	0.498022932559	0.43695772458	-0.151475141854	0.886635905166	2.49209594727	-0.873523592949	5.07620811462
28	15	0.499468773603	-0.404642600377	0.0810362085612	-0.910877323717	-2.29703140259	0.48665034771	-5.20649290085
29	15	0.499994505197	0.345368907603	-0.217974338324	0.912802007827	1.97547125816	-1.25200331211	5.2171459198
0	16	0.499999940395	0.263664387246	-0.396826008473	0.879209991923	1.51374697685	-2.24176001549	5.03709697723
1	16	0.499999985099	-0.285804346478	0.295812483179	-0.911488261213	-1.63317251205	1.69458627701	-5.21011829376
2	16	0.499999284744	0.348871215858	-0.297618167842	0.888657583615	1.97860527039	-1.69370317459	5.08952617645
3	16	0.499999742955	-0.287838735435	0.342953571664	-0.894165370648	-1.65461230278	1.94580149651	-5.11463165283
4	16	0.499987766147	0.350866389937	-0.278372650962	0.894092525195	2.00593519211	-1.59953320026	5.10864830017
5	16	0.499992117286	-0.353912682485	0.312143991102	-0.881652960067	-2.03268575668	1.79463505745	-5.03311061859
6	16	0.499961521477	0.375750340203	-0.404252043075	0.833901653378	2.14275121689	-2.28200912476	4.78444910049
7	16	0.499976780266	-0.427184173902	0.238957668567	-0.872016579086	-2.42269468307	1.37946844101	-4.99151849747
8	16	0.49996419251	0.312593295013	-0.25091206078	0.916148770488	1.79364395142	-1.43679022789	5.23486185074
9	16	0.499248869717	-0.283766853901	0.341154549784	-0.896152858495	-1.62377619743	1.92326509953	-5.12373018265
10	16	0.499703805894	0.319526762062	-0.311848325398	0.894792305663	1.82367897034	-1.78302693367	5.11751079559
11	16	0.499258149415	-0.30557730917	0.260174647813	-0.915932126719	-1.74048709869	1.50231838226	-5.2251958847
12	16	0.499973231927	0.247590471533	-0.284710848456	0.926087842041	1.4477288723	-1.6311109066	5.28590583801
13	16	0.499987900257	-0.461847614705	0.231529244031	-0.856207328835	-2.61385440826	1.34372603893	-4.90477895737
14	16	0.49999948591	0.394351494817	-0.327137350176	0.858759601201	2.26471352577	-1.85588407516	4.91020536423
15	16	0.499987047166	-0.39302769083	0.288495336751	-0.873097746483	-2.24484586716	1.65677309036	-4.98944568634
16	16	0.499989513308	0.388473760761	-0.330849997669	0.860015358143	2.20724630356	-1.88611125946	4.92577362061
17	16	0.499959975481	-0.249557695039	0.358823126879	-0.899425883808	-1.44683408737	2.04155302048	-5.14031600952
18	16	0.499989379197	0.267525696206	-0.305576131015	0.913812469834	1.53110456467	-1.77485096455	5.21503353119
19	16	0.499985925853	-0.259056873556	0.529131653864	-0.808027987846	-1.49324011803	2.97733092308	-4.64924621582
20	16	0.499999642372	0.336548322764	-0.303153123171	0.891534301279	1.92103636265	-1.75135397911	5.09257078171
21	16	0.499991826713	-0.393224322507	0.272208824798	-0.878223768689	-2.24115848541	1.55553638935	-5.0240650177
22	16	0.499975830317	0.35988074514	-0.277866072173	0.890660594847	2.04617547989	-1.60249257088	5.09260368347
23	16	0.499180253595	-0.337004887633	0.419319472364	-0.842970275756	-1.90756952763	2.37450861931	-4.82794475555
24	16	0.498088613153	0.256057665724	-0.416620121183	0.872274123455	1.47930550575	-2.37867927551	4.98771333694
25	16	0.41785665229	-0.42984045916	0.324653257421	-0.842518511437	-2.07537913322	1.59114813805	-4.09635686874
26	16	0.307135781273	-0.348398778347	0.403049425154	-0.846267955278	-1.28782320023	1.46455872059	-3.11688661575
27	16	0.468766922131	-0.338553117922	0.203421897413	-0.918695443549	-1.82673668861	1.10342514515	-4.96346759796
28	16	0.499817902222	0.289839589419	-0.115891801902	0.950032685047	1.67030501366	-0.687229096889	5.42486524582
29	16	0.499981865287	-0.313466612738	0.334511131814	-0.888729984524	-1.78519225121	1.88861131668	-5.09305000305
0	17	0.499999020249	-0.242314461321	0.329145799002	-0.912659161371	-1.38620603085	1.8725707531	-5.22081232071
1	17	0.50000026077	0.204025359844	-0.235127290586	0.950309849345	1.17852091789	-1.3597714901	5.42652606964
2	17	0.499999867752	-0.243653921993	0.244321484231	-0.938583922002	-1.39685177803	1.40588819981	-5.36253213882
3	17	0.499999646097	0.293776790131	-0.289547469636	0.910965125791	1.6765871048	-1.64889872074	5.21114110947
4	17	0.499999590218	-0.360053254296	0.309096026225	-0.880239342817	-2.05915856361	1.75994348526	-5.03472661972
5	17	0.499998126179	0.374759756058	-0.382402826733	0.844584633619	2.13457202911	-2.16769647598	4.84076881409
6	17	0.499999791384	-0.209811343175	0.282503306264	-0.936040107167	-1.23986029625	1.63389110565	-5.33820962906
7	17	0.499997798353	0.37423155581	-0.218273794585	0.901280918046	2.13310980797	-1.26778399944	5.15090560913
8	17	0.499987207353	-0.36360386279	0.255615128795	-0.895797486542	-2.06666350365	1.46249294281	-5.12587785721
9	17	0.499989287928	0.246982728893	-0.170459914224	0.953909298241	1.43155181408	-1.00762987137	5.44362878799
10	17	0.499961841851	-0.353418210074	0.352014141038	-0.86670734005	-2.01483488083	1.99924492836	-4.96264457703
11	17	0.499990265816	0.372245636496	-0.402575188883	0.836281294425	2.11880612373	-2.284055233	4.79396867752
12	17	0.499987307936	-0.352895118409	0.416713867838	-0.837743748264	-2.00536036491	2.36174988747	-4.80498552322
13	17	0.499999448657	0.273362308954	-0.31185157367	0.909956946258	1.59855401516	-1.78285765648	5.19239997864
14	17	0.499987490475	-0.416272137685	0.280673514533	-0.864835178301	-2.37075567245	1.60341775417	-4.94896173477
15	17	0.499976973981	0.375546320232	-0.275149069973	0.885018615993	2.14895772934	-1.56447219849	5.06162834167
16	17	0.499240551144	-0.390689126559	0.152204441006	-0.907852308763	-2.21509861946	0.894683837891	-5.18523216248
17	17	0.499598110095	0.259364301532	-0.240068111922	0.935466440194	1.48570275307	-1.37891805172	5.34636211395
18	17	0.499242480844	-0.240847577109	0.355628085807	-0.903062073828	-1.37915229797	2.02517843246	-5.15556049347
19	17	0.49997285381	0.222997689552	-0.407685080274	0.88547439589	1.2831183672	-2.32988452911	5.06111335754
20	17	0.499987300485	-0.288681700407	0.276604880149	-0.916598394134	-1.65043616295	1.59065699577	-5.23757314682
21	17	0.499998930842	0.32814648282	-0.151645097296	0.93237527331	1.87424039841	-0.90584474802	5.32575559616
22	17	0.499989608303	-0.20609851553	0.320003362346	-0.924727662603	-1.20221710205	1.81065309048	-5.28862047195
23	17	0.499962449074	0.211792485001	-0.367351390567	0.905647226654	1.23184466362	-2.09148001671	5.17650079727
24	17	0.499158572406	-0.290033222769	0.346900041827	-0.891931101975	-1.65126419067	1.98658895493	-5.09063243866
25	17	0.497338633984	0.429540690014	-0.405315323821	0.806978490356	2.43720912933	-2.30518937111	4.62548398972
26	17	0.468129685149	-0.28157029743	0.277813629714	-0.918443114597	-1.53255081177	1.49951171875	-4.95683097839
27	17	0.498206894845	0.266780198132	-0.24034027216	0.93330856605	1.53411459923	-1.36634254456	5.32722043991
28	17	0.499585881829	-0.304584975574	0.207063237941	-0.929705764287	-1.7282885313	1.18821799755	-5.3138923645
29	17	0.499982221052	0.221515362452	-0.23398119083	0.946669819174	1.28095555305	-1.35206460953	5.40519094467
0	18	0.499997731298	0.280789577014	-0.308981077324	0.908673707827	1.59583687782	-1.75972032547	5.19984579086
1	18	0.500000096858	-0.214149859564	0.296005104595	-0.930870998422	-1.23821640015	1.68661642075	-5.32065105438
2	18	0.500000150874	0.179297110126	-0.290702245059	0.939864219458	1.04592835903	-1.65002155304	5.37321472168
3	18	0.499999210238	-0.217104933419	0.156340319711	-0.963547171818	-1.26328122616	0.923076033592	-5.50015258789
4	18	0.499999795109	0.438713445111	-0.170189821464	0.882363835246	2.48480916023	-0.994500994682	5.05325746536
5	18	0.49999916181	-0.43160782398	0.333221521449	-0.838258971871	-2.45417308807	1.89780342579	-4.80259752274
6	18	0.500000104308	0.291017582631	-0.395596592824	0.871098216246	1.67715907097	-2.24228549004	4.98495864868
7	18	0.499999847263	-0.393485306318	0.370668898395	-0.841292981947	-2.2296833992	2.10549902916	-4.82566547394
8	18	0.499999463558	0.324738984046	-0.38242993182	0.865038692481	1.85456514359	-2.1588716507	4.95922708511
9	18	0.499998074025	-0.259046550601	0.219173690246	-0.940668793001	-1.49208843708	1.26431357861	-5.37279939651
10	18	0.500000178814	0.388131708888	-0.316466008232	0.86556515768	2.20272946358	-1.80307912827	4.95811223984
11	18	0.499998148531	-0.3327898143	0.313456393399	-0.889379575286	-1.91268575191	1.79768121243	-5.07885789871
12	18	0.500000298023	0.295238686614	-0.358894477455	0.885454048485	1.7038397789	-2.04890680313	5.05795240402
13	18	0.499998155981	-0.401838421521	0.30311741439	-0.864086636908	-2.28230619431	1.72937643528	-4.9486322403
14	18	0.499990519136	0.471444723651	-0.187236136191	0.861790288786	2.67319536209	-1.09426021576	4.93437719345
15	18	0.499261304736	-0.329825613527	0.238684161327	-0.91337009793	-1.88879477978	1.36030948162	-5.21273469925
16	18	0.49821857363	0.293157956333	-0.14066735931	0.945659085857	1.68563604355	-0.81733506918	5.4100651741
17	18	0.445886122994	-0.134186122292	0.119852107008	-0.98368163398	-0.708000361919	0.643196821213	-5.03955745697
18	18	0.497915476561	0.270169096357	-0.363458454431	0.891575353673	1.53748250008	-2.0814666748	5.10351133347
19	18	0.499226510525	-0.20773150339	0.470488420878	-0.857606126563	-1.1926305294	2.65881419182	-4.90878200531
20	18	0.499991625547	0.252298026959	-0.348576501683	0.902684955046	1.45344233513	-1.99202036858	5.15815019608
21	18	0.499997541308	-0.376925565215	0.315724705861	-0.870772661718	-2.14133739471	1.79231667519	-4.98982143402
22	18	0.499997837469	0.254232254171	-0.152827934598	0.954991928419	1.46826148033	-0.909929931164	5.45085477829
23	18	0.499979153275	-0.332709671589	0.257182651859	-0.90728240257	-1.87480580807	1.47108054161	-5.19726610184
24	18	0.499276354909	0.158946858811	-0.277368728555	0.947524397836	0.950516819954	-1.58753728867	5.40265035629
25	18	0.497181460261	-0.400119770089	0.349567345613	-0.847175802573	-2.26966357231	1.99126160145	-4.85244512558
26	18	0.445380344987	0.379795418401	-0.133855230347	0.915335030178	1.93379807472	-0.695188760757	4.69513320923
27	18	0.497961450368	-0.344535521673	0.148734996764	-0.926915948208	-1.95819377899	0.867223143578	-5.30643177032
28	18	0.49922740832	0.240793248607	-0.308223143319	0.920335322232	1.38666057587	-1.74058818817	5.25703191757
29	18	0.49998607114	-0.243794700627	0.283016186891	-0.927613056131	-1.39210176468	1.61891150475	-5.30306577682
0	19	0.499999033287	-0.276246826275	0.227413520591	-0.933793757542	-1.57684612274	1.32377326488	-5.33404064178
1	19	0.499999836087	0.395311938128	-0.255593552582	0.882270030916	2.22979784012	-1.47437787056	5.05464744568
2	19	0.499994117767	-0.337479548139	0.264574886403	-0.903386785421	-1.91437268257	1.52101278305	-5.16787433624
3	19	0.499995481223	0.264588278083	-0.306212881264	0.91445432606	1.51548862457	-1.72747087479	5.23549365997
4	19	0.499979481101	-0.366682481681	0.171953304294	-0.914317241864	-2.08794260025	1.00375723839	-5.22710895538
5	19	0.499991729856	0.427606931743	-0.27404362584	0.861424635741	2.42080354691	-1.56736969948	4.93728542328
6	19	0.499991703779	-0.311899726391	0.295861405933	-0.902875732954	-1.78507351875	1.69572901726	-5.15956354141
7	19	0.499999716878	0.270010813846	-0.277862569826	0.921892918237	1.55700540543	-1.59520673752	5.26471328735
8	19	0.500000420958	-0.243550480699	0.26291892273	-0.933572066539	-1.4016276598	1.50594639778	-5.33422899246
9	19	0.500000322238	0.219990441673	-0.154842752815	0.963134428558	1.27994847298	-0.91362786293	5.49734210968
10	19	0.500000335276	-0.351739910481	0.28981393794	-0.890105003216	-2.01880788803	1.6498336792	-5.0886631012
11	19	0.499999504536	0.431646674861	-0.255464756907	0.865112077167	2.45281887054	-1.4754165411	4.94917869568
12	19	0.499999891967	-0.330075455201	0.36877373151	-0.868939657757	-1.89711463451	2.09145307541	-4.97130489349
13	19	0.499999396503	0.313358657599	-0.275599737369	0.908763520653	1.80983114243	-1.59011864662	5.18488883972
14	19	0.499964304268	-0.407211874948	0.270764850823	-0.872275692921	-2.31393837929	1.55737018585	-4.99080181122
15	19	0.499709624797	0.251051000304	-0.30597295158	0.918343044917	1.45757591724	-1.75939893723	5.24307203293
16	19	0.446246828884	-0.290134566663	0.345480816304	-0.892448843796	-1.4825937748	1.75813889503	-4.58875894547
17	19	0.234669312835	-0.239264773258	0.291676311313	-0.926108685683	-0.677829682827	0.809668958187	-2.59936833382
18	19	0.445194181055	-0.230857964381	0.280670563266	-0.931626875524	-1.18127298355	1.43672001362	-4.77151823044
19	19	0.499704472721	0.164342433252	-0.34015823714	0.925896289192	0.957784473896	-1.95875191689	5.28687906265
20	19	0.499962408096	-0.296647633088	0.315853465899	-0.901241793229	-1.6920580864	1.83085465431	-5.14583206177
21	19	0.49999955669	0.456907636402	-0.379328475209	0.804577727565	2.57561898232	-2.15807509422	4.6272277832
22	19	0.499999202788	-0.308074968421	0.254742298287	-0.916622155141	-1.76070308685	1.46286010742	-5.23949432373
23	19	0.499960184097	0.254473539283	-0.21966909835	0.941800777784	1.46195292473	-1.25669109821	5.38142490387
24	19	0.499699464068	-0.253361230299	0.172549321885	-0.951858612662	-1.44732451439	0.996658980846	-5.44147062302
25	19	0.445033306256	0.219794226105	-0.150548852376	0.963859710341	1.14018917084	-0.776169419289	4.93006706238
26	19	0.233526671305	0.295764310143	-0.182099376825	0.937743722883	0.831244945526	-0.50422000885	2.6180729866
27	19	0.445734530687	0.296465380125	-0.104695792403	0.94928766422	1.52252388	-0.553286910057	4.8643951416
28	19	0.499603312463	-0.261460517683	0.291555566714	-0.920127028845	-1.49069786072	1.66249680519	-5.26306438446
29	19	0.49996211566	0.19425817082	-0.299542861695	0.934097338117	1.12426376343	-1.7156932354	5.33613014221
0	20	0.499998368323	0.194149816385	-0.381398312747	0.90379266197	1.12411785126	-2.17760181427	5.16537809372
1	20	0.49999403581	-0.28862816844	0.408722980375	-0.865817131788	-1.64152693748	2.32067108154	-4.96098089218
2	20	0.499984316528	0.294072913111	-0.333911721892	0.895557973421	1.66419291496	-1.90787315369	5.126765728
3	20	0.499594427645	-0.16223019473	0.248626749777	-0.954916804341	-0.945369958878	1.43213844299	-5.44885206223
4	20	0.499778535217	0.216595755544	-0.23447318997	0.947685919419	1.23765051365	-1.35044538975	5.41582345963
5	20	0.499461175874	-0.227228685134	0.285896859595	-0.93092970214	-1.31325244904	1.63385796547	-5.31267499924
6	20	0.499973263592	0.279417704338	-0.297636815217	0.912873525046	1.5952038765	-1.70709776878	5.21798944473
7	20	0.49998915568	-0.335323863543	0.270348802028	-0.902479601864	-1.90165114403	1.55371642113	-5.16255712509
8	20	0.499999130145	0.274481269477	-0.269625289187	0.923018004232	1.5744484663	-1.544444561	5.27428913116
9	20	0.500000089407	-0.327551735623	0.250811333194	-0.910935527703	-1.87285447121	1.4348757267	-5.20806789398
10	20	0.49999948591	0.482344428907	-0.308475350016	0.819869995996	2.73674488068	-1.75035429001	4.70511770248
11	20	0.499998539686	-0.469242347463	0.267544334901	-0.841564999397	-2.67774796486	1.53201651573	-4.81294107437
12	20	0.499999646097	0.413621359362	-0.315708554536	0.853958710754	2.36018753052	-1.80847871304	4.8828701973
13	20	0.499996729195	-0.384589748858	0.373929755368	-0.843959278119	-2.19507575035	2.13117837906	-4.82946968079
14	20	0.499979551882	0.361915494539	-0.425836067551	0.82926522801	2.06941699982	-2.42472410202	4.7459936142
15	20	0.49922285974	-0.296995839265	0.524216216995	-0.798117052379	-1.69744884968	2.95331549644	-4.58241558075
16	20	0.498061988503	0.267563385193	-0.390940214695	0.880667691833	1.53541409969	-2.24611973763	5.0356054306
17	20	0.444389512762	-0.362562997081	0.168844605995	-0.916536727128	-1.8391367197	0.893274128437	-4.68743610382
18	20	0.497295062989	0.188653632084	-0.515527203588	0.835847778882	1.08424711227	-2.92959070206	4.78742790222
19	20	0.49925898388	-0.198690407404	0.465317555831	-0.86255532822	-1.13147211075	2.65431761742	-4.92577362061
20	20	0.499986987561	0.237309839646	-0.554547939881	0.79759677932	1.36136853695	-3.13327741623	4.58582019806
21	20	0.499998308718	-0.268125157641	0.432292584072	-0.860948326902	-1.55047237873	2.46188759804	-4.9223742485
22	20	0.499998010695	0.245085269094	-0.345824432668	0.905725495193	1.41097342968	-1.96091032028	5.18201637268
23	20	0.499992834404	-0.240788724909	0.197646817957	-0.9502402461	-1.38603544235	1.14049756527	-5.42812013626
24	20	0.499249728397	0.32324652789	-0.175849435847	0.929832596826	1.84538722038	-1.00896024704	5.3068356514
25	20	0.498095665127	-0.401328845258	0.163567314285	-0.901210792024	-2.2840590477	0.939839243889	-5.16363143921
26	20	0.445676388219	0.2810742114	-0.171891442953	0.944166626992	1.43942534924	-0.885315418243	4.83955764771
27	20	0.498157978058	-0.355613034246	0.251265465294	-0.90022499178	-2.02340197563	1.44748163223	-5.15563201904
28	20	0.499235589057	0.248872823066	-0.322444211789	0.913286399889	1.43151402473	-1.84282028675	5.2097029686
29	20	0.499987076968	-0.195719116332	0.437019754649	-0.87789963068	-1.13417053223	2.47393298149	-5.02846813202
0	21	0.499998856336	-0.217669851238	0.411487930621	-0.885040970134	-1.24450421333	2.34657812119	-5.06250429153
1	21	0.499995540828	0.134972925916	-0.407995919092	0.902951626209	0.795782327652	-2.33148002625	5.1594285965
2	21	0.499606844038	-0.111470171511	0.383155230935	-0.916933187244	-0.661164402962	2.18678951263	-5.23651599884
3	21	0.498956361786	0.152226068087	-0.29519824204	0.943231266494	0.86381483078	-1.69769263268	5.39228630066
4	21	0.467757957056	-0.0506284421469	0.383284225758	-0.922241813805	-0.290388762951	2.05341434479	-4.97714328766
5	21	0.498070294037	0.219139214173	-0.337573976701	0.915435314518	1.24474239349	-1.93531501293	5.23933410645
6	21	0.499149732292	-0.192618193111	0.420854646269	-0.886442100984	-1.11805284023	2.37721061707	-5.06756687164
7	21	0.49997285381	0.284751395092	-0.349065651333	0.892787664595	1.62279188633	-1.98829007149	5.10887956619
8	21	0.499989602715	-0.271511044829	0.340235517603	-0.90028970065	-1.55701088905	1.93539583683	-5.14889097214
9	21	0.499998841435	0.320021477017	-0.267483600132	0.90886675476	1.83999252319	-1.52764153481	5.19290018082
10	21	0.499992102385	-0.456142054225	0.216359410883	-0.863205092484	-2.59467196465	1.251953125	-4.93853235245
11	21	0.499994296581	0.498852345047	-0.21853083315	0.838683857483	2.83745265007	-1.26196241379	4.80016899109
12	21	0.49998010695	-0.396049423341	0.315715386615	-0.8622462809	-2.27084064484	1.80403900146	-4.92659330368
13	21	0.499982807785	0.386528239545	-0.376242488575	0.842043650783	2.2096414566	-2.14944958687	4.81430149078
14	21	0.499959748238	-0.36742916612	0.396270677949	-0.841406773019	-2.09462451935	2.26684212685	-4.81217861176
15	21	0.49921380356	0.306097343584	-0.323900858677	0.895205367499	1.74869120121	-1.88525056839	5.09745550156
16	21	0.498908225447	-0.274313396997	0.457209712636	-0.84599730431	-1.57235908508	2.59546971321	-4.83568334579
17	21	0.498836595565	0.309656920554	-0.402367550115	0.861517815351	1.75726103783	-2.30279064178	4.91958904266
18	21	0.499224420637	-0.219512469752	0.456134172655	-0.86241283163	-1.24962937832	2.60000920296	-4.92613124847
19	21	0.499956294894	0.148224457097	-0.417781713406	0.896374893815	0.8637778759	-2.39425230026	5.11900806427
20	21	0.49998825416	-0.223401618105	0.406348726362	-0.885986698327	-1.28670978546	2.32200264931	-5.06407785416
21	21	0.499999623746	0.402191516359	-0.308035211162	0.862181125317	2.2648806572	-1.77062022686	4.94307136536
22	21	0.500000284985	-0.283955108278	0.240174990255	-0.928270149546	-1.62797176838	1.38709163666	-5.30195379257
23	21	0.499987844378	0.268049755032	-0.202828730541	0.941811995514	1.52928304672	-1.17563509941	5.3824262619
24	21	0.49997446686	-0.40048763471	0.238703379151	-0.884663976449	-2.25964093208	1.36458337307	-5.07251739502
25	21	0.499261718243	0.36780226438	-0.207345580227	0.906492859695	2.08544993401	-1.19430363178	5.17842769623
26	21	0.499671440572	-0.209280279121	0.287506361186	-0.934634611519	-1.22128880024	1.6364082098	-5.3414978981
27	21	0.499232891947	0.320352768557	-0.355451726493	0.878082099698	1.82391262054	-2.01440119743	5.01992845535
28	21	0.499974597245	-0.339300936757	0.333464417791	-0.879588742756	-1.93112707138	1.914737463	-5.02883243561
29	21	0.499987497926	0.358504032437	-0.357781622254	0.862245423011	2.02016401291	-2.0548248291	4.93834066391
0	22	0.499999385327	0.167941586162	-0.399993209409	0.901000031112	0.984848976135	-2.28847622871	5.14580106735
1	22	0.499981187284	-0.279016402918	0.406205884124	-0.870141727885	-1.57923340797	2.32965826988	-4.97632884979
2	22	0.499809518456	0.221840619064	-0.456409473132	0.861671127849	1.26231861115	-2.58968162537	4.93829059601
3	22	0.468203179538	-0.12420417535	0.358900530741	-0.925074987155	-0.676294624805	1.93939757347	-4.98988866806
4	22	0.305686644278	-0.0295589475776	0.376010140925	-0.926143964262	-0.127763330936	1.36339521408	-3.39447712898
5	22	0.417252082378	-0.0281316681836	0.299695340943	-0.953620108776	-0.142804428935	1.46229338646	-4.62592840195
6	22	0.497941689566	0.257127943342	-0.317169417642	0.912846526677	1.45333528519	-1.81574320793	5.22570037842
7	22	0.499155666679	-0.250287214007	0.253599102874	-0.934368131694	-1.4360268116	1.46262633801	-5.32682991028
8	22	0.499974817038	0.267483837946	-0.341561803344	0.900992747437	1.53516232967	-1.93844509125	5.15494346619
9	22	0.499981380999	-0.384395904793	0.219764062173	-0.896628989803	-2.1802072525	1.28166282177	-5.12746858597
10	22	0.499974869192	0.30984481962	-0.293938188624	0.904210445097	1.80274367332	-1.67266595364	5.16192722321
11	22	0.499479204416	-0.463778678579	0.24743536322	-0.850696819275	-2.63113379478	1.41493272781	-4.86795139313
12	22	0.499826703221	0.382094198903	-0.331113462582	0.862767580558	2.19174289703	-1.89002108574	4.93021917343
13	22	0.499599266797	-0.40244774932	0.396227853564	-0.82525105097	-2.28949666023	2.26244521141	-4.71950340271
14	22	0.499230541289	0.320080027964	-0.466242378559	0.824722268485	1.83682286739	-2.65372157097	4.70837306976
15	22	0.498324871063	-0.289576901227	0.460224313306	-0.839248949787	-1.66222190857	2.62497782707	-4.81000518799
16	22	0.445686433464	0.323304501184	-0.473778747101	0.819150717701	1.65189564228	-2.42166519165	4.20473718643
17	22	0.498165164143	-0.248346314186	0.524628900442	-0.814302539018	-1.42396318913	2.98398303986	-4.67365980148
18	22	0.499225091189	0.174060191127	-0.402166450467	0.898868842481	1.0099915266	-2.30578804016	5.12351131439
19	22	0.499978754669	-0.194725497323	0.428476175038	-0.882320887272	-1.11725628376	2.4340736866	-5.05093240738
20	22	0.499997977167	0.242907518683	-0.311542799144	0.918660449605	1.39195477962	-1.79086232185	5.24797964096
21	22	0.499999940395	-0.281332191904	0.26412796806	-0.92254464081	-1.61499381065	1.51913952827	-5.26947450638
22	22	0.499999430031	0.307139994525	-0.302773672076	0.902215676687	1.73776125908	-1.72919046879	5.16520118713
23	22	0.499999688938	-0.0797193768284	0.358180187148	-0.930242857803	-0.494403004646	2.03200078011	-5.32232570648
24	22	0.499987877905	0.172694120627	-0.343095890818	0.92328866039	1.00569117069	-1.94630694389	5.28140926361
25	22	0.499988678843	-0.240486020206	0.292459629822	-0.925545157737	-1.3852584362	1.67059528828	-5.28926038742
26	22	0.499964220449	0.251224310942	-0.254908248038	0.933760210479	1.42982256413	-1.46856117249	5.3364200592
27	22	0.499988824129	-0.306935111029	0.311246393544	-0.89939786531	-1.74894654751	1.78963065147	-5.14036750793
28	22	0.499986868352	0.309542396436	-0.425650631532	0.85029703321	1.75767409801	-2.41538381577	4.87487697601
29	22	0.499998867512	-0.22430900027	0.379386743732	-0.897636435913	-1.29023718834	2.17172002792	-5.12872982025
0	23	0.499999217689	-0.324948138972	0.418989695351	-0.84785396276	-1.83433699608	2.39068746567	-4.85918807983
1	23	0.499990154058	0.338522800667	-0.475771180657	0.811815309713	1.91964662075	-2.70541501045	4.65657424927
2	23	0.499466761947	-0.260887291136	0.349080258117	-0.900044884835	-1.48789417744	2.01238465309	-5.13375043869
3	23	0.498272977769	0.18513819127	-0.363454562608	0.913030465566	1.06655752659	-2.08080434799	5.22455406189
4	23	0.418172631413	-0.140667541591	0.295301845178	-0.944991779317	-0.675215065479	1.4444527626	-4.59467077255
5	23	0.365049401298	-0.0918592125424	0.293349919703	-0.951581688391	-0.40669208765	1.27783000469	-4.16351890564
6	23	0.416802972555	-0.0329563640817	0.265052103155	-0.963670722124	-0.181544393301	1.2869001627	-4.67112731934
7	23	0.498133728281	0.302010751838	-0.22663581072	0.925972847914	1.71750676632	-1.30476212502	5.30124473572
8	23	0.499464754015	-0.236715558857	0.321986857303	-0.916673446719	-1.37249803543	1.83653175831	-5.23067855835
9	23	0.499963242561	0.351611856606	-0.356211604447	0.865726512908	2.00956010818	-2.02087116241	4.95642995834
10	23	0.499186739326	-0.411478078986	0.358899078881	-0.837781141882	-2.33245396614	2.029317379	-4.79884433746
11	23	0.498120650649	0.377137181241	-0.155192768812	0.913062293074	2.16506695747	-0.916503190994	5.21822357178
12	23	0.468339748681	-0.375303157298	0.323472243291	-0.868627220356	-2.02481722832	1.74164199829	-4.69027376175
13	23	0.49881657958	0.369629702103	-0.392719999561	0.842107407204	2.11772155762	-2.24261593819	4.81402492523
14	23	0.499227650464	-0.369882168442	0.503125544797	-0.78105817174	-2.11303377151	2.84585475922	-4.48170661926
15	23	0.445339597762	0.307742665755	-0.349574592581	0.884924887149	1.57891798019	-1.8050429821	4.52632427216
16	23	0.232510641217	0.273079439201	-0.414910819055	0.867915106515	0.782025039196	-1.14859819412	2.40833878517
17	23	0.445441678166	0.37226775441	-0.423368437474	0.825939395584	1.89418745041	-2.16615772247	4.23862218857
18	23	0.499654900283	-0.276907651436	0.354209941222	-0.893228677392	-1.58480536938	2.02941989899	-5.10525369644
19	23	0.499962028116	0.252483297206	-0.335121136434	0.9077147176	1.44850981236	-1.91548752785	5.18777132034
20	23	0.499999489635	-0.309779082969	0.290613175111	-0.905307076194	-1.76441001892	1.66394782066	-5.17696332932
21	23	0.499999949709	0.285037672838	-0.258006269715	0.923139366429	1.63351678848	-1.48570930958	5.2731962204
22	23	0.499999836087	-0.286632643234	0.313292939581	-0.90536692111	-1.62789607048	1.78850030899	-5.18041324615
23	23	0.499999370426	0.125294390443	-0.325520041637	0.937196894049	0.731976807117	-1.85802364349	5.3571100235
24	23	0.499989891425	-0.226678802045	0.235204378592	-0.945143174865	-1.29078269005	1.37967443466	-5.39684534073
25	23	0.49998935312	0.335522949705	-0.338667935851	0.87904970249	1.88472151756	-1.93263244629	5.04079914093
26	23	0.499968407676	-0.116457396555	0.287900868906	-0.950552873054	-0.714323401451	1.65945744514	-5.42552995682
27	23	0.499987881631	0.274205546745	-0.368502332083	0.888266485568	1.55852222443	-2.09463810921	5.08644247055
28	23	0.499985210598	-0.17068163831	0.389429996325	-0.905103340126	-1.00355041027	2.22285413742	-5.17106819153
29	23	0.49999742955	0.173160896504	-0.370261348639	0.912645515863	1.00632584095	-2.11814522743	5.21399974823
0	24	0.499963264912	0.247265084215	-0.338713154948	0.907817920507	1.41853237152	-1.95698237419	5.18103313446
1	24	0.499981686473	-0.260753237617	0.499481838429	-0.826151101284	-1.49739646912	2.83546209335	-4.73364400864
2	24	0.499952670187	0.265097882235	-0.374736307594	0.888423217057	1.51846957207	-2.1510591507	5.0744099617
3	24	0.49911686033	-0.270806164673	0.378748955636	-0.884993361432	-1.53005504608	2.16111755371	-5.0562877655
4	24	0.497279053554	0.157894493061	-0.339005332444	0.927439870631	0.902541339397	-1.93454110622	5.29728412628
5	24	0.416882555932	-0.15171125442	0.178207823832	-0.972227168314	-0.738425970078	0.880879163742	-4.71894025803
6	24	0.307332167402	-0.179091313853	0.268949546183	-0.946357460429	-0.660381436348	0.976787686348	-3.48471307755
7	24	0.468496542424	-0.314588074777	0.127912566492	-0.940570421894	-1.69412231445	0.716878890991	-5.07707691193
8	24	0.499713923782	0.322710055929	-0.340795603182	0.883015615181	1.84512996674	-1.92779040337	5.0554523468
9	24	0.499196942896	-0.36685300841	0.267500795427	-0.890989447001	-2.08584713936	1.55544412136	-5.0809378624
10	24	0.497964691371	0.329287684211	-0.33814022944	0.881606945447	1.89754152298	-1.92179739475	5.04224681854
11	24	0.417683659121	-0.366783251967	0.287838184944	-0.884657688242	-1.7710558176	1.39609086514	-4.30214977264
12	24	0.306822868995	-0.222890447048	0.262432512906	-0.938855167097	-0.848804891109	0.95384478569	-3.44332098961
13	24	0.4685645625	-0.453306666527	0.194129883665	-0.869957846307	-2.43472027779	1.06408774853	-4.70177745819
14	24	0.499063618481	0.438905678793	-0.306760646821	0.844547044684	2.4956240654	-1.75793766975	4.82410955429
15	24	0.498232387006	-0.43790214993	0.32869834493	-0.836779006146	-2.50576424599	1.88000249863	-4.79186820984
16	24	0.445697940886	0.365421333083	-0.330090145348	0.870349208808	1.86198949814	-1.69651472569	4.46440505981
17	24	0.498288847506	-0.293304150609	0.38656256536	-0.874380957191	-1.6915564537	2.20711326599	-5.00516653061
18	24	0.499248024076	0.358133240046	-0.33158582929	0.872806633905	2.0345723629	-1.89206361771	4.98662567139
19	24	0.499989632517	-0.298209155126	0.258360265948	-0.91886956244	-1.7136657238	1.48581731319	-5.24799871445
20	24	0.499995868653	0.3594210222	-0.284016309252	0.888904530802	2.04353523254	-1.63048410416	5.08408355713
21	24	0.499999847263	-0.326508129655	0.319892783076	-0.889416127921	-1.85940778255	1.82591962814	-5.08838939667
22	24	0.499999355525	0.270867159392	-0.319081008468	0.908195073758	1.54065823555	-1.82181835175	5.19544029236
23	24	0.499989613891	-0.119059719585	0.330579362675	-0.936238253943	-0.704249382019	1.89654445648	-5.34746170044
24	24	0.499974861741	0.185729593942	-0.452621119171	0.87214599719	1.06564617157	-2.56464385986	4.99807596207
25	24	0.499319471419	-0.214188933744	0.449457574455	-0.867243327692	-1.23060667515	2.55281567574	-4.95645904541
26	24	0.499667558819	0.338702600326	-0.364911457727	0.867248624416	1.90850305557	-2.07975816727	4.97271823883
27	24	0.499249663204	-0.332401530381	0.276627952343	-0.901657472981	-1.88671779633	1.60457718372	-5.14327383041
28	24	0.499963127077	0.343103056783	-0.340081805367	0.875571046852	1.93352472782	-1.95212137699	5.01462936401
29	24	0.499976910651	-0.20362027798	0.302817874603	-0.931042489479	-1.17095625401	1.74925017357	-5.31557512283
0	25	0.499697692692	-0.274347916301	0.429586215623	-0.860342318015	-1.56221246719	2.45000243187	-4.92518520355
1	25	0.499230332673	0.285033941196	-0.493882363913	0.821483939576	1.6237757206	-2.80705046654	4.69742250443
2	25	0.499954719096	-0.317820444695	0.3913448042	-0.86361994486	-1.80354952812	2.2428958416	-4.93992424011
3	25	0.499232698232	0.240774133743	-0.422627599509	0.873735502685	1.37187147141	-2.39601421356	4.99720096588
4	25	0.495734250173	-0.100173178126	0.334495547642	-0.937058196161	-0.597774088383	1.90732812881	-5.33787870407
5	25	0.443201774731	0.434241516565	-0.0861504249282	0.896667390717	2.21813201904	-0.453778505325	4.60466957092
6	25	0.467195868492	-0.385436403064	0.276569911919	-0.880311230767	-2.08296132088	1.4952994585	-4.77245473862
7	25	0.498089618981	0.33108498821	-0.250290741704	0.90980067883	1.88896250725	-1.43047440052	5.1931476593
8	25	0.499125622213	-0.376197126443	0.265433539546	-0.887705332946	-2.1318397522	1.53632116318	-5.06696653366
9	25	0.4974854514	0.329504584596	-0.463421873551	0.822597651251	1.89452195168	-2.61329197884	4.72036743164
10	25	0.416145719588	-0.503002595861	0.0629249437292	-0.86199120646	-2.42389202118	0.328308820724	-4.17968082428
11	25	0.365255028009	-0.367736810186	0.183873062301	-0.911570258068	-1.61044549942	0.80385106802	-3.98845291138
12	25	0.41718803253	-0.275717203968	0.0795956367432	-0.957937658748	-1.34309852123	0.408740758896	-4.64507102966
13	25	0.498168837279	0.378948130807	-0.239858634047	0.893793124739	2.1683409214	-1.37807059288	5.11394453049
14	25	0.499442320317	-0.330226317138	0.270799992847	-0.904222286467	-1.90702450275	1.54549634457	-5.15720081329
15	25	0.49924339354	0.495881605455	-0.306357982347	0.812555364282	2.80125951767	-1.73804092407	4.66178846359
16	25	0.499673739076	-0.268607925344	0.216741569273	-0.938548280373	-1.5693500042	1.25444948673	-5.35510206223
17	25	0.499250650406	0.384215842014	-0.355173526843	0.852191265254	2.17367887497	-2.00992798805	4.88167285919
18	25	0.499967887998	-0.417684685218	0.311867862035	-0.853392020331	-2.3764538765	1.77357912064	-4.88831138611
19	25	0.499950777739	0.352932388138	-0.194824216076	0.915140565287	2.01890277863	-1.1436612606	5.22499513626
20	25	0.499990876764	-0.33711288476	0.372657008252	-0.864570215269	-1.92764377594	2.10691428185	-4.95327663422
21	25	0.499987222254	0.284390964872	-0.373625003862	0.88290777298	1.6310352087	-2.11749482155	5.05380916595
22	25	0.499989856035	-0.225059476584	0.268354466114	-0.936661151386	-1.30156517029	1.54009890556	-5.34991502762
23	25	0.499976102263	0.235233580287	-0.326211506612	0.91556060185	1.33824872971	-1.86486792564	5.23616456985
24	25	0.49917448312	-0.224635203647	0.424403872717	-0.877166106336	-1.28580367565	2.41323924065	-5.01085233688
25	25	0.497660461813	0.126889441221	-0.443483230273	0.887255146039	0.745087981224	-2.52948594093	5.07632160187
26	25	0.451282404363	-0.192298000967	0.304750044477	-0.932817714892	-1.01210570335	1.58717131615	-4.84053659439
27	25	0.498395036906	0.227793667787	-0.402574108194	0.886591299488	1.31122803688	-2.29483938217	5.07580566406
28	25	0.499201864004	-0.221838056789	0.479219092088	-0.849197820498	-1.27602243423	2.71821665764	-4.85526847839
29	25	0.49922164157	0.139703890749	-0.406383288829	0.902959271213	0.822079718113	-2.32117557526	5.15018939972
0	26	0.445310458541	0.332210606326	-0.343968193766	0.878249392099	1.69902276993	-1.76994931698	4.49607467651
1	26	0.498055886477	-0.241486873431	0.480898256916	-0.842864732004	-1.39328289032	2.73983502388	-4.82842159271
2	26	0.49923472479	0.279793399424	-0.351323814067	0.89346921117	1.59108877182	-2.01460456848	5.09844446182
3	26	0.499581379816	-0.244646067698	0.307919354186	-0.919420454894	-1.40934503078	1.77055025101	-5.25104761124
4	26	0.443429585546	0.465570465042	-0.181523100168	0.866194843085	2.35309934616	-0.934064269066	4.43118619919
5	26	0.23470914457	0.359814399183	-0.186893203267	0.914114067671	1.00323033333	-0.536457002163	2.56604576111
6	26	0.44658651948	0.25412242062	-0.204012230792	0.945410389738	1.31551623344	-1.05185103416	4.85626983643
7	26	0.499266153201	-0.268671065171	0.282722162384	-0.920806188965	-1.54246866703	1.61874890327	-5.25725460052
8	26	0.499774314463	0.277573319735	-0.329832206572	0.902310239152	1.60471582413	-1.87373280525	5.15709352493
9	26	0.46824926883	-0.351184751584	0.273064422578	-0.895603199736	-1.89788079262	1.48054921627	-4.83047246933
10	26	0.307255905122	-0.450271634245	0.178200352487	-0.874928619813	-1.64259290695	0.663699924946	-3.22287464142
11	26	0.418034590781	-0.313140098565	0.187816753084	-0.930950130744	-1.5361263752	0.919924199581	-4.52102708817
12	26	0.497906263918	0.428361299999	-0.278671530227	0.859563130261	2.44491648674	-1.58754777908	4.92017412186
13	26	0.499131064862	-0.425671885755	0.328079772897	-0.843307244302	-2.41704916954	1.85545372963	-4.82630062103
14	26	0.499965768307	0.31272548395	-0.189079207966	0.930833940509	1.80992841721	-1.10705804825	5.30967712402
15	26	0.499983627349	-0.46059208046	0.229604397409	-0.857401164046	-2.60838985443	1.30585002899	-4.91794681549
16	26	0.499948861077	0.345874486696	-0.100247989199	0.932910060035	1.97234129906	-0.608934044838	5.33170843124
17	26	0.49996272102	-0.223236888291	0.228641937817	-0.947569604819	-1.31715261936	1.31316900253	-5.40796804428
18	26	0.49921643734	0.4173646052	-0.208145937619	0.884580157464	2.36237883568	-1.20671570301	5.05467557907
19	26	0.49966507405	-0.364228972717	0.28987417269	-0.885048145267	-2.07825088501	1.64559221268	-5.06615209579
20	26	0.499237079173	0.350713624601	-0.266451383789	0.897777040025	1.99236798286	-1.52874350548	5.12612533569
21	26	0.499963201582	-0.314825461769	0.262009255885	-0.912269739963	-1.79829382896	1.49847173691	-5.21594524384
22	26	0.499959845096	0.334371644145	-0.127377423352	0.933793657941	1.90132403374	-0.774061918259	5.3375043869
23	26	0.499128501862	-0.237963934679	0.276442533325	-0.931102943589	-1.38512825966	1.57713270187	-5.30806159973
24	26	0.498045925051	0.406257161581	-0.325617141609	0.853773152397	2.29942035675	-1.8654088974	4.89930343628
25	26	0.419230751693	-0.386507573089	0.236653504721	-0.891407322523	-1.87258934975	1.16594111919	-4.35015726089
26	26	0.267668295652	-0.26528365065	0.298725095815	-0.916726732363	-0.84651863575	0.958342194557	-2.93756985664
27	26	0.451042002067	-0.215842751957	0.249332921433	-0.944057731665	-1.12604415417	1.31508970261	-4.89461898804
28	26	0.498826108873	0.314010669897	-0.495074986428	0.810122248185	1.77449917793	-2.80170631409	4.64640331268
29	26	0.49822441861	-0.212220191607	0.420295510733	-0.882221215984	-1.22274339199	2.40872836113	-5.04790496826
0	27	0.232668377459	0.371443645269	-0.38063015625	0.846847272265	1.00936532021	-1.05394542217	2.36943221092
1	27	0.445394892246	0.329616488073	-0.315456603832	0.889853977847	1.68447840214	-1.62472951412	4.55711269379
2	27	0.499692674726	-0.221362310827	0.339685808218	-0.914118306917	-1.27880048752	1.94531083107	-5.22288227081
3	27	0.49917479977	0.214041949742	-0.377666606503	0.900862907485	1.22639989853	-2.14498448372	5.14468050003
4	27	0.498027155176	-0.221341756177	0.333137575318	-0.91652996835	-1.2717628479	1.90169024467	-5.24656105042
5	27	0.446330124512	0.306890705514	-0.260869684638	0.915295090397	1.57709956169	-1.34066951275	4.69830608368
6	27	0.49827106297	-0.331398565423	0.301391882056	-0.894057002806	-1.89240264893	1.72888636589	-5.11884975433
7	27	0.499240394682	0.300344907345	-0.383929319203	0.873150167204	1.73011803627	-2.17182922363	4.98812007904
8	27	0.499583676457	-0.386904279654	0.296049935467	-0.873303792558	-2.19700193405	1.69933986664	-4.99170351028
9	27	0.498978618532	0.379643298683	-0.320514649883	0.867837153489	2.16698074341	-1.84068322182	4.96208572388
10	27	0.468803156167	-0.385008995722	0.377015962295	-0.842393635652	-2.0714764595	2.03045797348	-4.55829811096
11	27	0.498211860657	0.248561374579	-0.39971555017	0.882295144507	1.44477283955	-2.2728946209	5.05140399933
12	27	0.499190498143	-0.476429010852	0.249037533219	-0.843205612331	-2.68959903717	1.44653427601	-4.82374954224
13	27	0.499975189567	0.374255535293	-0.322749884553	0.869347632609	2.14221668243	-1.84291911125	4.96991729736
14	27	0.499989420176	-0.352689722679	0.320355738028	-0.879194040374	-2.01487493515	1.8150806427	-5.03296232224
15	27	0.499996004626	0.293263045788	-0.178261673204	0.939265437372	1.69464731216	-1.0438375473	5.36004924774
16	27	0.499991133809	-0.314374953915	0.243554353294	-0.917523659282	-1.80257415771	1.3864967823	-5.24533891678
17	27	0.499239962548	0.358463805418	-0.312921446907	0.879536166551	2.03214168549	-1.77029752731	5.03205251694
18	27	0.498348325491	-0.335440695702	0.274183361942	-0.901278549451	-1.92510604858	1.56886434555	-5.15955448151
19	27	0.445700084791	0.23199186316	-0.282257491268	0.930865448951	1.19795274734	-1.45043599606	4.76846408844
20	27	0.498290106654	-0.235776055534	0.268522304133	-0.933972924565	-1.35888826847	1.53883731365	-5.34509801865
21	27	0.49920408614	0.264150282985	-0.263593837146	0.927762317093	1.51574671268	-1.52198839188	5.28911018372
22	27	0.499013256282	-0.365905434337	0.380159309346	-0.849465780735	-2.07842636108	2.14151477814	-4.86467838287
23	27	0.498128574342	0.382078123438	-0.276135675863	0.881910083912	2.17424917221	-1.58563041687	5.05180168152
24	27	0.403678597882	-0.319509362116	0.297907991621	-0.899535766965	-1.49908280373	1.39177310467	-4.21941423416
25	27	0.315151121467	-0.312928826158	0.321518298483	-0.893701031386	-1.1701785326	1.20744156837	-3.37956881523
26	27	0.420044289902	-0.21167631854	0.306379999192	-0.928075660851	-1.03928208351	1.49912118912	-4.53248548508
27	27	0.498082343489	0.224189411911	-0.388509088519	0.893756004581	1.29250979424	-2.21179461479	5.11874485016
28	27	0.49902812019	-0.296768112665	0.373336733381	-0.878947308326	-1.69821357727	2.13960933685	-5.0147562027
29	27	0.445813834667	0.309713856642	-0.389729851039	0.867287709017	1.59050416946	-1.9959821701	4.44701814651
0	28	0.445557694882	0.32773592477	-0.36078380896	0.873169059694	1.67180907726	-1.85035336018	4.47725391388
1	28	0.498267820105	-0.205696940635	0.33108026969	-0.920909671811	-1.19065690041	1.90243983269	-5.26745033264
2	28	0.499232102185	0.287626713241	-0.345730337292	0.893163707114	1.62220036983	-1.9715950489	5.10525560379
3	28	0.499965254217	-0.239215997625	0.369317407104	-0.897986836925	-1.36424040794	2.10800886154	-5.13623905182
4	28	0.499247675762	0.198468946665	-0.286587298007	0.937271464321	1.14003872871	-1.65923333168	5.34178161621
5	28	0.499685805291	-0.227203338623	0.422338197824	-0.877501617992	-1.30889546871	2.39228200912	-5.02639436722
6	28	0.499258115888	0.2868683495	-0.324944342999	0.901175745351	1.64751195908	-1.87185978889	5.13565349579
7	28	0.499963577837	-0.451744591448	0.339672030373	-0.82495438412	-2.55982351303	1.94560337067	-4.72808790207
8	28	0.499973267317	0.376682650806	-0.267769461191	0.886797438108	2.16051483154	-1.54992365837	5.06171274185
9	28	0.499612692744	-0.30251594814	0.483590683032	-0.821355070847	-1.745642066	2.73185062408	-4.70494318008
10	28	0.49982521683	0.318908144276	-0.402253325544	0.858189872699	1.82262969017	-2.30018687248	4.90606975555
11	28	0.499470893294	-0.213541023141	0.385759517341	-0.897546559359	-1.25151133537	2.19936418533	-5.12044906616
12	28	0.499977614731	0.377048282732	-0.348560187216	0.858102784273	2.14530754089	-1.99255394936	4.91100692749
13	28	0.499989766628	-0.282090344986	0.36324825693	-0.887961565105	-1.63633239269	2.06367206573	-5.07439470291
14	28	0.499999962747	0.391572740139	-0.319815784807	0.862779608572	2.21778035164	-1.82966041565	4.94152784348
15	28	0.499999567866	-0.307410781527	0.293955918097	-0.905035098555	-1.76118028164	1.68078398705	-5.17296743393
16	28	0.499963141978	0.335504895116	-0.27418729138	0.901253457468	1.91290926933	-1.56861066818	5.15327548981
17	28	0.499711271375	-0.318328057569	0.265335674364	-0.910090230513	-1.8210849762	1.5240073204	-5.20162773132
18	28	0.445853024721	0.332739235597	-0.295978410847	0.895366618435	1.69511508942	-1.51753544807	4.59533119202
19	28	0.23281940911	0.260317533998	-0.29754781649	0.918531479262	0.719440221786	-0.836157917976	2.55632686615
20	28	0.445229692385	0.144143897138	-0.35421663221	0.923987615925	0.755470752716	-1.8113052845	4.7302904129
21	28	0.498942870647	-0.243265048574	0.417400377451	-0.875556417968	-1.39784264565	2.36063885689	-5.00802516937
22	28	0.498072013259	0.32468116855	-0.389063563738	0.862097257948	1.85686969757	-2.22454214096	4.93583059311
23	28	0.410675453022	-0.388891963044	0.263671671169	-0.882745881272	-1.85999071598	1.24670898914	-4.21416378021
24	28	0.329829851631	-0.224674197676	0.169302445725	-0.959613561164	-0.90172970295	0.687510430813	-3.78426742554
25	28	0.402609983459	-0.135104641927	0.245357334906	-0.959972142272	-0.651347756386	1.14917683601	-4.48706245422
26	28	0.497867550701	0.229821400068	-0.390873538798	0.89129119862	1.32435894012	-2.22100877762	5.10426282883
27	28	0.499157741666	-0.266849688394	0.288671671559	-0.91948893949	-1.52008676529	1.66923141479	-5.24275970459
28	28	0.499206095934	0.397184588662	-0.338280891821	0.853118069647	2.23414516449	-1.93364787102	4.88495254517
29	28	0.498354729265	-0.285296021442	0.353344723703	-0.890928552905	-1.64364361763	2.02063989639	-5.09950256348
0	29	0.499654855579	-0.125684311194	0.363183819034	-0.923201477204	-0.747681617737	2.07505273819	-5.27590370178
1	29	0.499250207096	0.231821021584	-0.40452215785	0.884658599551	1.31237053871	-2.29756569862	5.05812358856
2	29	0.499970534816	-0.183380573098	0.294189367292	-0.937989435752	-1.05576658249	1.71035528183	-5.35290908813
3	29	0.499973542988	0.21019365873	-0.415740759407	0.884860580429	1.20224690437	-2.36020708084	5.06596088409
4	29	0.499989800155	-0.210712287018	0.362438074453	-0.907876078706	-1.21328020096	2.07177782059	-5.18855237961
5	29	0.499963935465	0.266766073776	-0.413701915936	0.870451943897	1.52290773392	-2.36433029175	4.97661590576
6	29	0.499989382923	-0.267232565315	0.482363691915	-0.834213416793	-1.55729305744	2.72850084305	-4.77873468399
7	29	0.499986752868	0.472687704529	-0.425370772059	0.771768125971	2.683604002	-2.41106247902	4.43657827377
8	29	0.499993234873	-0.46275780626	0.211149558068	-0.860971008149	-2.63335895538	1.2492415905	-4.92004871368
9	29	0.499995585531	0.369618601809	-0.461615623104	0.806407530782	2.11186766624	-2.6126601696	4.6272778511
10	29	0.499981667846	-0.35912692016	0.382997727402	-0.851082014862	-2.04997038841	2.18673014641	-4.86796426773
11	29	0.499994326383	0.37264270667	-0.318716072515	0.871525948143	2.11560368538	-1.83679437637	4.98372125626
12	29	0.49999184534	-0.363863505743	0.386497671857	-0.847480323569	-2.07975578308	2.18838477135	-4.85478544235
13	29	0.499999452382	0.337270149579	-0.2495620075	0.907726638706	1.93043470383	-1.458948493	5.18042182922
14	29	0.500000059605	-0.294604629447	0.327680932472	-0.89768219254	-1.69888472557	1.87281680107	-5.12756681442
15	29	0.4999980703	0.254946812275	-0.399352263182	0.880636072848	1.47716331482	-2.26095867157	5.03928089142
16	29	0.499992214143	-0.328399653324	0.30846497838	-0.892750258925	-1.87718653679	1.76678788662	-5.10306167603
17	29	0.499250635505	0.275613261437	-0.288208378009	0.917045942669	1.5748693943	-1.65344381332	5.23160886765
18	29	0.498320568353	-0.206183087761	0.355799117465	-0.911534707147	-1.19408452511	2.03074812889	-5.21922397614
19	29	0.44530579634	0.192109567288	-0.326430420728	0.925492892776	0.996515870094	-1.67453622818	4.73660421371
20	29	0.497746672481	-0.368237226554	0.415392547159	-0.831775436488	-2.09011936188	2.36619949341	-4.77137994766
21	29	0.498293045908	0.320214118697	-0.286511234008	0.902980747842	1.81340479851	-1.66309940815	5.14297819138
22	29	0.460230622441	-0.249543884991	0.452910453351	-0.855920539951	-1.33997607231	2.38955926895	-4.55115365982
23	29	0.315269617364	-0.580402196714	0.0338352095701	-0.813626737911	-2.15601205826	0.11676992476	-3.04372191429
24	29	0.402258381248	-0.375540685685	0.0924128413971	-0.922187106904	-1.77260649204	0.424707174301	-4.31058311462
25	29	0.497600574046	0.358330638762	-0.309147077729	0.880924081664	2.04214429855	-1.76063942909	5.04421281815
26	29	0.4991321899	-0.336567061911	0.329768254197	-0.882029200968	-1.90696406364	1.88448929787	-5.03891515732
27	29	0.499960990623	0.151586713206	-0.352647290645	0.923396641092	0.902987837791	-2.00816869736	5.27689170837
28	29	0.499964825809	-0.21833996774	0.353025402971	-0.909780590771	-1.26662170887	2.01099801064	-5.2000951767
29	29	0.499255914241	0.285253766217	-0.314072745403	0.905532218893	1.61086606979	-1.80364918709	5.17095088959
