0	0	0.499963220209	0.269406329495	-0.334164565417	0.903191160745	1.54505717754	-1.9131064415	5.16058540344
1	0	0.499988827854	-0.332233227637	0.393157427973	-0.85734958989	-1.88399171829	2.23005819321	-4.91595363617
2	0	0.499986536801	0.255751740443	-0.371703965879	0.892427705201	1.46269702911	-2.10399961472	5.11112260818
3	0	0.499999092892	-0.18978040685	0.254711502296	-0.948211710418	-1.10065889359	1.47153794765	-5.41392946243
4	0	0.499997222796	0.216438276744	-0.333073339509	0.917723609192	1.23456501961	-1.89062476158	5.25263404846
5	0	0.500000223517	-0.181205034877	0.394608873616	-0.900804402852	-1.05844962597	2.23573350906	-5.15491390228
6	0	0.499997984618	0.342417648888	-0.28259019337	0.896042932198	1.93064367771	-1.62811565399	5.12954282761
7	0	0.499999135733	-0.1816808706	0.282487383316	-0.941909199193	-1.06506037712	1.61651778221	-5.37968158722
8	0	0.500000003725	0.242336987124	-0.279356518609	0.92910318059	1.37565839291	-1.60796618462	5.31125259399
9	0	0.499998565763	-0.20257724319	0.394914335629	-0.896105533995	-1.1764870882	2.23785567284	-5.12810134888
10	0	0.500000113621	0.235737269941	-0.232471956159	0.943601997222	1.35388731956	-1.35752773285	5.38664960861
11	0	0.499998588115	-0.237721687638	0.253681163055	-0.93762160104	-1.37254321575	1.45317196846	-5.35601043701
12	0	0.499999899417	0.312628091352	-0.25887927311	0.9139175009	1.76643741131	-1.48700022697	5.23035907745
13	0	0.499999221414	-0.226747314889	0.288690425017	-0.930184655697	-1.29701352119	1.6374796629	-5.32174968719
14	0	0.499999338761	0.219675203131	-0.171642514686	0.960354961606	1.25797629356	-0.985952973366	5.48908948898
15	0	0.499999819323	-0.28278321907	0.124943507568	-0.951011446266	-1.60417556763	0.732953667641	-5.43906450272
16	0	0.499986760318	0.278206532375	-0.0692778206683	0.958019680856	1.58317303658	-0.430865108967	5.4773888588
17	0	0.499977681786	-0.197704038455	0.223041921354	-0.954549849142	-1.14698910713	1.26729536057	-5.45594120026
18	0	0.499236270785	0.280860996069	-0.199086132036	0.938872628698	1.59095656872	-1.16068458557	5.35820388794
19	0	0.499640118331	-0.270363776799	0.317706806641	-0.908826613392	-1.5342195034	1.80888724327	-5.20313978195
20	0	0.498467206955	0.185218431242	-0.336226711653	0.923388180074	1.0372017622	-1.91256129742	5.26887989044
21	0	0.497437641025	-0.0141425920079	0.358180467586	-0.933545253178	-0.0966485440731	2.03926372528	-5.34105443954
22	0	0.400580454618	-0.167753377815	-0.565645284397	0.807405856104	-0.771144270897	-2.64026451111	3.76454496384
23	0	0.347472783178	-0.107248884642	-0.731351887018	0.673514731908	-0.455523729324	-3.01942133904	2.76512861252
24	0	0.47198430635	0.165777469614	-0.385782248122	0.907573626546	0.901435375214	-2.10765910149	4.94926071167
25	0	0.499186327681	-0.175330013818	0.301218097811	-0.937297734877	-1.0161242485	1.7287940979	-5.34596729279
26	0	0.499956231564	0.332214583536	-0.308978749372	0.891159695522	1.86788034439	-1.77031469345	5.10581827164
27	0	0.499989360571	-0.221118178653	0.390276026196	-0.893751293396	-1.27382278442	2.22385644913	-5.11026954651
28	0	0.49998613447	0.281624396115	-0.413839823615	0.86569295937	1.60484170914	-2.36115312576	4.95295000076
29	0	0.499991551042	-0.316838366529	0.36199441454	-0.876683234319	-1.8084757328	2.07595658302	-5.01033639908
0	1	0.499999668449	-0.239121055972	0.250903540449	-0.938013077724	-1.37634527683	1.44995439053	-5.35604143143
1	1	0.499997876585	0.232041794094	-0.273082648716	0.933585814355	1.3335827589	-1.56013870239	5.33624887466
2	1	0.499999364838	-0.166853473632	0.247917862773	-0.954304276243	-0.970423579216	1.41779470444	-5.45302677155
3	1	0.499999755993	0.23537372721	-0.203282775267	0.950407976513	1.32768619061	-1.17696905136	5.4348487854
4	1	0.499999424443	-0.112362435069	0.182607495562	-0.976744176205	-0.661282777786	1.07515132427	-5.57699680328
5	1	0.500000339001	0.173447367943	-0.300046861052	0.938023396151	0.996934294701	-1.71954035759	5.36077785492
6	1	0.499999735504	-0.315603674219	0.313063031327	-0.895759933931	-1.78191280365	1.78992414474	-5.12922620773
7	1	0.499997230247	0.213910178615	-0.317804617476	0.923711351341	1.21640503407	-1.81702315807	5.28235864639
8	1	0.499999625608	-0.0956492360072	0.361395498667	-0.927493675016	-0.575820088387	2.05329275131	-5.30529260635
9	1	0.499997954816	0.289953810761	-0.354489736974	0.888967836317	1.62636947632	-2.03511285782	5.08957338333
10	1	0.499999180436	-0.235556350187	0.3664828114	-0.900113078916	-1.35207343102	2.07867360115	-5.15113782883
11	1	0.499999858439	0.270803392474	-0.309299966377	0.911591494817	1.53545343876	-1.76390600204	5.21713256836
12	1	0.499998886138	-0.166418843339	0.384378139243	-0.908051878834	-0.967657864094	2.1696369648	-5.20088481903
13	1	0.499999621883	0.165174705252	-0.252195327952	0.953475135126	0.942095398903	-1.43912339211	5.4526014328
14	1	0.499997658655	-0.140105624916	0.126473387195	-0.982025914219	-0.808595359325	0.740790843964	-5.61093091965
15	1	0.499998830259	0.155288929069	-0.165075606398	0.973979154131	0.89790225029	-0.939417481422	5.56726503372
16	1	0.499996379018	-0.185983342389	0.158230093136	-0.969728536231	-1.07644474506	0.905324935913	-5.54135274887
17	1	0.499985214323	0.220780983147	-0.210357659444	0.952368317718	1.25765728951	-1.20434629917	5.44509601593
18	1	0.499983200803	-0.148645608383	0.314297052531	-0.937614977418	-0.873471558094	1.78602480888	-5.36088609695
19	1	0.499333918095	0.158054987098	-0.355853715112	0.921079124991	0.916172266006	-2.01884198189	5.26156711578
20	1	0.498202927411	-0.152899383202	0.358204281976	-0.921038257072	-0.882890045643	2.04844498634	-5.27223825455
21	1	0.419856399298	0.113788684494	-0.33810453002	0.934204186493	0.562759041786	-1.66352128983	4.55631256104
22	1	0.34076234512	-0.0510530531115	-0.474229337277	0.878919860644	-0.199853330851	-1.9386818409	3.58589792252
23	1	0.405783221126	-0.0063779831395	-0.582045353922	0.813131310004	-0.0316526815295	-2.7449555397	3.8339009285
24	1	0.498098198324	-0.187221688007	0.449852527201	-0.87325869209	-1.06942856312	2.57257652283	-4.99760246277
25	1	0.499446092173	0.164152653902	-0.346198473375	0.92368854234	0.94405567646	-1.98494029045	5.27100944519
26	1	0.499986154959	-0.153100152513	0.318237797816	-0.9355666985	-0.896509289742	1.83031463623	-5.341755867
27	1	0.499997634441	0.267905208729	-0.372755875091	0.888414237122	1.5172637701	-2.1456580162	5.07776832581
28	1	0.499999318272	-0.27560269714	0.498948936882	-0.821640500288	-1.57173371315	2.83150959015	-4.71197938919
29	1	0.499997504056	0.302505532573	-0.346346119961	0.887994801759	1.71479594707	-1.98710942268	5.07957983017
0	2	0.499999817461	0.293738545529	-0.27312089224	0.916036377603	1.66029345989	-1.56397008896	5.24271631241
1	2	0.499999482185	-0.290144607987	0.169706336774	-0.94181519722	-1.64554405212	0.991827130318	-5.384973526
2	2	0.499999724329	0.184493951451	-0.128845667383	0.974351464244	1.05818784237	-0.7743486166	5.56579828262
3	2	0.500000115484	-0.184525122457	0.330867574495	-0.925460494743	-1.04565727711	1.87279987335	-5.30003499985
4	2	0.499999403954	0.098867004825	-0.340719253578	0.934952247764	0.583667874336	-1.94713640213	5.34405088425
5	2	0.49999926798	-0.149397793138	0.358237687169	-0.921599728134	-0.858896076679	2.05026221275	-5.2672419548
6	2	0.499986924231	0.204950378766	-0.336787704475	0.919004561663	1.17480373383	-1.92400622368	5.2535777092
7	2	0.499991156161	-0.147957515312	0.317550663223	-0.936627006844	-0.853129863739	1.81537747383	-5.35358285904
8	2	0.499960971996	0.0767568524362	-0.264879478122	0.961221747399	0.455264121294	-1.53913068771	5.48708486557
9	2	0.499990668148	-0.123014338333	0.443712058998	-0.887686364244	-0.72147923708	2.50096702576	-5.09188222885
10	2	0.499987058342	0.243363209216	-0.30781919487	0.919794374667	1.38071870804	-1.76558768749	5.25956964493
11	2	0.499999566004	-0.235207265389	0.162850130503	-0.958205289749	-1.34561991692	0.96816432476	-5.47228193283
12	2	0.499999104068	0.164023865674	-0.293633128442	0.941740812204	0.939385652542	-1.66617059708	5.38796949387
13	2	0.499985793605	-0.0681250052763	0.162971125172	-0.984276077133	-0.415946006775	0.955897092819	-5.62184810638
14	2	0.499985504895	0.124994954324	-0.181392524798	0.975434781695	0.719125747681	-1.03369534016	5.57636594772
15	2	0.499959096313	-0.151274034123	0.174784615161	-0.972916494311	-0.877147436142	0.997485518456	-5.56013345718
16	2	0.499985668808	0.290698398602	-0.186200092568	0.938522224871	1.64162755013	-1.06333148479	5.37218618393
17	2	0.49998197332	-0.255537911362	0.175508678754	-0.950735020675	-1.46090841293	1.01198422909	-5.43372821808
18	2	0.499954517931	0.284729201519	-0.325941538839	0.901493979493	1.61642789841	-1.83433270454	5.16841650009
19	2	0.499780474231	-0.251649395755	0.2352875304	-0.938782381415	-1.44172620773	1.35705494881	-5.36399030685
20	2	0.459411542863	0.300655735765	-0.28821596455	0.909141180637	1.5790886879	-1.53155398369	4.81138134003
21	2	0.282112343237	0.273799989353	-0.453193994485	0.84832114744	0.89720928669	-1.51651310921	2.87991523743
22	2	0.4188234061	0.0940634149045	-0.512053252399	0.853787760913	0.472009241581	-2.4905872345	4.15991210938
23	2	0.498076811433	-0.146145705392	0.481573712585	-0.864134360006	-0.835942149162	2.76198458672	-4.94159650803
24	2	0.498991403729	0.245257222183	-0.517417077123	0.819834412103	1.38321506977	-2.93295383453	4.69502973557
25	2	0.499971594661	-0.220477935704	0.419347916687	-0.880645674853	-1.25212490559	2.39920854568	-5.03617429733
26	2	0.499989826232	0.173363964875	-0.382808137049	0.907415486914	0.996704220772	-2.1936788559	5.18437004089
27	2	0.49999981001	-0.184941367175	0.499318916319	-0.846449827523	-1.06080579758	2.83774757385	-4.8486456871
28	2	0.49999916926	0.1953133319	-0.534146940695	0.822520363352	1.12034869194	-3.02779865265	4.71916818619
29	2	0.499999545515	-0.137953284913	0.359320233921	-0.922961462184	-0.814850330353	2.06147456169	-5.27095031738
0	3	0.499999202788	-0.205416297523	0.323930292954	-0.923511402213	-1.18041360378	1.84900975227	-5.27929019928
1	3	0.499999307096	0.255880272957	-0.306544283182	0.916818350798	1.44971704483	-1.74422073364	5.24812173843
2	3	0.499999130145	-0.132345497731	0.319916827522	-0.938156646141	-0.770680904388	1.82131767273	-5.36469745636
3	3	0.499999754131	0.0606333115929	-0.330726924319	0.941776673663	0.380960941315	-1.90440750122	5.37804794312
4	3	0.499998856336	-0.220934341913	0.466142955945	-0.856678913705	-1.24804520607	2.64754581451	-4.91203689575
5	3	0.499987047166	0.169110411433	-0.494249023856	0.852713064965	0.981517553329	-2.8019964695	4.88633728027
6	3	0.499977581203	-0.261614099517	0.324562071798	-0.908965084304	-1.48350954056	1.87268447876	-5.19457244873
7	3	0.499246733263	0.194094942209	-0.338914376751	0.920578187141	1.10993516445	-1.93574666977	5.25401258469
8	3	0.499672437087	-0.158209242975	0.317689657635	-0.934902731234	-0.905116081238	1.81509757042	-5.34597253799
9	3	0.499241199344	0.147779415443	-0.248370337228	0.957326182634	0.853602468967	-1.45020413399	5.45534515381
10	3	0.499976806343	-0.199377823218	0.346492020992	-0.916619748313	-1.14834690094	1.96582627296	-5.2442779541
11	3	0.499986924231	0.277206578995	-0.286927975722	0.916967201873	1.57498025894	-1.62617731094	5.25001811981
12	3	0.499987117946	-0.182219454006	0.25248711627	-0.950287496866	-1.05456113815	1.4473606348	-5.42901802063
13	3	0.49996579811	0.209700162634	-0.287572104882	0.934520265315	1.19256687164	-1.63035273552	5.34876585007
14	3	0.499252432957	-0.191916060273	0.19448447216	-0.961948031807	-1.08867621422	1.11170899868	-5.49215936661
15	3	0.49959317781	0.217547690263	-0.135427031039	0.966608773871	1.25092542171	-0.791468560696	5.52273082733
16	3	0.499234011397	-0.256753896389	0.221637824479	-0.940719996306	-1.46336126328	1.24834108353	-5.37452936172
17	3	0.499633636326	0.234205372827	-0.110091001394	0.965933649249	1.34656476974	-0.642884492874	5.51508331299
18	3	0.499816549942	-0.291778182885	0.119207936179	-0.949028429471	-1.66985356808	0.70535582304	-5.42206430435
19	3	0.498965460807	0.321168605432	-0.15495206788	0.934259377017	1.82776927948	-0.897079944611	5.32980489731
20	3	0.498703245074	-0.258376742175	0.27268771851	-0.926759336223	-1.48814189434	1.552983284	-5.30249834061
21	3	0.457814058289	0.255514646002	-0.351272820219	0.900732852434	1.34478187561	-1.86566758156	4.74539089203
22	3	0.497248992324	-0.193737790442	0.682891018642	-0.704361785742	-1.10488176346	3.87064290047	-4.06339645386
23	3	0.498872019351	0.127016574794	-0.48507117291	0.865200986441	0.744279205799	-2.77425575256	4.92956924438
24	3	0.499962162226	-0.178540039709	0.411603063997	-0.893703738344	-1.02068591118	2.36841964722	-5.1025261879
25	3	0.499978806823	0.168256339865	-0.461319580075	0.871133772239	0.971671700478	-2.62525844574	4.98441362381
26	3	0.499999497086	-0.215333291705	0.362809495477	-0.906642621696	-1.22229957581	2.09038543701	-5.17890739441
27	3	0.499999031425	0.143582947699	-0.453663127301	0.879530388365	0.839394569397	-2.58115434647	5.03188705444
28	3	0.500000473112	-0.223633886483	0.374111093052	-0.900015985898	-1.26610183716	2.15714502335	-5.14116573334
29	3	0.499999992549	0.145673764649	-0.376421066233	0.914924223741	0.846779942513	-2.14922380447	5.22934150696
0	4	0.499999701977	0.222537981437	-0.292698465949	0.929948630221	1.27209532261	-1.69056451321	5.31130886078
1	4	0.499999111518	-0.183867320269	0.273293790268	-0.944194531195	-1.06507670879	1.5842397213	-5.38931035995
2	4	0.499999977648	0.222255404866	-0.374157426007	0.900338134021	1.26602303982	-2.13649463654	5.14960479736
3	4	0.49999962002	-0.214346027096	0.409748820994	-0.886657591386	-1.22014307976	2.340092659	-5.07167863846
4	4	0.499998215586	0.297792136435	-0.415857210304	0.859291931834	1.6881878376	-2.37573051453	4.91841268539
5	4	0.499991316348	-0.262690806533	0.459545137544	-0.848417236225	-1.49748456478	2.61995816231	-4.85564184189
6	4	0.49924332276	0.286932697277	-0.378293518585	0.880092972947	1.63265943527	-2.16781330109	5.02177762985
7	4	0.498375721276	-0.240972741298	0.40984290302	-0.879750494626	-1.38102459908	2.33871722221	-5.04140472412
8	4	0.44575002417	0.230139220998	-0.397660145366	0.888201749461	1.18038737774	-2.0339512825	4.55517244339
9	4	0.498341839761	-0.242446238136	0.38592859841	-0.890100521595	-1.38331818581	2.19446277618	-5.10517168045
10	4	0.499237384647	0.254175781585	-0.303900635814	0.918171593771	1.44952988625	-1.74081969261	5.23998403549
11	4	0.499987773597	-0.336858981841	0.14073229832	-0.930978220241	-1.90690779686	0.841574013233	-5.3246421814
12	4	0.499982884154	0.27080778746	-0.214850564064	0.938350881799	1.5496673584	-1.24176073074	5.3612651825
13	4	0.499334201217	-0.299875267359	0.327146407723	-0.896130599824	-1.68588399887	1.8473521471	-5.13335990906
14	4	0.497430142015	0.114404522302	-0.196889339149	0.97372798738	0.681030333042	-1.13969135284	5.56239938736
15	4	0.444669485092	-0.442328911638	0.211290176158	-0.871608625123	-2.23792028427	1.09241461754	-4.46959209442
16	4	0.497554795817	0.262273994622	-0.198544551103	0.944347612361	1.50369048119	-1.13551199436	5.39887619019
17	4	0.498042197898	-0.257118150031	0.117818052585	-0.959171081408	-1.47864151001	0.691971004009	-5.46728992462
18	4	0.47314760834	0.358238817999	-0.258580204283	0.897107143674	1.94785559177	-1.39604008198	4.90147924423
19	4	0.498207837343	-0.406996753105	0.17336119985	-0.896827484719	-2.30946731567	1.00171399117	-5.13598775864
20	4	0.497750127688	0.306736357771	-0.219992393438	0.926021680983	1.74782037735	-1.27978253365	5.2648525238
21	4	0.497941721231	-0.237583706481	0.375588657688	-0.895816467046	-1.36202764511	2.14284944534	-5.12814903259
22	4	0.471181996167	0.155367297602	-0.448041324761	0.88040898118	0.858913958073	-2.44738435745	4.77410840988
23	4	0.499064788222	-0.282042293949	0.435835899534	-0.854692466974	-1.59116363525	2.49526071548	-4.89312839508
24	4	0.499650683254	0.155405411801	-0.414187366921	0.896826618175	0.908496558666	-2.3674633503	5.11973619461
25	4	0.499994497746	-0.207738316265	0.462309946142	-0.862040779577	-1.18763446808	2.62843346596	-4.93621921539
26	4	0.500002991408	0.228571362426	-0.392500054177	0.890897771773	1.30811977386	-2.24261522293	5.09334659576
27	4	0.500000219792	-0.230116309732	0.370408276812	-0.899913436095	-1.31366479397	2.12968587875	-5.14032697678
28	4	0.499999526888	0.205419694503	-0.413032237372	0.887246932934	1.1773802042	-2.35591053963	5.07382011414
29	4	0.499999884516	-0.214224327698	0.399686650861	-0.891267927475	-1.22017920017	2.27229976654	-5.10212182999
0	5	0.499999504536	-0.278987162661	0.426575386698	-0.860348535498	-1.58657205105	2.42379331589	-4.92902040482
1	5	0.499997459352	0.23910031549	-0.435249448503	0.867979813539	1.38014793396	-2.47144389153	4.96781539917
2	5	0.50000064075	-0.284505974259	0.444557517977	-0.849367390368	-1.61596119404	2.52816843987	-4.86674499512
3	5	0.499998174608	0.175815287761	-0.478230996598	0.86045575045	1.0321161747	-2.71122932434	4.9272518158
4	5	0.500000175089	-0.294809236532	0.288562860236	-0.910944010216	-1.6768951416	1.68114829063	-5.20174741745
5	5	0.499962590635	0.22186371823	-0.453248512637	0.863332077665	1.2907756567	-2.57028603554	4.94130992889
6	5	0.499715149403	-0.316484823919	0.441659084389	-0.839508552312	-1.79742145538	2.51434206963	-4.81107521057
7	5	0.445833664387	0.29373581709	-0.397727262008	0.869213607127	1.50466239452	-2.03581428528	4.4587688446
8	5	0.232594978996	0.279812959249	-0.361020683958	0.889589103795	0.766859531403	-1.00423693657	2.47779369354
9	5	0.445610247552	0.185879907062	-0.358934849543	0.91466629649	0.963137984276	-1.8418418169	4.68440771103
10	5	0.499697331339	-0.211060259823	0.427712165979	-0.878928819528	-1.21349442005	2.42584776878	-5.03420114517
11	5	0.499961933121	0.246183956321	-0.287925031179	0.925468873637	1.41869115829	-1.65562570095	5.28516864777
12	5	0.499960850924	-0.298307380625	0.331623050567	-0.895007742423	-1.69155144691	1.87917244434	-5.12709760666
13	5	0.499595601112	0.194491134155	-0.285931232284	0.938305136477	1.14015817642	-1.64390158653	5.35623121262
14	5	0.445600673556	-0.291271839165	0.447881380711	-0.845318274097	-1.49278974533	2.26898241043	-4.34749221802
15	5	0.234643407166	-0.308736322641	0.269464203082	-0.912179218323	-0.872062802315	0.778790712357	-2.55008912086
16	5	0.445277836174	-0.371264938634	0.421676986245	-0.827255017883	-1.89934825897	2.13787174225	-4.25266456604
17	5	0.472403615713	0.446471281945	-0.297735681943	0.84381091371	2.41604971886	-1.62148582935	4.6115398407
18	5	0.330962711014	0.284014226723	-0.223820308305	0.932330621941	1.1278231144	-0.919400274754	3.68597388268
19	5	0.427641922608	0.242503837895	-0.373307353735	0.895451566671	1.21561574936	-1.84643888474	4.46032762527
20	5	0.497036084533	-0.329030427908	0.47114396088	-0.818390093805	-1.87289786339	2.67851519585	-4.69796848297
21	5	0.418162886053	0.204012900413	-0.520753603355	0.828971906073	0.991827607155	-2.52824020386	4.03443050385
22	5	0.319457236677	0.210428966291	-0.399848541608	0.892099094226	0.806369662285	-1.53784608841	3.40815782547
23	5	0.471746452153	0.342800227951	-0.422422092059	0.839075431566	1.855068326	-2.29669356346	4.56807231903
24	5	0.499791134149	-0.265574001409	0.349285109449	-0.898593546657	-1.52143931389	2.01321721077	-5.12948513031
25	5	0.499980773777	0.261877294123	-0.363496535465	0.894030509282	1.50344324112	-2.08194828033	5.10761594772
26	5	0.500000458211	-0.286639839952	0.340285995096	-0.895568558902	-1.63119006157	1.96208274364	-5.11596918106
27	5	0.499999392778	0.309693468804	-0.410629589461	0.857597397174	1.7497947216	-2.33918976784	4.91459465027
28	5	0.499999728054	-0.202913745563	0.428875843385	-0.88027923003	-1.17249321938	2.43669009209	-5.0372672081
29	5	0.499999240041	0.199098127059	-0.308192143893	0.930256705562	1.15564203262	-1.78343272209	5.30807447433
0	6	0.499987415969	0.304523366163	-0.442112047062	0.843683860995	1.75289154053	-2.50386953354	4.83171510696
1	6	0.499991331249	-0.406413089583	0.326264592938	-0.8534517069	-2.2954313755	1.87657141685	-4.88904953003
2	6	0.499965239316	0.322626065986	-0.289009197947	0.9013246391	1.8350007534	-1.67035281658	5.15101099014
3	6	0.499991610646	-0.308303792271	0.409763708931	-0.858511778903	-1.75111150742	2.32909536362	-4.91941070557
4	6	0.499985262752	0.327454496332	-0.266314584998	0.906559482135	1.86402273178	-1.54120373726	5.180082798
5	6	0.49999095872	-0.348752685344	0.28334046726	-0.893358687246	-1.97822785378	1.63841950893	-5.1080493927
6	6	0.499240551144	0.259483450699	-0.366849125702	0.893358862823	1.49932026863	-2.08945226669	5.09637832642
7	6	0.498312119395	-0.292386030142	0.396901809811	-0.870045609578	-1.6719493866	2.25801253319	-4.98970365524
8	6	0.444954017177	0.304811256106	-0.22788324782	0.924748248722	1.55391597748	-1.19273948669	4.72869348526
9	6	0.49796788767	-0.125059649009	0.445103890321	-0.886703226007	-0.729803800583	2.54097557068	-5.07558441162
10	6	0.499254062772	0.225205358349	-0.441988381086	0.868290744829	1.28155565262	-2.51342988014	4.96254062653
11	6	0.499989196658	-0.313199128954	0.387013045661	-0.867252678353	-1.77752327919	2.20425701141	-4.96690940857
12	6	0.499989731237	0.24495290409	-0.271742243291	0.930674071837	1.41575133801	-1.56801474094	5.31262922287
13	6	0.499243468046	-0.334440473627	0.233149843878	-0.913121415749	-1.89940774441	1.35329151154	-5.21077203751
14	6	0.498301766813	0.348460598743	-0.416494042149	0.839707046521	1.98896121979	-2.36236715317	4.82231235504
15	6	0.44602651149	-0.288904842251	0.368352454521	-0.883657434401	-1.48555338383	1.88208818436	-4.53582191467
16	6	0.496674664319	0.236680028071	-0.217863157745	0.946846454717	1.35697031021	-1.25078487396	5.40170621872
17	6	0.495724985376	-0.292514044909	0.261381453686	-0.919845241984	-1.67127621174	1.48823034763	-5.25501346588
18	6	0.39600559324	0.27992104675	-0.493616283819	0.823399764352	1.3086053133	-2.27085828781	3.86254000664
19	6	0.383905773982	0.222039795517	-0.380547788172	0.897709145617	1.02844679356	-1.76927983761	4.12209939957
20	6	0.400932922959	0.299689199907	-0.516007212179	0.802448092053	1.41960179806	-2.43430185318	3.7950387001
21	6	0.37314177677	0.123252461128	-0.642927757538	0.755944924854	0.568901360035	-2.85847735405	3.38617420197
22	6	0.416587254032	0.112939654499	-0.408387694431	0.905794747986	0.568315982819	-1.99320983887	4.38252449036
23	6	0.497633047402	-0.473299358468	0.493121572418	-0.729944403424	-2.6902885437	2.81407904625	-4.18753528595
24	6	0.499570265412	0.348536357674	-0.441416604168	0.826845686295	2.00360059738	-2.51378583908	4.72254896164
25	6	0.499993614852	-0.391731139184	0.336312292774	-0.856411557793	-2.21639657021	1.94932484627	-4.89722251892
26	6	0.500000044703	0.229700108723	-0.447126230488	0.864474403358	1.32966065407	-2.53906822205	4.94726228714
27	6	0.499997295439	-0.195041590963	0.358380891913	-0.912974213276	-1.1347028017	2.05869174004	-5.2115020752
28	6	0.499999109656	0.278752184719	-0.346225246142	0.895781948048	1.59374165535	-1.98345160484	5.11967372894
29	6	0.499997857958	-0.356086720566	0.29184334678	-0.887710374152	-2.02018857002	1.69036722183	-5.07474422455
0	7	0.499963734299	-0.368399386106	0.348699153534	-0.861795098989	-2.09948706627	1.99781394005	-4.92791509628
1	7	0.499251861125	0.321059500815	-0.296710380979	0.899379645509	1.82950615883	-1.69471645355	5.13525724411
2	7	0.499664627016	-0.144368209396	0.220818346077	-0.96457092956	-0.860532641411	1.29237222672	-5.50473976135
3	7	0.499269515276	0.221423274696	-0.389923635827	0.893829565212	1.27188813686	-2.21496009827	5.10566473007
4	7	0.499977316707	-0.247419805821	0.338226998864	-0.907957012709	-1.42432200909	1.9292678833	-5.18993139267
5	7	0.499975521117	0.331783087898	-0.320993631901	0.887064299171	1.88811087608	-1.82547318935	5.07776641846
6	7	0.499975766987	-0.36433989602	0.256217639164	-0.895326176066	-2.06552743912	1.48180711269	-5.12118244171
7	7	0.499261740595	0.269916760134	-0.252702010022	0.929132195508	1.54906988144	-1.47178673744	5.29414606094
8	7	0.499651666731	-0.284464833992	0.38918834896	-0.876134799706	-1.6131772995	2.21758460999	-5.01784610748
9	7	0.499237664044	0.15184864559	-0.423420715187	0.89311639039	0.87285900116	-2.41529321671	5.09794473648
10	7	0.499976124614	-0.186124838994	0.355735287134	-0.915865683273	-1.07617759705	2.04940629005	-5.22797727585
11	7	0.499987006187	0.334433418339	-0.406861198935	0.850069558036	1.89419412613	-2.32097244263	4.86934661865
12	7	0.499987293035	-0.264585808336	0.347732743998	-0.899486680712	-1.52790522575	1.98225188255	-5.14013290405
13	7	0.499974451959	0.385820797377	-0.28356524634	0.877914040997	2.18803501129	-1.61855101585	5.02804994583
14	7	0.499248782173	-0.262917086998	0.286246598443	-0.921378038725	-1.5282201767	1.63810992241	-5.25112247467
15	7	0.499238077551	0.303542933395	-0.25338889605	0.9185073516	1.72729611397	-1.45270907879	5.24820661545
16	7	0.497591502964	-0.212729942169	0.213147133306	-0.953579714166	-1.22382211685	1.22287321091	-5.44658088684
17	7	0.416765129194	0.234603207274	-0.30988794309	0.921374406994	1.14512479305	-1.48960959911	4.46753835678
18	7	0.380240867846	0.336198381877	-0.103288623377	0.936110094115	1.52817702293	-0.498189657927	4.2603802681
19	7	0.417033541948	0.353463716359	-0.458701355155	0.81526466132	1.74193263054	-2.24476146698	4.0161819458
20	7	0.343370001763	0.463297998246	-0.43232025761	0.773598190071	1.89545869827	-1.79140126705	3.18123960495
21	7	0.440467514098	0.536965259578	-0.531495163253	0.655119226893	2.7381234169	-2.72413396835	3.37445163727
22	7	0.497996486723	-0.38903723826	0.563251417233	-0.728970416569	-2.2334985733	3.20486116409	-4.17629814148
23	7	0.499114468694	0.513048697564	-0.500786391784	0.697132716011	2.91032552719	-2.85770392418	3.99213266373
24	7	0.499975465238	-0.447748280165	0.434224630624	-0.781645986217	-2.54536318779	2.49125266075	-4.47269058228
25	7	0.499992970377	0.343814168197	-0.485742940901	0.803645203502	1.97461545467	-2.75922679901	4.60156869888
26	7	0.499986100942	-0.284053466355	0.465297427552	-0.838338793189	-1.62597370148	2.64833378792	-4.7985124588
27	7	0.499989066273	0.246826930234	-0.371481320504	0.895029661535	1.42418169975	-2.13080501556	5.11062097549
28	7	0.499962102622	-0.353650032988	0.35182473878	-0.866689683422	-2.01638698578	2.02519893646	-4.95158815384
29	7	0.499979909509	0.386601963073	-0.383784978875	0.838598838622	2.20717859268	-2.18487501144	4.79959154129
0	8	0.499248657376	0.347166501871	-0.347745921319	0.870946722931	1.99788689613	-1.98649549484	4.96562099457
1	8	0.498219583184	-0.306089787365	0.284811462522	-0.90840050247	-1.75609624386	1.63889586926	-5.19658088684
2	8	0.445753170177	0.228110867381	-0.36172096789	0.903948767116	1.17582535744	-1.84601104259	4.63612270355
3	8	0.49813202396	-0.28474920782	0.419024607585	-0.862169511688	-1.62289345264	2.38527536392	-4.94425439835
4	8	0.499281009659	0.254194520217	-0.298570983427	0.919913318605	1.44421184063	-1.71555876732	5.24987792969
5	8	0.499990107492	-0.234583043116	0.240318880824	-0.941922306457	-1.3647185564	1.39448285103	-5.37433958054
6	8	0.499985683709	0.324871147644	-0.325097333204	0.88812750288	1.84570240974	-1.86067438126	5.08099222183
7	8	0.499989103526	-0.26312278355	0.386941730409	-0.883766087856	-1.50758457184	2.20380067825	-5.05533313751
8	8	0.499959714711	0.212852315905	-0.459147758986	0.862483174927	1.21819555759	-2.60701036453	4.93997478485
9	8	0.499988991767	-0.0870532737116	0.464598948407	-0.881231833671	-0.526536524296	2.6444272995	-5.04182672501
10	8	0.49998813495	0.217822583006	-0.370650748264	0.902868398574	1.23846936226	-2.13161277771	5.15834283829
11	8	0.499998960644	-0.300130083003	0.462462222856	-0.834296485494	-1.71488595009	2.62026548386	-4.78352451324
12	8	0.49999962002	0.317795990882	-0.335453276232	0.8868352765	1.82048392296	-1.91450214386	5.07031679153
13	8	0.499987132847	-0.395338040959	0.199888738949	-0.89652235076	-2.25170183182	1.17493534088	-5.12250041962
14	8	0.499976165593	0.424650059497	-0.251297940595	0.869782542951	2.40388894081	-1.4452239275	4.98215293884
15	8	0.499794378877	-0.326948318924	0.253059858733	-0.910530342521	-1.86859667301	1.44587886333	-5.20466327667
16	8	0.476280642673	0.171527610705	-0.24345696019	0.954624003103	0.953765273094	-1.3397217989	5.24094343185
17	8	0.333725841716	0.315845690922	-0.288860347784	0.90377054555	1.254737854	-1.16104614735	3.61199760437
18	8	0.417217781767	0.36298968452	-0.28935616143	0.885726538371	1.75408649445	-1.39959359169	4.30232906342
19	8	0.497220795602	-0.296531665614	0.421878509029	-0.856789060917	-1.71003091335	2.41101980209	-4.89974355698
20	8	0.477596409619	0.46481295796	-0.395265936986	0.792283884205	2.54915523529	-2.18985390663	4.36571931839
21	8	0.49872059375	-0.461279207994	0.507331886129	-0.727898241233	-2.62694215775	2.89023661613	-4.17807769775
22	8	0.4993670322	0.425039286177	-0.429448623434	0.796815841357	2.4320101738	-2.47189188004	4.53663396835
23	8	0.499976098537	-0.470854187625	0.502454031601	-0.725145695791	-2.6855840683	2.85429787636	-4.16350746155
24	8	0.499990604818	0.342785810774	-0.435516975851	0.832359809024	1.97703886032	-2.49485611916	4.74893760681
25	8	0.499986167997	-0.400723205453	0.420938667402	-0.813776106123	-2.26940345764	2.40669822693	-4.66304206848
26	8	0.499979123473	0.325862609576	-0.385522812495	0.863241403505	1.86691808701	-2.210958004	4.93069219589
27	8	0.499239102006	-0.338621893971	0.397738882856	-0.852724453729	-1.93070864677	2.27951383591	-4.86436128616
28	8	0.499677494168	0.409246547828	-0.514488330803	0.753537670298	2.33613443375	-2.91179418564	4.33255195618
29	8	0.499262947589	-0.43475488428	0.381955219384	-0.815535652795	-2.4766895771	2.1834499836	-4.65717554092
0	9	0.498790130019	-0.511860226601	0.389912092284	-0.765485250488	-2.88765573502	2.21634459496	-4.39911794662
1	9	0.445410598069	0.28019070706	-0.386971540952	0.878490861745	1.44287574291	-1.98171043396	4.49920558929
2	9	0.233177899383	0.306745472197	-0.359797110251	0.881165849736	0.839577555656	-1.00136780739	2.46316385269
3	9	0.445333059877	0.297049630532	-0.23074920464	0.926561558429	1.51237142086	-1.20521986485	4.74336194992
4	9	0.499577350914	-0.115085787053	0.34389689373	-0.931928209736	-0.706434011459	1.96630704403	-5.32370948792
5	9	0.499965820462	0.399041436177	-0.304809117258	0.864787450331	2.23951816559	-1.75101292133	4.96169281006
6	9	0.499998863786	-0.241925457937	0.442303438598	-0.863620136985	-1.40762066841	2.5009303093	-4.9454126358
7	9	0.499995701015	0.290439895884	-0.374671041625	0.880492065522	1.65501785278	-2.14193964005	5.03530693054
8	9	0.499999636784	-0.223445434585	0.322686819532	-0.919752876736	-1.28167724609	1.85643625259	-5.25367593765
9	9	0.499997686595	0.190713708544	-0.424989073452	0.884879974245	1.08574271202	-2.42025065422	5.06429195404
10	9	0.499999500811	-0.167886451558	0.384818001935	-0.907595308918	-0.975109815598	2.20231223106	-5.18496847153
11	9	0.499999355525	0.322678262384	-0.372785413703	0.870005617404	1.83185327053	-2.13107991219	4.97909069061
12	9	0.499999415129	-0.357283711646	0.257690104762	-0.897743927465	-2.0287437439	1.50516951084	-5.12927913666
13	9	0.499998010695	0.32338681926	-0.405214039675	0.855115516863	1.85860025883	-2.29123830795	4.89755439758
14	9	0.499994270504	-0.329807328864	0.377726300196	-0.865187822365	-1.89556860924	2.14399504662	-4.94946575165
15	9	0.499724391848	0.403825477085	-0.232543084092	0.884787374514	2.27679395676	-1.34981620312	5.06535720825
16	9	0.499206827953	-0.163355718063	0.273776403678	-0.947819281385	-0.962870299816	1.56030583382	-5.41521406174
17	9	0.476142976433	0.181249781688	-0.246031659257	0.952164344681	1.00798535347	-1.36010611057	5.22382974625
18	9	0.498328641057	-0.210412617646	0.359630945803	-0.909061116293	-1.21140682697	2.0613117218	-5.1997628212
19	9	0.498880635947	0.311756705823	-0.483956990285	0.817675600669	1.77465510368	-2.74517822266	4.67551326752
20	9	0.499851055443	-0.383118975018	0.450327960644	-0.806489044466	-2.18610095978	2.57188892365	-4.61343193054
21	9	0.499635398388	0.284270801861	-0.459307061847	0.841562317447	1.65975403786	-2.62478542328	4.79630851746
22	9	0.499984622002	-0.454582906078	0.443973884714	-0.772166802701	-2.58451151848	2.53724431992	-4.42405080795
23	9	0.499992206693	0.495931139776	-0.322939150977	0.806078537964	2.81198215485	-1.88182449341	4.60980081558
24	9	0.499996755272	-0.310411453896	0.461576690133	-0.831018464546	-1.78733754158	2.61205077171	-4.76222133636
25	9	0.499991316348	0.237533264727	-0.365099279812	0.900155799864	1.38974714279	-2.10018014908	5.13332509995
26	9	0.499245446175	-0.351319601113	0.353360905753	-0.867012461363	-1.99870467186	2.02719163895	-4.94773674011
27	9	0.498243562877	0.33188104355	-0.453903895692	0.826937861274	1.90407836437	-2.58760380745	4.73886585236
28	9	0.44569548592	-0.461855551096	0.422061154473	-0.7800986039	-2.35220265388	2.16336131096	-4.00801277161
29	9	0.498013477772	0.497916811055	-0.32523096872	0.80393013767	2.8409576416	-1.8718123436	4.60218381882
0	10	0.49896774441	0.289838838625	-0.312369196962	0.904665094062	1.65719246864	-1.80273556709	5.15931367874
1	10	0.498220354319	-0.149937950914	0.390635436259	-0.908252479663	-0.872784137726	2.24059200287	-5.19619083405
2	10	0.445515245199	0.197534818992	-0.43943353467	0.876286576351	1.02823841572	-2.23423790932	4.49561738968
3	10	0.497966557741	-0.416101901097	0.30496405705	-0.856654032741	-2.36731529236	1.7541372776	-4.9065489769
4	10	0.499277520925	0.283388065027	-0.468498807452	0.836779583891	1.6249730587	-2.63613557816	4.79779720306
5	10	0.499984446913	-0.307617416325	0.279471922511	-0.909542175878	-1.76358354092	1.62333989143	-5.1907286644
6	10	0.499960754067	0.328409397591	-0.324942366593	0.88688202483	1.87398457527	-1.86434161663	5.06855964661
7	10	0.49999108538	-0.343582726157	0.362643511827	-0.866279743279	-1.95415699482	2.0530591011	-4.96562767029
8	10	0.499986957759	0.256830821315	-0.185673608969	0.948453077466	1.47686338425	-1.09980869293	5.41374588013
9	10	0.49999717623	-0.19152827941	0.390622895098	-0.900405837393	-1.10773062706	2.2179441452	-5.15225172043
10	10	0.499999321997	0.170836771264	-0.396145035958	0.902155146341	0.98702788353	-2.25698304176	5.15886545181
11	10	0.499997854233	-0.26808968614	0.369637714721	-0.889660542028	-1.53586316109	2.11441636086	-5.08476734161
12	10	0.499999862164	0.229672705557	-0.396761733028	0.888724127908	1.34465193748	-2.25374174118	5.07998561859
13	10	0.499999716878	-0.353694986802	0.37309298743	-0.857730423293	-2.01673817635	2.12960958481	-4.90742731094
14	10	0.499993164092	0.321310904711	-0.387026541772	0.8642741223	1.84660971165	-2.19832658768	4.94400024414
15	10	0.499990846962	-0.286860794822	0.33450377649	-0.897673720183	-1.65935146809	1.89932620525	-5.13104963303
16	10	0.499729245901	0.309598369824	-0.25629882405	0.915674484843	1.76432180405	-1.47450602055	5.23101997375
17	10	0.499831564724	-0.338626536447	0.292088953726	-0.894436197794	-1.9089910984	1.66888570786	-5.12356519699
18	10	0.499563060701	0.163452014758	-0.36396517581	0.916958444898	0.966930627823	-2.08532381058	5.23021316528
19	10	0.499975997955	-0.287811264564	0.465565918055	-0.836906835876	-1.6506588459	2.65144705772	-4.78918266296
20	10	0.499975085258	0.419130789789	-0.410842941497	0.809652677679	2.3758456707	-2.35768222809	4.63459634781
21	10	0.499996073544	-0.364829285021	0.422072235911	-0.829912417346	-2.08039331436	2.42037057877	-4.74330091476
22	10	0.499992676079	0.375697366748	-0.523735910718	0.764560124806	2.14808678627	-2.96808409691	4.38932514191
23	10	0.499998129904	-0.367804060275	0.40662544679	-0.836286983797	-2.10134243965	2.31811714172	-4.78581380844
24	10	0.499999631196	0.319103336042	-0.255576134335	0.91260829521	1.8288602829	-1.49918305874	5.20610189438
25	10	0.499960858375	-0.357977253273	0.414965250138	-0.836454498055	-2.03393626213	2.35056257248	-4.79830312729
26	10	0.499701872468	0.396131555176	-0.347833582896	0.84975972463	2.25358867645	-1.99561095238	4.86168432236
27	10	0.445504162461	-0.378770586882	0.429153866577	-0.819975488241	-1.94469952583	2.19646644592	-4.20085477829
28	10	0.233346858993	-0.375925079017	0.416978385197	-0.827532090764	-1.04570102692	1.15770697594	-2.31271409988
29	10	0.445772344247	-0.220046332343	0.277315881362	-0.935240885316	-1.15521478653	1.44366633892	-4.78321933746
0	11	0.499212596565	-0.25941715768	0.422366106622	-0.868509994346	-1.47485005856	2.40634584427	-4.96200561523
1	11	0.499255716801	0.151584364065	-0.511402623692	0.845866146061	0.883778452873	-2.8870575428	4.84607696533
2	11	0.499650515616	-0.256180425298	0.302596939519	-0.918045032603	-1.46506142616	1.75156283379	-5.24309301376
3	11	0.499216705561	0.408803320476	-0.247231767161	0.878496612671	2.3119764328	-1.42725682259	5.020362854
4	11	0.499953664839	-0.352838871097	0.314086435724	-0.881393466017	-2.00977301598	1.80574917793	-5.039021492
5	11	0.499226074666	0.29818833364	-0.405835275303	0.863933705212	1.70543289185	-2.29807567596	4.93907356262
6	11	0.499710820615	-0.362285397699	0.323147566533	-0.87425679343	-2.0623831749	1.84619903564	-5.00369215012
7	11	0.499239191413	0.334147162542	-0.224422405828	0.915412615998	1.90672135353	-1.30226445198	5.2205786705
8	11	0.499964341521	-0.379367302348	0.22360985808	-0.897819069345	-2.14615178108	1.29485559464	-5.1389837265
9	11	0.49997857213	0.329561911441	-0.307345202868	0.892708167769	1.86777329445	-1.75644946098	5.11019945145
10	11	0.499960878864	-0.179151666085	0.324289139594	-0.928838648249	-1.0503629446	1.85436820984	-5.30542469025
11	11	0.4999916628	0.391248973195	-0.337726806055	0.856075256882	2.21384000778	-1.93081927299	4.90543413162
12	11	0.499987144023	-0.402666428733	0.340583872542	-0.849624842466	-2.2899980545	1.94401037693	-4.86434936523
13	11	0.499998576939	0.436699583973	-0.262891322366	0.860338088185	2.48316335678	-1.5232629776	4.91945934296
14	11	0.499999366701	-0.443940938171	0.252453562283	-0.859757897496	-2.52729082108	1.45631313324	-4.91713523865
15	11	0.499995931983	0.406563681903	-0.247798159429	0.879375940506	2.31457042694	-1.42586112022	5.02927589417
16	11	0.499996244907	-0.365675698555	0.280569017307	-0.887447074486	-2.0771214962	1.6026866436	-5.0794878006
17	11	0.499989377335	0.250398729193	-0.253420556879	0.934386696058	1.4491776228	-1.47782540321	5.33015298843
18	11	0.499993864447	-0.312707697507	0.415917352397	-0.853947686861	-1.77797091007	2.37053060532	-4.88972473145
19	11	0.4999929443	0.325410392702	-0.435937448572	0.83908677576	1.84666872025	-2.4937787056	4.80151796341
20	11	0.499998997897	-0.340400730579	0.433844196946	-0.834210138633	-1.93705630302	2.47554636002	-4.77555370331
21	11	0.499998629093	0.284366118449	-0.403761763131	0.869547209363	1.63451528549	-2.31045818329	4.96710681915
22	11	0.499993409961	-0.318831713846	0.413840236512	-0.852691384318	-1.80812180042	2.36709213257	-4.88059902191
23	11	0.499995153397	0.245325786796	-0.389980388685	0.887541860858	1.41391849518	-2.22583770752	5.07277679443
24	11	0.499979890883	-0.292124761735	0.306634827465	-0.905890835679	-1.65937364101	1.76306247711	-5.17887878418
25	11	0.499985106289	0.268568046279	-0.330785615609	0.904683414806	1.53866004944	-1.89707159996	5.16931200027
26	11	0.49922452867	-0.32822185685	0.312904338404	-0.891269480962	-1.865629673	1.79376804829	-5.08801031113
27	11	0.497981458902	0.363494851754	-0.300927988117	0.881654035728	2.0704627037	-1.72929811478	5.04703617096
28	11	0.445003483444	-0.404055015437	0.495193788747	-0.769105100807	-2.05571722984	2.51574873924	-3.95632410049
29	11	0.498324822634	0.290873088013	-0.428477218532	0.855453166379	1.66200304031	-2.450922966	4.90136766434
0	12	0.49996471405	0.201560078778	-0.357265089023	0.911995170387	1.16689372063	-2.05695986748	5.2051486969
1	12	0.49997779727	-0.203212153323	0.416545084481	-0.886112302892	-1.16943001747	2.37988090515	-5.06486940384
2	12	0.49996252358	0.228355396652	-0.36464359567	0.902711947942	1.30743575096	-2.07912969589	5.16188287735
3	12	0.49998357147	-0.274195721423	0.27888938873	-0.920346356111	-1.57601761818	1.60158729553	-5.25713634491
4	12	0.499242283404	0.305226802452	-0.289095496141	0.907336978843	1.72823631763	-1.65839314461	5.18179941177
5	12	0.498292379081	-0.212228042032	0.408313799286	-0.887828305185	-1.23144841194	2.32507681847	-5.08616352081
6	12	0.445232361555	0.349842017999	-0.305394215588	0.885632505912	1.78390312195	-1.56179404259	4.53863382339
7	12	0.498282732442	-0.253270682505	0.299649201909	-0.919817545592	-1.45878362656	1.71560418606	-5.26437807083
8	12	0.499200861901	0.239027507653	-0.399586126267	0.884984055382	1.3846487999	-2.25110054016	5.06059885025
9	12	0.499239694327	-0.319431654605	0.267342588009	-0.909115701478	-1.81141757965	1.53631496429	-5.19084644318
10	12	0.499668909237	0.20678267941	-0.24440153509	0.947369417462	1.20842838287	-1.40873742104	5.40902519226
11	12	0.499272298068	-0.359103822405	0.302423673807	-0.882940749006	-2.05023193359	1.72228193283	-5.04200029373
12	12	0.499977122992	0.369581883342	-0.30229110005	0.878651991596	2.11225628853	-1.73994147778	5.01939964294
13	12	0.499987442046	-0.340220923192	0.382988315907	-0.858818766272	-1.97024011612	2.17207503319	-4.90814304352
14	12	0.499999381602	0.457398916768	-0.290578510428	0.840446524305	2.60350751877	-1.66808259487	4.80892705917
15	12	0.499999552965	-0.385220985597	0.24981248142	-0.888368457557	-2.19880843163	1.43842315674	-5.07748508453
16	12	0.499999277294	0.287702687815	-0.319461472092	0.902868501651	1.64912116528	-1.82772111893	5.16021680832
17	12	0.499999418855	-0.247039882876	0.451815325893	-0.857224712404	-1.42410194874	2.55551433563	-4.91294431686
18	12	0.499999534339	0.35131926751	-0.474202117593	0.807283793933	1.98769617081	-2.69991970062	4.63142204285
19	12	0.499999813735	-0.14301987099	0.455686621167	-0.878575562938	-0.854107737541	2.59784817696	-5.02176856995
20	12	0.499999474734	0.201652246078	-0.399443882008	0.894304733733	1.16205358505	-2.28362131119	5.11087989807
21	12	0.499993786216	-0.260733198542	0.371768133369	-0.890958278591	-1.47147774696	2.12832140923	-5.09812641144
22	12	0.499986827374	0.120557585185	-0.341802019668	0.932007107272	0.711613178253	-1.97066450119	5.32037687302
23	12	0.499604485929	-0.180341884143	0.367229244639	-0.912479855507	-1.02913963795	2.09568881989	-5.21334075928
24	12	0.49978960678	0.160554728166	-0.379284305385	0.911243982121	0.935845136642	-2.16318082809	5.20837688446
25	12	0.49945691973	-0.14479234255	0.374479071562	-0.915860580275	-0.842920482159	2.13045978546	-5.23117589951
26	12	0.499950673431	0.159217776893	-0.384256268208	0.90939365506	0.926478266716	-2.18505859375	5.20186233521
27	12	0.499211352319	-0.249232878155	0.306841775427	-0.918548364159	-1.41762566566	1.76146495342	-5.24132585526
28	12	0.499526202679	0.250956448523	-0.328946527106	0.910392796132	1.43999385834	-1.89846849442	5.19663906097
29	12	0.499255064875	-0.254748276325	0.403366904975	-0.878862023119	-1.45563101768	2.29460144043	-5.01987123489
0	13	0.499986901879	-0.304100373196	0.398944651358	-0.865081573134	-1.72768306732	2.27535963058	-4.95177030563
1	13	0.499996747822	0.33734438056	-0.417351761261	0.843810568953	1.89760303497	-2.37980699539	4.84032726288
2	13	0.499999329448	-0.190436260506	0.368460182965	-0.909929186395	-1.10414719582	2.10042381287	-5.2016787529
3	13	0.499960266054	0.302069534011	-0.312400418914	0.90064419994	1.69798779488	-1.77785754204	5.16193199158
4	13	0.499690202996	-0.148794625625	0.262247938089	-0.953460108423	-0.868281304836	1.50342285633	-5.44864416122
5	13	0.445848865435	0.148364651177	-0.307972356028	0.939755797111	0.778782367706	-1.57049393654	4.81853294373
6	13	0.232361271977	0.334246763243	-0.239888351411	0.911445379668	0.89802980423	-0.677571058273	2.54006147385
7	13	0.445404099301	0.319122001943	-0.277908615783	0.906050743143	1.63162612915	-1.42118489742	4.64295721054
8	13	0.498947925866	-0.306105805417	0.333506296133	-0.891668540619	-1.74778854847	1.89597773552	-5.09391689301
9	13	0.498244393617	0.312770668372	-0.274529129809	0.909289978991	1.79456186295	-1.57384538651	5.20382738113
10	13	0.44568875432	-0.373773759677	0.232274169333	-0.897965415168	-1.91745471954	1.19037306309	-4.6025929451
11	13	0.498198620975	0.469779097656	-0.23815014366	0.850054179732	2.67205405235	-1.37617683411	4.87283849716
12	13	0.499242726713	-0.341433581193	0.373382114291	-0.862559508881	-1.97746348381	2.11173725128	-4.92174959183
13	13	0.499987158924	0.474721223653	-0.387387563053	0.790297814628	2.68651533127	-2.21243357658	4.53647661209
14	13	0.499997589737	-0.482763598739	0.376580804065	-0.790649230533	-2.73599147797	2.14241147041	-4.54097795486
15	13	0.499999783933	0.33400421141	-0.281414406364	0.899581635346	1.91446113586	-1.61570262909	5.13950967789
16	13	0.499999992549	-0.203290495192	0.318042923868	-0.926024661196	-1.18386864662	1.82085680962	-5.28853082657
17	13	0.500000581145	0.251925387643	-0.310129986625	0.916707690846	1.45222067833	-1.79115533829	5.2319226265
18	13	0.500000312924	-0.372286320718	0.413069588259	-0.831129599197	-2.10881018639	2.35025978088	-4.76677894592
19	13	0.500000491738	0.228194503246	-0.381476148295	0.89576962271	1.31551933289	-2.17871451378	5.11988973618
20	13	0.499999163672	-0.191911993897	0.325249896422	-0.925949400062	-1.09841418266	1.87862825394	-5.28658723831
21	13	0.499994954094	0.123970157951	-0.364384460765	0.922960110021	0.724887669086	-2.09788990021	5.26940250397
22	13	0.499602012336	-0.0516456975074	0.452147494406	-0.890446722287	-0.316859602928	2.55988669395	-5.09752464294
23	13	0.498954650015	0.160719867543	-0.314464853499	0.935564524814	0.919067263603	-1.81866252422	5.34396409988
24	13	0.468126077205	-0.320410421057	0.386471059952	-0.864856798492	-1.7057967186	2.08019065857	-4.67744541168
25	13	0.498240662739	0.215601212318	-0.277847444799	0.936118002533	1.22787725925	-1.60913407803	5.35434961319
26	13	0.499168522656	-0.148204117281	0.353333671708	-0.923683309397	-0.850988566875	2.02505803108	-5.26828527451
27	13	0.499962998554	0.133996108923	-0.360225656008	0.923191485851	0.780499398708	-2.06626844406	5.27351045609
28	13	0.499953456223	-0.221109865349	0.43027446598	-0.875199583736	-1.26335453987	2.44269895554	-5.01172304153
29	13	0.499990429729	0.296797679786	-0.359635355736	0.884631871559	1.68312907219	-2.06801557541	5.05719995499
0	14	0.499999448657	0.231389423076	-0.367869032261	0.900628286249	1.3251554966	-2.10789394379	5.14618492126
1	14	0.499999441206	-0.166948737226	0.384587130254	-0.907866101571	-0.970375657082	2.18858170509	-5.19208097458
2	14	0.49999753572	0.137986579637	-0.286566433624	0.948071401826	0.799110651016	-1.63666820526	5.4194984436
3	14	0.499991351739	-0.135047732141	0.198213604624	-0.970810731804	-0.781807541847	1.14262068272	-5.5474653244
4	14	0.499257650226	0.0842327867079	-0.212136308979	0.973603114239	0.508916854858	-1.20908379555	5.55615329742
5	14	0.498241633177	-0.239574015399	0.245853515542	-0.93923391125	-1.35565948486	1.39516735077	-5.38508939743
6	14	0.445720914751	0.15072645141	-0.14378336193	0.97806333214	0.79240500927	-0.75562953949	5.00788402557
7	14	0.498237583786	-0.289459947745	0.266127642626	-0.919450388266	-1.65902459621	1.51929116249	-5.26477527618
8	14	0.498904615641	0.354819161887	-0.257677812296	0.898724377887	2.02082586288	-1.47291374207	5.13222980499
9	14	0.445475101471	-0.451321567129	0.265488602094	-0.85195342901	-2.30568909645	1.35432755947	-4.37073040009
10	14	0.23292860575	-0.453500560814	0.220908856968	-0.863444565826	-1.2486011982	0.611875772476	-2.41358041763
11	14	0.445685483515	-0.388813112394	0.15334822927	-0.908465015402	-2.00292491913	0.794660687447	-4.65087366104
12	14	0.499669671059	0.481933670289	-0.233089076843	0.84463567276	2.72640728951	-1.35436797142	4.84149503708
13	14	0.499961428344	-0.277971139347	0.389589128409	-0.878038926652	-1.62502169609	2.21460056305	-5.01481580734
14	14	0.49999928847	0.289112560711	-0.365662890017	0.884705927472	1.66622149944	-2.08840703964	5.05471801758
15	14	0.499999783933	-0.337986551589	0.25921529	-0.90474997893	-1.90975248814	1.51104736328	-5.17370080948
16	14	0.500000283122	0.245150300032	-0.391698902084	0.886833299161	1.40499353409	-2.22210812569	5.07719945908
17	14	0.49999973923	-0.352327414604	0.32587943537	-0.877307236105	-1.99752020836	1.8651599884	-5.02149486542
18	14	0.50000018999	0.349320154097	-0.292407090419	0.890209819882	1.99935901165	-1.68247389793	5.08471059799
19	14	0.499999910593	-0.357157765878	0.272495205543	-0.893411827339	-2.02495622635	1.58266544342	-5.10761165619
20	14	0.499999761581	0.208214922434	-0.434701108447	0.876174350452	1.2054002285	-2.47549700737	5.01111793518
21	14	0.499980848283	-0.231691161012	0.520205525022	-0.822013027662	-1.31127500534	2.94747614861	-4.72081756592
22	14	0.499825339764	0.102568967699	-0.405375312719	0.908377929445	0.601815223694	-2.32020044327	5.19071006775
23	14	0.46834137477	-0.140073397813	0.39251299713	-0.909017596259	-0.762887120247	2.11791110039	-4.90564775467
24	14	0.306153617799	-0.208675179377	0.438080018821	-0.8743801042	-0.767685949802	1.59686183929	-3.20889949799
25	14	0.417701767758	-0.201027462936	0.356615522685	-0.912366882414	-0.980470299721	1.74285721779	-4.42751455307
26	14	0.497882504016	0.150702212869	-0.508506825882	0.847767451055	0.8691650033	-2.88585305214	4.86070251465
27	14	0.499148614705	-0.129931413794	0.441040968388	-0.888031920548	-0.749156355858	2.51632452011	-5.06778812408
28	14	0.499974239618	0.187585906873	-0.396409939205	0.898705005907	1.08017730713	-2.27259254456	5.13363075256
29	14	0.499989990145	-0.202597771555	0.395240847987	-0.895956927002	-1.17142772675	2.25519490242	-5.12095069885
0	15	0.499997921288	-0.27455159216	0.371027434785	-0.887107696889	-1.57022058964	2.11814928055	-5.07278060913
1	15	0.499999618158	0.191388527881	-0.305967200913	0.932606296012	1.10943830013	-1.75321412086	5.32807064056
2	15	0.49999926798	-0.185593806825	0.157864402378	-0.969862757987	-1.06669211388	0.917733550072	-5.54181575775
3	15	0.499987108633	0.147825175186	-0.116428973123	0.982136452739	0.854724764824	-0.678267478943	5.61166000366
4	15	0.499971017241	-0.221519099732	0.102821979091	-0.969720026126	-1.24708795547	0.5956594944	-5.54776239395
5	15	0.49925814569	0.155751084557	-0.114012876463	0.981194508576	0.905712008476	-0.667284369469	5.59665441513
6	15	0.499689916149	-0.205476225881	0.205437719825	-0.956856762463	-1.17786669731	1.16168928146	-5.47360229492
7	15	0.499229878187	0.246293115516	-0.240291668578	0.938935362664	1.41705870628	-1.35928058624	5.36007118225
8	15	0.499263059348	-0.323754629326	0.1912323927	-0.926613787925	-1.86277914047	1.11436617374	-5.28111171722
9	15	0.498023752123	0.45694566632	-0.3572839216	0.81458508297	2.61129617691	-2.02309727669	4.6749162674
10	15	0.445242574438	-0.421176146458	0.0992822611799	-0.901528527707	-2.16243910789	0.530265212059	-4.61212158203
11	15	0.498252857476	0.46541341203	-0.192197770246	0.863973595091	2.6605246067	-1.10933792591	4.94678497314
12	15	0.499233946204	-0.398782722444	0.296038199374	-0.867947996594	-2.28056287766	1.68479633331	-4.95422744751
13	15	0.499990440905	0.403556746159	-0.346122802871	0.846959832555	2.28720998764	-1.9853053093	4.84924697876
14	15	0.499997496605	-0.25157803388	0.391757865182	-0.885005236107	-1.43885588646	2.23931050301	-5.0598950386
15	15	0.499999701977	0.104860340277	-0.417909190593	0.902416875648	0.636428952217	-2.3824236393	5.15941953659
16	15	0.499997749925	-0.127296898774	0.382059802473	-0.915328250901	-0.756502270699	2.18210077286	-5.23031663895
17	15	0.499998938292	0.308028621624	-0.32776213064	0.893135126383	1.7535507679	-1.8784096241	5.10729074478
18	15	0.499998278916	-0.375401774795	0.3104254769	-0.873332428559	-2.13167619705	1.77959346771	-4.99726486206
19	15	0.499999228865	0.366414874222	-0.333852255888	0.868494566009	2.08371329308	-1.91714668274	4.96682882309
20	15	0.49999840185	-0.276099056755	0.454934250858	-0.846642863464	-1.5791926384	2.59360599518	-4.84395599365
21	15	0.499993674457	0.268997531426	-0.454752549032	0.84902323127	1.53204989433	-2.59050178528	4.86102771759
22	15	0.499464266002	-0.204934148583	0.285071435212	-0.936341962944	-1.17269206047	1.66450953484	-5.33684635162
23	15	0.498231723905	0.219215665213	-0.34569305918	0.912381938094	1.24924552441	-1.98960733414	5.21962356567
24	15	0.417508404702	-0.255936456263	0.484305328225	-0.836627085032	-1.23454117775	2.34190654755	-4.07089042664
25	15	0.365216309205	-0.235323332807	0.407349543879	-0.882433724502	-1.0340526104	1.78244626522	-3.86015152931
26	15	0.417803261429	-0.399464578675	0.390689018651	-0.829331140793	-1.90815091133	1.9050103426	-4.04324007034
27	15	0.497874747962	0.155099588856	-0.480892915216	0.862951981069	0.899962306023	-2.7392988205	4.94047880173
28	15	0.499503683299	-0.31187247951	0.417751926712	-0.853357418819	-1.75978899002	2.38202548027	-4.88414573669
29	15	0.499993812293	0.288753735043	-0.378928635559	0.879223731284	1.64402699471	-2.16699838638	5.02826309204
0	16	0.499999638647	0.398029617108	-0.37849957998	0.835649742332	2.25537085533	-2.1544213295	4.79167413712
1	16	0.499999158084	-0.349174362434	0.365073472991	-0.863017163176	-1.9888780117	2.06256055832	-4.94856357574
2	16	0.499999321997	0.335647520759	-0.11924135926	0.934410102712	1.90058147907	-0.717017650604	5.34572839737
3	16	0.499999469146	-0.189393780385	0.189175592565	-0.963505366425	-1.09116566181	1.06166648865	-5.51075792313
4	16	0.499987188727	0.177851367997	-0.0596465900886	0.982248021221	1.02264380455	-0.371825814247	5.61292409897
5	16	0.499990236014	-0.205197995695	0.153348447388	-0.966632316989	-1.17613053322	0.867026567459	-5.52709054947
6	16	0.499961689115	0.275249003463	-0.0947563434144	0.956691811126	1.56140780449	-0.55622535944	5.47115421295
7	16	0.499978750944	-0.314194494987	0.0960722872375	-0.94448501044	-1.79523324966	0.566899299622	-5.39876890182
8	16	0.4999624677	0.433762104575	-0.245749574652	0.86686653136	2.4669675827	-1.38727116585	4.96841287613
9	16	0.499241523445	-0.516174527631	0.282415611193	-0.80858226519	-2.9236137867	1.610034585	-4.63128852844
10	16	0.49965678528	0.458541309922	-0.235136450005	0.857001001735	2.62202787399	-1.35201454163	4.89825963974
11	16	0.499220151454	-0.505573483398	0.229897712355	-0.831590340696	-2.86335372925	1.32588112354	-4.75747489929
12	16	0.499973759055	0.302398068582	-0.312049886445	0.90065547047	1.75510239601	-1.78885817528	5.13951969147
13	16	0.499986197799	-0.371967323598	0.407355452427	-0.834087432799	-2.10612106323	2.31235933304	-4.78649187088
14	16	0.49999987334	0.187953765348	-0.421399929526	0.887184017827	1.09709048271	-2.40761852264	5.06834459305
15	16	0.499986700714	-0.243426162613	0.502991712666	-0.829302743481	-1.38682830334	2.85075521469	-4.75826454163
16	16	0.49999146536	0.258259633101	-0.345054210753	0.902352233638	1.46955502033	-1.98874747753	5.15497732162
17	16	0.499962083995	-0.256415403602	0.351135114335	-0.90053055044	-1.47249031067	2.00750470161	-5.14560317993
18	16	0.499989625067	0.258203946349	-0.348334756103	0.90110688588	1.4945961237	-1.99556016922	5.14505815506
19	16	0.499987769872	-0.298216116839	0.408381541878	-0.862723399423	-1.70735311508	2.33034992218	-4.93321323395
20	16	0.499998737127	0.263872228105	-0.4944902649	0.828161110626	1.51891970634	-2.8000357151	4.74813270569
21	16	0.499991618097	-0.27756938394	0.400494025939	-0.87324668467	-1.58727622032	2.29501986504	-4.98964881897
22	16	0.499978978187	0.252598290545	-0.461622775245	0.850351995934	1.43124949932	-2.61993932724	4.87654066086
23	16	0.499186247587	-0.173092667133	0.492805572533	-0.852749433459	-0.999645233154	2.78040623665	-4.88478565216
24	16	0.498115681112	0.190838358982	-0.32597798421	0.925915263159	1.09477519989	-1.88502216339	5.28977775574
25	16	0.417484281585	-0.183867637983	0.432529511972	-0.882672596706	-0.890540122986	2.09943366051	-4.28656959534
26	16	0.307184724137	-0.129576992424	0.425231055384	-0.895761325673	-0.511417150497	1.56236600876	-3.28897023201
27	16	0.468297440559	-0.221666163068	0.359532732782	-0.906421715433	-1.20443892479	1.94607782364	-4.88790178299
28	16	0.499801602215	0.29202462924	-0.337949299032	0.894713298885	1.67079591751	-1.93883824348	5.11168718338
29	16	0.499980065972	-0.257765097128	0.344615344646	-0.902661298017	-1.4975297451	1.96974897385	-5.15409374237
0	17	0.499999113381	-0.393988034547	0.291929911448	-0.871521861708	-2.25438547134	1.6721265316	-4.98042583466
1	17	0.499999210238	0.346761292911	-0.249726423218	0.904098069506	1.98059642315	-1.44771766663	5.1638250351
2	17	0.500000167638	-0.319877790127	0.30034161086	-0.898595079092	-1.81811618805	1.69457602501	-5.14943885803
3	17	0.499999186024	0.217898040896	-0.11732164439	0.96889425405	1.23904561996	-0.70373493433	5.5375957489
4	17	0.499999437481	-0.174460891648	0.27079179618	-0.946696995034	-1.01192963123	1.51399183273	-5.42010784149
5	17	0.499998005107	0.257908191772	-0.172758656882	0.950598659314	1.46164703369	-0.990114092827	5.43749427795
6	17	0.499998522922	-0.182773467438	0.139690056246	-0.973180634716	-1.06508886814	0.800087690353	-5.55988454819
7	17	0.499997183681	0.278746168144	-0.0611417522771	0.958416537771	1.60329198837	-0.370987147093	5.47554349899
8	17	0.499987546355	-0.370970096915	0.109016664012	-0.922223700716	-2.1235537529	0.647151112556	-5.26901865005
9	17	0.499990582466	0.361929242086	-0.251403558875	0.897665569301	2.08141040802	-1.4429962635	5.1262717247
10	17	0.499960068613	-0.382004738339	0.385453982032	-0.839939049945	-2.18966031075	2.18648076057	-4.8071475029
11	17	0.499989293516	0.431720540021	-0.358284249071	0.827798147009	2.45429039001	-2.04351711273	4.74246120453
12	17	0.499986190349	-0.323459867487	0.379010111873	-0.867020789384	-1.84836566448	2.15204191208	-4.96350908279
13	17	0.49999958463	0.256254796843	-0.268922420987	0.928447203984	1.47730970383	-1.56403231621	5.29736328125
14	17	0.499987300485	-0.215912078179	0.364600715521	-0.905786008248	-1.25474047661	2.0822827816	-5.17478466034
15	17	0.499972540885	0.331173369467	-0.435949389744	0.836822758377	1.86848068237	-2.48421859741	4.79878950119
16	17	0.499258540571	-0.281649392273	0.380418127198	-0.880883458996	-1.61306476593	2.18243908882	-5.02208471298
17	17	0.499696828425	0.296881549898	-0.379640265718	0.876204664434	1.70366621017	-2.16878318787	5.00898838043
18	17	0.499250091612	-0.380478366234	0.377263326026	-0.8443391473	-2.14963150024	2.15376186371	-4.82982444763
19	17	0.499976146966	0.329089196736	-0.398710967674	0.855996416376	1.8787727356	-2.26957178116	4.89948654175
20	17	0.499986898154	-0.344191843354	0.287275759921	-0.893870579408	-1.95628774166	1.66773211956	-5.1070394516
21	17	0.499999124557	0.340042355523	-0.286897958012	0.895578448903	1.92294180393	-1.65455150604	5.12405872345
22	17	0.499989196658	-0.128656220897	0.36305695841	-0.922841926754	-0.7715934515	2.07175397873	-5.27335357666
23	17	0.499960564077	0.202190279948	-0.330951163124	0.921732292112	1.15074300766	-1.90481579304	5.2660908699
24	17	0.499123200774	-0.224086413215	0.329440343496	-0.917199182016	-1.26606559753	1.88317036629	-5.23703765869
25	17	0.497299201787	0.206388577271	-0.332086567626	0.920392452585	1.1833127737	-1.90798664093	5.25374412537
26	17	0.467670891434	-0.330302260424	0.547728037441	-0.768696568068	-1.76380848885	2.9307384491	-4.17499113083
27	17	0.498133104295	0.293228480398	-0.320172170193	0.900836744209	1.67740297318	-1.84441423416	5.13678264618
28	17	0.499572832137	-0.379249987973	0.330736693322	-0.864165890505	-2.15396356583	1.8862631321	-4.94340896606
29	17	0.499981898814	0.411034829446	-0.260360264245	0.873649186908	2.33883571625	-1.50482606888	4.99508476257
0	18	0.499997794628	0.471072875781	-0.312781557385	0.824777571872	2.66799426079	-1.78136992455	4.7331161499
1	18	0.499999996275	-0.289775434502	0.35766758043	-0.887752273705	-1.67042183876	2.02644896507	-5.0788640976
2	18	0.499999903142	0.21700922367	-0.331239536425	0.918252343504	1.24027013779	-1.88837480545	5.25215673447
3	18	0.499998750165	-0.0501328362705	0.219203133977	-0.974390417021	-0.33214789629	1.26486301422	-5.56751966476
4	18	0.499999452382	0.266424291397	-0.182176135575	0.946482938346	1.50325191021	-1.05226659775	5.41487121582
5	18	0.49999807775	-0.261751293564	0.175524372285	-0.949040281048	-1.49790298939	1.01257944107	-5.42339515686
6	18	0.499999694526	0.20902382326	-0.242259137863	0.947427860806	1.21657335758	-1.36396479607	5.41773319244
7	18	0.499999605119	-0.375141631689	0.198798816853	-0.905399241546	-2.13125705719	1.12991094589	-5.18382453918
8	18	0.500000037253	0.43456245757	-0.223874530772	0.872373581066	2.46387004852	-1.2765352726	4.99880647659
9	18	0.499997999519	-0.345845787986	0.298513162513	-0.889539534107	-1.98231303692	1.70822525024	-5.08317184448
10	18	0.499999601394	0.350710617208	-0.437068450994	0.828235010201	1.99767100811	-2.47834873199	4.74931812286
11	18	0.499998118728	-0.301810798316	0.356038953214	-0.88439047135	-1.72784221172	2.04437947273	-5.05207777023
12	18	0.49999974668	0.269824970184	-0.338746642257	0.901357419576	1.545768857	-1.94445919991	5.1490073204
13	18	0.499997671694	-0.288566000315	0.324651429263	-0.900739203621	-1.64807343483	1.84865927696	-5.15258359909
14	18	0.499992053956	0.392997617653	-0.270046948418	0.878992331121	2.21122169495	-1.56040716171	5.03717136383
15	18	0.499231673777	-0.173561849203	0.355055652989	-0.91859227505	-1.0322239399	2.04170751572	-5.23155784607
16	18	0.498052362353	0.337418533772	-0.516992427638	0.78668136042	1.92121052742	-2.9342956543	4.52452754974
17	18	0.445611041039	-0.384057399883	0.379519229808	-0.841703669827	-1.96558570862	1.9423122406	-4.31639480591
18	18	0.498263958842	0.29862352696	-0.381912308314	0.874623906547	1.71592354774	-2.18349981308	5.00683641434
19	18	0.499246485531	-0.263535267115	0.361180820569	-0.894481737007	-1.51355433464	2.05316233635	-5.10693693161
20	18	0.499990705401	0.260857336553	-0.348012011326	0.90046715095	1.50578331947	-1.97266495228	5.15065097809
21	18	0.499998131767	-0.272129081392	0.280217040369	-0.92055644767	-1.56129431725	1.61364161968	-5.25738859177
22	18	0.499997118488	0.267723806024	-0.280407119139	0.921789461441	1.51679825783	-1.6170270443	5.26967525482
23	18	0.499979151413	-0.189933868188	0.339727024629	-0.921146391434	-1.08815300465	1.93230950832	-5.26938867569
24	18	0.499233094975	0.0900980216289	-0.362549798004	0.927599046175	0.543981432915	-2.06324124336	5.29515552521
25	18	0.497676346451	-0.218302215825	0.35417673862	-0.909342059066	-1.23408746719	2.02243304253	-5.2052693367
26	18	0.44500669837	0.127746339666	-0.34398603529	0.930244312118	0.663755774498	-1.76470732689	4.76190567017
27	18	0.497851841152	-0.272551276465	0.379295122728	-0.884223394608	-1.56034934521	2.16049933434	-5.06217002869
28	18	0.499217253178	0.330076655328	-0.341546710727	0.879997298859	1.88843274117	-1.95197892189	5.02065944672
29	18	0.499983202666	-0.438520286846	0.309835540687	-0.843624262187	-2.4931409359	1.76869261265	-4.83125448227
0	19	0.499999582767	-0.364636757559	0.174411144699	-0.914669769721	-2.08244991302	1.02465760708	-5.22538661957
1	19	0.499999482185	0.330673660373	-0.241219618607	0.912396857697	1.87948775291	-1.39645671844	5.21612977982
2	19	0.499993573874	-0.169478793463	0.37612083707	-0.910939105807	-0.987539112568	2.13347411156	-5.21159267426
3	19	0.499995522201	0.177871077513	-0.388261831249	0.904220454413	1.01281571388	-2.19162940979	5.183177948
4	19	0.499980686232	-0.248039803792	0.215397089542	-0.944500052701	-1.42156207561	1.24769389629	-5.39521408081
5	19	0.499994687736	0.345440319457	-0.249497534898	0.90466677057	1.95934915543	-1.40895783901	5.18298912048
6	19	0.499991443008	-0.323434151082	0.121740870042	-0.938386652972	-1.84783315659	0.722613930702	-5.36198949814
7	19	0.499999087304	0.361218644191	-0.161297716178	0.918424813387	2.07126259804	-0.93477678299	5.24634408951
8	19	0.499999679625	-0.328874980656	0.22885741737	-0.916223515095	-1.89254498482	1.30999314785	-5.23311138153
9	19	0.500000219792	0.314144495346	-0.305052920689	0.899030562118	1.7932009697	-1.75539469719	5.13719272614
10	19	0.499999634922	-0.244406116599	0.394197785003	-0.885931011122	-1.41266143322	2.25782394409	-5.05911111832
11	19	0.500000104308	0.186805461023	-0.418463849001	0.888814787687	1.07766819	-2.38412857056	5.08315372467
12	19	0.499999545515	-0.213456536438	0.423668375534	-0.880307568197	-1.2154866457	2.40180921555	-5.04421567917
13	19	0.499998772517	0.212532280076	-0.281821899486	0.935631576474	1.22350633144	-1.6252887249	5.34319067001
14	19	0.499962627888	-0.321910143845	0.254157941004	-0.912018421039	-1.82530331612	1.47274494171	-5.21394395828
15	19	0.499523557723	0.267265828471	-0.39262649612	0.880007620124	1.53232288361	-2.2297232151	5.03610038757
16	19	0.44520618394	-0.485288235532	0.338524683419	-0.806161501915	-2.46139860153	1.73443293571	-4.14279127121
17	19	0.233203956857	-0.359788475103	0.319893621567	-0.876481787639	-1.01006603241	0.892527341843	-2.44072771072
18	19	0.445313710719	-0.397953531162	0.358729409373	-0.844361414257	-2.02880048752	1.82310175896	-4.33568906784
19	19	0.499604217708	0.288171273846	-0.188681970595	0.938805853679	1.66008031368	-1.10960459709	5.35817909241
20	19	0.499963454902	-0.376848788984	0.177848305193	-0.909040686978	-2.13186883926	1.05875873566	-5.19937849045
21	19	0.499999444932	0.310780168421	-0.383532496903	0.869665746558	1.76582872868	-2.17120528221	4.98602390289
22	19	0.49999981001	-0.248576952311	0.348165672125	-0.903875081819	-1.42630136013	1.98216068745	-5.16926145554
23	19	0.499961204827	0.228028925322	-0.212069583023	0.950278538731	1.30067586899	-1.24395728111	5.4263753891
24	19	0.499665761366	-0.166821805624	0.331257031935	-0.928676081291	-0.96281182766	1.88739144802	-5.31158971786
25	19	0.445338336751	0.043895752723	-0.332303421928	0.942150518053	0.245429858565	-1.6993906498	4.8262052536
26	19	0.23295323411	0.149383900995	-0.280609679384	0.948125866096	0.423865258694	-0.797858834267	2.63534164429
27	19	0.445673575625	0.19702216727	-0.317043651931	0.927720641343	1.0109565258	-1.62655186653	4.75478696823
28	19	0.499680452049	-0.295998030105	0.392591578855	-0.870779546376	-1.69177961349	2.22150182724	-4.99030399323
29	19	0.499962743372	0.337715164112	-0.275997094293	0.899874475619	1.93235182762	-1.58287274837	5.14228057861
0	20	0.499997613952	0.28143364454	-0.262066548396	0.92310141801	1.61753678322	-1.49474608898	5.27564811707
1	20	0.499993626028	-0.31569315992	0.313277636931	-0.895653365415	-1.790153265	1.77697753906	-5.1305809021
2	20	0.499985722825	0.237068182954	-0.283779504043	0.929122096237	1.34223723412	-1.63476967812	5.31166028976
3	20	0.499605072662	-0.136109490093	0.29841031266	-0.944682746749	-0.803050339222	1.70531725883	-5.3929476738
4	20	0.49982522428	0.269934469716	-0.298191954067	0.91554188358	1.53542053699	-1.69370770454	5.24007225037
5	20	0.499469310045	-0.309570556415	0.193936514369	-0.930889198023	-1.76448631287	1.11846756935	-5.31511831284
6	20	0.499979391694	0.335762265781	-0.236622446344	0.911742024239	1.9295232296	-1.34659802914	5.2109913826
7	20	0.499988824129	-0.514667752126	0.271905374251	-0.813132567528	-2.90628528595	1.54781770706	-4.67516851425
8	20	0.499999452382	0.392418853518	-0.220741825233	0.892905644509	2.23503470421	-1.29623425007	5.10177135468
9	20	0.499999586493	-0.261536039747	0.466910899984	-0.844744405953	-1.51369464397	2.63790774345	-4.84251737595
10	20	0.500000018626	0.362741972667	-0.482689280533	0.797138206163	2.04021072388	-2.73385667801	4.59076118469
11	20	0.499999655411	-0.112768839329	0.368267165252	-0.922855613774	-0.670423746109	2.11701798439	-5.26917314529
12	20	0.499999787658	0.0913462206403	-0.330692155401	0.93930749296	0.537404596806	-1.90080928802	5.3650097847
13	20	0.499996671453	-0.151466551739	0.331016424896	-0.931389290336	-0.871299028397	1.88998293877	-5.32448959351
14	20	0.499976862222	0.191583007902	-0.354258447161	0.915312462331	1.10532689095	-2.01095199585	5.23649311066
15	20	0.499204561114	-0.210447043333	0.373600817165	-0.903401611337	-1.21436107159	2.11733818054	-5.16034412384
16	20	0.498277656734	0.357879033689	-0.317846628998	0.878006900702	2.03634786606	-1.81282389164	5.03585672379
17	20	0.44579786621	-0.282377617845	0.175953174133	-0.943028823235	-1.47167491913	0.921607613564	-4.82515859604
18	20	0.498123582453	0.464122660226	-0.157560319712	0.871644940281	2.6366353035	-0.922833323479	4.99755382538
19	20	0.499304458499	-0.328779991458	0.342564569467	-0.880087059877	-1.87683784962	1.93274331093	-5.03437995911
20	20	0.499992147088	0.274917474528	-0.40986075941	0.869732453169	1.57379901409	-2.31231355667	4.98743724823
21	20	0.499998364598	-0.161549429544	0.369028538982	-0.915270298453	-0.955281615257	2.1054751873	-5.22929239273
22	20	0.499997548759	0.277559344225	-0.383517791966	0.880837620495	1.57875227928	-2.17935729027	5.04403162003
23	20	0.499990858138	-0.240275408527	0.299697104642	-0.923281849451	-1.39067792892	1.71068680286	-5.27522802353
24	20	0.49919796735	0.382510526759	-0.294642488244	0.875711996629	2.15561723709	-1.6870983839	5.00960922241
25	20	0.498158512637	-0.25444411075	0.315103000979	-0.914313017122	-1.46286559105	1.79967236519	-5.23361778259
26	20	0.445755744353	0.194735880978	-0.302229486203	0.933131970479	0.995136380196	-1.54959201813	4.78440189362
27	20	0.498260315508	-0.20015978319	0.221911749126	-0.954301439165	-1.15266346931	1.27995300293	-5.460105896
28	20	0.49925859645	0.266833388937	-0.252203137273	0.930157793118	1.5243742466	-1.45119535923	5.30634498596
29	20	0.499992024153	-0.273098922026	0.299789226791	-0.91408063008	-1.56861639023	1.69758844376	-5.22908258438
0	21	0.499998319894	-0.307541448701	0.208488461111	-0.928413064812	-1.7434296608	1.19628453255	-5.31167507172
1	21	0.499995017424	0.191595026625	-0.238559678063	0.952040243779	1.10814976692	-1.37191104889	5.43876123428
2	21	0.499606372789	-0.101198467127	0.347196083426	-0.932316335749	-0.606539189816	1.96157026291	-5.33162927628
3	21	0.498963812366	0.253003729134	-0.228246179972	0.940155728788	1.42560827732	-1.3230162859	5.37833070755
4	21	0.468621522188	-0.261723831213	0.316649457986	-0.911720218561	-1.40798532963	1.69476950169	-4.93064212799
5	21	0.498275045305	0.233555210382	-0.162868398021	0.958606201018	1.34969186783	-0.944679141045	5.48245620728
6	21	0.499163147062	-0.349297192704	0.247969182065	-0.903605420477	-1.98962473869	1.41771221161	-5.15850257874
7	21	0.499976601452	0.393807112934	-0.334433144381	0.856195322191	2.24804759026	-1.90982937813	4.89782381058
8	21	0.499988492578	-0.304079542378	0.42929466008	-0.850436197921	-1.74657332897	2.42936086655	-4.87216758728
9	21	0.499999575317	0.243924887427	-0.346573105107	0.905752577755	1.4095287323	-1.98747944832	5.17191553116
10	21	0.499991314486	-0.266810092481	0.248473484637	-0.931167708838	-1.52625155449	1.46227049828	-5.31326818466
11	21	0.499993678182	0.188963966236	-0.411281909161	0.891706123485	1.07995915413	-2.32670164108	5.10986852646
12	21	0.499980481341	-0.0948296417064	0.351740718867	-0.93128180791	-0.557776033878	2.01227426529	-5.32176160812
13	21	0.499981984496	0.175429696163	-0.318992054808	0.931379885263	0.998940944672	-1.81984734535	5.32659006119
14	21	0.499957820401	-0.232781744598	0.23003876732	-0.944931121782	-1.31953561306	1.33225226402	-5.40092372894
15	21	0.499231761321	0.210113732355	-0.197269360057	0.95756828428	1.20420920849	-1.14473986626	5.46193933487
16	21	0.498988091946	-0.304282832775	0.174358401371	-0.93648871085	-1.74731826782	1.01241374016	-5.34155511856
17	21	0.498887438327	0.465870954105	-0.194920132661	0.863116675777	2.63097524643	-1.10595166683	4.94513273239
18	21	0.499249305576	-0.347035330251	0.194676533898	-0.91742439836	-1.99184131622	1.11522400379	-5.23274326324
19	21	0.499965107068	0.255872020233	-0.258327448258	0.93155592357	1.47455310822	-1.48243939877	5.32103538513
20	21	0.499987069517	-0.239752885338	0.258220380408	-0.935863659469	-1.38165712357	1.48074030876	-5.34632968903
21	21	0.499999843538	0.248548557845	-0.242897426463	0.937669693768	1.42623758316	-1.40090966225	5.35645198822
22	21	0.499999690801	-0.316916789393	0.330791254748	-0.888898697481	-1.81094205379	1.87727379799	-5.08755207062
23	21	0.499987095594	0.33360558545	-0.243523821982	0.910715906023	1.90093779564	-1.40923881531	5.20438814163
24	21	0.499970275909	-0.428379057928	0.309293563487	-0.84901641581	-2.42618083954	1.75941288471	-4.86913394928
25	21	0.499233873561	0.277529825648	-0.274014707843	0.920811129256	1.59594464302	-1.57142233849	5.25056934357
26	21	0.49971050024	-0.256514975963	0.323357664157	-0.910845699412	-1.46540606022	1.84465909004	-5.21018266678
27	21	0.499252405018	0.24851245297	-0.280678159772	0.927071373383	1.42166543007	-1.60786378384	5.28955841064
28	21	0.499977305532	-0.308943734304	0.281763593019	-0.90838485604	-1.75476002693	1.60153388977	-5.20028066635
29	21	0.499987265095	0.306963382384	-0.144782953509	0.940644129439	1.74697589874	-0.857506155968	5.37603139877
0	22	0.499999484047	0.218230644665	-0.237627726816	0.946524404956	1.25544667244	-1.35141885281	5.41102313995
1	22	0.499981617555	-0.230260399276	0.201677275473	-0.952001273677	-1.31262278557	1.16722750664	-5.44028568268
2	22	0.499824367464	0.146412574726	-0.288194040935	0.946312608355	0.841378688812	-1.64090180397	5.41130447388
3	22	0.468256548047	-0.156602619663	0.276163177361	-0.948266586454	-0.850250005722	1.48564505577	-5.11766433716
4	22	0.306165564805	-0.127464719343	0.145077174477	-0.981175498455	-0.477524697781	0.554561436176	-3.59143233299
5	22	0.417026677169	-0.166867950294	0.14272137012	-0.975595047997	-0.814749598503	0.693835794926	-4.73126220703
6	22	0.498081348836	0.356755654656	-0.290214053308	0.887975904028	2.03454208374	-1.65334188938	5.08497810364
7	22	0.499139036983	-0.359539083507	0.360522976615	-0.860671151348	-2.04625749588	2.04828906059	-4.91856908798
8	22	0.499976869673	0.284941910901	-0.413919868573	0.864568360405	1.63599848747	-2.35341358185	4.94689178467
9	22	0.499980583787	-0.355153025862	0.325163632893	-0.876433077916	-2.00899004936	1.86472177505	-5.01717329025
10	22	0.499977547675	0.269476841606	-0.378660570615	0.885436843654	1.54351723194	-2.14435529709	5.07007217407
11	22	0.499482743442	-0.251786152268	0.25859926675	-0.932593240788	-1.43930602074	1.50206446648	-5.3197350502
12	22	0.499827347696	0.147806166946	-0.378677552314	0.913650178343	0.855299949646	-2.14715623856	5.22917032242
13	22	0.499603331089	-0.159633530098	0.292759105327	-0.942766801662	-0.912253081799	1.67757189274	-5.3838224411
14	22	0.499231083319	0.179969274217	-0.296809749226	0.937824628117	1.03734612465	-1.6897469759	5.35308933258
15	22	0.497905636206	-0.15850206278	0.270000401189	-0.949724633487	-0.919075727463	1.54230880737	-5.4328584671
16	22	0.445322817191	0.334006401546	-0.225798315766	0.915125589372	1.71054077148	-1.16185832024	4.68626403809
17	22	0.497970752418	-0.412844267862	0.0971553773542	-0.905605014973	-2.36084675789	0.578908503056	-5.18120002747
18	22	0.499261688441	0.357613012406	-0.217508256391	0.908186705342	2.0356669426	-1.24234187603	5.18692970276
19	22	0.499979875982	-0.260112364461	0.333302128497	-0.906229137136	-1.50201678276	1.88328802586	-5.1851940155
20	22	0.49999727495	0.338179529541	-0.175731378658	0.924528576278	1.91969203949	-1.02840971947	5.28642559052
21	22	0.499998860061	-0.328920500344	0.188882587705	-0.925275457643	-1.87955117226	1.08892548084	-5.28816080093
22	22	0.499999206513	0.406395506936	-0.230776877021	0.884072805245	2.29616308212	-1.32708859444	5.06530189514
23	22	0.499999241903	-0.233231058405	0.294122787395	-0.92687380982	-1.36575937271	1.66671419144	-5.29621839523
24	22	0.499986749142	0.378067811416	-0.273781734449	0.884368866398	2.15540933609	-1.56004953384	5.06013345718
25	22	0.499989036471	-0.338770209145	0.252882393557	-0.906247891266	-1.94309854507	1.45080304146	-5.17795848846
26	22	0.499961860478	0.260347655861	-0.365987217572	0.893460941878	1.50003182888	-2.07392787933	5.11186599731
27	22	0.499989371747	-0.277164708308	0.387815933586	-0.879078225259	-1.58069121838	2.20235157013	-5.03346824646
28	22	0.49998681061	0.237698738372	-0.288014584442	0.927656676214	1.36781132221	-1.64715957642	5.30077123642
29	22	0.499998757616	-0.21237023681	0.233205255149	-0.948954262063	-1.23093163967	1.33081960678	-5.42215204239
0	23	0.499998129904	-0.229840525572	0.19401608219	-0.953693395519	-1.32927799225	1.11478579044	-5.44744634628
1	23	0.499991334975	0.309144175801	-0.25799924212	0.91535035349	1.74031627178	-1.46637988091	5.24507045746
2	23	0.499477300793	-0.140634428863	0.228732909836	-0.963277329421	-0.825662374496	1.3101991415	-5.49746799469
3	23	0.498100508004	0.230875095748	-0.186321135213	0.954977028381	1.30953061581	-1.07345128059	5.46590900421
4	23	0.417815186083	-0.104462977025	0.287026076023	-0.952209807823	-0.515952646732	1.37575674057	-4.63172101974
5	23	0.36565212952	-0.181486358679	0.0696768643181	-0.980921931752	-0.801967740059	0.327859759331	-4.29370975494
6	23	0.417638808489	-0.369052385208	0.173129430474	-0.913141028142	-1.78062081337	0.83970451355	-4.44009542465
7	23	0.498265646398	0.321043516073	-0.259774959422	0.910740375324	1.83272945881	-1.49813437462	5.21193981171
8	23	0.49944659695	-0.218087153492	0.359292700742	-0.907384564931	-1.27219200134	2.03779149055	-5.18159914017
9	23	0.499970514327	0.289176566379	-0.242312693101	0.926100141572	1.65202689171	-1.40071463585	5.29147624969
10	23	0.499146215618	-0.23850917261	0.352987695732	-0.904717116696	-1.38701272011	1.99278008938	-5.1662478447
11	23	0.49827658385	0.412856521891	-0.2429342607	0.877799770626	2.33747220039	-1.4018778801	5.03502035141
12	23	0.468737347052	-0.231235434065	0.329191143535	-0.91551262419	-1.25273060799	1.77018547058	-4.94816684723
13	23	0.498932020739	0.121007184723	-0.258778588374	0.958327138009	0.717903912067	-1.49147248268	5.47402381897
14	23	0.499286957085	-0.334581449169	0.312580648625	-0.889015518412	-1.88799929619	1.78335189819	-5.09029388428
15	23	0.445529086515	0.348789640526	-0.200847659325	0.91542667888	1.78447794914	-1.04467976093	4.68866682053
16	23	0.233003883623	0.347822280655	-0.322961442094	0.880179281738	0.96382188797	-0.877820730209	2.46284914017
17	23	0.445339009166	0.344572916172	-0.33130639308	0.878353903245	1.76345765591	-1.6877528429	4.50332689285
18	23	0.499686237425	-0.301360158411	0.250086648581	-0.920129731681	-1.72440123558	1.43953967094	-5.25832748413
19	23	0.499962493777	0.309852200115	-0.33536667116	0.889674552833	1.76175045967	-1.90030455589	5.09565925598
20	23	0.499999634922	-0.30140016298	0.274181203866	-0.913226482972	-1.72617983818	1.56339418888	-5.22101736069
21	23	0.499999316409	0.319481881887	-0.220840777205	0.921499147189	1.82914447784	-1.26539301872	5.26634168625
22	23	0.49999955669	-0.315239801423	0.226598812646	-0.921562176799	-1.80660176277	1.28904414177	-5.26845788956
23	23	0.499998966232	0.29151014069	-0.181301752288	0.939229211903	1.67276215553	-1.04727816582	5.36570358276
24	23	0.499988876283	-0.412035844934	0.162064130241	-0.896639102526	-2.34842157364	0.94248944521	-5.12679290771
25	23	0.499984588474	0.522912746089	-0.163872524249	0.836485538294	2.95861315727	-0.960235714912	4.79861068726
26	23	0.499961450696	-0.327739854563	0.217208723624	-0.919460144929	-1.88747215271	1.26220834255	-5.24771785736
27	23	0.499986570328	0.286389011801	-0.410572086752	0.865685794905	1.64659118652	-2.31226301193	4.96383857727
28	23	0.499985812232	-0.275870533098	0.267623359014	-0.92318643116	-1.58797669411	1.52438557148	-5.27702665329
29	23	0.499997368082	0.33493978546	-0.214668506425	0.917459956873	1.89616012573	-1.22348952293	5.25308132172
0	24	0.499963125214	0.301684129158	-0.151264735647	0.94133185751	1.70962321758	-0.87341439724	5.3847990036
1	24	0.499978899956	-0.204552187996	0.265570908693	-0.942141440996	-1.18770778179	1.50739836693	-5.38535356522
2	24	0.499950887635	0.218269440947	-0.242234208105	0.945347047159	1.24151837826	-1.38564622402	5.40538406372
3	24	0.499130565673	-0.212280588218	0.205193528228	-0.955422716832	-1.21533441544	1.18270754814	-5.45005702972
4	24	0.497342286631	0.265876051216	-0.220725575894	0.938397647874	1.50795722008	-1.27512478828	5.3600358963
5	24	0.417324744165	-0.18920399514	0.225481678417	-0.955698624526	-0.927967309952	1.08660244942	-4.64616250992
6	24	0.305640391074	-0.293094053481	0.181728742445	-0.938653578261	-1.07300758362	0.675879538059	-3.43289279938
7	24	0.468043433502	-0.290260763473	0.224633768456	-0.930208771867	-1.57813572884	1.21785247326	-5.01238679886
8	24	0.499787755311	0.367817496608	-0.298087892957	0.880825690623	2.08704090118	-1.69203281403	5.04690742493
9	24	0.499152425677	-0.301703871319	0.154648899983	-0.94077547362	-1.72809863091	0.896878838539	-5.3655796051
10	24	0.498176369816	0.358028871323	-0.20226969058	0.911538424627	2.04343056679	-1.16557049751	5.21615076065
11	24	0.416972257197	-0.451798608476	0.129728410233	-0.882637273719	-2.18698525429	0.638778567314	-4.28059101105
12	24	0.30723884888	-0.429835051495	0.208152128142	-0.878586660527	-1.56965696812	0.781126618385	-3.23129987717
13	24	0.468899464235	-0.168349547876	0.320918780935	-0.932024444837	-0.932264328003	1.73579740524	-5.03239107132
14	24	0.498982708901	0.31840835204	-0.402307359707	0.858350109033	1.80839133263	-2.26763486862	4.91621398926
15	24	0.498317178339	-0.353646049719	0.272423219525	-0.894829626791	-2.02543306351	1.57401609421	-5.11915969849
16	24	0.445898110047	0.330267733667	-0.285344637838	0.899723102824	1.69082689285	-1.46698343754	4.61385726929
17	24	0.498359508812	-0.33718246527	0.323243938175	-0.884206617	-1.91719079018	1.85687577724	-5.06661605835
18	24	0.499235937372	0.227356852076	-0.285053115314	0.931157120611	1.31364774704	-1.63243293762	5.30991077423
19	24	0.499991428107	-0.215372946533	0.22806205753	-0.9495273518	-1.24228131771	1.32815170288	-5.42057514191
20	24	0.499995745718	0.289643057695	-0.303152643963	0.907857573404	1.65555620193	-1.7232131958	5.19353055954
21	24	0.499999642372	-0.373142041133	0.235877919558	-0.897288484382	-2.12056255341	1.35773038864	-5.13300132751
22	24	0.49999907054	0.316806297862	-0.163384083849	0.934312266204	1.80853223801	-0.947224617004	5.33991098404
23	24	0.49998918362	-0.273978568307	0.200285467252	-0.94064949674	-1.58141851425	1.141451478	-5.37387084961
24	24	0.499972496182	0.345387241339	-0.248841471875	0.904867711544	1.98974895477	-1.41790735722	5.16938114166
25	24	0.499311562628	-0.511186713878	0.354049991616	-0.783158187719	-2.90067696571	1.97803592682	-4.50523424149
26	24	0.499740574509	0.427815524411	-0.221104767043	0.8764054764	2.43755054474	-1.27494096756	5.01267766953
27	24	0.499237891287	-0.377996984417	0.22318826786	-0.898501684395	-2.15140390396	1.27207279205	-5.13281679153
28	24	0.499958284199	0.399725089347	-0.0615172447667	0.914568467389	2.2658905983	-0.388785421848	5.23579978943
29	24	0.499976143241	-0.319234450477	0.102157906112	-0.942153452388	-1.82429265976	0.591995060444	-5.38558769226
0	25	0.499600116163	-0.201902392949	0.165847241227	-0.965261682809	-1.17891788483	0.952393651009	-5.5133099556
1	25	0.499263061211	0.288869990621	-0.244379580853	0.925652607073	1.62746250629	-1.39313483238	5.29139232635
2	25	0.49995129928	-0.199339563563	0.280398677225	-0.938957038532	-1.14344549179	1.59824728966	-5.36864948273
3	25	0.499267555773	0.186411649412	-0.341914608434	0.921056511568	1.06986248493	-1.93613684177	5.2635807991
4	25	0.49643542245	-0.255054102284	0.419302280935	-0.871282389418	-1.45095801353	2.36222410202	-4.98866271973
5	25	0.442837192677	0.0965057357154	-0.0365718171687	0.994660316471	0.5133202672	-0.196766272187	5.09880685806
6	25	0.465521533042	-0.351471816559	0.337920812609	-0.87308481064	-1.90117871761	1.81859731674	-4.71575117111
7	25	0.498073767871	0.406742313375	-0.264428057629	0.874436099923	2.30321407318	-1.51126289368	5.0003361702
8	25	0.499120332301	-0.392143461315	0.25709246781	-0.883247965604	-2.22400403023	1.46077203751	-5.04961490631
9	25	0.497477000579	0.284164697768	-0.0751793924098	0.955823458333	1.64003944397	-0.463103681803	5.45815706253
10	25	0.417504765093	-0.432413377529	0.298481978524	-0.850839103139	-2.09681081772	1.44136369228	-4.13654899597
11	25	0.365444781259	-0.532997765378	0.165878532698	-0.829697351142	-2.32441926003	0.737048208714	-3.63605904579
12	25	0.417442843318	-0.467735645531	0.370733420159	-0.802359082379	-2.26669406891	1.77820849419	-3.90756464005
13	25	0.498219098896	0.346895321746	-0.279087467087	0.895418238292	1.97825312614	-1.59615063667	5.12851715088
14	25	0.499454239383	-0.222181491639	0.232427968783	-0.946896311166	-1.29911971092	1.34901499748	-5.39667606354
15	25	0.499237071723	0.399837783296	-0.353420013054	0.845709194358	2.25300598145	-2.00543689728	4.8475561142
16	25	0.499673895538	-0.20018258915	0.339939696236	-0.918894952605	-1.16663384438	1.94655370712	-5.24890375137
17	25	0.499222554266	0.249289758413	-0.435878118852	0.864791814171	1.41858553886	-2.46353793144	4.95073461533
18	25	0.499967265874	-0.297089947443	0.394856559519	-0.869382459297	-1.67376458645	2.24680376053	-4.98445987701
19	25	0.499950669706	0.180098500028	-0.354593569984	0.917511814863	1.04800498486	-2.01433587074	5.24644136429
20	25	0.499991282821	-0.256532491695	0.304712636195	-0.917246580832	-1.47611927986	1.75057840347	-5.23852729797
21	25	0.499987330288	0.375814196303	-0.399600223234	0.836112044793	2.13503503799	-2.24049806595	4.80947828293
22	25	0.499989153817	-0.250396880507	0.180735559168	-0.95112357761	-1.45389473438	1.03977787495	-5.43129682541
23	25	0.499971253797	0.360319776296	-0.142742672671	0.921842821856	2.04864287376	-0.828313946724	5.27290296555
24	25	0.499165143818	-0.401541319363	0.222363957976	-0.888436176119	-2.28105950356	1.26145339012	-5.07800197601
25	25	0.497584320605	0.414166352929	-0.0741226215072	0.907178080138	2.37002205849	-0.461350440979	5.18681955338
26	25	0.451169511303	-0.344086013604	0.259577486104	-0.902343805847	-1.77938365936	1.3379534483	-4.69055128098
27	25	0.498470051214	0.29656891932	-0.154106406261	0.942495671949	1.70317268372	-0.893736600876	5.39008235931
28	25	0.499206805602	-0.307686511694	0.209464064866	-0.928145363643	-1.76210725307	1.17102146149	-5.30215263367
29	25	0.499218797311	0.243112826624	-0.0708062826642	0.967410266571	1.40278351307	-0.426609545946	5.51712608337
0	26	0.445281289518	0.396688086893	-0.273751933086	0.876184022251	2.01565909386	-1.39778518677	4.49675178528
1	26	0.497993972152	-0.217006772412	0.242306008194	-0.945619299253	-1.24886620045	1.38747572899	-5.40983581543
2	26	0.499190043658	0.169558217303	-0.225816669611	0.959300183817	0.968311905861	-1.29512691498	5.47360181808
3	26	0.499667303637	-0.147462090468	0.208974734487	-0.966739102458	-0.854602217674	1.20728456974	-5.52355289459
4	26	0.445486921817	0.231716002711	-0.198622386016	0.952290313854	1.1857843399	-1.01030290127	4.8817858696
5	26	0.234510341659	0.289607769344	-0.107773867133	0.951058428015	0.796391308308	-0.320140957832	2.66990375519
6	26	0.445111906156	0.347715772179	-0.082496153847	0.933963664378	1.76519584656	-0.433563351631	4.79109764099
7	26	0.49920488894	-0.232770842084	0.26370358008	-0.936097300994	-1.35446214676	1.4970510006	-5.34460687637
8	26	0.499745804816	0.296844910264	-0.287263980511	0.910693419737	1.70225894451	-1.64495539665	5.20328426361
9	26	0.467580948025	-0.349165760404	0.431985911053	-0.831547620051	-1.8844871521	2.29411172867	-4.49988269806
10	26	0.306325798854	-0.414817068836	0.238755885403	-0.87802188275	-1.52716135979	0.874454379082	-3.2168161869
11	26	0.417869873345	-0.54513604773	0.193180836613	-0.81578664725	-2.63750004768	0.937886118889	-3.97356319427
12	26	0.498089678586	0.446154414069	-0.198052247999	0.872766604465	2.55147480965	-1.14121460915	4.99135541916
13	26	0.499161817133	-0.390630038153	0.286654721669	-0.874778396988	-2.2256975174	1.62408900261	-4.99884414673
14	26	0.499964151531	0.263370290596	-0.211829045654	0.941150649709	1.5237839222	-1.22521471977	5.3728094101
15	26	0.499983534217	-0.351655531833	0.355973907842	-0.865806539515	-1.99206423759	2.01100349426	-4.96856069565
16	26	0.499950654805	0.18014298217	-0.304413931131	0.935350557015	1.04246723652	-1.74679577351	5.34250116348
17	26	0.499962940812	-0.0849335543393	0.295436022081	-0.951579659411	-0.51632976532	1.70379495621	-5.43391418457
18	26	0.499229166657	0.13240005766	-0.344411345974	0.929435877022	0.7713072896	-1.9610004425	5.30517530441
19	26	0.499705605209	-0.224779863344	0.283009571219	-0.932405274349	-1.28267836571	1.62906932831	-5.32906198502
20	26	0.499231327325	0.316796639263	-0.319771579542	0.892964739656	1.80283689499	-1.80911743641	5.10510253906
21	26	0.499957736582	-0.376016588401	0.156453421506	-0.913309286138	-2.13480448723	0.927501797676	-5.2232336998
22	26	0.499961463735	0.270566314232	-0.10471151312	0.956989743217	1.56084799767	-0.62379360199	5.46484041214
23	26	0.49913598597	-0.333647810711	0.141710627224	-0.93198564181	-1.89967608452	0.825711965561	-5.31854200363
24	26	0.49765476957	0.298987848629	-0.295722605905	0.907278571735	1.71306276321	-1.6726744175	5.19530534744
25	26	0.41863210313	-0.109407911571	0.265468329449	-0.957891682261	-0.55070990324	1.28814947605	-4.66537475586
26	26	0.267130442429	-0.207558989622	0.21081750491	-0.955235701516	-0.682955622673	0.672290325165	-3.05008721352
27	26	0.451406253502	-0.30519276841	0.1988006243	-0.931308587896	-1.58555674553	1.0284126997	-4.83855390549
28	26	0.498992776498	0.37047675248	-0.147970728068	0.916979628731	2.10128951073	-0.85607945919	5.238758564
29	26	0.498216921464	-0.351004095592	0.15093154918	-0.92412974865	-2.00345468521	0.863848686218	-5.29301118851
0	27	0.233320202678	0.316035494831	-0.299634417927	0.900189303203	0.887752354145	-0.817437410355	2.51593208313
1	27	0.445102442056	0.392453389138	-0.240619758817	0.887740090917	1.98903679848	-1.23840498924	4.55287361145
2	27	0.499541660771	-0.114287441765	0.260371468595	-0.958720542701	-0.685782968998	1.48488473892	-5.47871494293
3	27	0.499218044803	0.194432494506	-0.257693076875	0.946461981915	1.10894501209	-1.46129250526	5.40514183044
4	27	0.498340409249	-0.27003406481	0.160976733059	-0.949298738678	-1.54345071316	0.92392885685	-5.43622636795
5	27	0.446028649807	0.284705396689	-0.15542656444	0.945930980655	1.45982921124	-0.800602912903	4.85248041153
6	27	0.497983902693	-0.138259100066	0.153997067996	-0.978350307557	-0.81106543541	0.891563415527	-5.59469985962
7	27	0.499273722991	0.27589642768	-0.217816077093	0.936182310105	1.563164711	-1.24857437611	5.34689283371
8	27	0.499579448253	-0.282432009439	0.285763123635	-0.915735549825	-1.61972284317	1.61895883083	-5.23318862915
9	27	0.498971845955	0.381069058389	-0.187264093348	0.905383085816	2.1715259552	-1.09539270401	5.17771673203
10	27	0.468127090484	-0.479392694248	0.0831592496378	-0.873651637611	-2.57074451447	0.471234679222	-4.72083091736
11	27	0.497918481007	0.333865807137	-0.0949798210613	0.937823254359	1.91650807858	-0.557634472847	5.36160850525
12	27	0.499183740467	-0.435152048196	0.167434786624	-0.884651506063	-2.47496843338	0.963689684868	-5.05244541168
13	27	0.499975491315	0.443797354104	-0.285492146437	0.849434013219	2.51655697823	-1.6158131361	4.87349557877
14	27	0.49998928234	-0.342933047729	0.178350700022	-0.922273252663	-1.95800566673	1.0272244215	-5.2721157074
15	27	0.499994756654	0.261271533227	-0.155371914598	0.952678725531	1.50754845142	-0.918071866035	5.43855762482
16	27	0.499991636723	-0.250455586471	0.325527918265	-0.911758506204	-1.43220973015	1.83967673779	-5.22052526474
17	27	0.499263685197	0.227394805756	-0.309635977512	0.923264406194	1.29283571243	-1.76388216019	5.27319049835
18	27	0.498267294839	-0.149217543802	0.314120572244	-0.93758327135	-0.862033188343	1.80094265938	-5.36594820023
19	27	0.445981809869	0.201531593913	-0.261804576101	0.943844998179	1.0420665741	-1.35216116905	4.83683681488
20	27	0.498207535595	-0.320171958934	0.256346737136	-0.912017690109	-1.8295249939	1.47594976425	-5.21974039078
21	27	0.49922349304	0.291602278724	-0.301461030864	0.90779367585	1.66263449192	-1.70286083221	5.18941354752
22	27	0.498969394714	-0.320272567217	0.290365244254	-0.901728067445	-1.81413626671	1.63951659203	-5.15568161011
23	27	0.497646560892	0.315315304519	-0.254362937278	0.914262410293	1.79790830612	-1.44163322449	5.23482131958
24	27	0.402335396037	-0.14229304759	0.122675946281	-0.982193107699	-0.674083471298	0.587620258331	-4.58807086945
25	27	0.314535891637	-0.229180723797	0.236767496354	-0.944149007578	-0.874925374985	0.881080985069	-3.55623817444
26	27	0.420082457364	-0.301159894279	0.180054313913	-0.936420398175	-1.46558487415	0.882003843784	-4.5771074295
27	27	0.49805412069	0.275706755488	-0.0594694591516	0.959400421308	1.57673025131	-0.368638157845	5.49044322968
28	27	0.49903767556	-0.298361646057	0.22943765305	-0.926465699055	-1.70852184296	1.29654145241	-5.29270076752
29	27	0.445974914357	0.314938704317	-0.248241291861	0.916073072161	1.61636710167	-1.27472150326	4.69812870026
0	28	0.445661814883	0.28354501648	-0.20413713629	0.936979323794	1.45773172379	-1.06284296513	4.79802179337
1	28	0.498114958405	-0.268304545724	0.360887351858	-0.893181386961	-1.54295504093	2.05141401291	-5.11652326584
2	28	0.499273136258	0.264192790318	-0.24082852239	0.933918514833	1.50002360344	-1.38779866695	5.33056545258
3	28	0.499967144802	-0.209824981677	0.262857760748	-0.941742679652	-1.21355497837	1.49765503407	-5.38288354874
4	28	0.499247854576	0.30126935913	-0.107714716789	0.947435651132	1.71159660816	-0.652960300446	5.40746212006
5	28	0.499681230634	-0.267237497096	0.290941413904	-0.918660554188	-1.53097486496	1.64784741402	-5.25754261017
6	28	0.499259278178	0.191200598233	-0.26148283431	0.946080894319	1.10335636139	-1.49073195457	5.39902162552
7	28	0.499968947843	-0.263309179183	0.240648168892	-0.934214501582	-1.50656569004	1.37604928017	-5.34040880203
8	28	0.499973237514	0.273932908753	-0.22531956545	0.934982275194	1.57020878792	-1.30202913284	5.34059143066
9	28	0.499598942697	-0.294453985485	0.353010854052	-0.888076678758	-1.69130015373	1.9937441349	-5.07966470718
10	28	0.499726168811	0.328987226608	-0.248457002156	0.911063402189	1.87985134125	-1.42084217072	5.20850944519
11	28	0.499448053539	-0.195380016345	0.181565441543	-0.963774164237	-1.15847373009	1.04237043858	-5.49547719955
12	28	0.499978173524	0.40997888403	-0.204898539431	0.888782258592	2.31661510468	-1.17267823219	5.09446001053
13	28	0.499988695607	-0.272624078456	0.255756008315	-0.927504704062	-1.58133244514	1.45512449741	-5.29839372635
14	28	0.499999074265	0.360261825535	-0.148104703444	0.921019225576	2.04297161102	-0.86446505785	5.26921796799
15	28	0.499999495223	-0.301580290546	0.214769659816	-0.928936661768	-1.72512698174	1.22850906849	-5.31032562256
16	28	0.499961579219	0.322617272193	-0.18301481349	0.928667687457	1.83842039108	-1.06829941273	5.3065867424
17	28	0.499641168863	-0.335582758706	0.244687020814	-0.909677126185	-1.90348339081	1.40811729431	-5.2045340538
18	28	0.445737626404	0.287473977195	-0.3953157675	0.872401373452	1.47161197662	-2.00806808472	4.48194026947
19	28	0.233243612573	0.261581572672	-0.325701769176	0.908566694522	0.725000917912	-0.89513874054	2.54028820992
20	28	0.444963401183	0.271435501236	-0.292526873059	0.916924640964	1.37911117077	-1.49235391617	4.69788408279
21	28	0.498878302053	-0.10925330801	0.21101157464	-0.971358754558	-0.647587120533	1.2144087553	-5.54146814346
22	28	0.497795734555	0.180807533899	-0.231261588955	0.955942839902	1.03837430477	-1.3236284256	5.46921443939
23	28	0.408026993275	-0.159878751371	0.056512059443	-0.985517717749	-0.767209887505	0.27063947916	-4.67200183868
24	28	0.330115213059	-0.248662106068	0.173931149296	-0.952845796711	-0.987484693527	0.683292686939	-3.76713514328
25	28	0.403244625777	-0.448027268193	0.194591968035	-0.872585544764	-2.07504749298	0.914554417133	-4.09866762161
26	28	0.497915131971	0.297419599116	-0.18676906321	0.936300645674	1.69631159306	-1.07571518421	5.35777711868
27	28	0.499156821519	-0.223326009389	0.196982705417	-0.954632550931	-1.28508460522	1.12934863567	-5.44600439072
28	28	0.499235019088	0.309958443495	-0.251215470376	0.916960495741	1.76291847229	-1.4367582798	5.23607349396
29	28	0.498231630772	-0.376377974834	0.270371154469	-0.886137155801	-2.1479279995	1.55940699577	-5.07284784317
0	29	0.499638739973	-0.255304378794	0.368629184981	-0.8938300723	-1.47672891617	2.1014444828	-5.10861968994
1	29	0.499251294881	0.334519639782	-0.32652377043	0.884012917295	1.89882063866	-1.86916542053	5.04829692841
2	29	0.499975059181	-0.328412319546	0.257708433979	-0.908697810841	-1.86586880684	1.49089646339	-5.19458532333
3	29	0.499974273145	0.289333468095	-0.353984092641	0.889371354608	1.64696645737	-2.0005068779	5.09612226486
4	29	0.499989647418	-0.312904645821	0.276025814032	-0.908790642894	-1.78074240685	1.58143591881	-5.19782161713
5	29	0.499962121248	0.332640949508	-0.349468431733	0.875911989833	1.88205552101	-1.98957490921	5.01812171936
6	29	0.499991767108	-0.262076266108	0.326201783679	-0.90824469559	-1.50734603405	1.85497570038	-5.19348335266
7	29	0.49998762086	0.337471537886	-0.253148788459	0.906657957567	1.90784096718	-1.45249712467	5.1899471283
8	29	0.499993247911	-0.306107461072	0.23521267657	-0.922482096876	-1.74610352516	1.35955786705	-5.27146816254
9	29	0.499994959682	0.323206122762	-0.393067681913	0.860834246324	1.83810472488	-2.23004341125	4.93324422836
10	29	0.499979585409	-0.334264284951	0.344273384899	-0.877350114981	-1.90363836288	1.95138025284	-5.02529811859
11	29	0.49999390915	0.347530113557	-0.236326485245	0.907398816697	1.96653735638	-1.35483515263	5.19476747513
12	29	0.499990668148	-0.286883707868	0.215546243421	-0.93340106873	-1.64816904068	1.24008488655	-5.33183574677
13	29	0.499999644235	0.220405689678	-0.275786001764	0.935608579048	1.27241325378	-1.56633996964	5.34891080856
14	29	0.499999724329	-0.260541072721	0.192616646009	-0.94605347476	-1.49232065678	1.11381101608	-5.40563440323
15	29	0.499998319894	0.274385680454	-0.36789803693	0.888461328807	1.5745575428	-2.06081748009	5.09652471542
16	29	0.499990925193	-0.321016552351	0.278592788526	-0.905170940374	-1.82636654377	1.578119874	-5.18320512772
17	29	0.499246641994	0.263288497064	-0.264927171166	0.927627490587	1.5101685524	-1.51048994064	5.29343700409
18	29	0.498367410153	-0.304181517507	0.302965735573	-0.903153014431	-1.73747444153	1.72572517395	-5.1766910553
19	29	0.44530906342	0.291686444326	-0.210007946615	0.933175053543	1.48923659325	-1.095277071	4.7770318985
20	29	0.497570771724	-0.0210212450028	0.241086845411	-0.9702758578	-0.144083917141	1.38395738602	-5.54793071747
21	29	0.498270211741	0.0822338191104	-0.173634866556	0.981370741418	0.459561765194	-1.01314222813	5.59127426147
22	29	0.457961777225	0.002348315959	0.253499765709	-0.967332597506	-0.00236449134536	1.33135795593	-5.11717796326
23	29	0.3158971956	-0.285488489874	-0.0886967815193	-0.954268936463	-1.06694316864	-0.34131360054	-3.56597447395
24	29	0.401844403706	-0.28048607087	0.0865514062835	-0.955947916007	-1.31604516506	0.392602711916	-4.46800518036
25	29	0.497561404482	0.279784670055	-0.281726597204	0.917796634789	1.59628307819	-1.60462498665	5.25171709061
26	29	0.499139228836	-0.28287681721	0.259643375534	-0.923345018845	-1.60893309116	1.48832249641	-5.27004814148
27	29	0.499956049025	0.154377085843	-0.351719047388	0.923288376982	0.906429767609	-1.99693202972	5.28028964996
28	29	0.499965801835	-0.225440337079	0.334259239443	-0.915121530325	-1.30470252037	1.91977465153	-5.22552251816
29	29	0.499212346971	0.384974858633	-0.455322967437	0.802792223147	2.17591619492	-2.56970524788	4.61096096039
