0	0	0.49996338971	0.222416409075	-0.165531921334	0.960796609067	1.27664482594	-0.955225944519	5.4896235466
1	0	0.499990953133	-0.241046397064	0.259357033206	-0.935216853884	-1.36851382256	1.47816622257	-5.35063838959
2	0	0.499985998496	0.112430202303	-0.299162071031	0.947555541837	0.654733717442	-1.70188689232	5.41857624054
3	0	0.499998463318	-0.00474883553341	0.322068656645	-0.946704404219	-0.0690523013473	1.82832205296	-5.41774368286
4	0	0.49999730289	0.108097704742	-0.302377886015	0.94703880611	0.625895857811	-1.71423721313	5.4181394577
5	0	0.499999381602	-0.169847564955	0.242800196056	-0.95509155031	-0.968531489372	1.38520336151	-5.46134710312
6	0	0.499997787178	0.188675309348	-0.183535463423	0.96473642064	1.08438134193	-1.05406451225	5.51317548752
7	0	0.499999484047	-0.185662463747	0.170488795993	-0.967710194219	-1.07377183437	0.98114490509	-5.5290017128
8	0	0.499999562278	0.260801084387	-0.254823451021	0.931154016902	1.48844695091	-1.43966770172	5.32897043228
9	0	0.499999068677	-0.298650896188	0.255638568265	-0.919487120422	-1.69344234467	1.45350432396	-5.26395988464
10	0	0.499999446794	0.155593892107	-0.109206563065	0.981765994177	0.922533154488	-0.645124673843	5.60618114471
11	0	0.499998673797	-0.334157826776	0.125414441738	-0.934135838413	-1.8833373785	0.726190567017	-5.34914255142
12	0	0.499999241903	0.259031495617	-0.1611026143	0.952338507015	1.49787569046	-0.941955804825	5.43714284897
13	0	0.500000350177	-0.31071317518	0.325598642307	-0.892996554807	-1.75642943382	1.83671760559	-5.12194776535
14	0	0.499999532476	0.232562298397	-0.194764811088	0.952880604129	1.34604048729	-1.13069319725	5.44041633606
15	0	0.499999484047	-0.313645020216	0.154165429663	-0.936941738632	-1.79242682457	0.902705907822	-5.35346269608
16	0	0.499986957759	0.373450157622	-0.177185440997	0.910571413603	2.11730408669	-1.01147341728	5.2133140564
17	0	0.499974440783	-0.286966846201	0.0971322191748	-0.953003337444	-1.65066838264	0.572945833206	-5.44406366348
18	0	0.499231554568	0.250250096472	-0.0740713889765	0.965343627187	1.43909716606	-0.448957085609	5.50625133514
19	0	0.499649621546	-0.398040417642	0.180616259595	-0.899411803733	-2.24354767799	1.04630386829	-5.15674829483
20	0	0.498418942094	0.373439078351	-0.222355364919	0.900611651297	2.12069225311	-1.25617384911	5.13832044601
21	0	0.49638319388	-0.325467888135	0.2431776271	-0.913747938696	-1.84602046013	1.3912153244	-5.21895503998
22	0	0.40098759532	-0.0877987449499	-0.606132434841	0.790502910696	-0.420344233513	-2.83758211136	3.69586777687
23	0	0.353372864425	-0.326765769869	-0.851510116953	0.410066643814	-1.34659051895	-3.57336831093	1.72848784924
24	0	0.476994881406	0.12822848114	-0.402518608606	0.906386356004	0.709113657475	-2.21626639366	4.99904537201
25	0	0.499206991866	-0.161491486619	0.299515582899	-0.940324898825	-0.935114622116	1.71215176582	-5.36644792557
26	0	0.499942205846	0.380289214981	-0.238551432044	0.893573347431	2.13176965714	-1.38470506668	5.12229919434
27	0	0.49998966977	-0.260263135125	0.334304632971	-0.905816489621	-1.47813653946	1.89467453957	-5.18800735474
28	0	0.49998659268	0.202176520297	-0.239878766782	0.949517157237	1.16347253323	-1.37707209587	5.42523479462
29	0	0.499989019707	-0.241482791551	0.148191075985	-0.959023183444	-1.37812674046	0.862695336342	-5.48112201691
0	1	0.499999685213	-0.29602383216	0.175628301589	-0.938895409763	-1.68354654312	1.01298081875	-5.36892986298
1	1	0.499998334795	0.263323815115	-0.314124405046	0.912132899608	1.50143551826	-1.77604484558	5.22299623489
2	1	0.499999938533	-0.132258043823	0.286323983324	-0.948960687499	-0.783044815063	1.63447213173	-5.42268466949
3	1	0.499999856576	0.233672209535	-0.240795587129	0.942026954875	1.3114426136	-1.39470553398	5.38786315918
4	1	0.499998893589	-0.159390468001	0.22792579996	-0.960543860749	-0.913818001747	1.30519986153	-5.49032211304
5	1	0.499999441206	0.113298336928	-0.190051131404	0.975214875964	0.665163397789	-1.09438717365	5.5718588829
6	1	0.49999977462	-0.261583795609	0.231516170946	-0.937002764385	-1.48292410374	1.31368994713	-5.3629732132
7	1	0.499998025596	0.28237206569	-0.227697488942	0.931890481788	1.60589170456	-1.28954815865	5.33322620392
8	1	0.499999854714	-0.284088566267	0.216566566239	-0.934019597709	-1.62564992905	1.23986363411	-5.33863258362
9	1	0.499997872859	0.356989120737	-0.216217818399	0.908740129345	2.0180311203	-1.23849439621	5.20383167267
10	1	0.499999688938	-0.272508450109	0.169099738037	-0.947177081234	-1.55074882507	0.974806666374	-5.41584968567
11	1	0.499999273568	0.232850473328	-0.181915703482	0.955346708739	1.34414100647	-1.05215585232	5.4566245079
12	1	0.500000085682	-0.274501317676	0.363864437071	-0.890085219532	-1.56152820587	2.05481004715	-5.10241031647
13	1	0.499999262393	0.26712659612	-0.302818530484	0.914846609679	1.52234911919	-1.73949193954	5.2285656929
14	1	0.499997569248	-0.235502579727	0.319368287666	-0.917901101304	-1.35173797607	1.80891418457	-5.25216531754
15	1	0.499999638647	0.300343979655	-0.237030460488	0.923910198388	1.71334552765	-1.36219668388	5.28139829636
16	1	0.499997541308	-0.305146640991	0.287832367606	-0.907765418845	-1.75245022774	1.63309884071	-5.19088363647
17	1	0.499983597547	0.341531727734	-0.262239232808	0.902544549442	1.93843626976	-1.49657917023	5.16610336304
18	1	0.499977506697	-0.276951404787	0.279734747713	-0.919264048198	-1.56737959385	1.59453356266	-5.26288223267
19	1	0.499385915697	0.0984974990736	-0.403569814713	0.909631599786	0.612044215202	-2.26434779167	5.20978021622
20	1	0.49753398262	-0.28933871562	0.153219557214	-0.944884582862	-1.64281260967	0.905894815922	-5.40377998352
21	1	0.418555289507	0.179131226466	-0.42611995475	0.886754637918	0.86523860693	-2.06193494797	4.3263926506
22	1	0.333480533212	-0.00805353457748	-0.380654551801	0.924682244219	-0.0167028512806	-1.54566526413	3.68113589287
23	1	0.405837252736	-0.13915446906	-0.687656200943	0.712576299806	-0.65364086628	-3.23649072647	3.37075185776
24	1	0.497278120369	-0.286817924174	0.42988409281	-0.856116315182	-1.6205227375	2.45399188995	-4.89560270309
25	1	0.499565731734	0.151775163189	-0.332974176082	0.930640907064	0.889409422874	-1.91371488571	5.30882167816
26	1	0.499986197799	-0.209441236116	0.33471710926	-0.918748510411	-1.20702695847	1.90035128593	-5.25523328781
27	1	0.499998915941	0.208913113213	-0.248854078603	0.945741486184	1.20114147663	-1.44125199318	5.40035676956
28	1	0.499999547377	-0.256604637473	0.282705502805	-0.924246535677	-1.4586660862	1.60560393333	-5.28975152969
29	1	0.499998120591	0.267686038501	-0.117286488774	0.956340977028	1.5283703804	-0.693229317665	5.46534872055
0	2	0.499999996275	0.294362710645	-0.231433325525	0.927248192459	1.68030428886	-1.32731199265	5.30095767975
1	2	0.499999884516	-0.314792311392	0.225018249147	-0.922102265608	-1.80377733707	1.30445110798	-5.26624441147
2	2	0.500000149012	0.330856848325	-0.235941536501	0.913709656986	1.8671104908	-1.37067317963	5.22769784927
3	2	0.499999806285	-0.231842011619	0.403102738602	-0.885300775884	-1.32967233658	2.26446771622	-5.07959508896
4	2	0.499999364838	0.227758181523	-0.191929236987	0.954614780285	1.28895068169	-1.12360572815	5.45627689362
5	2	0.499999595806	-0.11454597799	0.172453870639	-0.978334749167	-0.678728580475	0.996155977249	-5.58892345428
6	2	0.49998704344	0.2725980252	-0.17519437564	0.946042941626	1.54722952843	-1.00183916092	5.41171073914
7	2	0.499990668148	-0.267231838321	0.096684005506	-0.95876970523	-1.52990877628	0.578548669815	-5.47833395004
8	2	0.499962398782	0.274642982229	-0.20463169066	0.939519613148	1.56973206997	-1.17036664486	5.37072467804
9	2	0.499992212281	-0.23115882548	0.258619544106	-0.937913390889	-1.33452379704	1.46854865551	-5.36172580719
10	2	0.499987823889	0.219480987978	-0.276182388595	0.935709027501	1.2568526268	-1.56696844101	5.3523015976
11	2	0.499999355525	-0.260243299201	0.241341471517	-0.934894496372	-1.47476577759	1.39247071743	-5.34544754028
12	2	0.499999858439	0.193561876041	-0.405062708768	0.893564772196	1.11816525459	-2.29218769073	5.11705636978
13	2	0.499987501651	-0.179085505611	0.354409568898	-0.917781149923	-1.03973960876	2.02241659164	-5.24522304535
14	2	0.499991064891	0.2103886669	-0.268802471858	0.939937146815	1.21643841267	-1.55372214317	5.36607217789
15	2	0.49996355921	-0.283459042496	0.298697253274	-0.911279826461	-1.62435758114	1.69849038124	-5.2110285759
16	2	0.499982088804	0.339089409676	-0.286585981757	0.896039534455	1.92711472511	-1.64371466637	5.12504577637
17	2	0.49998248741	-0.279826047912	0.348091154298	-0.89472338251	-1.5960521698	1.97438371181	-5.12264299393
18	2	0.499942963943	0.130342722788	-0.295603453086	0.946376972004	0.76834076643	-1.69515419006	5.40528106689
19	2	0.499748697504	-0.168290033046	0.331814410312	-0.928212078076	-0.949114561081	1.89211010933	-5.31089782715
20	2	0.455781891942	0.0773339749396	-0.301660600544	0.950273822853	0.423053145409	-1.59042727947	4.98321008682
21	2	0.277404630557	0.169612056048	-0.337415724838	0.925949447365	0.568321824074	-1.12983083725	3.07062768936
22	2	0.419975185767	0.192026543343	-0.390145580139	0.900506653473	0.92691296339	-1.90286064148	4.40247249603
23	2	0.497500061989	-0.14042377525	0.413368295103	-0.899670948707	-0.813182115555	2.36923980713	-5.13981389999
24	2	0.498965021223	0.361004528026	-0.419205078798	0.833032311891	2.02476811409	-2.38978910446	4.77007627487
25	2	0.499963447452	-0.26197805187	0.445886274931	-0.855893060006	-1.49476885796	2.52943086624	-4.90495204926
26	2	0.499991109595	0.242016495397	-0.284255910935	0.927699624369	1.38441383839	-1.64512348175	5.2974281311
27	2	0.499999472871	-0.203751786863	0.335725058188	-0.919659662405	-1.17354619503	1.90949988365	-5.2591714859
28	2	0.500000242144	0.207246914849	-0.351586792176	0.912926855697	1.20192456245	-1.98747575283	5.22466564178
29	2	0.500000014901	-0.248163337374	0.183039499291	-0.951268363651	-1.42474210262	1.06621432304	-5.43355894089
0	3	0.500000655651	-0.264829707646	0.387381269275	-0.883063405517	-1.53147029877	2.19775629044	-5.05132484436
1	3	0.500000372529	0.453810548529	-0.379652835588	0.806175979842	2.55088162422	-2.15947771072	4.64109706879
2	3	0.499999407679	-0.240993583739	0.350490393622	-0.905029599834	-1.39369320869	1.99467253685	-5.17400836945
3	3	0.499999752268	0.203855848881	-0.284288176531	0.936815363645	1.17029523849	-1.64310622215	5.34913635254
4	3	0.499999783933	-0.184901148355	0.366046288606	-0.912042586689	-1.06440317631	2.06587719917	-5.22370576859
5	3	0.499987181276	0.197445578725	-0.266301370475	0.943450488115	1.12239170074	-1.51482653618	5.39742279053
6	3	0.499977415428	-0.276385983338	0.188642686322	-0.942350638091	-1.57198011875	1.07808172703	-5.38986825943
7	3	0.499250870198	0.270653205558	-0.158366003832	0.94956150467	1.53855395317	-0.914522767067	5.4207239151
8	3	0.499715004116	-0.304234955233	0.253847655673	-0.91815165399	-1.7323577404	1.43843698502	-5.25627040863
9	3	0.499237408862	0.276796035643	-0.18236274808	0.943465835505	1.56891381741	-1.05436515808	5.38629770279
10	3	0.499973645434	-0.132157874299	0.25342159593	-0.958285860783	-0.783639907837	1.44865238667	-5.47528934479
11	3	0.499987827614	0.181234740034	-0.297428558692	0.937384777708	1.0460665226	-1.68771481514	5.36101818085
12	3	0.499987643212	-0.226957308087	0.302217267064	-0.925826713697	-1.29765880108	1.73183691502	-5.29161787033
13	3	0.499974060804	0.270700750881	-0.383747354328	0.882869793072	1.54598116875	-2.18205022812	5.05321836472
14	3	0.499233502895	-0.330860294293	0.366036128395	-0.86979826303	-1.88206958771	2.07401704788	-4.97437667847
15	3	0.499480783939	0.345067263631	-0.245643681695	0.905862994726	1.9530544281	-1.41770172119	5.18236875534
16	3	0.499220825732	-0.312687673435	0.306290303234	-0.899117717002	-1.77846157551	1.74664783478	-5.13512182236
17	3	0.499642712995	0.246623267606	-0.300669147931	0.921289871516	1.40685391426	-1.72290158272	5.26274824142
18	3	0.499826410785	-0.149435943708	0.303287550404	-0.941108686868	-0.85386633873	1.72855639458	-5.38137531281
19	3	0.498925639316	0.112383890873	-0.240275538997	0.964177123993	0.658847212791	-1.39911437035	5.49207353592
20	3	0.498435135931	-0.169045882421	0.46820250762	-0.867300352528	-0.97237432003	2.65311574936	-4.9757027626
21	3	0.456087028608	0.184302293161	-0.351892590393	0.917716878761	0.966142416	-1.85256385803	4.81737852097
22	3	0.498015386984	-0.195002679776	0.297357873276	-0.934640171446	-1.11620569229	1.72032308578	-5.34408569336
23	3	0.498811624944	0.154281822363	-0.408888427664	0.899448371509	0.886672019958	-2.31839060783	5.13512706757
24	3	0.499953404069	-0.195465562967	0.348245797687	-0.916797730193	-1.12572538853	2.00535488129	-5.23464918137
25	3	0.499981809407	0.237851072774	-0.431176381892	0.870352684191	1.36120343208	-2.459171772	4.9781999588
26	3	0.49999962002	-0.301120480794	0.327127706811	-0.89571977732	-1.71406579018	1.87430262566	-5.1217455864
27	3	0.499999638647	0.268135146522	-0.304032847268	0.914148549735	1.54780101776	-1.74319219589	5.22059297562
28	3	0.500000160187	-0.370961929876	0.249155190368	-0.894599875752	-2.09952092171	1.44653844833	-5.11763477325
29	3	0.500000212342	0.295516080462	-0.317107279523	0.901173246086	1.69067025185	-1.80743217468	5.1536989212
0	4	0.50000044331	0.281700954957	-0.360551888251	0.889183281363	1.61098515987	-2.06409883499	5.08172369003
1	4	0.499999292195	-0.278414051898	0.349518286869	-0.89460750212	-1.59563064575	2.00839138031	-5.10970211029
2	4	0.500000532717	0.222650380424	-0.342525726392	0.912744726009	1.27839708328	-1.95800876617	5.21652030945
3	4	0.499999554828	-0.218317697005	0.312072399232	-0.924634090228	-1.24196624756	1.78488969803	-5.28711652756
4	4	0.499997841194	0.227255399243	-0.299519395852	0.926629977404	1.28838825226	-1.70867872238	5.30143213272
5	4	0.499991055578	-0.0870885881772	0.22297363382	-0.970926535033	-0.532488465309	1.28644621372	-5.5459985733
6	4	0.499249946326	0.268334587637	-0.137345564094	0.953484527982	1.50757431984	-0.81679213047	5.44624710083
7	4	0.498262535781	-0.13273813863	0.249601747388	-0.959207774288	-0.783090770245	1.41742742062	-5.49239969254
8	4	0.445555923507	0.297999685857	-0.269741831059	0.915661253852	1.51384592056	-1.3845154047	4.69591236115
9	4	0.498192211613	-0.253544342873	0.169114173508	-0.952426197936	-1.45322167873	0.981009960175	-5.44969272614
10	4	0.499251436442	0.269990319294	-0.258286698578	0.927573829312	1.52646303177	-1.4608297348	5.3030500412
11	4	0.499987667426	-0.246243035141	0.185440055171	-0.95130245116	-1.40482783318	1.08013916016	-5.43557071686
12	4	0.499989164993	0.252130053563	-0.191062131403	0.948644136668	1.438798666	-1.11063814163	5.42079973221
13	4	0.499283809215	-0.315661705472	0.343072709744	-0.884680057155	-1.79381239414	1.93939340115	-5.06160354614
14	4	0.497689735144	0.38363906414	-0.312554859169	0.8689824673	2.17823696136	-1.79344344139	4.97603702545
15	4	0.444471591152	-0.0551041008639	0.167076242596	-0.984402898832	-0.313059180975	0.881130695343	-5.02861785889
16	4	0.497755464166	0.224407583053	-0.351251880339	0.908990293252	1.28496718407	-2.00238132477	5.20195913315
17	4	0.498310903087	-0.215448433236	0.323803029152	-0.921267372118	-1.22405147552	1.84598445892	-5.26027488708
18	4	0.473266493529	0.0621573635503	-0.274399422234	0.959604824516	0.361320436001	-1.50468754768	5.23330163956
19	4	0.498370693997	-0.221144762683	0.271814350238	-0.936595938995	-1.26097464561	1.56622099876	-5.35679721832
20	4	0.497696343809	0.321969753896	-0.398158484545	0.858955935285	1.8088927269	-2.26424360275	4.89857339859
21	4	0.498130187392	-0.213998378588	0.441268511419	-0.871485395628	-1.2317340374	2.52009272575	-4.989798069
22	4	0.471274595708	0.260622173398	-0.423546414158	0.867573926411	1.40350568295	-2.29668283463	4.71953439713
23	4	0.499042980373	-0.174677884719	0.357072013745	-0.917598612461	-0.998949170113	2.0547811985	-5.24167633057
24	4	0.499647596851	0.154905937039	-0.335755074956	0.929124685019	0.889974236488	-1.93903434277	5.30014038086
25	4	0.499994777143	-0.201313340926	0.528771778048	-0.82454432598	-1.16811394691	2.9844315052	-4.73628616333
26	4	0.50000064075	0.33882665356	-0.322459777115	0.883864351007	1.93131375313	-1.87516021729	5.045129776
27	4	0.499999437481	-0.425311437544	0.363222722222	-0.828962867176	-2.41205596924	2.07884526253	-4.74875068665
28	4	0.499999888241	0.370746166082	-0.350520948471	0.860047873678	2.11700296402	-2.0122294426	4.91533374786
29	4	0.500000298023	-0.311563103245	0.348101793881	-0.884168294949	-1.77953052521	1.99783635139	-5.05236768723
0	5	0.499999888241	-0.272843955769	0.391934671786	-0.878603089485	-1.55545663834	2.25248289108	-5.0189948082
1	5	0.499998301268	0.217513171321	-0.466096000468	0.857579464918	1.25694179535	-2.64452338219	4.91061925888
2	5	0.499999884516	-0.234123805958	0.34881249059	-0.907477762754	-1.32704055309	2.00349807739	-5.18754911423
3	5	0.499997939914	0.116075878724	-0.32756759866	0.937670442472	0.685235321522	-1.87323856354	5.35829639435
4	5	0.499999318272	-0.250957126372	0.231343814798	-0.939947104936	-1.41515862942	1.34495508671	-5.37371778488
5	5	0.499962043017	0.177171009545	-0.343026910069	0.922465702531	1.00817000866	-1.94479632378	5.28041982651
6	5	0.499689321965	-0.178689119373	0.36824873628	-0.912394140076	-1.02928614616	2.09202194214	-5.2218413353
7	5	0.445601357147	0.155233653209	-0.308093214738	0.938605925798	0.807826042175	-1.58132553101	4.80733633041
8	5	0.232759407721	0.214632810946	-0.286880383489	0.933612554561	0.607600033283	-0.806171894073	2.59369063377
9	5	0.445381397381	0.211433919121	-0.341343500422	0.915849503229	1.09029912949	-1.73601007462	4.6945567131
10	5	0.499691991135	-0.209525648687	0.204270777006	-0.956228242735	-1.20860898495	1.19437658787	-5.4602432251
11	5	0.499962497503	0.244380309059	-0.300907524094	0.921809593402	1.38813054562	-1.69876348972	5.27909660339
12	5	0.499960824847	-0.174226371176	0.195267080759	-0.965150733699	-1.0092382431	1.12263417244	-5.51348590851
13	5	0.499640826136	0.212177854459	-0.165801251821	0.963063083589	1.22544193268	-0.984250307083	5.49870920181
14	5	0.445543348789	-0.251760183431	0.348260383865	-0.902957094811	-1.28198993206	1.77279138565	-4.63412046432
15	5	0.233774675056	-0.183118026127	0.350210294937	-0.918597048671	-0.522123217583	0.965734362602	-2.57050967216
16	5	0.445743098855	-0.164499891906	0.355337215548	-0.920149579584	-0.84677541256	1.81628060341	-4.72132110596
17	5	0.472693393007	0.157267585599	-0.315036161737	0.935958932495	0.870400547981	-1.72160589695	5.10311841965
18	5	0.331657694653	0.154913356066	-0.243311047055	0.957497564745	0.651631295681	-0.985691785812	3.79072189331
19	5	0.428429976106	0.350348489762	-0.440529177875	0.826553070989	1.72877132893	-2.17997169495	4.13775348663
20	5	0.496896982193	-0.31575578242	0.378577754428	-0.870044349284	-1.80561685562	2.17431259155	-4.97355556488
21	5	0.417539488524	0.183085311439	-0.523543110875	0.832095174719	0.898354768753	-2.53598189354	4.04226636887
22	5	0.319195847958	0.140035891703	-0.587581753833	0.796955225591	0.545746088028	-2.23453831673	3.05180978775
23	5	0.471640154719	0.154354201766	-0.510340961132	0.846006432475	0.83788383007	-2.76512861252	4.60651922226
24	5	0.499839827418	-0.100406779296	0.409368429005	-0.906827419085	-0.595568656921	2.34914731979	-5.17855119705
25	5	0.499982055277	0.319717510982	-0.371051035713	0.871838197183	1.80764126778	-2.15608072281	4.97821426392
26	5	0.500000737607	-0.315765714611	0.535965752539	-0.782964064043	-1.81187963486	3.04348111153	-4.48887825012
27	5	0.499999500811	0.423318909976	-0.473733431237	0.772254968638	2.39576292038	-2.72171640396	4.42157649994
28	5	0.50000012666	-0.339369375104	0.545909855975	-0.766035806207	-1.94166684151	3.10149478912	-4.39352178574
29	5	0.499999828637	0.264193210248	-0.472555110323	0.840769656545	1.52636742592	-2.69297170639	4.80698204041
0	6	0.499988060445	0.240967171224	-0.45296395778	0.858346360943	1.38718104362	-2.58716487885	4.90567827225
1	6	0.499991804361	-0.292209916684	0.452802899509	-0.842367436923	-1.65066182613	2.58897638321	-4.82274627686
2	6	0.499963507056	0.190437554402	-0.396284233018	0.898160533833	1.08806109428	-2.26793861389	5.13355016708
3	6	0.499991264194	-0.081314934129	0.40779808399	-0.909444118229	-0.488661408424	2.32284617424	-5.20164060593
4	6	0.499985497445	0.191601915359	-0.283079580001	0.939763085792	1.0859644413	-1.63319206238	5.37039995193
5	6	0.49999033846	-0.0951887067967	0.286088083236	-0.953463538227	-0.569189548492	1.65727972984	-5.44271707535
6	6	0.499242134392	0.217686988041	-0.457430841395	0.862188726775	1.22264838219	-2.58571910858	4.94092464447
7	6	0.498165823519	-0.134745095574	0.419667150457	-0.897620878794	-0.783009052277	2.39421606064	-5.14087629318
8	6	0.445557147264	0.354283250828	-0.362725902991	0.86192418314	1.79284906387	-1.85130238533	4.42967414856
9	6	0.498234327883	-0.278046262717	0.245673114722	-0.928619941899	-1.58534193039	1.42189109325	-5.31463336945
10	6	0.499261964113	0.264681610005	-0.360779946679	0.894305023691	1.50198149681	-2.03234148026	5.11912679672
11	6	0.499987924471	-0.195627123712	0.274222566366	-0.94155828952	-1.13157725334	1.56548702717	-5.38093280792
12	6	0.499984232709	0.175876107603	-0.191959746579	0.965514914679	1.01312565804	-1.11651861668	5.51504087448
13	6	0.499286971986	-0.296253413457	0.372003333755	-0.879685986413	-1.66416656971	2.08876729012	-5.04750442505
14	6	0.498165337369	0.172193818335	-0.294470733212	0.940019295658	0.98833823204	-1.69524097443	5.37752628326
15	6	0.445953603834	-0.272687502944	0.36004045494	-0.89219526817	-1.39026355743	1.84666800499	-4.57907962799
16	6	0.497097503394	0.350443073867	-0.322237270171	0.879404795126	1.9948028326	-1.84986197948	5.02309942245
17	6	0.49620077014	-0.335809764705	0.390827875873	-0.857021221073	-1.90836071968	2.22479653358	-4.9085392952
18	6	0.395313281566	0.430312740296	-0.294178522812	0.853399052176	1.97559607029	-1.37318766117	3.99032282829
19	6	0.383470285684	0.41881579775	-0.379569698019	0.824936465372	1.93182241917	-1.73827552795	3.79189395905
20	6	0.400357536972	0.40770684244	-0.417585845375	0.812032753262	1.91745424271	-1.96907997131	3.83950805664
21	6	0.370788151398	0.363064136306	-0.385670049526	0.848199885538	1.60056376457	-1.72567248344	3.76720833778
22	6	0.41786499694	0.258837848219	-0.576709252177	0.774860895118	1.24812757969	-2.79437661171	3.77491521835
23	6	0.498212069273	-0.0791393326062	0.516631170695	-0.852542784558	-0.461129069328	2.96283864975	-4.87362623215
24	6	0.499518629164	0.0856282994035	-0.52465667268	0.846996558525	0.515873432159	-2.98715925217	4.84203147888
25	6	0.499994121492	-0.329966920205	0.515906593126	-0.790545519714	-1.86463713646	2.94583821297	-4.53238296509
26	6	0.50000333041	0.281099492628	-0.606265119922	0.743925856259	1.59840893745	-3.46059083939	4.26115226746
27	6	0.499997295439	-0.217250801042	0.638577561664	-0.738255231737	-1.26318788528	3.63117599487	-4.23253822327
28	6	0.499999053776	0.310019958109	-0.570035354228	0.760885878765	1.772164464	-3.25490760803	4.35298538208
29	6	0.499997440726	-0.374287297921	0.458895778685	-0.805806231622	-2.11185240746	2.62953424454	-4.61711883545
0	7	0.499962683767	-0.181399784676	0.459397849157	-0.869510054174	-1.04753291607	2.62290239334	-4.97045660019
1	7	0.499269340187	0.214838402673	-0.507741550453	0.834291902562	1.21818113327	-2.88661241531	4.77228355408
2	7	0.499701175839	-0.140996811113	0.396725811048	-0.907043841335	-0.820696473122	2.28308105469	-5.17817211151
3	7	0.499257680029	0.169849299836	-0.484854720252	0.857943538698	0.975915193558	-2.74816393852	4.90794038773
4	7	0.499978307635	-0.184404998742	0.403866356948	-0.896039486945	-1.05191266537	2.30725383759	-5.12409591675
5	7	0.499975278974	0.172260248208	-0.382383395118	0.907804684954	0.980248808861	-2.18230032921	5.19190597534
6	7	0.499974964187	-0.136686736996	0.344613948644	-0.928739986395	-0.798961281776	1.98188591003	-5.30306768417
7	7	0.499247847125	0.159287125185	-0.311709785132	0.936730815978	0.921878933907	-1.78475618362	5.3435997963
8	7	0.499659128487	-0.263830010605	0.337426464213	-0.903624427931	-1.50037336349	1.91833198071	-5.1733417511
9	7	0.499236939475	0.204129360717	-0.309696228128	0.928665413578	1.17409265041	-1.75699114799	5.30267477036
10	7	0.499974049628	-0.224460332818	0.297661057892	-0.927909183922	-1.28987967968	1.69522070885	-5.30548238754
11	7	0.499986963347	0.309365667776	-0.214927948043	0.926336256848	1.74002313614	-1.24318945408	5.30246353149
12	7	0.499986793846	-0.135507549808	0.217203841039	-0.966674813669	-0.798045039177	1.2433565855	-5.52283859253
13	7	0.499971704558	0.202260010711	-0.260664154711	0.944004812761	1.14757716656	-1.50281131268	5.39569282532
14	7	0.499214679003	-0.0680513304156	0.327592950011	-0.94236504367	-0.429828226566	1.87339115143	-5.37600755692
15	7	0.4992547445	0.251000642471	-0.391827268179	0.885138446454	1.4405118227	-2.23411369324	5.05800199509
16	7	0.497666336596	-0.348769784271	0.357946278708	-0.86616055044	-1.9848908186	2.04376626015	-4.95463371277
17	7	0.416701478884	0.298845708165	-0.344472914629	0.889960478785	1.44050633907	-1.6676337719	4.31593322754
18	7	0.378378475085	0.151084152732	-0.431128130875	0.889551636254	0.704436600208	-1.94736027718	4.03195667267
19	7	0.416665829718	0.412640090294	-0.237193012437	0.879470085184	2.01761245728	-1.18019151688	4.32533121109
20	7	0.344121806324	0.321475865005	-0.367784509541	0.872575396605	1.32852113247	-1.51545357704	3.59640264511
21	7	0.4390489012	0.206283522719	-0.370107627229	0.905796584516	1.05585134029	-1.89864563942	4.62986946106
22	7	0.4982691966	-0.12521001541	0.517788637467	-0.84629627138	-0.720002830029	2.9576010704	-4.84350728989
23	7	0.499141134322	0.0907092106002	-0.598057125473	0.796303656769	0.531944513321	-3.3891685009	4.56206607819
24	7	0.49997561425	-0.233068786159	0.476140380197	-0.847920561883	-1.31662368774	2.73398184776	-4.84588527679
25	7	0.49999037385	0.298628450631	-0.456661703722	0.838022157719	1.68784141541	-2.64010286331	4.78308582306
26	7	0.499986454844	-0.104180062597	0.668284088833	-0.736575108981	-0.631219983101	3.79252052307	-4.23361539841
27	7	0.499990064651	0.16567281915	-0.564522328003	0.808620466091	0.961866259575	-3.24382257462	4.60881996155
28	7	0.499962590635	-0.312322309741	0.591368288068	-0.743463733282	-1.76808023453	3.36783957481	-4.26865196228
29	7	0.499978717417	0.236152777233	-0.402538825156	0.88441752586	1.36171746254	-2.32579779625	5.04293346405
0	8	0.499258432537	0.178295700492	-0.406791996484	0.895952518152	1.03185880184	-2.34115123749	5.10426807404
1	8	0.497982099652	-0.119151239864	0.532516936272	-0.837990867863	-0.69723534584	3.03234863281	-4.80331516266
2	8	0.445796094835	0.214033722396	-0.424008912894	0.880003413325	1.10200357437	-2.16885948181	4.51365184784
3	8	0.498310275376	-0.352964497034	0.419172973708	-0.836486749415	-1.9940226078	2.40603971481	-4.79949951172
4	8	0.499283861369	0.164178001977	-0.440214414229	0.88275526233	0.945343852043	-2.50872206688	5.04025650024
5	8	0.499991714954	-0.183704814025	0.428423886097	-0.884706457038	-1.0582242012	2.43492913246	-5.06347417831
6	8	0.499985713512	0.266564295014	-0.411299644531	0.871651351764	1.51423215866	-2.3294878006	4.99732017517
7	8	0.499992340803	-0.285114337246	0.202474323731	-0.93686389776	-1.6201467514	1.18224966526	-5.3544754982
8	8	0.499961132184	0.24530485311	-0.215795056574	0.945123284339	1.41144824028	-1.23339295387	5.40101623535
9	8	0.499989433214	-0.17533634228	0.194527588095	-0.965099054266	-1.02418279648	1.12485146523	-5.5113363266
10	8	0.499987702817	0.226624530379	-0.211280879924	0.95079004623	1.2983070612	-1.22627258301	5.43090200424
11	8	0.499999234453	-0.226940973587	0.290106253649	-0.929696808697	-1.30345964432	1.63332676888	-5.321621418
12	8	0.49999909848	0.210217783852	-0.191910607493	0.958633820645	1.19262099266	-1.10963153839	5.48026657104
13	8	0.499987244606	-0.155458549329	0.325387548322	-0.932714094907	-0.900761365891	1.84560227394	-5.33559942245
14	8	0.499979808927	0.261401609021	-0.383312169619	0.885856071506	1.48350739479	-2.18777823448	5.07014369965
15	8	0.499830227345	-0.409291967005	0.433323146388	-0.802939061541	-2.31239366531	2.45730924606	-4.61531496048
16	8	0.476368527859	0.350867578664	-0.321143657172	0.879635545951	1.92720758915	-1.77626943588	4.82842159271
17	8	0.334535053	0.220982864391	-0.259572372947	0.940100397217	0.899677276611	-1.05575203896	3.75776648521
18	8	0.417301980779	0.251002498076	-0.355853202179	0.900203446149	1.21429860592	-1.72446799278	4.37031936646
19	8	0.497036185116	-0.245305695114	0.411830573334	-0.87762218227	-1.40640485287	2.34966492653	-5.02204370499
20	8	0.477819539607	0.22227827991	-0.326091689921	0.91883435724	1.22296905518	-1.80461645126	5.06192827225
21	8	0.498743558303	-0.132884140748	0.367693010087	-0.920404071846	-0.758968234062	2.108897686	-5.26164007187
22	8	0.499352894723	0.0863251389344	-0.434149141283	0.896695318105	0.504108548164	-2.4880232811	5.11464834213
23	8	0.499977100641	-0.147885444459	0.492452332528	-0.857683272254	-0.843045473099	2.81739497185	-4.90288257599
24	8	0.499987963587	0.202322520403	-0.484436671624	0.851109105182	1.15437829494	-2.77769947052	4.86139440536
25	8	0.499987915158	-0.220843141968	0.583987640668	-0.781144507881	-1.26150250435	3.31833553314	-4.48134613037
26	8	0.499976474792	0.192052038205	-0.533968173669	0.823403913113	1.09974360466	-3.07099819183	4.69544696808
27	8	0.499249175191	-0.229639176875	0.611062615236	-0.757540974935	-1.30327010155	3.47528362274	-4.3368973732
28	8	0.499696023762	0.249659856767	-0.598342469059	0.761351591343	1.43297052383	-3.40971088409	4.36111307144
29	8	0.499224592	-0.251830433213	0.438499398511	-0.862728062841	-1.43005287647	2.51636362076	-4.92035007477
0	9	0.49895606935	-0.371776092293	0.455740285587	-0.808754183478	-2.09461021423	2.59242725372	-4.63739871979
1	9	0.445468764752	0.279179526535	-0.360227867153	0.890109361646	1.42670929432	-1.85501694679	4.55856513977
2	9	0.23341091536	0.238112505509	-0.376676758243	0.895218998078	0.669595479965	-1.05840539932	2.49459791183
3	9	0.44497750327	0.363924928984	-0.377637228368	0.851439234364	1.83378219604	-1.93919467926	4.3686041832
4	9	0.499442193657	-0.0468204062489	0.443758662459	-0.89492239834	-0.307338654995	2.51834869385	-5.12385368347
5	9	0.4999683965	0.258182856414	-0.253796077555	0.93216370004	1.46345627308	-1.47503662109	5.32733726501
6	9	0.499999601394	-0.299555338564	0.322704905376	-0.897846391753	-1.70959377289	1.83337450027	-5.13827610016
7	9	0.499995885417	0.298501368267	-0.23960253756	0.923843903015	1.71429812908	-1.36003601551	5.28182172775
8	9	0.499999366701	-0.394217443062	0.0958186372684	-0.914008422465	-2.23374533653	0.57326155901	-5.23215579987
9	9	0.49999782443	0.337006943056	-0.218802588535	0.915724711681	1.91301965714	-1.25459289551	5.23996305466
10	9	0.499999940395	-0.301888596715	0.356749243553	-0.884077628038	-1.7208019495	2.00105381012	-5.0727391243
11	9	0.499999804422	0.262136082073	-0.130264507491	0.956198636562	1.49182581902	-0.776770830154	5.4650645256
12	9	0.499999668449	-0.159169643478	0.125123650696	-0.979290098302	-0.922376871109	0.733002126217	-5.59442329407
13	9	0.499999664724	0.132717161114	-0.231740240877	0.963681802206	0.77768433094	-1.33131587505	5.50607061386
14	9	0.499993484467	-0.224822242951	0.395760713127	-0.890409129007	-1.28793096542	2.24158000946	-5.09977817535
15	9	0.499733164907	0.353648465497	-0.295409999644	0.887505321089	2.00398111343	-1.71238780022	5.07056760788
16	9	0.499156851321	-0.275938650867	0.398634570122	-0.874613251936	-1.59740185738	2.2596783638	-5.00154924393
17	9	0.476396787912	0.399069918112	-0.369460972607	0.839191152348	2.17726945877	-2.02881217003	4.61811923981
18	9	0.498385678977	-0.260565297332	0.408357581036	-0.874842735488	-1.49590194225	2.33455300331	-5.00643825531
19	9	0.498884793371	0.286371578678	-0.429875941452	0.856269813719	1.62232351303	-2.44419312477	4.89244127274
20	9	0.499857611954	-0.215284776255	0.365644556799	-0.905514507447	-1.22677385807	2.09619259834	-5.17526721954
21	9	0.499640960246	0.0380782405869	-0.400184656284	0.915643101033	0.247826397419	-2.29072332382	5.22850704193
22	9	0.499983742833	-0.108296315693	0.485114298656	-0.867718863024	-0.622551441193	2.76925206184	-4.96289014816
23	9	0.499992001802	0.164327709736	-0.478516582658	0.862564944763	0.937782883644	-2.73328304291	4.93261909485
24	9	0.499998074025	-0.176755056697	0.507036023906	-0.843606614717	-1.01747691631	2.89502024651	-4.8234295845
25	9	0.499991960824	0.17660679175	-0.518943259255	0.836365909624	1.01844239235	-2.9765162468	4.77357769012
26	9	0.499255504459	-0.228619281828	0.560516166704	-0.795961588797	-1.30377995968	3.19761419296	-4.54546260834
27	9	0.498227134347	0.189703082357	-0.534182347152	0.823809420033	1.09453392029	-3.06581783295	4.70949840546
28	9	0.44608816877	-0.325364181369	0.563507102979	-0.759340433781	-1.65035569668	2.89431881905	-3.90169024467
29	9	0.498158685863	0.206768984785	-0.521988577809	0.827511034106	1.19931936264	-2.98068833351	4.73797893524
0	10	0.498603098094	0.355199820311	-0.326968509348	0.875742360255	2.01353144646	-1.89713859558	4.99198818207
1	10	0.4982220456	-0.331539361487	0.360595450383	-0.87180994084	-1.88963532448	2.06488609314	-4.9940829277
2	10	0.445696491748	0.199097369692	-0.394557044842	0.897042348915	1.02942597866	-2.01863384247	4.5981054306
3	10	0.497889481485	-0.0961285276777	0.333883078595	-0.937700056518	-0.559732079506	1.90594053268	-5.36603116989
4	10	0.499225797132	0.0805776651582	-0.370061237718	0.925506304795	0.48265260458	-2.09318614006	5.2902264595
5	10	0.499980835244	-0.287327293375	0.160729298557	-0.944250559474	-1.62632107735	0.946441292763	-5.39977359772
6	10	0.499962527305	0.331945309799	-0.215782081697	0.918286667942	1.89275515079	-1.22844314575	5.25245046616
7	10	0.499991884455	-0.335207546824	0.17139571716	-0.92642291028	-1.9177532196	0.98108714819	-5.29560565948
8	10	0.499987002462	0.384857860007	-0.0746331982824	0.919953429965	2.19504356384	-0.45387545228	5.25998258591
9	10	0.499997928739	-0.250312149642	0.287241230567	-0.924573579118	-1.4632743597	1.61406576633	-5.28717422485
10	10	0.499999443069	0.297729998012	-0.244724786207	0.922749493254	1.69308936596	-1.40373051167	5.27674388885
11	10	0.499997977167	-0.236510982297	0.239765124312	-0.941581244724	-1.36245524883	1.35723030567	-5.3838763237
12	10	0.499999519438	0.207113914488	-0.185811747627	0.960509146687	1.19529759884	-1.06006705761	5.48930168152
13	10	0.499999454245	-0.262701618054	0.160892712729	-0.951368169986	-1.48529064655	0.93898499012	-5.44079971313
14	10	0.499994212762	0.173348062685	-0.338298146699	0.924935031828	1.00830030441	-1.92127740383	5.28964662552
15	10	0.499988980591	-0.23544020107	0.325597462202	-0.915726053101	-1.36091601849	1.86025500298	-5.231985569
16	10	0.499733541161	0.367873694309	-0.287316263506	0.884374530253	2.08950328827	-1.65355145931	5.05496120453
17	10	0.499853372574	-0.36573831557	0.314532906939	-0.875959208512	-2.07907009125	1.80202579498	-5.01086616516
18	10	0.499559853226	0.237879101956	-0.403880952255	0.883342351106	1.37830018997	-2.29880023003	5.04440498352
19	10	0.499976556748	-0.26174363969	0.405537484466	-0.875802269793	-1.49693739414	2.31870722771	-5.00654602051
20	10	0.499975744635	0.24887221073	-0.375852063095	0.892635339539	1.41170322895	-2.15818548203	5.10197734833
21	10	0.499995950609	-0.140701688225	0.426135818098	-0.893650546615	-0.81127178669	2.44001579285	-5.10664272308
22	10	0.499994657934	0.178098354757	-0.567517749781	0.803868508972	1.01564383507	-3.21381473541	4.61893796921
23	10	0.499999061227	-0.190789587567	0.38107973258	-0.904642233533	-1.09678125381	2.21418833733	-5.15652942657
24	10	0.499999407679	0.272765957421	-0.48106450025	0.833172058504	1.5398157835	-2.75593805313	4.76676416397
25	10	0.49996285513	-0.199741582047	0.57680763906	-0.792083485451	-1.15259885788	3.28889799118	-4.53185606003
26	10	0.499662958086	0.337169211043	-0.604564980971	0.721677287233	1.90201377869	-3.4522998333	4.14315700531
27	10	0.445101000369	-0.253929963473	0.52980724284	-0.809211875275	-1.30528318882	2.71657633781	-4.13819503784
28	10	0.234180780128	-0.198961459044	0.558883439071	-0.805023999237	-0.589103877544	1.55880737305	-2.24963593483
29	10	0.445158019662	-0.194219947926	0.638015226745	-0.745127628175	-1.01250815392	3.24495363235	-3.83129692078
0	11	0.499239809811	-0.244228777478	0.395341857696	-0.885469999382	-1.40507793427	2.25891304016	-5.05096769333
1	11	0.4992496185	0.224089359516	-0.38523070656	0.895199006744	1.28713035583	-2.1961710453	5.10936641693
2	11	0.499704588205	-0.203613228328	0.356040531714	-0.912017978456	-1.16191720963	2.02982616425	-5.21813392639
3	11	0.49923145771	0.155207830521	-0.207594564954	0.96582349627	0.891179323196	-1.21046280861	5.50719499588
4	11	0.499952163547	-0.234542779325	0.224973150463	-0.94571494978	-1.321788311	1.29197859764	-5.41071510315
5	11	0.499243862927	0.206553980585	-0.202668678547	0.957215158593	1.19768190384	-1.15480053425	5.46040296555
6	11	0.499636940658	-0.342546593911	0.116082399549	-0.932301832839	-1.94192957878	0.686691105366	-5.33431482315
7	11	0.499227905646	0.337052372866	-0.168936386702	0.926205266231	1.92846786976	-0.967453300953	5.28480482101
8	11	0.499958630651	-0.465066489173	0.140664792406	-0.874028933632	-2.64097166061	0.815884888172	-5.00498247147
9	11	0.499977778643	0.458385955261	-0.151196887605	0.875797817534	2.58965039253	-0.878380358219	5.0219335556
10	11	0.499961793423	-0.235547591012	0.197347771876	-0.951615042601	-1.37573564053	1.12469053268	-5.43410491943
11	11	0.499990237877	0.335818410034	-0.1792095725	0.924721538955	1.9074485302	-1.02982616425	5.29006576538
12	11	0.499988306314	-0.337561237652	0.172898733184	-0.925288300422	-1.91136610508	0.995546221733	-5.29532146454
13	11	0.499999599531	0.261262325477	-0.164282022624	0.951185268141	1.49708271027	-0.953564822674	5.43452167511
14	11	0.499999701977	-0.216624769754	0.272946122311	-0.9373228491	-1.24838995934	1.56335449219	-5.35575675964
15	11	0.499996047467	0.26884870148	-0.351549835577	0.896734681396	1.54338240623	-1.99548959732	5.13048839569
16	11	0.499996416271	-0.402200403632	0.285700408165	-0.869833381799	-2.27229690552	1.63771057129	-4.98432683945
17	11	0.499986985698	0.281312632815	-0.246384819257	0.927446884441	1.6187183857	-1.43613684177	5.29262542725
18	11	0.499994978309	-0.359260012603	0.354386372393	-0.863332231766	-2.03463721275	2.03127455711	-4.94183588028
19	11	0.499991606921	0.286041909507	-0.421816706409	0.860378226247	1.62738847733	-2.40411949158	4.92501401901
20	11	0.500000011176	-0.208193713069	0.444920978092	-0.871034270906	-1.19875597954	2.52866649628	-4.98529815674
21	11	0.499999057502	0.184961474501	-0.404538526765	0.895621478814	1.0684517622	-2.32265686989	5.11362457275
22	11	0.499993860722	-0.221083582665	0.476050687001	-0.851174361034	-1.26244878769	2.71977305412	-4.86748886108
23	11	0.499995388091	0.237894192796	-0.516844814383	0.822361107349	1.35636389256	-2.93860268593	4.71283149719
24	11	0.499979414046	-0.219101322608	0.521280803454	-0.824779324657	-1.25154924393	2.98190712929	-4.71385955811
25	11	0.49998543039	0.177642401155	-0.553766559456	0.813502166524	1.02415645123	-3.17263031006	4.64449548721
26	11	0.499275669456	-0.243351587366	0.646210386178	-0.723320220734	-1.38178157806	3.68227910995	-4.13780403137
27	11	0.497075378895	0.128678527921	-0.688024867397	0.714187383181	0.766080379486	-3.91043663025	4.09793043137
28	11	0.445517487824	-0.461921154161	0.398906127599	-0.792150710851	-2.33535814285	2.07077217102	-4.06575965881
29	11	0.498286988586	0.279306563816	-0.517600083874	0.808750886604	1.60595703125	-2.94267129898	4.64372730255
0	12	0.49996484071	0.267529580807	-0.381256802525	0.884913088343	1.54447674751	-2.17743635178	5.05591630936
1	12	0.499979369342	-0.22325135267	0.391303649514	-0.892771128234	-1.28418982029	2.23499631882	-5.10277414322
2	12	0.499960310757	0.181524890011	-0.347088555879	0.920096869185	1.04729223251	-1.98711967468	5.25668287277
3	12	0.499981468543	-0.173692937532	0.289488528201	-0.941290154783	-1.00336647034	1.65436327457	-5.38022232056
4	12	0.499237144366	0.180286821312	-0.188614045116	0.965360763677	1.04185724258	-1.10286712646	5.5034160614
5	12	0.498362708837	-0.258623965168	0.254376307192	-0.931883221751	-1.47006630898	1.45018315315	-5.34125232697
6	12	0.445340268314	0.178439705275	-0.245052090783	0.95294739854	0.925779998302	-1.25905835629	4.87798547745
7	12	0.498313425109	-0.268287491615	0.27994564766	-0.921765835882	-1.54910612106	1.59958744049	-5.27599382401
8	12	0.499187737703	0.41639129915	-0.325928885667	0.848757119252	2.36415863037	-1.84039831161	4.85988759995
9	12	0.499246239662	-0.370984457422	0.179307044869	-0.911163825013	-2.12367153168	1.03635370731	-5.1967921257
10	12	0.499665511772	0.292453743218	-0.13750618294	0.94634182922	1.68232834339	-0.802894711494	5.40556955338
11	12	0.499294221401	-0.349689740698	0.183554825517	-0.918708175255	-1.97236084938	1.05360519886	-5.25330448151
12	12	0.499971484765	0.259152475666	-0.2603739548	0.930078167692	1.48960793018	-1.48195004463	5.31716489792
13	12	0.499987460673	-0.289273874102	0.245073672183	-0.925342920741	-1.64802885056	1.41085648537	-5.28954410553
14	12	0.499999567866	0.297883618227	-0.281867603271	0.912039475142	1.69939208031	-1.61360764503	5.21442365646
15	12	0.500000402331	-0.316122027887	0.298096968658	-0.900669229385	-1.79725456238	1.70377635956	-5.15252113342
16	12	0.499998576939	0.276576565516	-0.296850677771	0.913994025426	1.57843565941	-1.70812821388	5.22297048569
17	12	0.500000018626	-0.142978206801	0.427829307716	-0.892479308353	-0.858359634876	2.42507314682	-5.10731887817
18	12	0.499998860061	0.3404849654	-0.409906350333	0.846195469317	1.92351543903	-2.34285974503	4.84792613983
19	12	0.500000346452	-0.187544711499	0.367341122058	-0.910981603126	-1.09703934193	2.10937476158	-5.1995639801
20	12	0.500000551343	0.240933717799	-0.338230623273	0.90969829565	1.37507343292	-1.9490185976	5.19578075409
21	12	0.499993849546	-0.331909416905	0.420366350939	-0.844469223813	-1.87755489349	2.3924665451	-4.84137248993
22	12	0.49998857826	0.253638302091	-0.397451016715	0.881873177404	1.45270061493	-2.28243613243	5.036216259
23	12	0.499619673938	-0.260261255382	0.414651471785	-0.871968024582	-1.48857069016	2.38613128662	-4.97318792343
24	12	0.499751556665	0.173866606912	-0.572760950991	0.801071342654	1.01009654999	-3.251308918	4.59286212921
25	12	0.499449804425	-0.163971343672	0.567426441924	-0.806932854369	-0.950328707695	3.24261808395	-4.60372257233
26	12	0.499937258661	0.212685966047	-0.631207633786	0.745883102703	1.23023533821	-3.58963012695	4.27737092972
27	12	0.499378651381	-0.35965740421	0.437511412675	-0.824154303135	-2.03295516968	2.52779793739	-4.7018494606
28	12	0.49968938157	0.409076647516	-0.412523770969	0.813929010936	2.33529686928	-2.35276031494	4.65882921219
29	12	0.499238174409	-0.386680081004	0.299766342043	-0.872134539583	-2.19608426094	1.74012672901	-4.97430038452
0	13	0.499986998737	-0.442591863272	0.380967005314	-0.811773726741	-2.49313688278	2.17489266396	-4.66427946091
1	13	0.499997377396	0.324556216609	-0.421093484432	0.846961356633	1.84383893013	-2.39637374878	4.85257530212
2	13	0.499999258667	-0.25680583693	0.399108189744	-0.880206461575	-1.46852874756	2.27201366425	-5.03656101227
3	13	0.499961812049	0.323519024244	-0.374248867984	0.869064569388	1.82345485687	-2.13159418106	4.98163366318
4	13	0.49965525791	-0.241132869444	0.372491113415	-0.896161430603	-1.38281416893	2.1084227562	-5.13230705261
5	13	0.445760630071	0.291165687161	-0.245367114339	0.924671575113	1.48445022106	-1.26858186722	4.74006652832
6	13	0.232384829782	0.179529794246	-0.323959604919	0.928880631383	0.535380065441	-0.886988043785	2.57853627205
7	13	0.445033013821	0.221723838062	-0.362087401151	0.905390111258	1.14160501957	-1.84758031368	4.63563346863
8	13	0.498918294907	-0.339220170983	0.382220626202	-0.859556320728	-1.94591093063	2.16281342506	-4.91265583038
9	13	0.498308837414	0.411863162612	-0.283753125859	0.86594047073	2.35075712204	-1.62444615364	4.96209335327
10	13	0.445644930005	-0.369783177992	0.266231345372	-0.890158003961	-1.88789272308	1.36168456078	-4.56714248657
11	13	0.497864000499	0.141847153121	-0.233702390186	0.961905701185	0.837134122849	-1.34457921982	5.49894618988
12	13	0.499269707128	-0.193827341505	0.330836852811	-0.923568047578	-1.11216139793	1.88172101974	-5.27364301682
13	13	0.49999153614	0.244070289749	-0.418765571491	0.874679992795	1.39857804775	-2.36666488647	5.01348161697
14	13	0.499998353422	-0.32333893808	0.341628181606	-0.882463663079	-1.8319683075	1.94160425663	-5.05594730377
15	13	0.500000715256	0.269253141156	-0.24884206391	0.930365720137	1.54320597649	-1.43890309334	5.31349658966
16	13	0.500000219792	-0.184855958791	0.339566947985	-0.922237801402	-1.08600616455	1.93640947342	-5.26891422272
17	13	0.500000081956	0.273291379261	-0.394880514621	0.877143774529	1.55761384964	-2.25725460052	5.01654672623
18	13	0.500000242144	-0.297163015566	0.475031867157	-0.828274632815	-1.70089793205	2.69491696358	-4.74658298492
19	13	0.499998599291	0.259242872714	-0.428476652132	0.865563915332	1.47866773605	-2.43117189407	4.95927906036
20	13	0.499999325722	-0.181315558719	0.344013335851	-0.921292295053	-1.06005311012	1.97359251976	-5.26005744934
21	13	0.49999384582	0.349308510334	-0.34663458846	0.87053318529	1.96952855587	-1.99822032452	4.98201131821
22	13	0.499606411904	-0.233499542529	0.4313170715	-0.871460582856	-1.35794472694	2.45480084419	-4.97664403915
23	13	0.4989592731	0.397732090575	-0.420596087564	0.815418981415	2.24619722366	-2.40488004684	4.67796230316
24	13	0.467862486839	-0.298892367557	0.371230236125	-0.879119709939	-1.60756826401	2.02466440201	-4.73321866989
25	13	0.498270109296	0.286021786075	-0.550035388412	0.78463533529	1.62911117077	-3.14286136627	4.4986243248
26	13	0.499159552157	-0.301033363968	0.54631271092	-0.781614569763	-1.70775675774	3.10859155655	-4.47258710861
27	13	0.499964889139	0.327408354836	-0.404045939451	0.854137370683	1.87380445004	-2.32384347916	4.87616348267
28	13	0.499948725104	-0.418900262127	0.390661252013	-0.81969894264	-2.38543438911	2.22818040848	-4.6927022934
29	13	0.499991163611	0.398517749934	-0.307717409023	0.86399861063	2.2721529007	-1.76657688618	4.9399933815
0	14	0.499999316409	0.184131050339	-0.340997934809	0.921854741679	1.07693696022	-1.94807767868	5.26691198349
1	14	0.499999273568	-0.205757543334	0.341351461625	-0.917138491727	-1.18266046047	1.95455813408	-5.24072647095
2	14	0.499998023733	0.212529667795	-0.309164634875	0.926956508608	1.2202694416	-1.77372193336	5.29598712921
3	14	0.499991945922	-0.218063187689	0.31941856838	-0.92218231622	-1.25934457779	1.82931756973	-5.26801300049
4	14	0.499250367284	0.247304138615	-0.308247265959	0.918599088859	1.42321610451	-1.76066672802	5.24027585983
5	14	0.498374652117	-0.361793436605	0.227063174625	-0.904183512324	-2.0598950386	1.31882762909	-5.17831707001
6	14	0.445991061628	0.36087305618	-0.297590498152	0.883861150144	1.83553671837	-1.5275554657	4.53952407837
7	14	0.498199824244	-0.43612629662	0.3293546019	-0.837448147412	-2.47975230217	1.87985980511	-4.80584001541
8	14	0.498937677592	0.403541727488	-0.268831377337	0.874576334424	2.29697132111	-1.54135358334	4.99470615387
9	14	0.445616643876	-0.442098126939	0.238642479778	-0.864638082091	-2.24879431725	1.22948944569	-4.43937492371
10	14	0.233992490917	-0.322219036826	0.271674977033	-0.906844859477	-0.901044666767	0.770015120506	-2.53445076942
11	14	0.445495415479	-0.293872348146	0.403753274125	-0.866384635499	-1.50264620781	2.05154585838	-4.44903612137
12	14	0.499680850655	0.204289027676	-0.322712573069	0.924187528781	1.17403161526	-1.8396910429	5.28530025482
13	14	0.49996259436	-0.209862551005	0.341630843634	-0.916103747598	-1.21117854118	1.93848145008	-5.24034452438
14	14	0.499999621883	0.216597063435	-0.236529670835	0.947174443767	1.25287222862	-1.36072528362	5.4100151062
15	14	0.500000528991	-0.307565101678	0.26251504757	-0.914598030847	-1.74766802788	1.50170755386	-5.2319483757
16	14	0.500000104308	0.356654323055	-0.321482159128	0.877181232818	2.01479148865	-1.84135401249	5.02403354645
17	14	0.499999724329	-0.360687543284	0.340898003707	-0.868154967266	-2.05799055099	1.95032095909	-4.96407556534
18	14	0.500000111759	0.35832431847	-0.358408472496	0.862059771499	2.03596019745	-2.04964518547	4.93377399445
19	14	0.500000044703	-0.28908632633	0.222701760816	-0.931038678927	-1.65141439438	1.31371116638	-5.31458711624
20	14	0.499999735504	0.230789283013	-0.353566495655	0.906491610549	1.31997907162	-2.01999187469	5.18274688721
21	14	0.499980609864	-0.208597619674	0.433707075431	-0.876575841435	-1.21453809738	2.46154999733	-5.01511669159
22	14	0.499819584191	0.304714844286	-0.402529177792	0.863202829408	1.73899316788	-2.29647159576	4.93838500977
23	14	0.468290619552	-0.295132745587	0.425823879277	-0.855319055277	-1.59647190571	2.29113316536	-4.61807727814
24	14	0.305873007514	-0.221520498365	0.368320194265	-0.902922423745	-0.831906914711	1.36099028587	-3.29618430138
25	14	0.418038718402	-0.284466078448	0.530463797568	-0.798553197778	-1.37362849712	2.56191730499	-3.89673948288
26	14	0.498157408088	0.209310338279	-0.439307837462	0.873611931142	1.20902812481	-2.52381658554	4.99039936066
27	14	0.499165944755	-0.261877788505	0.438989035521	-0.85948161736	-1.50807237625	2.49133610725	-4.90926027298
28	14	0.499970410019	0.419458637148	-0.356715055216	0.834750753881	2.3707857132	-2.04410672188	4.78511667252
29	14	0.499989613891	-0.265236432375	0.24379184758	-0.932853241402	-1.5230846405	1.41919386387	-5.325715065
0	15	0.499997232109	-0.184533614845	0.349263736576	-0.918674146423	-1.04696762562	1.99288988113	-5.25478029251
1	15	0.500000141561	0.179229655373	-0.339377550072	0.923417353715	1.03409349918	-1.93191885948	5.2802362442
2	15	0.49999981001	-0.233159982868	0.261118626263	-0.936724871778	-1.33885979652	1.50179171562	-5.35151720047
3	15	0.499987598509	0.279590791365	-0.332273676816	0.900790315822	1.5934252739	-1.8878442049	5.15551376343
4	15	0.499978244305	-0.33607827678	0.318331011053	-0.886406655705	-1.91139936447	1.82560610771	-5.0694065094
5	15	0.49925127998	0.355570598163	-0.366763012253	0.859682756931	2.02863264084	-2.07048845291	4.91783332825
6	15	0.49968636781	-0.326264007709	0.267454452527	-0.906653138249	-1.87210988998	1.5386402607	-5.17892789841
7	15	0.49924923107	0.330264885392	-0.303267171013	0.893842339824	1.88794004917	-1.72347927094	5.10419750214
8	15	0.499263938516	-0.307541191877	0.200819083663	-0.930102204564	-1.753002882	1.15659976006	-5.30919027328
9	15	0.497712548822	0.144665839459	-0.198199607219	0.969427001167	0.855427265167	-1.14222943783	5.54017782211
10	15	0.445095364004	-0.258457709182	0.380946430369	-0.887738379115	-1.33257889748	1.92859053612	-4.55244064331
11	15	0.49802210182	0.285424223011	-0.24079486631	0.927658797876	1.63564729691	-1.36750590801	5.31133413315
12	15	0.499216590077	-0.210661201009	0.160582743777	-0.96427954494	-1.22227525711	0.934355199337	-5.49729919434
13	15	0.499989809468	0.337893305723	-0.16835578555	0.92600455907	1.9138507843	-0.978373885155	5.29864931107
14	15	0.499998148531	-0.235533535036	0.116166760103	-0.964898563436	-1.36281132698	0.696543395519	-5.5093665123
15	15	0.499999353662	0.226910471918	-0.239429927988	0.94402592513	1.31502008438	-1.37898302078	5.39122962952
16	15	0.499998044223	-0.17794123447	0.393014359211	-0.902151112913	-1.0566085577	2.21984839439	-5.1632437706
17	15	0.499999884516	0.42812194279	-0.294887711135	0.854255722792	2.409532547	-1.70373678207	4.89814901352
18	15	0.499998118728	-0.28735012728	0.391585863351	-0.874122654995	-1.65349292755	2.22305774689	-5.00099992752
19	15	0.500000227243	0.27656083754	-0.340155385213	0.898781629235	1.57993626595	-1.94420647621	5.13878631592
20	15	0.499998535961	-0.226625499104	0.379773735592	-0.896890624831	-1.30616867542	2.16682100296	-5.12646341324
21	15	0.499994438142	0.282252382239	-0.350125033563	0.893166307914	1.6154282093	-2.00301074982	5.10539245605
22	15	0.499470308423	-0.417886192768	0.245527249423	-0.874692803037	-2.3588912487	1.44564986229	-4.99814319611
23	15	0.49828473106	0.312201273475	-0.39699581722	0.863090195721	1.79196310043	-2.26742625237	4.94140148163
24	15	0.417520117015	-0.311911369134	0.277732772417	-0.908612021124	-1.50311470032	1.36394739151	-4.41109752655
25	15	0.365285554901	-0.221795319887	0.419999623813	-0.880004063668	-0.97766315937	1.84409487247	-3.84648418427
26	15	0.417452927679	-0.179461115032	0.492519292005	-0.851597589942	-0.869316697121	2.37884497643	-4.14211320877
27	15	0.497947540134	0.285049402897	-0.316190780371	0.904859231216	1.62435042858	-1.83029031754	5.17139387131
28	15	0.499476473778	-0.300933338937	0.412968363124	-0.85959074947	-1.70553183556	2.33917713165	-4.92419099808
29	15	0.49999265559	0.130535743034	-0.32144084318	0.937889228068	0.765468358994	-1.8400837183	5.35926771164
0	16	0.499999664724	0.10373390671	-0.348812268498	0.931433990116	0.600318670273	-1.9838064909	5.32830238342
1	16	0.499999947846	-0.235690470298	0.277079664494	-0.931491740025	-1.33265459538	1.59262752533	-5.32739877701
2	16	0.499999940395	0.352951598758	-0.188483275954	0.91646015932	1.99088323116	-1.10280668736	5.245221138
3	16	0.499999236315	-0.24514585848	0.240748433359	-0.939118576062	-1.41523361206	1.3955258131	-5.36091041565
4	16	0.499986860901	0.307123818097	-0.370334516979	0.876656891772	1.75491666794	-2.10523581505	5.01741170883
5	16	0.499991763383	-0.389698745081	0.2860801732	-0.875381643961	-2.21329689026	1.65512251854	-5.00516653061
6	16	0.499963141978	0.383819409265	-0.24703937747	0.889749519275	2.17077684402	-1.43099331856	5.09204769135
7	16	0.49998075515	-0.278392153208	0.298194219144	-0.913004937939	-1.5970941782	1.6884663105	-5.22356128693
8	16	0.499958969653	0.302500264687	-0.171252751381	0.937638568431	1.72303795815	-0.993358790874	5.35981702805
9	16	0.499307176098	-0.273306546039	0.256683045086	-0.927047650478	-1.54488408566	1.44175088406	-5.30429077148
10	16	0.499531241134	0.279342112113	-0.102142826262	0.954743330662	1.59975290298	-0.608928382397	5.4549908638
11	16	0.499200941995	-0.355032609333	0.0981560989361	-0.929686628145	-2.01672315598	0.576670825481	-5.3086848259
12	16	0.499975007027	0.299085421552	-0.175218373293	0.938001296521	1.71593904495	-0.995297431946	5.36241388321
13	16	0.499987114221	-0.396825436506	0.275689457284	-0.875514075321	-2.25788116455	1.55259084702	-5.01798343658
14	16	0.499999716878	0.378185674063	-0.281652869758	0.881843102196	2.16118049622	-1.59538960457	5.04735326767
15	16	0.499987579882	-0.429695380725	0.323783329332	-0.842927182756	-2.43274116516	1.83637368679	-4.83768844604
16	16	0.49999217689	0.274145348022	-0.256528115102	0.926842842299	1.57636809349	-1.4889165163	5.29046869278
17	16	0.499964177608	-0.262238391043	0.312415226065	-0.91303217511	-1.51552248001	1.78381419182	-5.21552848816
18	16	0.499991945922	0.254690887874	-0.328757531909	0.909423463985	1.46591973305	-1.88395905495	5.19470453262
19	16	0.499987121671	-0.277079843792	0.347561647105	-0.895783267105	-1.58610367775	1.98699212074	-5.12018013
20	16	0.499999027699	0.272487491836	-0.418678720238	0.866290191571	1.55813062191	-2.37059116364	4.9639544487
21	16	0.499992035329	-0.29669509274	0.337917777948	-0.89318732486	-1.69587087631	1.93889129162	-5.10381984711
22	16	0.499975450337	0.32212341439	-0.461661566459	0.82650172653	1.83984053135	-2.61090254784	4.74301624298
23	16	0.499138921499	-0.307326922134	0.466959888323	-0.829155368811	-1.75627326965	2.6438267231	-4.74383163452
24	16	0.498121570796	0.276169799459	-0.420932907071	0.864028778231	1.58714699745	-2.3984618187	4.94583797455
25	16	0.417673517019	-0.197092688022	0.476298176514	-0.856909866543	-0.95690113306	2.29716324806	-4.17205905914
26	16	0.306579777971	-0.138819242957	0.378369876113	-0.915186021875	-0.524009764194	1.40308499336	-3.35078334808
27	16	0.468084555119	-0.143850919549	0.456520360042	-0.87800687572	-0.783923387527	2.44548273087	-4.7448091507
28	16	0.499801715836	0.16339277409	-0.339408301988	0.92633946581	0.934618234634	-1.95191478729	5.2917432785
29	16	0.499980390072	-0.0482306621424	0.293871519963	-0.954627326753	-0.293006539345	1.69038724899	-5.45340538025
0	17	0.49999869056	-0.0552988062617	0.30344564606	-0.951242756563	-0.325644522905	1.74503159523	-5.43427848816
1	17	0.499999990687	0.0687682286787	-0.345696561299	0.935823069939	0.418177038431	-1.96568393707	5.35296154022
2	17	0.499999646097	-0.292317667868	0.323981309071	-0.899770244243	-1.64185094833	1.85055184364	-5.1558804512
3	17	0.499999895692	0.249508294697	-0.346418805688	0.90428956753	1.42564022541	-1.97429227829	5.17227697372
4	17	0.499999929219	-0.240087730352	0.433801037579	-0.868432231973	-1.37397766113	2.46405386925	-4.97286319733
5	17	0.499996989965	0.300610094512	-0.45307738334	0.839258277161	1.704382658	-2.56773066521	4.81644630432
6	17	0.499999228865	-0.167613018819	0.40290203266	-0.899764318031	-0.97637283802	2.28155946732	-5.15225458145
7	17	0.49999644421	0.179492772282	-0.204859166674	0.962192842692	1.04211568832	-1.19080734253	5.49430847168
8	17	0.499987643212	-0.27250112862	0.148050166475	-0.950696735614	-1.54891812801	0.855944752693	-5.43635702133
9	17	0.499985435978	0.10706925977	-0.185647541904	0.976765664731	0.653402507305	-1.06368255615	5.58023643494
10	17	0.499961806461	-0.248843549268	0.123342045663	-0.960657914015	-1.42883491516	0.716844558716	-5.48911046982
11	17	0.499989610165	0.41196014026	-0.132507214659	0.901515768526	2.3305516243	-0.756051778793	5.16587734222
12	17	0.499986220151	-0.30169679993	0.0527069978279	-0.951945908806	-1.75117814541	0.333755254745	-5.43328619003
13	17	0.499999534339	0.40939049393	-0.122114209527	0.90415017741	2.33392596245	-0.710721969604	5.17051410675
14	17	0.499987304211	-0.427582506222	0.179799540467	-0.885914965231	-2.4450135231	1.03624010086	-5.06265163422
15	17	0.499973524362	0.462648701638	-0.276369177805	0.842363494243	2.62098383904	-1.5742650032	4.83206653595
16	17	0.499234225601	-0.333932580458	0.343028516352	-0.877963819686	-1.90432262421	1.9427857399	-5.01859951019
17	17	0.499676115811	0.3447404165	-0.310509435564	0.885854353524	1.96081030369	-1.77686154842	5.0685915947
18	17	0.499234743416	-0.322762851548	0.338495093195	-0.88388076885	-1.84301412106	1.92688131332	-5.04684591293
19	17	0.499977812171	0.33656337046	-0.308337275759	0.889748965744	1.91004800797	-1.76211571693	5.09245300293
20	17	0.499986577779	-0.278037233116	0.252686627854	-0.926738779325	-1.59386539459	1.46058738232	-5.29256248474
21	17	0.499999223277	0.303384332666	-0.237248722637	0.922860222515	1.72423458099	-1.37300658226	5.27512359619
22	17	0.499989662319	-0.220723954519	0.338819235647	-0.914594151226	-1.2844851017	1.92784523964	-5.22736930847
23	17	0.499964572489	0.341751228869	-0.267912331888	0.900793583453	1.9449300766	-1.54750800133	5.14921426773
24	17	0.499118223786	-0.376079554273	0.272112241793	-0.885730826337	-2.12796568871	1.56750941277	-5.05924844742
25	17	0.497504889965	0.280249932247	-0.355027810709	0.891860543526	1.59941661358	-2.01401805878	5.1043009758
26	17	0.468261210248	-0.218265700723	0.218306518818	-0.951158424096	-1.17660808563	1.20322990417	-5.13313341141
27	17	0.498218400404	0.170295608529	-0.346487782189	0.922467138986	0.96618282795	-1.98039507866	5.26784276962
28	17	0.499581281096	-0.162922149177	0.389252332902	-0.906608512335	-0.91382086277	2.21230149269	-5.18748092651
29	17	0.49998167716	0.0312321391731	-0.308202603206	0.950807924272	0.195382624865	-1.76692867279	5.43355226517
0	18	0.499997686595	0.146560658106	-0.378615967855	0.913876316785	0.822828412056	-2.14146494865	5.2369852066
1	18	0.49999997206	-0.0690715221063	0.29135605242	-0.95411779962	-0.40209326148	1.67646002769	-5.45075321198
2	18	0.500000087544	0.0208686733528	-0.366435935635	0.930209225684	0.161967843771	-2.08338069916	5.32305049896
3	18	0.499999307096	-0.220969036612	0.286492053479	-0.932252641805	-1.24441409111	1.65951824188	-5.32813501358
4	18	0.499999573454	0.111946376658	-0.33432253963	0.935786539895	0.664622187614	-1.91695010662	5.34523153305
5	18	0.499998649582	-0.176718748468	0.333861494824	-0.925908735359	-1.00898611546	1.91204452515	-5.29301166534
6	18	0.500000093132	0.0520379348793	-0.343333890412	0.937770703865	0.331457078457	-1.94996333122	5.36521053314
7	18	0.499999700114	-0.221063438701	0.270648590162	-0.93695266514	-1.25832378864	1.53655493259	-5.3616271019
8	18	0.499999569729	0.35192514481	-0.142163834901	0.925169247488	1.98615455627	-0.83563131094	5.29614400864
9	18	0.499998247251	-0.239189889765	0.245212588845	-0.939499325655	-1.37645149231	1.38889706135	-5.37259101868
10	18	0.500000268221	0.267186330827	-0.234330096572	0.934719674801	1.5406935215	-1.33242857456	5.34219884872
11	18	0.499997798353	-0.348955769766	0.201835208026	-0.915146119234	-2.00262570381	1.16021955013	-5.22772121429
12	18	0.499999765307	0.469878863858	-0.262533264662	0.842787125107	2.6649222374	-1.48201680183	4.83756732941
13	18	0.499998562038	-0.39121861412	0.1511628033	-0.907798327199	-2.25577640533	0.87206864357	-5.18042182922
14	18	0.499990992248	0.48451279919	-0.158807375577	0.860248548318	2.74757099152	-0.91261613369	4.93029069901
15	18	0.499250734225	-0.274107826349	0.152641548648	-0.94950800795	-1.58973097801	0.902605652809	-5.40978240967
16	18	0.498319281265	0.224111928774	-0.285081295939	0.93193481429	1.29837179184	-1.62781310081	5.33434438705
17	18	0.445517912507	-0.27622598674	0.251139628528	-0.927700431838	-1.42596077919	1.29740917683	-4.74721384048
18	18	0.498346757144	0.377671240774	-0.323860901953	0.867455215027	2.14939641953	-1.85202908516	4.97455215454
19	18	0.499239671975	-0.243364028971	0.271916602526	-0.931039908207	-1.41195213795	1.55226409435	-5.30893802643
20	18	0.499991454184	0.267974085905	-0.285574754851	0.920128767443	1.53476309776	-1.62365031242	5.262196064
21	18	0.499997489154	-0.249952118502	0.25312156529	-0.934587294821	-1.43413317204	1.44695925713	-5.34133768082
22	18	0.499997653067	0.246961404199	-0.227737828062	0.941884040902	1.42178750038	-1.31462299824	5.3791680336
23	18	0.499981025234	-0.316553336158	0.22094189898	-0.922485047381	-1.80994033813	1.26820802689	-5.2723197937
24	18	0.499217156321	0.319614945584	-0.252270500782	0.913348718176	1.82184958458	-1.43951201439	5.21475553513
25	18	0.497791862115	-0.202465739361	0.253263080538	-0.945973274687	-1.17395031452	1.45991694927	-5.40465641022
26	18	0.445609461516	0.197018639806	-0.330308204943	0.923081873572	1.01202523708	-1.69256806374	4.73261880875
27	18	0.497929815203	-0.0939021402422	0.333270895607	-0.938143324977	-0.542735397816	1.9134939909	-5.36473464966
28	18	0.499230319634	0.0190497949232	-0.378098189985	0.925569480938	0.13535349071	-2.15766572952	5.28360795975
29	18	0.499985305592	-0.10572128796	0.304714399257	-0.946558051129	-0.598359286785	1.75487613678	-5.4079284668
0	19	0.500000076368	-0.122992420008	0.242778595962	-0.962253302391	-0.703708648682	1.39933586121	-5.49843597412
1	19	0.499999258667	0.123890113751	-0.244484158232	0.961706158912	0.711346268654	-1.40853774548	5.49482154846
2	19	0.499993888661	-0.151710905179	0.351696901878	-0.923738648352	-0.857105791569	1.99600219727	-5.28895759583
3	19	0.499994534999	0.18368991737	-0.418293585208	0.889543979143	1.04608976841	-2.36521434784	5.09898853302
4	19	0.49998033978	-0.1750785172	0.356961486793	-0.917565261854	-0.995633721352	2.02709102631	-5.25213909149
5	19	0.499994697049	0.206911690199	-0.251427337203	0.945500844297	1.16918134689	-1.43885290623	5.40841388702
6	19	0.499992122874	-0.132940913213	0.151232784108	-0.979517921533	-0.770435333252	0.890049755573	-5.59511566162
7	19	0.499999059364	0.197907945776	-0.211657099556	0.957096503602	1.14058995247	-1.20760154724	5.47045326233
8	19	0.499999903142	-0.279048506462	0.251224249157	-0.926832405388	-1.5991499424	1.41514980793	-5.30360031128
9	19	0.500000104308	0.346449436378	-0.211942077542	0.913812532088	1.97376394272	-1.21598732471	5.22588443756
10	19	0.500000085682	-0.421104599707	0.252725034164	-0.871091828232	-2.38873100281	1.43902397156	-4.99100017548
11	19	0.500000294298	0.362061006313	-0.282884881519	0.888193656539	2.07453966141	-1.60442447662	5.08052110672
12	19	0.500000339001	-0.463479494692	0.338618267101	-0.818855559416	-2.64021778107	1.90507721901	-4.70067119598
13	19	0.499999672174	0.500306574025	-0.168842784143	0.849226381026	2.84785413742	-0.982096076012	4.85924434662
14	19	0.499964971095	-0.482676401039	0.191551748052	-0.854594301232	-2.74050164223	1.1085613966	-4.89392852783
15	19	0.499684054404	0.275927871392	-0.341562222777	0.898442573435	1.59465837479	-1.93337666988	5.14095830917
16	19	0.445388242602	-0.285915174932	0.236476480339	-0.92861799842	-1.46226704121	1.2338488102	-4.75178432465
17	19	0.232594506815	-0.300645386962	0.355614769245	-0.884957901368	-0.842669248581	0.985268592834	-2.45911288261
18	19	0.445381615311	-0.485683285185	0.324212030902	-0.811787106026	-2.45996403694	1.66259217262	-4.17500114441
19	19	0.499511199072	0.335514294142	-0.156223945238	0.928990978084	1.91254448891	-0.929651677608	5.30743837357
20	19	0.499963436276	-0.333123941833	0.224761723845	-0.915702247934	-1.88773751259	1.29396748543	-5.23870134354
21	19	0.499998928979	0.253552304512	-0.24984254312	0.934499830136	1.45369124413	-1.4338157177	5.34002780914
22	19	0.499999463558	-0.335889915496	0.29191896698	-0.89552290947	-1.90666556358	1.65907740593	-5.12825107574
23	19	0.499961610883	0.36260541671	-0.193213869144	0.911693869971	2.06267404556	-1.11854970455	5.2127494812
24	19	0.499608583748	-0.338838442369	0.243025691671	-0.908915300323	-1.92731928825	1.39391899109	-5.19901227951
25	19	0.445587906986	0.175907742911	-0.323652057786	0.929680488918	0.914719462395	-1.65803623199	4.7622885704
26	19	0.23260322772	0.268826650992	-0.364009671418	0.89175623958	0.71297198534	-1.00551319122	2.49389410019
27	19	0.44558997266	0.144388983724	-0.403220482701	0.903639897144	0.747532427311	-2.06332063675	4.6314330101
28	19	0.499698877335	-0.11857661068	0.470392294027	-0.874454502601	-0.678638637066	2.65901398659	-5.01776695251
29	19	0.499962924048	0.123389339108	-0.349411122137	0.928809420022	0.69797295332	-1.98827970028	5.31443881989
0	20	0.499997908249	0.111430546833	-0.166990026726	0.979641548836	0.641408383846	-0.97075599432	5.59743690491
1	20	0.499993914738	-0.208090301847	0.256948777081	-0.943756193216	-1.16805267334	1.45114064217	-5.40534257889
2	20	0.499987203628	0.096813846855	-0.142032005757	0.985116230908	0.570231318474	-0.847499728203	5.62615776062
3	20	0.499593893066	-0.139632349854	0.285067940272	-0.948282171246	-0.802163124084	1.61728286743	-5.42036914825
4	20	0.499798431993	0.107401018875	-0.219649660576	0.969648930156	0.629283189774	-1.26328444481	5.54007911682
5	20	0.499498112127	-0.129178587741	0.17016891012	-0.976911170219	-0.761758327484	0.979444921017	-5.57551860809
6	20	0.49997555092	0.2128303477	-0.180241156536	0.960320971649	1.20811605453	-1.02172470093	5.49375486374
7	20	0.499989759177	-0.293570280439	0.134178776563	-0.946473743092	-1.66637825966	0.774314522743	-5.41355419159
8	20	0.499999495223	0.276598099405	-0.100497985911	0.955716300077	1.58670663834	-0.591321587563	5.46064519882
9	20	0.499999364838	-0.339527911182	0.181591246697	-0.922900545374	-1.93816924095	1.0290415287	-5.27935886383
10	20	0.50000019744	0.429274876232	-0.200786363548	0.880572493807	2.42946434021	-1.13939261436	5.04897260666
11	20	0.499998060986	-0.269624372225	0.143003196446	-0.952288183119	-1.56839382648	0.836884617805	-5.43430757523
12	20	0.500000048429	0.36153479598	-0.162438922428	0.918099225452	2.07458972931	-0.944834709167	5.24372005463
13	20	0.499996058643	-0.474630309514	0.247141062565	-0.84477651748	-2.7036986351	1.40439391136	-4.8376865387
14	20	0.499979693443	0.370252304753	-0.288474710124	0.883003721648	2.1347053051	-1.63981723785	5.04478359222
15	20	0.499216552824	-0.283322396439	0.422792111109	-0.860799192878	-1.63599658012	2.39117527008	-4.91894626617
16	20	0.498313907534	0.293081902846	-0.433069631876	0.852381189475	1.68557071686	-2.47615337372	4.88035297394
17	20	0.445817310363	-0.232248225801	0.537544920588	-0.810620885471	-1.20901942253	2.73025918007	-4.1687078476
18	20	0.498313125223	0.321551040628	-0.417382110613	0.849939469616	1.83701312542	-2.38499379158	4.87112760544
19	20	0.499240528792	-0.239017857483	0.371358259861	-0.89719758506	-1.37274217606	2.10908102989	-5.12434864044
20	20	0.499988723546	0.225455060051	-0.325223474416	0.918367958711	1.29690480232	-1.85217928886	5.25102043152
21	20	0.499997774139	-0.156076737261	0.304936876243	-0.939496436179	-0.915340423584	1.73841238022	-5.36906433105
22	20	0.499998152256	0.271221019691	-0.340297587863	0.900353658388	1.55453157425	-1.92842912674	5.15277385712
23	20	0.499991159886	-0.318070681018	0.215867253081	-0.923164324985	-1.80628931522	1.24976682663	-5.27881622314
24	20	0.499251652509	0.300493134233	-0.284323607971	0.910419662699	1.70595383644	-1.61733591557	5.20190095901
25	20	0.49830278568	-0.162064860545	0.267843935472	-0.949733966544	-0.931104421616	1.53921961784	-5.43656635284
26	20	0.445147359744	0.193238665574	-0.393262336378	0.89889017845	0.986985206604	-2.00406837463	4.60739421844
27	20	0.498103005812	-0.0493894793521	0.272853283094	-0.960787055093	-0.307291030884	1.56460309029	-5.49784326553
28	20	0.499257894233	0.192646128065	-0.257545653453	0.946867311575	1.0786755085	-1.48741960526	5.40570497513
29	20	0.499989118427	-0.0213977379373	0.236901816387	-0.971297928652	-0.153824016452	1.34849357605	-5.55480003357
0	21	0.499998882413	-0.153488834371	0.175687915482	-0.972406773977	-0.873498439789	0.998395323753	-5.56079673767
1	21	0.499995779246	0.162375880626	-0.173328696395	0.971386244702	0.929169774055	-0.997962474823	5.55184268951
2	21	0.499597962946	-0.134204350004	0.213153805004	-0.967757535673	-0.771756291389	1.20354950428	-5.53059196472
3	21	0.498962720856	0.227625451249	-0.168815879059	0.959003572945	1.28649485111	-0.973662018776	5.48685836792
4	21	0.467859689146	-0.214535141907	0.168042129552	-0.962152023114	-1.15571427345	0.90792798996	-5.18772029877
5	21	0.498083578423	0.355707441465	-0.134478179334	0.924871794018	1.99995839596	-0.773727715015	5.30699157715
6	21	0.49917133525	-0.13280791622	0.112090004224	-0.984783168186	-0.793490767479	0.653775572777	-5.61541557312
7	21	0.499974520877	0.314778735237	-0.152066866424	0.936904486049	1.77838158607	-0.862421751022	5.36501741409
8	21	0.499989144504	-0.275728823829	0.0874016069278	-0.957253662733	-1.5735514164	0.508138120174	-5.47228765488
9	21	0.499999517575	0.257558232072	-0.0608487323945	0.96434495325	1.49139559269	-0.367784827948	5.50725078583
10	21	0.49999169074	-0.294547190355	0.076538634276	-0.95256694784	-1.69343900681	0.46602961421	-5.44131708145
11	21	0.499993968755	0.3157256227	-0.214250073968	0.924345301808	1.80628073215	-1.20698070526	5.28811168671
12	21	0.499980088323	-0.321194072655	0.156746979143	-0.933951150875	-1.86084294319	0.90537083149	-5.32986593246
13	21	0.499982651323	0.510281446707	-0.235835660436	0.827039531348	2.89856433868	-1.33033049107	4.74556446075
14	21	0.499951530248	-0.490066759117	0.130167744931	-0.861911207601	-2.79464030266	0.776241123676	-4.92736148834
15	21	0.499235108495	0.440295519334	-0.287245637444	0.850664328289	2.50787401199	-1.64302897453	4.85929441452
16	21	0.49890685454	-0.397317196691	0.431246285562	-0.810040546147	-2.25875902176	2.44968175888	-4.63632583618
17	21	0.498876061291	0.333751714919	-0.461471537669	0.821981637696	1.90220308304	-2.63349246979	4.69415140152
18	21	0.499209702015	-0.343419601105	0.397877748735	-0.850738664126	-1.94381868839	2.28189229965	-4.85809707642
19	21	0.499961491674	0.175016964592	-0.415327073137	0.892677144562	1.03373813629	-2.36756706238	5.10108804703
20	21	0.499987952411	-0.290394789356	0.293185116287	-0.910886026846	-1.6470669508	1.68240141869	-5.20988845825
21	21	0.499998673797	0.191537652251	-0.224853495417	0.955381721287	1.12001919746	-1.30533230305	5.45296907425
22	21	0.500000078231	-0.342102246804	0.292981741498	-0.892820111714	-1.92650091648	1.66688585281	-5.11893177032
23	21	0.499986464158	0.133376475211	-0.271848700575	0.953052464377	0.797926545143	-1.55564403534	5.44398736954
24	21	0.499976076186	-0.257458961717	0.324589454458	-0.910140961108	-1.45019245148	1.84250807762	-5.215259552
25	21	0.499223534018	0.0163299524772	-0.261325074415	0.965112707477	0.129078283906	-1.49205482006	5.50915050507
26	21	0.499670716003	-0.0961166320025	0.273304350941	-0.957113538097	-0.546141445637	1.56206297874	-5.47345209122
27	21	0.499242035672	0.158328757443	-0.247350309913	0.955902625141	0.893765211105	-1.42215704918	5.45554637909
28	21	0.499978005886	-0.249026637972	0.320796843456	-0.913824446384	-1.39510548115	1.8017976284	-5.24549341202
29	21	0.499986961484	0.130298822943	-0.0370042837979	0.99078398237	0.745357394218	-0.259947180748	5.6642074585
0	22	0.499999919906	0.149939772107	-0.212951432024	0.965489384892	0.857088088989	-1.20189106464	5.52309703827
1	22	0.499980777502	-0.17977082997	0.1668207893	-0.969460299831	-1.02280199528	0.953360676765	-5.54292869568
2	22	0.49982320983	0.118255215494	-0.135493136933	0.98369574252	0.68338996172	-0.768789768219	5.62390995026
3	22	0.468044963665	-0.158088644597	0.100071357197	-0.982340930593	-0.861079692841	0.540431678295	-5.29740571976
4	22	0.305111238733	-0.272728815913	0.14092397529	-0.95171394135	-0.984274029732	0.502563357353	-3.4816904068
5	22	0.417266645469	-0.190203284507	0.197936480848	-0.961584036948	-0.930268883705	0.961646556854	-4.6644525528
6	22	0.498101009056	0.184998458457	-0.189992959706	0.964198239799	1.06327700615	-1.08266735077	5.5159444809
7	22	0.49914575927	-0.226163169307	0.153394434236	-0.961935740263	-1.29110360146	0.877778172493	-5.48958063126
8	22	0.499975301325	0.197500426416	-0.147929865017	0.969077054006	1.15230286121	-0.844921112061	5.53617477417
9	22	0.499981131405	-0.405820706782	0.180012612249	-0.896049671267	-2.2824203968	1.02524805069	-5.14165210724
10	22	0.4999786634	0.298054779049	-0.257420225265	0.919183429088	1.71194624901	-1.45641851425	5.25743436813
11	22	0.499467749149	-0.367043712049	0.185336005953	-0.911553332692	-2.0939207077	1.0723439455	-5.204205513
12	22	0.499820459634	0.45864672793	-0.151781213039	0.875560187724	2.60889649391	-0.871140480042	5.0118522644
13	22	0.499585207552	-0.446051266266	0.111889668552	-0.887985906382	-2.55915808678	0.654747605324	-5.06514883041
14	22	0.499218884856	0.517884085785	-0.193243780716	0.833338415594	2.94863653183	-1.09579098225	4.76307821274
15	22	0.498107280582	-0.474665402693	0.199139886012	-0.857342441085	-2.71172237396	1.14895713329	-4.90808773041
16	22	0.445243358612	0.370605013882	-0.306020188234	0.876928485157	1.88881516457	-1.57342994213	4.49316978455
17	22	0.497658491135	-0.280622335875	0.495948414307	-0.821758039179	-1.60817062855	2.82468748093	-4.70618915558
18	22	0.499241422862	0.279054232962	-0.455130626816	0.845567766415	1.60313510895	-2.58704328537	4.829870224
19	22	0.499977421016	-0.322059787476	0.480287897096	-0.81584375293	-1.83437681198	2.71756243706	-4.68469715118
20	22	0.499997936189	0.345977096897	-0.281108952255	0.895141109203	1.97531926632	-1.62016296387	5.11481666565
21	22	0.499999973923	-0.347506531829	0.298475471377	-0.888904721173	-1.9751200676	1.69752669334	-5.08966112137
22	22	0.500000275671	0.298085397982	-0.187402177518	0.935962349334	1.70142769814	-1.10210931301	5.34641504288
23	22	0.499999228865	-0.145024182949	0.262084218927	-0.954085870637	-0.849767684937	1.49548876286	-5.45225667953
24	22	0.499987298623	0.223910844589	-0.274480123857	0.935160197657	1.27229714394	-1.56175303459	5.35050058365
25	22	0.499987429008	-0.0850445437331	0.170871474586	-0.981616200332	-0.501741468906	0.991688013077	-5.60937929153
26	22	0.49996032007	-0.0307556228767	-0.208430356796	0.977553516708	-0.137980356812	-1.19593560696	5.5893445015
27	22	0.49998841621	-0.101516289671	0.298862794233	-0.948881169143	-0.573602318764	1.6924033165	-5.43072891235
28	22	0.49998616986	0.0759088700671	-0.197229457998	0.977414131442	0.447400271893	-1.13922262192	5.58471107483
29	22	0.499999339692	-0.0865751646952	0.142188417444	-0.986046243745	-0.504859924316	0.819718003273	-5.63527345657
0	23	0.4999980703	-0.174496951747	0.132748490238	-0.975668310529	-0.998754262924	0.763697266579	-5.57702732086
1	23	0.499991057441	0.218882659733	-0.154220410276	0.963486609312	1.2409876585	-0.871244668961	5.51272726059
2	23	0.499477739446	-0.0930063240004	-0.0378409940333	-0.994946170839	-0.562540054321	-0.191023170948	-5.68163061142
3	23	0.498250605538	0.275666556778	0.00571288251166	0.96123634578	1.55411732197	0.0356410071254	5.50934267044
4	23	0.418405636214	-0.229808811411	-0.0116553152054	-0.973166000138	-1.11911463737	-0.0338198766112	-4.73489427567
5	23	0.365747521631	-0.157375111944	0.250208228764	-0.955316134272	-0.704580307007	1.08029592037	-4.18701267242
6	23	0.417057560757	-0.360773376952	0.27578220568	-0.890947105901	-1.73009181023	1.33438205719	-4.33045721054
7	23	0.498035391793	0.220082182499	-0.170855971809	0.960402035527	1.26162493229	-0.981856584549	5.49392747879
8	23	0.499453846365	-0.234606217678	0.149926975757	-0.960459173816	-1.34370136261	0.870769619942	-5.4819355011
9	23	0.499969132245	0.260473159215	-0.176041728115	0.949296077781	1.50237727165	-1.02281951904	5.42129468918
10	23	0.499145671725	-0.235762622956	0.344241656706	-0.908797924406	-1.3721382618	1.94824647903	-5.18711566925
11	23	0.4982842803	0.35960090414	-0.33594424987	0.870533543708	2.05671858788	-1.91046690941	4.98976278305
12	23	0.468029092997	-0.496873134853	0.180239098559	-0.848899849931	-2.67044639587	0.981443762779	-4.58300971985
13	23	0.49889787659	0.467880320718	-0.101380971218	0.877957803177	2.68123483658	-0.599400341511	5.01541662216
14	23	0.499267019331	-0.548828513699	0.204317098657	-0.810581140755	-3.10843706131	1.17762756348	-4.64863395691
15	23	0.445793386549	0.372398476922	-0.336404549298	0.864957428778	1.90689373016	-1.71555972099	4.44052410126
16	23	0.233279471286	0.232208699693	-0.313363986387	0.920805154103	0.679809749126	-0.865847587585	2.56322956085
17	23	0.445022331551	0.238629906824	-0.245561749511	0.939550528043	1.22888040543	-1.26452660561	4.80554819107
18	23	0.499688420445	-0.327714040298	0.261632402206	-0.90782817422	-1.86518347263	1.51773452759	-5.18848466873
19	23	0.499961066991	0.348129457023	-0.326496224463	0.878752579834	1.98582863808	-1.86443173885	5.02627325058
20	23	0.499999985099	-0.395367199417	0.242740258765	-0.8858679046	-2.24513864517	1.40381395817	-5.06698417664
21	23	0.500000365078	0.363528742084	-0.341085024514	0.866895529883	2.07490181923	-1.9423366785	4.96028423309
22	23	0.500000469387	-0.315654267054	0.35909888051	-0.878299708361	-1.79926049709	2.03050994873	-5.03294658661
23	23	0.499999383464	0.209173801995	-0.250910505392	0.945140327593	1.20643115044	-1.44113564491	5.39944839478
24	23	0.499989125878	-0.286124271929	0.223876524485	-0.931671724803	-1.62929582596	1.28283584118	-5.32741451263
25	23	0.499988401309	0.339935774085	-0.14132572306	0.929769170009	1.90363693237	-0.824537277222	5.32913780212
26	23	0.4999634251	-0.154144791926	0.136566021209	-0.978564818994	-0.87812256813	0.801974952221	-5.592710495
27	23	0.499986225739	0.0758283619361	-0.293420559375	0.952971371481	0.446501612663	-1.65609812737	5.45402240753
28	23	0.499985709786	-0.0678199836035	0.213744402846	-0.974532595697	-0.401676237583	1.21481668949	-5.57221984863
29	23	0.499996660277	0.126184646759	-0.209524130254	0.969627286004	0.726730108261	-1.17630887032	5.54793453217
0	24	0.499964084476	0.216721277809	-0.0333443566768	0.975663897878	1.23979771137	-0.213625788689	5.57672119141
1	24	0.499983448535	-0.259474118998	0.200206128231	-0.944770177233	-1.48061203957	1.10815596581	-5.41092443466
2	24	0.499951591715	0.228225176599	0.0632351091506	0.971552669564	1.29537236691	0.337833404541	5.5589799881
3	24	0.499135660008	-0.152859352821	-0.106783788975	-0.98246182657	-0.891139745712	-0.579731583595	-5.60859870911
4	24	0.497338822111	0.222524321235	-0.0709458347256	0.97234233426	1.27011704445	-0.384272158146	5.55571746826
5	24	0.417354464531	-0.297291893565	0.158181209374	-0.941592393247	-1.43319821358	0.774779498577	-4.580098629
6	24	0.306636076421	-0.274540383702	0.221220464592	-0.935782604969	-1.01203680038	0.812815070152	-3.43339562416
7	24	0.468232618645	-0.196770668379	0.343955671707	-0.918137135708	-1.06734347343	1.84936785698	-4.95621824265
8	24	0.499772027135	0.298336155912	-0.320542315955	0.899026229738	1.70028805733	-1.81701207161	5.14720582962
9	24	0.49912770465	-0.355729188872	0.264293425368	-0.896440588936	-2.02523851395	1.51212406158	-5.11730575562
10	24	0.498212508857	0.398911880712	-0.350999707122	0.847153183921	2.26889920235	-2.00356960297	4.85602760315
11	24	0.417537979782	-0.354770775266	0.434021305046	-0.828108207774	-1.73596680164	2.0945186615	-4.02212142944
12	24	0.305287221447	-0.457016966753	0.308117316226	-0.834385529322	-1.65528869629	1.11365866661	-3.06186485291
13	24	0.467567164451	-0.463322112436	0.268474824153	-0.844543598	-2.48750185966	1.43857765198	-4.55996274948
14	24	0.49906258285	0.347735714951	-0.368977970313	0.861936848018	1.99910509586	-2.07312250137	4.93079042435
15	24	0.498326934874	-0.330499724236	0.329711804986	-0.884341595727	-1.89185833931	1.88040685654	-5.06680583954
16	24	0.445895709097	0.244354883742	-0.233774027724	0.941084690532	1.25952494144	-1.21086740494	4.82164716721
17	24	0.498309953138	-0.302805389464	0.182627023104	-0.935390969886	-1.73274159431	1.06004357338	-5.3537735939
18	24	0.499247487634	0.271437663715	-0.324391714857	0.906141054168	1.56088280678	-1.8368268013	5.1744556427
19	24	0.499991510063	-0.283060361206	0.278030437941	-0.917919336049	-1.63025450706	1.5910037756	-5.24365234375
20	24	0.499996179715	0.289587842753	-0.244608834323	0.925367710427	1.67156100273	-1.41308569908	5.281665802
21	24	0.499999701977	-0.358968004381	0.363036362958	-0.859852644934	-2.04624247551	2.06449627876	-4.92304182053
22	24	0.4999996759	0.303417900353	-0.294939887441	0.906061830418	1.7286233902	-1.69193696976	5.18009567261
23	24	0.49998950772	-0.234686594255	0.262815147516	-0.935868794604	-1.34840345383	1.49528074265	-5.35072946548
24	24	0.499973416328	0.298321896246	-0.26841883479	0.915945072234	1.69651031494	-1.52583909035	5.24196195602
25	24	0.499309584498	-0.203105601239	0.254322687154	-0.945551736049	-1.18183946609	1.44228363037	-5.39650201797
26	24	0.499697793275	0.17132156071	-0.210428742928	0.962480476158	0.983207702637	-1.19487452507	5.5036277771
27	24	0.499238602817	-0.175808574785	0.203466627325	-0.963168041723	-0.997132658958	1.15441405773	-5.50086832047
28	24	0.499964077026	0.189309352456	-0.0470157438844	0.980791256537	1.07282090187	-0.293266505003	5.60865592957
29	24	0.499977061525	-0.246911380456	0.011760477194	-0.968966697765	-1.38966190815	0.0905362069607	-5.54554605484
0	25	0.499706948176	-0.20066980368	0.133038712814	-0.970583500161	-1.15584492683	0.74821138382	-5.55015707016
1	25	0.499258628115	0.333870832703	-0.107534344664	0.936464965596	1.88626766205	-0.612323522568	5.35318851471
2	25	0.49995928444	-0.230627934037	0.0377669914476	-0.972308804032	-1.31841623783	0.211767792702	-5.55908632278
3	25	0.499222029932	0.164101936058	-0.0275686135182	0.986058074421	0.942158460617	-0.146358087659	5.62861728668
4	25	0.497147213668	-0.251009383841	-0.0972098598556	-0.96309113399	-1.42456281185	-0.529612064362	-5.50750684738
5	25	0.444187318906	0.375872764096	-0.0572534747896	0.924900916226	1.90858745575	-0.298514902592	4.76411628723
6	25	0.466310320422	-0.0477650950221	0.319390273979	-0.946418696236	-0.261995226145	1.7304148674	-5.1168794632
7	25	0.49809832871	0.112535341468	-0.402163204387	0.908625640161	0.654623687267	-2.27242279053	5.19699048996
8	25	0.499076873064	-0.306509726252	0.288361587007	-0.907138017532	-1.73539459705	1.64955830574	-5.18106031418
9	25	0.498306229711	0.39443168893	-0.259155031676	0.88162481381	2.24771618843	-1.48577642441	5.05065393448
10	25	0.417701292783	-0.438800612383	0.335792456675	-0.833485122011	-2.12392663956	1.6280837059	-4.05399465561
11	25	0.365361617878	-0.365229995724	0.41187615054	-0.83484434887	-1.59857487679	1.79425811768	-3.65783023834
12	25	0.418260060251	-0.389536051598	0.150094367606	-0.908698709869	-1.89871168137	0.753191292286	-4.41476964951
13	25	0.49816664122	0.314312961028	-0.105122237186	0.943481148608	1.80232477188	-0.621036052704	5.39683628082
14	25	0.499435475096	-0.238834181897	0.126836228603	-0.962741296856	-1.38099396229	0.749432742596	-5.49191093445
15	25	0.499250095338	0.345422257453	-0.199808121819	0.916929756585	1.96372067928	-1.15282487869	5.23489952087
16	25	0.499687820673	-0.305884876577	0.326971082722	-0.894161256902	-1.74906277657	1.83829271793	-5.1249961853
17	25	0.499228741974	0.347431645272	-0.202464117746	0.915586988161	1.97462940216	-1.16808080673	5.22694063187
18	25	0.499965980649	-0.327473981378	0.353021802373	-0.876433909984	-1.87484622002	1.9825412035	-5.02564477921
19	25	0.499950021505	0.393561246547	-0.231874413818	0.889575067902	2.23150706291	-1.34097921848	5.08930969238
20	25	0.499991256744	-0.352329413459	0.302431879699	-0.885662996039	-2.00886034966	1.72378015518	-5.06767749786
21	25	0.499987300485	0.389592224548	-0.40842482519	0.825473840131	2.20771765709	-2.3064262867	4.74394083023
22	25	0.499989466742	-0.203305446863	0.295991402334	-0.933303801032	-1.18298912048	1.67885684967	-5.33682012558
23	25	0.499974384904	0.218257953343	-0.111292324194	0.969524359868	1.25856339931	-0.664049446583	5.53808641434
24	25	0.499168697745	-0.326554475651	0.210476085857	-0.92144559889	-1.85079622269	1.19446587563	-5.26586008072
25	25	0.497997224331	0.345474871359	-0.241589844962	0.906797364393	1.96333050728	-1.37724125385	5.19672298431
26	25	0.452020948753	-0.201267921325	0.0724048113999	-0.976856574494	-1.05508470535	0.397045850754	-5.07867527008
27	25	0.498581672087	0.167118650522	-0.15443238361	0.973766910272	0.955582618713	-0.883713960648	5.57370090485
28	25	0.499235686846	-0.117895849974	0.113029630818	-0.986572283777	-0.690600335598	0.650949597359	-5.62950754166
29	25	0.499218701385	0.11354775012	-0.0903609712723	0.989414879266	0.668715953827	-0.514909803867	5.6455450058
0	26	0.446268079802	0.26402486012	-0.0898917721464	0.960317834125	1.3623623848	-0.465860962868	4.92668151855
1	26	0.498303214088	-0.346309350551	0.0622637765862	-0.936051844636	-1.97064566612	0.358147740364	-5.36399555206
2	26	0.499223899096	0.197089517278	-0.00242362580393	0.980382500974	1.13240456581	-0.0379269346595	5.59524154663
3	26	0.499672751874	-0.0939859009233	0.100982104608	-0.990438925415	-0.561843156815	0.562339186668	-5.66287660599
4	26	0.445182428695	0.190114257479	-0.077358438765	0.97870947735	0.966711044312	-0.395922929049	5.01233863831
5	26	0.233003040659	0.0843360382721	-0.119380696047	0.989260169046	0.270647913218	-0.330516934395	2.75244450569
6	26	0.445688325912	0.107076262599	-0.25836043997	0.96009611865	0.552925467491	-1.30570268631	4.92910957336
7	26	0.499263435602	-0.0747144316586	0.237743761802	-0.968450131616	-0.441719174385	1.36102855206	-5.53154087067
8	26	0.499728476629	0.200816237591	-0.230199032827	0.952198111742	1.15273308754	-1.3241635561	5.44039583206
9	26	0.468536412343	-0.368797814256	0.191977959031	-0.909468325697	-1.97866773605	1.05002379417	-4.91378736496
10	26	0.307685621083	-0.367358102956	0.316836320516	-0.874449981528	-1.34920525551	1.1784825325	-3.21666240692
11	26	0.416541989893	-0.355482927862	0.508257349608	-0.784414657288	-1.71622931957	2.43793296814	-3.82070231438
12	26	0.49783102423	0.26078916754	-0.216721865951	0.940755357631	1.50903189182	-1.25293660164	5.37174224854
13	26	0.499162185937	-0.335611642902	0.225040632617	-0.914724843229	-1.89886641502	1.28047847748	-5.22842597961
14	26	0.499962510541	0.167886062537	-0.197489756801	0.965821963907	0.997153997421	-1.12747716904	5.51631546021
15	26	0.499983172864	-0.384744233305	0.185720331222	-0.904145913838	-2.16986823082	1.0612860918	-5.18238830566
16	26	0.499952265993	0.244376276722	-0.155012378478	0.957210216146	1.4176337719	-0.896540284157	5.46541070938
17	26	0.499969679862	-0.318841356279	0.148856905556	-0.936045838191	-1.82486367226	0.849836468697	-5.35103273392
18	26	0.49922262691	0.314831590652	-0.0759979817978	0.946100087882	1.80301070213	-0.472935765982	5.39636993408
19	26	0.499693587422	-0.334312862375	0.243958731839	-0.910340072286	-1.9112701416	1.38145792484	-5.20932912827
20	26	0.499245384708	0.248625397673	-0.237358120151	0.939066842366	1.4348077774	-1.35930383205	5.35531139374
21	26	0.499961800873	-0.328063925515	0.229290956945	-0.916405869601	-1.86709523201	1.31784069538	-5.24122810364
22	26	0.499954011291	0.189537271758	-0.142781955027	0.971436532118	1.10962247849	-0.832468509674	5.54700517654
23	26	0.499116182327	-0.254432789145	0.0917411416131	-0.962729203226	-1.45372915268	0.532518148422	-5.49303531647
24	26	0.497934900224	0.244037403546	-0.102031145515	0.964383425311	1.40579771996	-0.597475528717	5.51490497589
25	26	0.419329563156	-0.317456661388	0.198479798622	-0.927268589827	-1.54524898529	0.965909957886	-4.5240650177
26	26	0.268987346441	-0.327553029083	0.187336218071	-0.926074594478	-1.02588796616	0.606016755104	-2.99053239822
27	26	0.452229907736	-0.131366466273	0.205416267654	-0.969818028561	-0.703168392181	1.0686300993	-5.04472732544
28	26	0.498958131298	0.258706260539	-0.240959959428	0.935419354466	1.4616894722	-1.35308098793	5.35079193115
29	26	0.498022288084	-0.194984363761	0.075212687112	-0.97791827347	-1.12088787556	0.443032681942	-5.59535503387
0	27	0.234124557581	0.319388564153	-0.107353283927	0.941523349428	0.898164510727	-0.298788040876	2.63489556313
1	27	0.446287874132	0.341306061599	-0.167451271615	0.924916344298	1.74329042435	-0.850355148315	4.75257396698
2	27	0.499644318596	-0.206818868011	0.18348642102	-0.961019609132	-1.19161510468	1.02285885811	-5.49838685989
3	27	0.499198939651	0.208324581808	-0.0485621984808	0.976853408395	1.17777991295	-0.300500452518	5.57703351974
4	27	0.498277954757	-0.165770659044	0.127029051764	-0.977948724938	-0.950795173645	0.715032160282	-5.60079813004
5	27	0.445008152165	0.112834240966	-0.0113022741394	0.993549542129	0.578130781651	-0.0841853618622	5.08508634567
6	27	0.498317681253	-0.120911695109	0.20450568674	-0.971369026723	-0.68927192688	1.16080796719	-5.56480169296
7	27	0.499229538254	0.0829447100974	-0.10216156648	0.991303782602	0.484949827194	-0.613947093487	5.65515947342
8	27	0.49959419854	-0.147437364139	0.308776320174	-0.939637913111	-0.848645567894	1.73560285568	-5.3770942688
9	27	0.49896119535	0.296313275934	-0.277759288704	0.913809728578	1.67150902748	-1.59197807312	5.23285055161
10	27	0.46899699606	-0.0724339028686	0.33060271564	-0.940986277332	-0.424608767033	1.78031110764	-5.08650016785
11	27	0.49805031158	0.227203717928	-0.282428833295	0.931993790045	1.30099177361	-1.61845815182	5.33243846893
12	27	0.499176472425	-0.33348656841	0.281644796194	-0.899701571338	-1.88797211647	1.60343980789	-5.14231872559
13	27	0.499974559993	0.330419012941	-0.313272302441	0.890327883653	1.8784314394	-1.77465081215	5.10000419617
14	27	0.499989327043	-0.265395527609	0.208298382789	-0.941369745452	-1.52156805992	1.19777131081	-5.37904930115
15	27	0.499995427206	0.306905973853	-0.165617462767	0.937219066836	1.75150632858	-0.94958281517	5.3583521843
16	27	0.499989924952	-0.266607701969	0.115722952576	-0.956832551441	-1.53527927399	0.675157904625	-5.46572256088
17	27	0.49921913445	0.398747559775	-0.110831879423	0.91033877105	2.25363063812	-0.639848232269	5.20529317856
18	27	0.498230885714	-0.333828401207	0.161412325603	-0.92871128974	-1.91448569298	0.917984843254	-5.31696748734
19	27	0.445613043383	0.390954790994	-0.173094530962	0.90398707665	1.99098038673	-0.897876977921	4.63655567169
20	27	0.498024376109	-0.209830233191	0.235624693486	-0.948921639051	-1.21887350082	1.34834980965	-5.4270324707
21	27	0.499232474715	0.344230570191	-0.225524861765	0.911396648706	1.95177221298	-1.2823767662	5.20899629593
22	27	0.499008998275	-0.341217036203	0.185425093585	-0.921514226083	-1.94559693336	1.04883635044	-5.26103067398
23	27	0.497628232464	0.375716275584	-0.121548898679	0.918729092546	2.13283658028	-0.69119811058	5.26204824448
24	27	0.403653271496	-0.332255470644	0.240587875216	-0.911988912502	-1.54948115349	1.11870527267	-4.28221321106
25	27	0.317128354684	-0.215286386587	0.303500979632	-0.928191212581	-0.812737703323	1.13872075081	-3.53070259094
26	27	0.419497232884	-0.18227045864	0.254561152923	-0.949724222777	-0.898925185204	1.23893404007	-4.63280820847
27	27	0.497835647315	0.310164519876	-0.252265130748	0.916602571684	1.76150918007	-1.43790459633	5.25009059906
28	27	0.498905282468	-0.31214876888	0.213719218453	-0.925682041389	-1.77837586403	1.22068941593	-5.28637695312
29	27	0.444374829531	0.45410144956	-0.0661525997547	0.888490690471	2.29815578461	-0.347748279572	4.55441761017
0	28	0.444927684963	0.374316775109	-0.0342173628175	0.926669371434	1.90508198738	-0.19262342155	4.74706459045
1	28	0.49834940955	-0.323380395063	0.080779659521	-0.942814810393	-1.84082841873	0.473129153252	-5.40205192566
2	28	0.499233404174	0.257729917961	-0.102918690135	0.960720059439	1.46455967426	-0.601041316986	5.48429775238
3	28	0.499961774796	-0.180678646809	0.152831049535	-0.97159554182	-1.03955733776	0.86336016655	-5.55538272858
4	28	0.499251403846	0.169873857652	-0.0332704077349	0.984904032104	0.971592068672	-0.227801024914	5.62123632431
5	28	0.499610157683	-0.152415876859	0.220656362224	-0.963369176532	-0.873046636581	1.24234974384	-5.5125784874
6	28	0.499234504998	0.112650201131	-0.209694079793	0.971256055366	0.656253159046	-1.18820476532	5.54438257217
7	28	0.499970214441	-0.152498967721	0.118751309616	-0.981143308242	-0.864286422729	0.687723636627	-5.60931873322
8	28	0.499974032864	0.0864998920358	-0.159993866824	0.983320767225	0.518854856491	-0.928675711155	5.61795139313
9	28	0.499620618299	-0.170473302913	0.313715280496	-0.934088633791	-0.980607509613	1.77456283569	-5.34126377106
10	28	0.49978787452	0.193235091866	-0.217873950161	0.956656229328	1.09684157372	-1.25855147839	5.46729373932
11	28	0.499470828101	-0.144784630416	0.258644651298	-0.955060393457	-0.852707624435	1.4699652195	-5.45272111893
12	28	0.499974697828	0.286484492609	-0.264591157647	0.920824714476	1.6349312067	-1.50736033916	5.26732301712
13	28	0.499989639968	-0.231048205352	0.291187474516	-0.928346153915	-1.33156323433	1.65838801861	-5.30655097961
14	28	0.499999716878	0.309302736522	-0.26487897285	0.913329593806	1.75883150101	-1.50508010387	5.22727251053
15	28	0.499999975786	-0.271900657219	0.178357015595	-0.945652582925	-1.5636074543	1.0364972353	-5.40057897568
16	28	0.499965965748	0.273109218905	-0.234205815944	0.93303750746	1.56800186634	-1.31400597095	5.33821964264
17	28	0.499545969069	-0.327452577059	0.122324313931	-0.93691598983	-1.86962091923	0.715152144432	-5.35504341125
18	28	0.445355050266	0.219183875175	-0.333918271851	0.916764428077	1.14113807678	-1.68308258057	4.70237207413
19	28	0.233444104902	0.330335775541	-0.172688214141	0.927931600978	0.915459930897	-0.505514740944	2.58799934387
20	28	0.445528339595	0.358630033663	-0.331026788582	0.87281485104	1.83327233791	-1.67148792744	4.48428726196
21	28	0.498909978196	-0.299265723138	0.178699918552	-0.937286704304	-1.72331047058	1.02043533325	-5.34707784653
22	28	0.4970090352	0.423987901502	-0.0870493071661	0.901474723718	2.40132188797	-0.500533521175	5.15985298157
23	28	0.410365695134	-0.232135119537	-0.230428719101	-0.944995180777	-1.11249792576	-1.0884963274	-4.51200342178
24	28	0.329243769869	-0.208684208169	0.0881924007457	-0.973998460836	-0.815052390099	0.35037329793	-3.83961868286
25	28	0.403659612872	0.0211863510206	0.256260300739	-0.966375598199	0.0704851448536	1.19371688366	-4.53420305252
26	28	0.497731739655	0.223714679882	-0.222754531144	0.948858346045	1.27242183685	-1.28160429001	5.42747020721
27	28	0.499167023227	-0.172129939971	0.229622789348	-0.957937711116	-0.994480133057	1.32101738453	-5.46343374252
28	28	0.499203225598	0.220648438789	-0.26087982563	0.93981699444	1.25623857975	-1.48662924767	5.36618041992
29	28	0.497239951044	-0.178131992279	0.26113643025	-0.948723752271	-1.03266882896	1.48796057701	-5.42095518112
0	29	0.499577337876	-0.188090748999	0.202248138179	-0.961102263416	-1.09176421165	1.15183150768	-5.49271821976
1	29	0.499245626852	0.21174333667	-0.192897193412	0.958099907186	1.21692216396	-1.09940075874	5.46767520905
2	29	0.499975612387	-0.223919337732	0.202890567215	-0.953255237554	-1.27215528488	1.16156184673	-5.45167255402
3	29	0.499973315746	0.189903907279	-0.236441786183	0.952907019466	1.07638645172	-1.34685969353	5.45089817047
4	29	0.499986948445	-0.196979372432	0.19826729428	-0.960150616755	-1.11908066273	1.13685238361	-5.4903588295
5	29	0.499960182235	0.216933683208	-0.258825350807	0.941248752918	1.23142814636	-1.46517372131	5.38657188416
6	29	0.499991504475	-0.227714538439	0.160606514792	-0.960391397499	-1.28867173195	0.926563918591	-5.49248313904
7	29	0.499986477196	0.190190028273	-0.115803708675	0.974893457872	1.08919358253	-0.669547140598	5.57179689407
8	29	0.499993462116	-0.232873428803	0.102448947957	-0.967095744598	-1.31984353065	0.615789175034	-5.52942657471
9	29	0.499994089827	0.197204508785	-0.328073019944	0.923838987757	1.13587474823	-1.84590792656	5.2912106514
10	29	0.499980317429	-0.214627250473	0.179718170456	-0.96001902198	-1.22398209572	1.03446948528	-5.48763227463
11	29	0.499991223216	0.248762649147	-0.158462009326	0.955513964309	1.42771100998	-0.911512374878	5.46064519882
12	29	0.499991405755	-0.393507590467	0.140249034806	-0.908560391213	-2.21034145355	0.820987522602	-5.20962619781
13	29	0.499999569729	0.13969616643	-0.238513051245	0.961039284041	0.844872236252	-1.36708915234	5.48823976517
14	29	0.500000147149	-0.321204633298	0.231166666617	-0.91836243161	-1.81994783878	1.32794296741	-5.25457382202
15	29	0.499998901039	0.335180209279	-0.32456178502	0.884485090328	1.90912985802	-1.81744229794	5.07432746887
16	29	0.499989509583	-0.306473790537	0.12075722075	-0.944188280668	-1.75852251053	0.714132487774	-5.39327049255
17	29	0.499254444614	0.341092409879	-0.125377637888	0.93163105135	1.93111896515	-0.713450312614	5.3242316246
18	29	0.49799772352	-0.191906303763	0.11633447974	-0.9744938478	-1.11653709412	0.668999552727	-5.57316732407
19	29	0.44552625902	0.293262080627	-0.225276743715	0.929111263955	1.50866150856	-1.15283834934	4.75943803787
20	29	0.498059250414	-0.38150882592	0.146310189507	-0.912712629578	-2.17633295059	0.84455037117	-5.22622585297
21	29	0.498218711466	0.299445349485	-0.116755869726	0.946942738267	1.7112929821	-0.666963338852	5.39675140381
22	29	0.457488478161	-0.200536772246	-0.118666763471	-0.972472725697	-1.07057678699	-0.609610259533	-5.14675855637
23	29	0.313498508185	-0.232877661695	-0.367250931907	-0.900496944857	-0.877727031708	-1.36846268177	-3.35067820549
24	29	0.406279462855	-0.0832033159438	-0.0885855579392	-0.992587430477	-0.411144286394	-0.428270101547	-4.69296360016
25	29	0.497464824468	0.178818539309	-0.217748994502	0.959483874483	1.02073204517	-1.24893903732	5.48595714569
26	29	0.499116562307	-0.225620448442	0.289655930736	-0.930158510704	-1.28667795658	1.64471411705	-5.31193590164
27	29	0.499961860478	0.0923940979556	-0.337409364948	0.936812815406	0.559809803963	-1.91505682468	5.35834693909
28	29	0.499949272722	-0.17035670029	0.280569168403	-0.944594905983	-0.97896695137	1.6037569046	-5.39917230606
29	29	0.499235488474	0.234349255347	-0.28840592989	0.928387013116	1.32719635963	-1.63015687466	5.30736303329
