0	0	0.499960195273	-0.0559078046384	-0.254461699114	0.965465463424	-0.298624992371	-1.44584596157	5.52292156219
1	0	0.499990973622	-0.0578989832834	0.305859569169	-0.950314490936	-0.338657706976	1.73157405853	-5.43836069107
2	0	0.499987190589	0.143562176982	-0.197692053853	0.969694670081	0.825392246246	-1.15415322781	5.53873920441
3	0	0.499998990446	-0.264223884099	0.331817744645	-0.905584189024	-1.49002313614	1.88337516785	-5.18882226944
4	0	0.499997440726	0.287811960415	-0.261129221316	0.921398830701	1.63320600986	-1.51368463039	5.2657418251
5	0	0.499999795109	-0.269226470524	0.342310284963	-0.900189300302	-1.53052163124	1.95273327827	-5.15048837662
6	0	0.499997798353	0.229610729658	-0.379899556526	0.8960776974	1.32045030594	-2.15379285812	5.12864685059
7	0	0.5	-0.325352911153	0.344067781302	-0.880774003405	-1.83325648308	1.96237111092	-5.04760074615
8	0	0.499999221414	0.221741061235	-0.230642405785	0.947436004391	1.26780796051	-1.32119703293	5.41604614258
9	0	0.499998783693	-0.174822132939	0.244727996761	-0.95370091194	-0.999230623245	1.39744603634	-5.45253133774
10	0	0.499999625608	0.203789207091	-0.2228880374	0.953305240654	1.14652228355	-1.29283213615	5.45009231567
11	0	0.499999374151	-0.113846688964	0.393176069899	-0.912387806512	-0.652253329754	2.22101616859	-5.22799062729
12	0	0.499999849126	0.0520436373322	-0.303497983562	0.951409708689	0.319277018309	-1.74609375	5.43507385254
13	0	0.50000025332	-0.155537064509	0.366763703718	-0.917220042955	-0.881309866905	2.09737682343	-5.24471616745
14	0	0.499999940395	0.138893983222	-0.456808875116	0.878654717759	0.813215613365	-2.58066868782	5.03726863861
15	0	0.499999832362	-0.278477316295	0.300045377139	-0.912372268302	-1.58564424515	1.72903466225	-5.2140007019
16	0	0.499987438321	0.352293786504	-0.312126800506	0.882307173492	2.00415945053	-1.77640557289	5.05085945129
17	0	0.499977383763	-0.270507643991	0.318503019687	-0.90850505832	-1.55109333992	1.825735569	-5.19167947769
18	0	0.499205660075	0.241445798134	-0.495746653099	0.834229694092	1.37160682678	-2.80425262451	4.77965688705
19	0	0.499595128	-0.211306296059	0.471554870618	-0.856145813073	-1.20468223095	2.67234659195	-4.90991735458
20	0	0.49841285497	0.190995848096	-0.375340314769	0.906995167638	1.09540987015	-2.14253926277	5.16619777679
21	0	0.496211178601	-0.24070459032	0.446882566501	-0.861601573789	-1.36220121384	2.54823899269	-4.92052030563
22	0	0.398999795318	-0.0977914218039	-0.822651976917	0.560071926359	-0.445225864649	-3.82353901863	2.60673832893
23	0	0.347184590995	-0.178419223846	-0.938779588502	0.294719298272	-0.736211895943	-3.86617040634	1.22677063942
24	0	0.469382014126	0.049162631132	-0.467460506941	0.88264585772	0.269143253565	-2.53744125366	4.80019330978
25	0	0.499206880108	-0.143244538136	0.225762674245	-0.963593387904	-0.821214675903	1.2962230444	-5.50293254852
26	0	0.499926965684	0.056816862382	-0.0970678220703	0.993654709679	0.344423502684	-0.575972557068	5.67778682709
27	0	0.499988850206	0.012535708218	0.101638071738	-0.994742458324	0.0415069013834	0.581909656525	-5.68740606308
28	0	0.499987187795	0.094626580977	-0.106528937358	0.989796643598	0.530948936939	-0.618013679981	5.65854978561
29	0	0.499989300966	-0.00993822360669	0.198617721346	-0.980026648862	-0.0610458701849	1.12908434868	-5.60415554047
0	1	0.499999893829	0.0248158398518	0.240160627313	-0.970415914534	0.125333160162	1.36284315586	-5.55083274841
1	1	0.499997297302	0.118695248607	-0.172008865138	0.977918395508	0.656311750412	-1.02101433277	5.58811759949
2	1	0.499999925494	-0.134621938935	0.357428615294	-0.92418705819	-0.765499711037	2.01898145676	-5.29417037964
3	1	0.499999508262	0.168086944882	-0.361167345115	0.917226759195	0.960352957249	-2.05824327469	5.24629878998
4	1	0.499999575317	-0.151827920969	0.369116119813	-0.916897798289	-0.880382716656	2.10829663277	-5.24090909958
5	1	0.499999292195	0.224067904477	-0.387610454676	0.894176553936	1.28074979782	-2.20388102531	5.11736106873
6	1	0.50000013411	-0.22023146003	0.237705576125	-0.946041311514	-1.26493299007	1.39323115349	-5.39910697937
7	1	0.499998059124	0.225798017516	-0.347118359192	0.91023299215	1.29224944115	-1.97171652317	5.20908498764
8	1	0.50000016205	-0.18050778106	0.145468182994	-0.972756880579	-1.03667795658	0.862026929855	-5.55650424957
9	1	0.499997971579	0.0993938192263	-0.232034408894	0.967616092151	0.588312804699	-1.32368528843	5.53053808212
10	1	0.499999646097	-0.138783973068	0.253456958956	-0.957339322694	-0.795440793037	1.44662392139	-5.47318792343
11	1	0.499999128282	0.13142913507	-0.294406354631	0.946599852529	0.757893025875	-1.67561602592	5.41326713562
12	1	0.499999798834	-0.230246416027	0.225849898855	-0.946561361505	-1.2892639637	1.30784857273	-5.41512203217
13	1	0.499999761581	0.131412415216	-0.39447503624	0.90946150161	0.764866411686	-2.23201322556	5.207903862
14	1	0.499997185543	-0.188650378405	0.336632766099	-0.922545075059	-1.07033872604	1.94003784657	-5.26998758316
15	1	0.499998893589	0.192903346832	-0.39037448497	0.90022000659	1.12325763702	-2.20421028137	5.15525770187
16	1	0.499997269362	-0.377620127387	0.160352247103	-0.911970501848	-2.13888931274	0.947004199028	-5.21799564362
17	1	0.499982604757	0.290174645532	-0.194894655367	0.936917684965	1.66378808022	-1.1370922327	5.35033035278
18	1	0.499983061105	-0.240981306605	0.335375150382	-0.910742289769	-1.38307344913	1.91627955437	-5.20647525787
19	1	0.499285556376	0.189110095161	-0.314026696687	0.930389491383	1.08373093605	-1.80399918556	5.30690193176
20	1	0.498102672398	-0.175675293321	0.331574362777	-0.926928602032	-1.00375080109	1.90452742577	-5.30385875702
21	1	0.419074300677	0.0877484866719	-0.463184328737	0.881907297112	0.429222762585	-2.26626968384	4.29507732391
22	1	0.327630132437	0.0435516573725	-0.652230361273	0.756768662785	0.150925308466	-2.55631375313	2.97147250175
23	1	0.407938331366	-0.214438179567	-0.680966382029	0.700215005331	-0.99415564537	-3.24071073532	3.31303572655
24	1	0.497844439	-0.0646511632737	0.559920675729	-0.826020014273	-0.372703075409	3.18806576729	-4.7305393219
25	1	0.499546987936	0.212054291863	-0.309893580449	0.926821960303	1.18825101852	-1.7787630558	5.29841279984
26	1	0.499986322597	-0.168814546973	0.172329312681	-0.970465999776	-0.957178354263	1.00198125839	-5.54741477966
27	1	0.499998372048	0.101541689963	-0.147447561446	0.983843738519	0.577245593071	-0.851140737534	5.62408494949
28	1	0.500000024214	-0.0981379188892	0.117516525948	-0.988209904325	-0.55489385128	0.683536410332	-5.64865684509
29	1	0.499998129904	0.0573903291976	-0.177587915846	0.982430090266	0.319948256016	-1.02293586731	5.61569166183
0	2	0.500000169501	0.0345603220171	-0.172768780351	0.984355897365	0.195420831442	-1.01006102562	5.62422943115
1	2	0.500000055879	0.0503439320362	0.364267318318	-0.929932690743	0.255397588015	2.04960370064	-5.33258199692
2	2	0.500000581145	0.046491371415	-0.291974459695	0.955295486889	0.272573053837	-1.68389701843	5.456635952
3	2	0.499999783933	-0.117977139692	0.298988898617	-0.946935601302	-0.672797441483	1.71884298325	-5.41102027893
4	2	0.499999839813	0.104742076854	-0.436279358453	0.893694253491	0.612861692905	-2.47316908836	5.11831092834
5	2	0.499999318272	-0.249031558709	0.409146688105	-0.877828155381	-1.4060819149	2.32281827927	-5.03220129013
6	2	0.499988265336	0.278558907811	-0.344736389172	0.896416062361	1.57587361336	-1.96998202801	5.1304693222
7	2	0.499979257584	-0.185490006263	0.450521378077	-0.873283427916	-1.07612037659	2.53545761108	-5.01142501831
8	2	0.499960273504	0.230066825159	-0.207530432698	0.95078934337	1.30466389656	-1.20508170128	5.43438434601
9	2	0.499990722165	-0.199311396828	0.230268317331	-0.952497490353	-1.12622570992	1.31860911846	-5.44767713547
10	2	0.49998762086	0.145830961148	-0.224546845866	0.96348951462	0.837453126907	-1.27791690826	5.50874567032
11	2	0.499999107793	-0.144841162995	0.195301772375	-0.96998879128	-0.828545928001	1.12233948708	-5.54403734207
12	2	0.499999165535	0.173673187357	-0.140318954126	0.974755464261	0.995978474617	-0.829009473324	5.5685172081
13	2	0.499987853691	-0.167976210556	0.276837109021	-0.946121137993	-0.959282040596	1.58704686165	-5.40805530548
14	2	0.499991511926	0.142959559353	-0.369491008855	0.918171530143	0.830894112587	-2.1004524231	5.2519402504
15	2	0.499960958958	-0.230466993506	0.303168361011	-0.924647992366	-1.31583631039	1.73650193214	-5.28553676605
16	2	0.499983763322	0.350287217146	-0.175910252239	0.919975243505	1.99126315117	-1.02681016922	5.26009893417
17	2	0.49998093769	-0.337471700191	0.289355958323	-0.895760001872	-1.92261195183	1.63549828529	-5.12960529327
18	2	0.499942157418	0.316201385014	-0.305828856725	0.898045318739	1.79898285866	-1.74142706394	5.13913154602
19	2	0.499728377908	-0.174573006661	0.284169771032	-0.942746947265	-1.00583207607	1.63389253616	-5.38587760925
20	2	0.455151207745	0.059299203686	-0.338452738228	0.939113064773	0.318335771561	-1.78336191177	4.91620016098
21	2	0.274543050677	0.0692494660701	-0.509561363556	0.857643124044	0.223747104406	-1.66350388527	2.82439684868
22	2	0.419261023402	-0.0284107783336	-0.623028717416	0.781682828869	-0.12960074842	-3.029515028	3.81913328171
23	2	0.497825063765	-0.00829828713421	0.559009110415	-0.829119987037	-0.0563285052776	3.20155191422	-4.74031925201
24	2	0.499067436904	0.0386447780821	-0.568575328512	0.821722992823	0.234394982457	-3.22617578506	4.70215463638
25	2	0.499966643751	-0.105266546593	0.36478836162	-0.925120751791	-0.614390134811	2.09791898727	-5.28337001801
26	2	0.499992471188	0.191436038662	-0.366084666478	0.910677912366	1.0762938261	-2.08333468437	5.21469306946
27	2	0.499999383464	-0.0920659961976	0.308749696257	-0.946677071343	-0.535993933678	1.75413131714	-5.41540527344
28	2	0.500000081956	0.0582261447683	-0.193906969139	0.979290459151	0.334958791733	-1.12019610405	5.59628295898
29	2	0.499999357387	-0.0157366962254	0.275097763441	-0.961287458017	-0.103135809302	1.55336546898	-5.50113534927
0	3	0.499999178573	-0.1410694023	0.151830452504	-0.978287757987	-0.793378651142	0.89490044117	-5.59104537964
1	3	0.50000037998	0.0910713246355	-0.265452481533	0.959812999431	0.516238152981	-1.52830028534	5.48523283005
2	3	0.499999990687	-0.0671047732186	0.392549637804	-0.917279527337	-0.391907453537	2.21558237076	-5.25621604919
3	3	0.499999482185	0.1195889478	-0.23521131981	0.964559028052	0.682111382484	-1.37147831917	5.50833559036
4	3	0.499999757856	-0.107734458063	0.352772152432	-0.929486468441	-0.615814864635	2.00107002258	-5.32015132904
5	3	0.499987777323	0.107394142848	-0.206900502174	0.972449834327	0.633716106415	-1.21315050125	5.55183506012
6	3	0.499971831217	-0.204186552035	0.269442745956	-0.941120852292	-1.17008006573	1.54350507259	-5.37900400162
7	3	0.49927617237	0.24051923487	-0.262760251448	0.934402240963	1.36310172081	-1.52348232269	5.33054924011
8	3	0.49959345907	-0.187296377442	0.277378088154	-0.942327683563	-1.07365453243	1.57227122784	-5.39099836349
9	3	0.499257363379	0.112511851905	-0.29269705189	0.949562804135	0.653325080872	-1.65825915337	5.42348432541
10	3	0.499976906925	-0.166572609502	0.113728180696	-0.979448552339	-0.945184588432	0.680992364883	-5.5977768898
11	3	0.499987501651	0.122237552791	-0.204715946905	0.971158772689	0.714174091816	-1.17003262043	5.55011129379
12	3	0.499987199903	-0.208454916631	0.245445532536	-0.946732823077	-1.17982518673	1.40149831772	-5.41550064087
13	3	0.499976646155	0.192191215023	-0.259981988066	0.946293771907	1.09396541119	-1.49775791168	5.40796756744
14	3	0.499248299748	-0.191357835974	0.371593369923	-0.908460536315	-1.08970689774	2.11234807968	-5.18984365463
15	3	0.499705353752	0.191257908445	-0.329581730137	0.924551943169	1.09975600243	-1.87750387192	5.28811264038
16	3	0.499252745882	-0.290802368557	0.253498002882	-0.922590236766	-1.66084432602	1.4491622448	-5.26608181
17	3	0.499663956463	0.282374878302	-0.177309247823	0.942775614205	1.63608431816	-1.02899372578	5.37743806839
18	3	0.499791231006	-0.388285450915	0.209177469343	-0.897484927409	-2.18808913231	1.20537137985	-5.1423997879
19	3	0.498855743557	0.211651394101	-0.312208092457	0.926137027863	1.20480287075	-1.77907013893	5.28469276428
20	3	0.498593237251	-0.0204132840934	0.406677955842	-0.913343494018	-0.144839853048	2.31793403625	-5.23152637482
21	3	0.454560246319	0.0685977665185	-0.425689369834	0.902265430369	0.357320249081	-2.23739504814	4.71646165848
22	3	0.498025640845	-0.0549572902362	0.511253734853	-0.857670866271	-0.334503531456	2.92263102531	-4.91110706329
23	3	0.498772464693	0.160797217516	-0.511022203112	0.84439360654	0.905680537224	-2.9145257473	4.81834030151
24	3	0.499955650419	-0.152643003132	0.495535349852	-0.855070073527	-0.868257880211	2.83042812347	-4.89108276367
25	3	0.499981217086	0.172240726734	-0.38267423993	0.907685825684	0.978742241859	-2.20301485062	5.18383073807
26	3	0.499999504536	-0.104654457298	0.463231772342	-0.880036232016	-0.619813323021	2.62721323967	-5.0400967598
27	3	0.500000143424	0.170643028321	-0.349458644801	0.921281505545	0.954308688641	-2.00280165672	5.26956129074
28	3	0.499999698251	-0.0406512891226	0.24469341059	-0.968747958711	-0.254849046469	1.41851484776	-5.53353500366
29	3	0.499999780208	0.111898981818	-0.252620003244	0.961073229171	0.635139107704	-1.44204890728	5.49554157257
0	4	0.499999731779	0.132708431923	-0.295831993911	0.945976692882	0.752972960472	-1.68846166134	5.41017246246
1	4	0.499999642372	-0.129596144157	0.31797041313	-0.93920160551	-0.735688924789	1.81174814701	-5.37185430527
2	4	0.499999778345	0.134497542449	-0.31501725603	0.939507604801	0.762360692024	-1.80502271652	5.37057542801
3	4	0.499999843538	-0.163493586458	0.298305661076	-0.940363535957	-0.920621991158	1.70556735992	-5.37829017639
4	4	0.499998174608	0.0711222125377	-0.275931188572	0.958542440405	0.427596509457	-1.57693552971	5.478723526
5	4	0.499991554767	-0.162511016324	0.238562362458	-0.957433114526	-0.921880841255	1.36515450478	-5.47454786301
6	4	0.499293606728	0.234597611211	-0.273945379496	0.932693888619	1.32744288445	-1.56708264351	5.32679796219
7	4	0.497495230287	-0.209897832983	0.410528486568	-0.887360840597	-1.20748126507	2.31825566292	-5.08656930923
8	4	0.444631566294	0.19907246066	-0.0353825586574	0.979345817344	1.03059923649	-0.217665225267	5.00763893127
9	4	0.497756911442	-0.0641473343479	0.343982868778	-0.936782208138	-0.386757999659	1.94732952118	-5.36641407013
10	4	0.499304221943	0.162969724306	-0.186542183841	0.968835838833	0.935261368752	-1.07528936863	5.52876091003
11	4	0.499989980832	-0.206092449104	0.244028606197	-0.947615925246	-1.17098450661	1.39858031273	-5.41833400726
12	4	0.499990252778	0.160543859728	-0.336147860007	0.928024937874	0.922144711018	-1.91476356983	5.3075261116
13	4	0.499271422625	-0.127593701735	0.312264454185	-0.941387676746	-0.73634493351	1.79053008556	-5.37028837204
14	4	0.498205643147	0.193347922735	-0.397058396636	0.897196305406	1.09822773933	-2.26026105881	5.14384746552
15	4	0.445599762723	-0.122169050196	0.264628923123	-0.956580501694	-0.62878715992	1.36223554611	-4.90161371231
16	4	0.497351069003	0.324631405105	-0.348647444287	0.879237971434	1.85383105278	-1.97208952904	5.03569173813
17	4	0.498029954731	-0.457376781651	0.184150938603	-0.869997075523	-2.57778859138	1.06675779819	-4.97844409943
18	4	0.47287748009	0.216877574539	-0.151992492433	0.964293731135	1.2067463398	-0.846265912056	5.25028705597
19	4	0.498420393094	-0.212612119541	0.30358692286	-0.928779342413	-1.21855568886	1.73562645912	-5.31366920471
20	4	0.497681031004	0.203621765695	-0.335788536782	0.919665284275	1.14532113075	-1.91937661171	5.23418903351
21	4	0.49787459895	-0.139260549773	0.479550002238	-0.866393844987	-0.805279016495	2.72909593582	-4.96465492249
22	4	0.470645997673	0.251753998517	-0.440709597436	0.861623453115	1.35254979134	-2.39569163322	4.67710113525
23	4	0.499035362154	-0.247244933044	0.467102801367	-0.848931632135	-1.40086078644	2.6695253849	-4.85859680176
24	4	0.499654117972	0.160928419545	-0.479681420981	0.862558854889	0.93932890892	-2.73333454132	4.92848396301
25	4	0.499996054918	-0.227738879456	0.428721442225	-0.874261361242	-1.29504346848	2.45134735107	-4.9996008873
26	4	0.499999925494	0.225851787637	-0.419808104855	0.879063208831	1.27237308025	-2.39937400818	5.03100776672
27	4	0.499999251217	-0.0916319563908	0.448367439266	-0.889140159915	-0.544765412807	2.54945707321	-5.08825826645
28	4	0.500000752509	0.167904103127	-0.460619481612	0.87157208842	0.945669531822	-2.60394120216	5.00242567062
29	4	0.499999670312	-0.177830241618	0.285965938317	-0.941594332655	-1.0022482872	1.64982962608	-5.3816576004
0	5	0.500000191852	0.000733732449875	0.370045922209	-0.9290131738	-0.0153571497649	2.10304641724	-5.3164691925
1	5	0.499998090789	0.0934603328264	-0.300446586798	0.949208625471	0.530900597572	-1.71456348896	5.42822313309
2	5	0.499999841675	-0.0818398176485	0.326657690905	-0.941592797986	-0.471378445625	1.86325383186	-5.38392448425
3	5	0.499997505918	0.111546366129	-0.36323152849	0.924997440491	0.650981545448	-2.04945993423	5.29797124863
4	5	0.499999519438	-0.176720677283	0.20207106947	-0.963294910764	-0.995372414589	1.17135310173	-5.50676059723
5	5	0.499960483983	0.111184652572	-0.201207933404	0.973218033417	0.654745459557	-1.1565144062	5.55993795395
6	5	0.49969147332	-0.178507542068	0.21877814938	-0.959307655957	-1.02264559269	1.25554156303	-5.4839053154
7	5	0.445645004511	0.1914082253	-0.203896063547	0.960098581687	0.993082761765	-1.04327476025	4.92028045654
8	5	0.23510481976	0.34990508092	-0.18527337443	0.918281117672	0.947101354599	-0.52798974514	2.59359288216
9	5	0.445827744901	0.337484488881	-0.301690210195	0.891676643653	1.72405862808	-1.52492284775	4.58360385895
10	5	0.499627033249	-0.29038021379	0.171105180705	-0.941489430942	-1.6548371315	0.992037296295	-5.38238811493
11	5	0.499964909628	0.257249974268	-0.298520189174	0.919080054943	1.46763563156	-1.70158982277	5.25701951981
12	5	0.499962769449	-0.163845877194	0.441253278048	-0.882298177001	-0.944924235344	2.49039626122	-5.05941534042
13	5	0.49971424602	0.0732656949697	-0.36589562456	0.927767497743	0.437708199024	-2.08293151855	5.30776405334
14	5	0.446315584704	-0.080271992052	0.303935017878	-0.949304962696	-0.421988368034	1.55740308762	-4.87353181839
15	5	0.234468174633	-0.128532030829	0.235440806833	-0.963352035099	-0.367206841707	0.680501818657	-2.69549942017
16	5	0.443660991266	-0.0206630253852	0.303691517378	-0.952546325201	-0.133611157537	1.5483584404	-4.86644029617
17	5	0.471960358322	0.337146608377	-0.322675215166	0.884427990272	1.8284085989	-1.74191236496	4.82711267471
18	5	0.329713749699	0.380292167416	-0.155544044301	0.911692885617	1.49811792374	-0.643572747707	3.59481048584
19	5	0.430094815791	0.347679372572	-0.44838904165	0.823447825436	1.72974848747	-2.21300506592	4.14204406738
20	5	0.496800115332	-0.22764833418	0.267768160603	-0.93620320877	-1.30822992325	1.54869437218	-5.34789228439
21	5	0.417342498899	0.323379769029	-0.352825774822	0.878031603989	1.56374180317	-1.72261333466	4.26047325134
22	5	0.319043755531	0.290549951005	-0.415746760046	0.861820954423	1.12081325054	-1.57852935791	3.29300165176
23	5	0.471646426246	0.199012250189	-0.366715418717	0.908798066652	1.10405504704	-2.00312161446	4.93367052078
24	5	0.499821279198	-0.322650120262	0.409402492687	-0.853397034724	-1.82745015621	2.34382820129	-4.88369989395
25	5	0.499986693263	0.250154787	-0.438187099343	0.863373991102	1.4294975996	-2.49327850342	4.94198656082
26	5	0.500000245869	-0.177532328828	0.32881595016	-0.927557191305	-1.02460241318	1.89480113983	-5.29598426819
27	5	0.50000067614	0.132578735867	-0.354835220676	0.925480872284	0.761732339859	-2.03450226784	5.28803348541
28	5	0.499999735504	-0.127943682399	0.384796505032	-0.914090840042	-0.728860080242	2.20606398582	-5.22344493866
29	5	0.499999715015	0.0915751115146	-0.365924260258	0.926128195611	0.521122634411	-2.08966231346	5.29589605331
0	6	0.499986641109	-0.0378375801464	-0.33033121852	0.943106358583	-0.191315218806	-1.88154554367	5.39589881897
1	6	0.499988312833	-0.111509050284	0.125784579296	-0.985770749879	-0.620619177818	0.760982990265	-5.63360309601
2	6	0.499958723783	0.0212477233279	-0.284948137464	0.958307410599	0.154359817505	-1.61900544167	5.48145914078
3	6	0.49999050796	-0.239983171358	0.19276631861	-0.951445859665	-1.34130859375	1.12091076374	-5.44442462921
4	6	0.499984823167	0.157322870102	-0.213509718697	0.964190393317	0.911362290382	-1.21293246746	5.51172113419
5	6	0.499991653487	-0.222555514867	0.226826322289	-0.948166052081	-1.25785493851	1.29614257812	-5.4242067337
6	6	0.499304128811	0.194649825764	-0.263151842835	0.944914045267	1.11291384697	-1.50651478767	5.39308929443
7	6	0.497669775039	-0.220136230378	0.420219803361	-0.880315487163	-1.26895570755	2.37954282761	-5.04491996765
8	6	0.445363756269	0.27120007198	-0.111429942352	0.956051195755	1.40427207947	-0.592120289803	4.89212179184
9	6	0.498294604942	-0.321836664521	0.144783330432	-0.935659632879	-1.84434962273	0.840711414814	-5.35526371002
10	6	0.499236043543	0.334637916931	-0.142492225061	0.931511368878	1.89992308617	-0.832069039345	5.31824111938
11	6	0.499990329146	-0.321388170951	0.266649289116	-0.908629627619	-1.82538163662	1.51852440834	-5.20071363449
12	6	0.499989375472	0.273156448484	-0.265413422306	0.924630342305	1.54794836044	-1.53060364723	5.28688192368
13	6	0.499257816002	-0.180777289454	0.255765037189	-0.949686167831	-1.03209161758	1.46007490158	-5.42147111893
14	6	0.498260665685	0.204780724179	-0.217688744936	0.954293699724	1.1635158062	-1.24840927124	5.46472454071
15	6	0.445862380788	-0.176865717875	0.259998001174	-0.949273173131	-0.906668424606	1.33714652061	-4.86824417114
16	6	0.496556442231	0.380863634977	-0.319844240957	0.867549740982	2.15064835548	-1.81188559532	4.96796035767
17	6	0.496158285066	-0.258150294144	0.207485900453	-0.943561352932	-1.4902882576	1.20160019398	-5.3872795105
18	6	0.394190046936	0.340382920211	-0.225412433992	0.912868392612	1.56837809086	-1.03996276855	4.2475733757
19	6	0.387180240126	0.0326313598471	-0.151531250074	0.987913697954	0.183228850365	-0.71224629879	4.57828807831
20	6	0.400878056884	0.241365315146	-0.331751113405	0.911967095568	1.13968718052	-1.57263612747	4.3082857132
21	6	0.370688538998	0.408104372415	-0.470999348849	0.782055263136	1.80574643612	-2.07907557487	3.4842941761
22	6	0.418147545308	0.467847709063	-0.36306829378	0.805791496094	2.25425052643	-1.77759611607	3.92554330826
23	6	0.49836660549	-0.417263495811	0.36277743845	-0.833236884215	-2.37269926071	2.08236932755	-4.77504253387
24	6	0.499503880739	0.389742075199	-0.384930853381	0.836617805772	2.20839738846	-2.20621824265	4.78312158585
25	6	0.499994896352	-0.260201530935	0.396470460603	-0.880401236464	-1.49443733692	2.26891279221	-5.03045845032
26	6	0.499996069819	0.249358129934	-0.31298242323	0.91644013759	1.42280673981	-1.80177211761	5.23584079742
27	6	0.499998034909	-0.175216894543	0.332022068279	-0.926855105204	-1.00759148598	1.9129383564	-5.29305267334
28	6	0.499999601394	0.0795028868909	-0.467234136953	0.880551845289	0.468584358692	-2.64688754082	5.04641056061
29	6	0.49999737367	-0.0194589859295	0.375319364504	-0.926691276799	-0.122779883444	2.15040636063	-5.29581928253
0	7	0.499959597364	-0.0849194092073	0.317985584752	-0.94428484147	-0.481841593981	1.81578969955	-5.39980888367
1	7	0.499231137335	0.0888895652229	-0.194601346947	0.976846436734	0.507071733475	-1.12709403038	5.57300615311
2	7	0.49962455593	-0.15774941905	0.314179012712	-0.936165940825	-0.897552490234	1.7825949192	-5.35853624344
3	7	0.499218542129	0.173784387372	-0.192702778986	0.965745631974	1.00270843506	-1.10347819328	5.50999927521
4	7	0.499968258664	-0.188672933136	0.0918961673809	-0.977730851882	-1.08410549164	0.549063682556	-5.58697271347
5	7	0.499975569546	0.197888396515	-0.225255592655	0.953991666894	1.13124597073	-1.27471065521	5.45675802231
6	7	0.499976115301	-0.171425288752	0.236183046506	-0.956467949761	-0.995887935162	1.36203455925	-5.4630022049
7	7	0.499264065176	0.346030133985	-0.365386848523	0.864150216861	1.96369552612	-2.07010650635	4.94585609436
8	7	0.499522008002	-0.493058148434	0.236319168675	-0.837285442833	-2.77850723267	1.37003672123	-4.80662822723
9	7	0.499286260456	0.318489735998	-0.297975322383	0.899874988715	1.82225632668	-1.68635487556	5.14124011993
10	7	0.499978056177	-0.244785619841	0.26160263922	-0.933618797729	-1.41104388237	1.48639500141	-5.33736801147
11	7	0.499987954274	0.249703743312	-0.252383346029	0.934853297167	1.42954397202	-1.44507920742	5.34306097031
12	7	0.499987427145	-0.216497219689	0.309031020859	-0.926082492013	-1.24239087105	1.74250996113	-5.30158805847
13	7	0.499976158142	0.168732029235	-0.158507078015	0.972833494761	0.975976467133	-0.918725788593	5.55838680267
14	7	0.499247992411	-0.158207163432	0.196045580255	-0.967748223404	-0.917078733444	1.1225591898	-5.52144098282
15	7	0.499270286411	0.293413386315	-0.305941920349	0.905708632014	1.65860033035	-1.72865045071	5.18737602234
16	7	0.497547337785	-0.311679019242	0.248118982569	-0.917220344003	-1.77978730202	1.43437433243	-5.23762464523
17	7	0.416710512713	0.314215630014	-0.281313983315	0.906714387581	1.51936507225	-1.36134183407	4.39614725113
18	7	0.377043889835	0.292951988895	-0.345710097538	0.891439095319	1.32895493507	-1.55270123482	4.02950954437
19	7	0.417011458427	0.369016070356	-0.121341957826	0.92146799678	1.79781293869	-0.60944712162	4.53816556931
20	7	0.34397560358	0.25287863494	-0.351850466641	0.901251155403	1.05026054382	-1.43994772434	3.7145318985
21	7	0.438745178282	0.320491456225	-0.457652560614	0.829360814272	1.63706612587	-2.33017396927	4.24353599548
22	7	0.498169336468	-0.272434468075	0.458544200723	-0.845882188362	-1.5705896616	2.61561107635	-4.83744621277
23	7	0.499162897468	0.333043574525	-0.391674263799	0.857713966626	1.89602375031	-2.24326968193	4.8939409256
24	7	0.499976910651	-0.29715198757	0.477064648702	-0.827109434865	-1.70118069649	2.71215105057	-4.73691415787
25	7	0.49999204278	0.252062282105	-0.479587705737	0.840511890722	1.45163810253	-2.72283053398	4.81294727325
26	7	0.499986577779	-0.33754713242	0.354744329589	-0.871905037272	-1.91340088844	2.04032683372	-4.98606729507
27	7	0.499989647418	0.320165102037	-0.406465518985	0.855733655593	1.806442976	-2.31538486481	4.90581798553
28	7	0.499960921705	-0.195959947116	0.381227541282	-0.903473995693	-1.10918688774	2.19352841377	-5.16161632538
29	7	0.499978732318	0.0993954965989	-0.417834013188	0.90306991572	0.574432909489	-2.37414240837	5.16909217834
0	8	0.499251199886	0.126308579478	-0.292239871869	0.947967299035	0.718999266624	-1.67665934563	5.40963745117
1	8	0.497728897259	-0.0108652850356	0.249438609849	-0.96832965745	-0.0851265564561	1.4305896759	-5.5385389328
2	8	0.444627925754	0.307888395128	-0.406079217322	0.86040944056	1.56047952175	-2.0633764267	4.41344165802
3	8	0.497939869761	-0.281294342036	0.222680980694	-0.93342738013	-1.6046615839	1.26840114594	-5.34460878372
4	8	0.499201564118	0.295516134434	-0.0882581638862	0.951252180442	1.67375612259	-0.51616948843	5.43263578415
5	8	0.499988211319	-0.199881512125	0.130439666883	-0.971098797453	-1.15346097946	0.765300869942	-5.54739236832
6	8	0.499985495582	0.174377120493	-0.267868092377	0.947543827448	1.02076303959	-1.51930427551	5.41668176651
7	8	0.499991249293	-0.303178499211	0.288646756184	-0.908166200517	-1.73025333881	1.65332531929	-5.19232797623
8	8	0.499963082373	0.327863483819	-0.395442407007	0.857980675027	1.87856078148	-2.22946953773	4.91855716705
9	8	0.499992635101	-0.260040737027	0.318215822484	-0.911656462385	-1.49318826199	1.81488668919	-5.21164417267
10	8	0.499988196418	0.245209990267	-0.205596335717	0.947418707549	1.40835666656	-1.18306899071	5.41297960281
11	8	0.499998785555	-0.241511813209	0.224297274992	-0.944120107037	-1.38566291332	1.28256523609	-5.39595603943
12	8	0.499999582767	0.233452933536	-0.182685659684	0.955052709315	1.33793151379	-1.05471599102	5.4576253891
13	8	0.499986238778	-0.279172274751	0.0526549966814	-0.958796272591	-1.58009672165	0.333795636892	-5.48484992981
14	8	0.499977970496	0.163418458668	-0.155928163626	0.974156463385	0.955101907253	-0.8898037076	5.56619167328
15	8	0.49974851869	-0.228508823909	0.198697690739	-0.95304928786	-1.30231785774	1.15877985954	-5.44375991821
16	8	0.476369984448	0.152846576112	-0.466003933162	0.871480498031	0.861093759537	-2.52819752693	4.80287408829
17	8	0.334847712889	0.329361762688	-0.211689996848	0.920167470906	1.31673252583	-0.857669472694	3.68800997734
18	8	0.417402427644	0.313471606961	-0.279894054995	0.907411080827	1.51861774921	-1.35232269764	4.40815830231
19	8	0.49686313048	-0.184796767157	0.182261112336	-0.965728244269	-1.08211326599	1.0513676405	-5.51663398743
20	8	0.477716717869	0.440285899034	-0.218176874008	0.870946139988	2.40049242973	-1.20216333866	4.81311655045
21	8	0.49861173518	-0.245983680393	0.281692940372	-0.927437931252	-1.42711424828	1.62628376484	-5.29384040833
22	8	0.499363813549	0.291782078354	-0.464232341876	0.836272414652	1.66163063049	-2.61897277832	4.79571533203
23	8	0.499977871776	-0.268664760096	0.377137471741	-0.886333218429	-1.53446483612	2.16337370872	-5.06465768814
24	8	0.49998864904	0.246289918544	-0.419326954748	0.873788407479	1.41259098053	-2.39333248138	4.99568462372
25	8	0.499986890703	-0.269729273806	0.402257545025	-0.874891414018	-1.53429102898	2.29301452637	-5.00782012939
26	8	0.499965507537	0.29164413698	-0.404137845535	0.866958072326	1.65371751785	-2.29976058006	4.96653556824
27	8	0.499235872179	-0.211378193257	0.399400747131	-0.892075278554	-1.21248221397	2.28353524208	-5.08906030655
28	8	0.499680012465	0.110077016537	-0.45726046174	0.882494147606	0.649540066719	-2.60360908508	5.04965209961
29	8	0.499259419739	-0.200187326007	0.36144130596	-0.910650985203	-1.1295722723	2.06326270103	-5.20193052292
0	9	0.498936705291	-0.180972136631	0.3743867269	-0.909441402447	-1.03145337105	2.12403249741	-5.198533535
1	9	0.445710062981	0.183432592794	-0.269534057791	0.945359125196	0.950650453568	-1.39792406559	4.84064054489
2	9	0.234091610648	0.273259053574	-0.327187871924	0.904586969896	0.755254030228	-0.926984548569	2.53112769127
3	9	0.445277933031	0.274178500176	-0.390331589918	0.878901245848	1.40768647194	-1.98454105854	4.50801181793
4	9	0.499477364123	-0.311177720058	0.0739632952654	-0.947469185511	-1.76644992828	0.464399725199	-5.41826438904
5	9	0.499966505915	0.279367547838	-0.242905010125	0.928951521486	1.59773874283	-1.37299180031	5.31473493576
6	9	0.499998830259	-0.366772267855	0.20866879177	-0.906606551308	-2.07744503021	1.19510245323	-5.19080591202
7	9	0.499996677041	0.295717555517	-0.185816291171	0.937029046132	1.70583200455	-1.07577776909	5.34963130951
8	9	0.499999297783	-0.313791370987	0.236207062134	-0.919641886438	-1.78899168968	1.36792528629	-5.25496387482
9	9	0.499997850507	0.222823613617	-0.334418742052	0.915703959901	1.29639565945	-1.87911164761	5.24277591705
10	9	0.499999668449	-0.323665875664	0.119548425425	-0.938588607916	-1.83876335621	0.708317577839	-5.36767625809
11	9	0.499999143183	0.310756996498	-0.255934145964	0.915383964278	1.76861166954	-1.44768476486	5.24050521851
12	9	0.499999694526	-0.235413178491	0.299880476805	-0.924474085642	-1.35943734646	1.68457198143	-5.29209518433
13	9	0.499999010935	0.288363311526	-0.187865773127	0.938910566483	1.6468487978	-1.06547093391	5.37013864517
14	9	0.499992959201	-0.299416378497	0.11655328384	-0.946976855215	-1.69353055954	0.684497416019	-5.41768598557
15	9	0.49973461777	0.206659408828	-0.256925497922	0.944076891604	1.20043075085	-1.45175015926	5.39519739151
16	9	0.499124228954	-0.305419668249	0.310935757683	-0.900020989111	-1.72723460197	1.77279067039	-5.15230464935
17	9	0.476155245677	0.238227952879	-0.294476304146	0.925489680528	1.31314432621	-1.61812257767	5.08049631119
18	9	0.498301649466	-0.326761804295	0.17079884788	-0.92954530649	-1.85995912552	0.993103742599	-5.31969547272
19	9	0.49890868552	0.281663008441	-0.210475310838	0.936144269439	1.60746693611	-1.19653403759	5.3412322998
20	9	0.49984768033	-0.323138149056	0.159925710718	-0.932740855584	-1.8451230526	0.93722653389	-5.32905101776
21	9	0.49964465946	0.33620952943	-0.28279080791	0.898327619125	1.90075588226	-1.59949493408	5.14518117905
22	9	0.499980160967	-0.2890125731	0.214909596994	-0.932890989189	-1.64411377907	1.25753748417	-5.33043813705
23	9	0.499992175028	0.172458285985	-0.349125068329	0.921069935596	1.00984084606	-1.99064803123	5.2634806633
24	9	0.499998293817	-0.224925672974	0.376609266314	-0.898651157104	-1.28202223778	2.13563370705	-5.14633274078
25	9	0.499988343567	0.156936491489	-0.187105909051	0.969722803917	0.906696915627	-1.11413478851	5.53533220291
26	9	0.49924409017	-0.131248417091	0.279072805001	-0.95125823125	-0.763642430305	1.60340690613	-5.42585229874
27	9	0.498011823744	0.214197750683	-0.398991277134	0.891585825579	1.21671700478	-2.2780418396	5.10746002197
28	9	0.444859240204	-0.143936858908	0.537476390499	-0.830903911595	-0.733889460564	2.73321723938	-4.26324224472
29	9	0.497074134648	0.250541507214	-0.28000196644	0.926729654189	1.41855096817	-1.61966490746	5.29260158539
0	10	0.498861525208	0.116929266095	-0.410090872129	0.904518116639	0.681398153305	-2.35197687149	5.15700769424
1	10	0.498207565397	-0.186744006295	0.449829765454	-0.873372691481	-1.06648004055	2.56400084496	-5.00629806519
2	10	0.446153935045	0.321700465951	-0.408413993297	0.854228786852	1.63629198074	-2.08670330048	4.39377164841
3	10	0.49820850417	-0.178940318474	0.441360550269	-0.879307242715	-1.0329618454	2.50898504257	-5.04156303406
4	10	0.499287117273	0.172044153926	-0.272619380223	0.94661474879	1.00011277199	-1.56299829483	5.39998435974
5	10	0.49998354353	-0.245114731152	0.30335495965	-0.920811890143	-1.4127676487	1.71978271008	-5.26660823822
6	10	0.49996227026	0.40813042422	-0.156934480024	0.899333712148	2.32083797455	-0.924242734909	5.14274311066
7	10	0.499990638345	-0.440035421682	0.189354951196	-0.877789000912	-2.48864459991	1.09968757629	-5.02923583984
8	10	0.499987263232	0.310072214829	-0.313546526821	0.897520917366	1.77545571327	-1.76865613461	5.13906574249
9	10	0.499998025596	-0.317084617056	0.126639915075	-0.939904078902	-1.80499958992	0.755083799362	-5.37299776077
10	10	0.499998994172	0.319708232829	-0.0494233088609	0.946226179305	1.81889557838	-0.31354406476	5.4115319252
11	10	0.499998074025	-0.316750141024	0.151153374772	-0.936387743115	-1.80250525475	0.868712306023	-5.35562324524
12	10	0.499999849126	0.303929854651	-0.118341992798	0.945315723022	1.72957277298	-0.696215987206	5.40483474731
13	10	0.500000145286	-0.32284525235	0.144488957942	-0.935357623622	-1.83379411697	0.831440269947	-5.3505115509
14	10	0.499994283542	0.234604333442	-0.147070738551	0.960901141946	1.36285543442	-0.842562317848	5.48789978027
15	10	0.499989099801	-0.297583714233	0.131902412494	-0.945539891597	-1.68969678879	0.768271565437	-5.40738630295
16	10	0.499728633091	0.264473437822	-0.211693695276	0.940871712864	1.50571393967	-1.22064232826	5.37570810318
17	10	0.499864593148	-0.204821901921	0.360913432459	-0.909829370137	-1.18405497074	2.03795480728	-5.20838069916
18	10	0.499569978565	0.278460705821	-0.256708761206	0.925505400975	1.58597695827	-1.46440935135	5.28875160217
19	10	0.499976942316	-0.305512860997	0.250074446431	-0.918762571619	-1.73472797871	1.42368376255	-5.25825405121
20	10	0.49997500889	0.225452789665	-0.279884774155	0.933185701149	1.29791474342	-1.58705449104	5.33666944504
21	10	0.4999935776	-0.166057886663	0.193281659713	-0.966988613323	-0.971856117249	1.11730074883	-5.52234697342
22	10	0.49999316223	0.21492660922	-0.194961453536	0.956972614177	1.23546683788	-1.12834143639	5.46668148041
23	10	0.499998226762	-0.266178046983	0.337543916844	-0.902891661002	-1.51394486427	1.91001498699	-5.17184734344
24	10	0.499999247491	0.246595500577	-0.253944941336	0.935255380025	1.40280377865	-1.47303652763	5.34313678741
25	10	0.499961378053	-0.119406160394	0.346846416696	-0.930290133284	-0.697095990181	1.96460795403	-5.32356071472
26	10	0.499646851793	0.0632906085986	-0.250457773402	0.966056521434	0.369867682457	-1.45457470417	5.51732969284
27	10	0.446162384003	0.0318374175699	0.376036324667	-0.926057806713	0.134704142809	1.93212127686	-4.75256156921
28	10	0.234090146609	-0.181564267016	0.402367312062	-0.897293131104	-0.483221888542	1.14710783958	-2.50667738914
29	10	0.445002600551	-0.0892604694748	0.566888765213	-0.818944257239	-0.469651281834	2.88096952438	-4.20531606674
0	11	0.499229855835	-0.201614424888	0.465759206914	-0.861637966232	-1.14538347721	2.65222620964	-4.92401838303
1	11	0.499244391918	0.149951161614	-0.37685929765	0.91405236114	0.876543581486	-2.16595005989	5.20873451233
2	11	0.499666396528	-0.202377487371	0.378708512111	-0.903118605422	-1.17248213291	2.1680419445	-5.15947008133
3	11	0.49924178049	0.237074551297	-0.376903543153	0.895399003956	1.34554982185	-2.16027522087	5.10933542252
4	11	0.499953839928	-0.206921238665	0.353921449237	-0.912098245125	-1.18811511993	2.02099490166	-5.21460723877
5	11	0.499236516654	0.275231703867	-0.307754677231	0.910787883005	1.57444381714	-1.76220321655	5.19604349136
6	11	0.499672073871	-0.399004465388	0.322522464425	-0.858355809989	-2.26558351517	1.83124446869	-4.92072963715
7	11	0.499240852892	0.314964283026	-0.34316611074	0.884892378122	1.80107653141	-1.940782547	5.05774307251
8	11	0.499965589494	-0.206932234816	0.304931885121	-0.929621210833	-1.20526695251	1.74341833591	-5.30973720551
9	11	0.499977873638	0.28008660545	-0.273800869017	0.92010030843	1.59086275101	-1.560972929	5.26491498947
10	11	0.499960882589	-0.179728668652	0.22977319142	-0.95650503719	-1.04796218872	1.30696308613	-5.46624851227
11	11	0.49999140203	0.212765878117	-0.233436372415	0.948808801152	1.22259604931	-1.32437860966	5.42548561096
12	11	0.499986983836	-0.212074325548	0.167207924412	-0.96284266132	-1.21962499619	0.962192237377	-5.50181484222
13	11	0.499999498948	0.283075315147	-0.195501193475	0.938960941309	1.61666369438	-1.11870968342	5.3683886528
14	11	0.499999407679	-0.360952570987	0.205005515019	-0.909772488213	-2.03979039192	1.16791081429	-5.21199464798
15	11	0.499996647239	0.293665030527	-0.113773715414	0.949113476633	1.67521739006	-0.670202612877	5.42510795593
16	11	0.499996872619	-0.154392726848	0.205774192749	-0.966343555624	-0.90681374073	1.18213260174	-5.51999950409
17	11	0.499986704439	0.236414064673	-0.29354305352	0.926250973416	1.34045541286	-1.66561484337	5.3021478653
18	11	0.499995062128	-0.200470406826	0.218013966959	-0.955134297467	-1.16144967079	1.25538051128	-5.45528793335
19	11	0.499993305653	0.251779622585	-0.16110705948	0.954280638511	1.43937528133	-0.944877684116	5.4517865181
20	11	0.499999456108	-0.233496695962	0.317834333699	-0.918945389725	-1.33369445801	1.79219031334	-5.26282691956
21	11	0.499999705702	0.216930419168	-0.195177691026	0.956476273708	1.23814439774	-1.12563884258	5.4665350914
22	11	0.499993085861	-0.229049874764	0.227852588827	-0.94637167785	-1.31840276718	1.30211877823	-5.40818309784
23	11	0.499995322898	0.300544901308	-0.234375840548	0.924521891393	1.70608711243	-1.35272789001	5.28619241714
24	11	0.499978367239	-0.265591406602	0.284857529616	-0.921041471683	-1.51730775833	1.62924337387	-5.2653055191
25	11	0.499984841794	0.222336285492	-0.383073836034	0.896560657346	1.25399899483	-2.17888975143	5.13514328003
26	11	0.499243909493	-0.0889153224302	0.360972807646	-0.928327904125	-0.51371628046	2.05602502823	-5.30043125153
27	11	0.498387064785	0.0501043927509	-0.395170432601	0.917240360552	0.296080589294	-2.26600694656	5.25078630447
28	11	0.445942692459	-0.145415949556	0.42531643814	-0.893286140642	-0.741884350777	2.17970585823	-4.5834069252
29	11	0.498212818056	0.170149861798	-0.58117813799	0.795789542814	0.981335163116	-3.30780601501	4.5692691803
0	12	0.499963998795	0.259978826707	-0.36689316005	0.893196741358	1.48302042484	-2.11134386063	5.10192966461
1	12	0.49997959286	-0.315245166097	0.428850893687	-0.846585728817	-1.78777062893	2.44228363037	-4.85028886795
2	12	0.49996317178	0.369401073981	-0.387573220469	0.844588565703	2.07618308067	-2.22315526009	4.84140491486
3	12	0.499979838729	-0.236935825568	0.478886296935	-0.845298366951	-1.35868477821	2.71522116661	-4.84473466873
4	12	0.499205153435	0.210915569008	-0.404455754804	0.889904582052	1.21507668495	-2.30826735497	5.07694768906
5	12	0.498232334852	-0.298735187685	0.336066566099	-0.893205771807	-1.70584964752	1.9265037775	-5.11439418793
6	12	0.445700317621	0.330674084245	-0.245564492921	0.911236922993	1.69992220402	-1.27274787426	4.66530990601
7	12	0.498367970809	-0.248949741263	0.265785957952	-0.93133337258	-1.43311882019	1.5322060585	-5.32828760147
8	12	0.499220695347	0.24860952572	-0.306832577405	0.918720345461	1.4225628376	-1.75234055519	5.24298095703
9	12	0.499263036996	-0.240309466278	0.361772067849	-0.90076208365	-1.3682615757	2.05620837212	-5.14711761475
10	12	0.499672431499	0.20543355958	-0.247206392037	0.946935083485	1.17696797848	-1.41411542892	5.4139213562
11	12	0.499267213047	-0.225918788401	0.235561035153	-0.945236319533	-1.29010462761	1.34295845032	-5.39617300034
12	12	0.499977113679	0.143974477591	-0.207292559439	0.967626552242	0.843318343163	-1.1907119751	5.52795124054
13	12	0.499987533316	-0.221281744671	0.281323335811	-0.933751342812	-1.26165640354	1.59088563919	-5.34449052811
14	12	0.500000104308	0.258028887843	-0.294275670023	0.92022982079	1.47554993629	-1.66291475296	5.26749849319
15	12	0.499999696389	-0.31224789941	0.191781946878	-0.930441257773	-1.76968932152	1.10142660141	-5.32380580902
16	12	0.499998925254	0.17797618224	-0.283789307644	0.942225083206	1.03216505051	-1.59957146645	5.39113664627
17	12	0.500000160187	-0.189895050783	0.194101141235	-0.962426421426	-1.10139095783	1.12003004551	-5.49753284454
18	12	0.499999934807	0.27059885563	-0.294789480516	0.916447173332	1.53617298603	-1.66168546677	5.25033760071
19	12	0.500000117347	-0.262515394187	0.210671850421	-0.941649106225	-1.49364769459	1.2138504982	-5.38318490982
20	12	0.499999918044	0.21083646687	-0.251912015881	0.944504272353	1.21171855927	-1.43747234344	5.39886856079
21	12	0.499993341044	-0.188457631028	0.182618874661	-0.964952883785	-1.09730434418	1.06248497963	-5.50962686539
22	12	0.499986495823	0.329611733949	-0.265295388736	0.906076410442	1.86117017269	-1.51372110844	5.18982124329
23	12	0.499605547637	-0.251779633876	0.288060287568	-0.923920065099	-1.44728052616	1.63749110699	-5.27779960632
24	12	0.499826164916	0.299720063192	-0.261003678995	0.917630079755	1.69582033157	-1.50617146492	5.2481007576
25	12	0.499472860247	-0.141035840998	0.379125178409	-0.91453430261	-0.815025866032	2.15119862556	-5.22771692276
26	12	0.499952487648	0.110457182236	-0.330813692718	0.937209427824	0.627707779408	-1.89967179298	5.3561668396
27	12	0.499237902462	-0.113840559084	0.480625159	-0.869505482239	-0.654297947884	2.70904779434	-4.98276758194
28	12	0.499696677551	0.145411187433	-0.344950373881	0.927288965818	0.846522152424	-1.99406754971	5.29260206223
29	12	0.49925718829	-0.250340965038	0.466992056807	-0.848084795349	-1.42064607143	2.6550078392	-4.85041999817
0	13	0.499986600131	-0.223671134972	0.301851735681	-0.926745247113	-1.29556643963	1.74916267395	-5.28665399551
1	13	0.499997332692	0.272984200631	-0.429453861687	0.860842033644	1.54992699623	-2.43636894226	4.93457555771
2	13	0.499999269843	-0.161858565391	0.358876176206	-0.919244088891	-0.957973003387	2.06051945686	-5.24688625336
3	13	0.499960064888	0.195695233372	-0.387874840801	0.900697775899	1.12982749939	-2.22008943558	5.14533758163
4	13	0.499591384083	-0.268562266938	0.447780057248	-0.852858328861	-1.54115402699	2.54438734055	-4.88274526596
5	13	0.445133116096	0.426326146323	-0.298660904979	0.853842889997	2.16914081573	-1.5389444828	4.37484693527
6	13	0.232438428327	0.379545504604	-0.358948289686	0.852702372031	1.03631782532	-0.977757096291	2.38653111458
7	13	0.445927996188	0.209904266833	-0.312429296935	0.926460000854	1.10009741783	-1.60380578041	4.74565029144
8	13	0.498980034143	-0.346442021962	0.292857768057	-0.891185869001	-1.94853425026	1.68766200542	-5.09596729279
9	13	0.497316859663	0.164043001675	-0.471721594888	0.866353640563	0.95767390728	-2.66879343987	4.965092659
10	13	0.444810707122	-0.193256783433	0.121980509682	-0.973536116903	-0.995249032974	0.647997796535	-4.97769737244
11	13	0.498009772971	0.334687410466	-0.231571798611	0.913432449261	1.89482116699	-1.32568120956	5.23565149307
12	13	0.499275678769	-0.21083668333	0.23412162714	-0.949070575177	-1.20031523705	1.33103632927	-5.42007064819
13	13	0.49999114871	0.129474608414	-0.161753913491	0.978300565903	0.76111382246	-0.940418601036	5.58793640137
14	13	0.499998128042	-0.140296909166	0.213497260727	-0.966817302773	-0.828786671162	1.21760225296	-5.52467107773
15	13	0.500000266358	0.282849222472	-0.148086675571	0.947663787356	1.61025547981	-0.859610319138	5.41787433624
16	13	0.499999271706	-0.254978881101	0.195666650189	-0.946942623498	-1.45748853683	1.11143350601	-5.41527938843
17	13	0.499999713153	0.314331516362	-0.0603894069275	0.947390530538	1.77485370636	-0.386587560177	5.42227649689
18	13	0.500000158325	-0.251729859012	0.187283525291	-0.94950353303	-1.43481755257	1.07632803917	-5.42864131927
19	13	0.500000618398	0.207268678184	-0.277019211181	0.938243066418	1.19205284119	-1.57556462288	5.36474752426
20	13	0.499999310821	-0.250466327281	0.254645843008	-0.934035392015	-1.42497777939	1.46036922932	-5.34029436111
21	13	0.499994877726	0.29707239032	-0.282796433018	0.912016541726	1.68494439125	-1.61384248734	5.21938562393
22	13	0.499602593482	-0.280122499143	0.309659628127	-0.908648612051	-1.59634375572	1.76680779457	-5.19252729416
23	13	0.4989475701	0.226712034174	-0.258999915432	0.938893336523	1.29874575138	-1.49656796455	5.3647351265
24	13	0.468556636944	-0.270389531197	0.295607249381	-0.916245521426	-1.44891667366	1.60188269615	-4.94925403595
25	13	0.497960211709	0.0886622084224	-0.325811518961	0.941268222618	0.513483583927	-1.86306118965	5.38484811783
26	13	0.499111859128	-0.0214823967715	0.227755982271	-0.973481237194	-0.143738985062	1.3281763792	-5.54954099655
27	13	0.499967182055	0.205272958634	-0.297115477708	0.93251563277	1.15998995304	-1.71103715897	5.33139038086
28	13	0.499952960759	-0.29650813308	0.349759874581	-0.88867933314	-1.67376708984	1.98999631405	-5.09153175354
29	13	0.499991822988	0.283767602874	-0.393872690896	0.874265549433	1.6146171093	-2.24039888382	5.00598430634
0	14	0.499999608845	0.339424760003	-0.366737084838	0.866195556962	1.91252350807	-2.08543205261	4.96821975708
1	14	0.500000214204	-0.194594042801	0.321741331512	-0.926615170447	-1.13396167755	1.85290038586	-5.28859424591
2	14	0.499998003244	0.306139033933	-0.347061148681	0.886469091948	1.72973299026	-1.97937846184	5.07695007324
3	14	0.499990180135	-0.253509540777	0.305675550824	-0.917766511899	-1.46133816242	1.76008236408	-5.23986291885
4	14	0.499255444854	0.366808890443	-0.412361653078	0.83391192878	2.07809066772	-2.33489918709	4.77740383148
5	14	0.498339537531	-0.351938607693	0.277024532357	-0.894089830435	-2.01971054077	1.59749758244	-5.11488389969
6	14	0.445449512452	0.346069848082	-0.34879087597	0.87096531796	1.77435445786	-1.77963471413	4.46434783936
7	14	0.498250033706	-0.336690969138	0.280975063552	-0.898716977119	-1.93105626106	1.60431289673	-5.14590120316
8	14	0.49896799773	0.243226178272	-0.292884518312	0.924694373908	1.40866160393	-1.66216599941	5.27794313431
9	14	0.444979380816	-0.233389456112	0.226835821035	-0.945555324701	-1.19378685951	1.16493391991	-4.8393445015
10	14	0.234600582626	-0.256936996715	0.214437349053	-0.94233752077	-0.699047207832	0.622185826302	-2.64438819885
11	14	0.446186281741	-0.140680285538	0.393449753408	-0.908518766347	-0.733263373375	1.992826581	-4.67271566391
12	14	0.499641280621	0.158890321054	-0.244935667783	0.956431066268	0.917069792747	-1.40039253235	5.46702384949
13	14	0.499960634857	-0.252999294083	0.146665465989	-0.956284789317	-1.4248354435	0.858471155167	-5.46985960007
14	14	0.499999687076	0.278342083195	-0.19422218492	0.940639903261	1.57681179047	-1.11142063141	5.38184642792
15	14	0.499999493361	-0.321362810802	0.178907657005	-0.929902142216	-1.82301950455	1.01965153217	-5.3215546608
16	14	0.499999841675	0.237978313817	-0.161278454424	0.957786814637	1.36873245239	-0.936999559402	5.47108650208
17	14	0.499999271706	-0.201170598376	0.277703699588	-0.939367364551	-1.15500259399	1.56160640717	-5.37771844864
18	14	0.499999696389	0.149264163368	-0.181256238873	0.972042378399	0.872036755085	-1.05557191372	5.55102157593
19	14	0.499999664724	-0.176635032395	0.327924670252	-0.928043897653	-1.01284646988	1.86260986328	-5.30942964554
20	14	0.499999361113	0.17706643772	-0.277577509717	0.944244779034	1.03430533409	-1.59160387516	5.3929772377
21	14	0.499981366098	-0.266571585022	0.326490291431	-0.906831671073	-1.51028299332	1.8670681715	-5.18802642822
22	14	0.499810855836	0.224919268671	-0.397401042536	0.889653715764	1.27666091919	-2.26831364632	5.09038352966
23	14	0.468180965632	-0.099448193624	0.449909007523	-0.887520107792	-0.551425099373	2.41403269768	-4.79481315613
24	14	0.306606399827	-0.0856785637547	0.409575107559	-0.908244138424	-0.335900425911	1.50492739677	-3.33107423782
25	14	0.417218688875	-0.230162729129	0.467252446484	-0.853639425855	-1.10261940956	2.25404691696	-4.15404653549
26	14	0.497908996418	0.00190044035034	-0.362486927432	0.931986918238	0.0385538041592	-2.06224226952	5.33528709412
27	14	0.499236023054	-0.174607363268	0.306832827241	-0.935609899916	-1.00638639927	1.75353884697	-5.33973026276
28	14	0.49997718446	0.224438203176	-0.181697371146	0.957399372401	1.28844106197	-1.07048988342	5.46673774719
29	14	0.499990766868	-0.245241204061	0.279682093392	-0.928242790689	-1.41609239578	1.61198508739	-5.2995262146
0	15	0.499998953193	-0.240306000278	0.360374627062	-0.901323002258	-1.3835978508	2.05451226234	-5.15254831314
1	15	0.499999444932	0.191213364963	-0.351913115013	0.91629395313	1.10912084579	-1.99933886528	5.24009513855
2	15	0.499999858439	-0.284837158638	0.309509721162	-0.907232894887	-1.62141513824	1.77369093895	-5.18726825714
3	15	0.499987255782	0.329519238773	-0.252784953158	0.909679525292	1.8822760582	-1.4636259079	5.19603013992
4	15	0.499976843596	-0.336599370786	0.31559766362	-0.887185988564	-1.92747807503	1.80202484131	-5.07177495956
5	15	0.499236088246	0.383344779993	-0.26593207486	0.88449245967	2.17314791679	-1.51852405071	5.05517292023
6	15	0.499670702964	-0.36474159647	0.211822285705	-0.906694483872	-2.09677028656	1.22398483753	-5.17699575424
7	15	0.499203581363	0.475100964487	-0.164503656995	0.864417503512	2.68528556824	-0.957190990448	4.94592809677
8	15	0.49922324717	-0.333739276685	0.195898019377	-0.922085712503	-1.91880726814	1.12835407257	-5.25710964203
9	15	0.497730035335	0.386884459136	-0.253817948468	0.886508242666	2.20521783829	-1.44319415092	5.07662534714
10	15	0.445842903107	-0.120639458134	0.32079202765	-0.939435253829	-0.634681403637	1.63700127602	-4.81831932068
11	15	0.498112883419	0.116718258705	-0.224752757364	0.967400147892	0.673501312733	-1.28936314583	5.53549051285
12	15	0.499256910756	-0.159026929138	0.255073658661	-0.953754614388	-0.903409957886	1.45073354244	-5.44620800018
13	15	0.499990474433	0.104017235976	-0.278861679963	0.954681401342	0.615383803844	-1.56766796112	5.46449804306
14	15	0.499997284263	-0.180227363495	0.251640572455	-0.95089174975	-1.03991270065	1.42534565926	-5.43809270859
15	15	0.499999968335	0.286347930231	-0.14424074553	0.947206139223	1.62534713745	-0.838550448418	5.41695642471
16	15	0.499998025596	-0.302593827528	0.234192525927	-0.923899797782	-1.70893263817	1.32700097561	-5.29225301743
17	15	0.499999905005	0.152077280186	-0.283459099094	0.946849217136	0.894363105297	-1.61335837841	5.41143703461
18	15	0.499998353422	-0.243374925612	0.21860622291	-0.944976171598	-1.37985384464	1.26373100281	-5.40263414383
19	15	0.499999329448	0.183998300506	-0.399862245795	0.897916928117	1.07351028919	-2.25600790977	5.1434006691
20	15	0.499998919666	-0.360037894471	0.253947474675	-0.897710083853	-2.0177257061	1.47652518749	-5.14310026169
21	15	0.499993788078	0.149903446602	-0.351458113728	0.924124532188	0.874713778496	-2.01441597939	5.27925777435
22	15	0.49947135523	-0.0861093232148	0.463643528849	-0.88182756966	-0.506262898445	2.62258934975	-5.04855918884
23	15	0.498311709613	0.13178523508	-0.407803691271	0.903509159445	0.763645172119	-2.33550834656	5.17052364349
24	15	0.417874710634	-0.144164916074	0.408502120078	-0.901300446502	-0.698974490166	1.98467636108	-4.38054418564
25	15	0.365391146392	-0.225095801073	0.358138926963	-0.906128241108	-0.981672585011	1.57213819027	-3.9664683342
26	15	0.417154477909	-0.197984746741	0.276761583802	-0.940321788426	-0.958878815174	1.35242426395	-4.56067848206
27	15	0.497920494527	0.402945556952	-0.386728556773	0.829503406569	2.2701792717	-2.19823479652	4.77139902115
28	15	0.499504597858	-0.231010390589	0.238324014718	-0.943311116996	-1.34857392311	1.38834130764	-5.37519216537
29	15	0.499991104007	0.354135732067	-0.363118870101	0.861819336897	2.00225019455	-2.06415987015	4.94168949127
0	16	0.499999640509	0.222547582794	-0.283090088132	0.932916167399	1.29762244225	-1.61794352531	5.3285946846
1	16	0.499999823049	-0.271197710315	0.207080252237	-0.939983814251	-1.54748511314	1.20765054226	-5.37013721466
2	16	0.499999441206	0.193086649592	-0.356123377684	0.914272216365	1.13965892792	-2.0110039711	5.23071479797
3	16	0.499999504536	-0.423540733522	0.345478956653	-0.837411211746	-2.38940095901	1.96609210968	-4.80840921402
4	16	0.499987185001	0.324277665077	-0.295524756772	0.898615108969	1.85289406776	-1.69248223305	5.13655042648
5	16	0.499989666045	-0.229416404023	0.249346027546	-0.940847847482	-1.34309506416	1.44283056259	-5.36771297455
6	16	0.499962963164	0.426607269494	-0.29174672215	0.856089999784	2.42296552658	-1.6611764431	4.90464019775
7	16	0.499979250133	-0.436302989139	0.224061987716	-0.871456210793	-2.48748493195	1.28863942623	-4.98351097107
8	16	0.499957092106	0.418131935599	-0.216785743482	0.882139232692	2.38522768021	-1.25058734417	5.04327583313
9	16	0.499221555889	-0.409407141463	0.191845729041	-0.891953479038	-2.3208220005	1.11322164536	-5.09559631348
10	16	0.499696914107	0.167274931252	-0.288265638742	0.942826611257	0.979794025421	-1.64282751083	5.39009046555
11	16	0.499240294099	-0.128764789067	0.190170433818	-0.973270175849	-0.74945473671	1.10436880589	-5.55032444
12	16	0.49997417815	0.181132173624	-0.221553378763	0.958178081589	1.02738523483	-1.26562476158	5.48042488098
13	16	0.49998611398	-0.123633644479	0.0251801945715	-0.992008407099	-0.720361232758	0.204771861434	-5.67040205002
14	16	0.499999284744	0.192822133953	-0.200588840191	0.960512228891	1.09930312634	-1.1449201107	5.49283790588
15	16	0.499987345189	-0.163040075942	0.122175038819	-0.979025634765	-0.94690489769	0.713344097137	-5.59262037277
16	16	0.499991131946	0.200573900392	-0.148478234814	0.968361670177	1.15546357632	-0.861881017685	5.53269815445
17	16	0.499963218346	-0.242523189268	0.314034119944	-0.917913435014	-1.37638151646	1.76721119881	-5.26028490067
18	16	0.499991742894	0.29090652196	-0.206360600877	0.934231608268	1.6482578516	-1.19232845306	5.34326934814
19	16	0.49998659268	-0.286662589317	0.324729531592	-0.901318640215	-1.6274869442	1.84637081623	-5.1602268219
20	16	0.499999418855	0.272126829833	-0.335105081439	0.90202637039	1.55014538765	-1.91540884972	5.15883779526
21	16	0.499992448837	-0.157947180336	0.432054394682	-0.887908603551	-0.904907822609	2.44724917412	-5.0873336792
22	16	0.499974217266	0.0172074517349	-0.285476265532	0.95823129015	0.146716445684	-1.6694483757	5.46917200089
23	16	0.499145608395	-0.336899093215	0.349762969726	-0.874165239528	-1.87953996658	2.00426912308	-5.00475358963
24	16	0.498182412237	0.255919033797	-0.436301839021	0.862639063228	1.45805799961	-2.48267626762	4.94446134567
25	16	0.417967639863	-0.191091344232	0.348275295599	-0.917708241565	-0.934197068214	1.68927836418	-4.4615020752
26	16	0.30624158401	-0.201894280781	0.289187642498	-0.935739924773	-0.743398785591	1.06826531887	-3.42796945572
27	16	0.468058999628	-0.179569905803	0.414123836098	-0.892331831387	-0.990438759327	2.22268533707	-4.81541490555
28	16	0.499776944518	0.376078722664	-0.406097705589	0.832856198797	2.12766647339	-2.29772377014	4.78421115875
29	16	0.499980267137	-0.334351429586	0.378655205328	-0.863034968592	-1.91176843643	2.15218925476	-4.93919420242
0	17	0.499999541789	-0.409338870273	0.151528804085	-0.899711459756	-2.32111382484	0.892050385475	-5.14883613586
1	17	0.499999877065	0.395371898308	-0.200284703835	0.896419042322	2.25145530701	-1.14277338982	5.12929296494
2	17	0.499999770895	-0.317995923435	0.137421165781	-0.938079962409	-1.82331228256	0.820802986622	-5.35730838776
3	17	0.499999526888	0.331160342102	-0.329403065747	0.88420950464	1.89996409416	-1.87299561501	5.05666637421
4	17	0.500000242144	-0.287330422214	0.307710087861	-0.907058835081	-1.64755868912	1.77433609962	-5.17908382416
5	17	0.499997910112	0.240429525698	-0.391495996449	0.888214235383	1.39520955086	-2.22447633743	5.07903528214
6	17	0.499999616295	-0.42131839853	0.359703405021	-0.832528838825	-2.38398885727	2.05215549469	-4.77454614639
7	17	0.49999730289	0.329066633656	-0.320132277132	0.888386445053	1.8971786499	-1.83714342117	5.07091236115
8	17	0.499986317009	-0.404955575672	0.415369904368	-0.814542094847	-2.3030295372	2.3458533287	-4.67865419388
9	17	0.499990925193	0.396611032128	-0.260854037664	0.880144795036	2.25898122787	-1.51238870621	5.02994966507
10	17	0.499962996691	-0.316888363559	0.356443515785	-0.878936735548	-1.80453836918	2.01930212975	-5.03485965729
11	17	0.499991504475	0.256592669989	-0.303003105775	0.917795903019	1.45351922512	-1.73449134827	5.2505979538
12	17	0.499987721443	-0.170554268962	0.37052554286	-0.913029059465	-0.98841047287	2.09844875336	-5.22538137436
13	17	0.499999601394	0.194718968961	-0.300996876633	0.933533825517	1.1116591692	-1.72207570076	5.33833026886
14	17	0.499986767769	-0.241303800612	0.352457762783	-0.904182504401	-1.36949419975	1.98861956596	-5.18238019943
15	17	0.499976187944	0.185206661735	-0.198288600208	0.962486427684	1.0763001442	-1.13915324211	5.4991440773
16	17	0.499259602278	-0.228743994591	0.114116399684	-0.966774861207	-1.30440044403	0.669749677181	-5.5170955658
17	17	0.499695183709	0.152015439523	-0.18247339936	0.971388060804	0.881526947021	-1.0499894619	5.55168008804
18	17	0.499236736447	-0.174493662451	0.147980932835	-0.973475015232	-1.00295507908	0.863669633865	-5.5528011322
19	17	0.499977638945	0.223718555354	-0.205929983807	0.952650434189	1.27175927162	-1.19494688511	5.44501304626
20	17	0.499986795709	-0.217896425184	0.320379491556	-0.921888349683	-1.2417216301	1.82525718212	-5.27361679077
21	17	0.499999765307	0.192483838061	-0.386541950024	0.901961913252	1.09522151947	-2.20059108734	5.16185760498
22	17	0.499989397824	-0.219752088561	0.43131159265	-0.875031044945	-1.24701178074	2.43733930588	-5.01975870132
23	17	0.499964971095	0.245044671381	-0.3294083546	0.911835097453	1.3966935873	-1.90106391907	5.20755386353
24	17	0.499143891037	-0.165995383161	0.37968485053	-0.910101613583	-0.961127758026	2.16927790642	-5.19143295288
25	17	0.497447900474	0.221924986347	-0.395189176085	0.891389261513	1.26033270359	-2.25320625305	5.09813022614
26	17	0.468024315313	-0.272383850162	0.224619499996	-0.935603077374	-1.46449446678	1.22507119179	-5.05032444
27	17	0.498225951567	0.251211991329	-0.301812329988	0.91967486259	1.45116209984	-1.7127161026	5.25112009048
28	17	0.499570570886	-0.347650841964	0.20421844191	-0.915114047573	-1.98988080025	1.19427514076	-5.22074794769
29	17	0.49998222664	0.39437305667	-0.294209953628	0.870580493325	2.24220609665	-1.6681419611	4.98778152466
0	18	0.499998155981	0.311968617844	-0.20724395745	0.927213849973	1.79925334454	-1.18203163147	5.2963347435
1	18	0.500000011176	-0.465641317034	0.238513567777	-0.852226168254	-2.63490581512	1.35324764252	-4.89053678513
2	18	0.500000011176	0.390782261842	-0.179765782354	0.902758820131	2.23431873322	-1.04382109642	5.15813541412
3	18	0.499998759478	-0.403141732599	0.352050376	-0.844711356734	-2.28613877296	2.00285291672	-4.84301900864
4	18	0.499999471009	0.30596626913	-0.449721154926	0.839127835891	1.75895595551	-2.54541039467	4.80803155899
5	18	0.499998956919	-0.316424011551	0.418654808453	-0.851236745138	-1.80146789551	2.39251995087	-4.86942958832
6	18	0.499999627471	0.293922752128	-0.360093302496	0.885405121557	1.69513297081	-2.06828022003	5.05310153961
7	18	0.499999489635	-0.294946295516	0.387401496671	-0.873456789509	-1.69567513466	2.20650148392	-4.9939904213
8	18	0.499999489635	0.257376455347	-0.394750340629	0.882003134238	1.49661362171	-2.25616836548	5.0354475975
9	18	0.499997906387	-0.331851530415	0.402551176519	-0.853127840387	-1.89454197884	2.27914190292	-4.8892288208
10	18	0.499999668449	0.33958321063	-0.280111706065	0.897897920247	1.92439317703	-1.61973905563	5.13436508179
11	18	0.499997962266	-0.185015799516	0.325470385926	-0.927274598927	-1.07878637314	1.86261498928	-5.2964720726
12	18	0.499999854714	0.265668751461	-0.355472471917	0.896135835801	1.49308919907	-2.0364587307	5.12953901291
13	18	0.499997828156	-0.195977136763	0.460959026541	-0.865511257995	-1.12458920479	2.60625886917	-4.96329832077
14	18	0.499991809949	0.226446235597	-0.303318547221	0.925591681734	1.30227816105	-1.74497056007	5.28650951385
15	18	0.499221283942	-0.365497995226	0.277809676172	-0.888387865356	-2.05934524536	1.57665157318	-5.085709095
16	18	0.497753744945	0.327851119011	-0.18808163725	0.925817985077	1.86420702934	-1.08164393902	5.29925012589
17	18	0.445326048881	-0.127847360296	0.272065629949	-0.953748051356	-0.662139892578	1.39260911942	-4.88434934616
18	18	0.498364087194	0.138235865654	-0.258373200803	0.956103621243	0.792420864105	-1.47602474689	5.47597837448
19	18	0.499240612611	-0.0931177665112	0.287557664615	-0.953225928666	-0.547067046165	1.63466048241	-5.4417963028
20	18	0.499992419034	0.13132306262	-0.245643224155	0.960423687573	0.750343561172	-1.41182303429	5.48884487152
21	18	0.499997846782	-0.0866831817425	0.23388095505	-0.968393372999	-0.524639904499	1.35339641571	-5.53050422668
22	18	0.499997545034	0.263044024028	-0.244314789251	0.933337090861	1.48695933819	-1.43094468117	5.33293437958
23	18	0.499979551882	-0.207139931023	0.437700159689	-0.874935208563	-1.18903195858	2.47064447403	-5.01739883423
24	18	0.499237384647	0.140500616354	-0.371501368663	0.917739783319	0.815062880516	-2.13139748573	5.23255157471
25	18	0.497439734638	-0.153749346059	0.418800860049	-0.894967585004	-0.885007858276	2.38523960114	-5.11930608749
26	18	0.445335825905	0.270814766499	-0.132408816713	0.953481655567	1.38105893135	-0.706535696983	4.88470363617
27	18	0.497716225684	-0.412090875154	0.20807269403	-0.887066437542	-2.3403468132	1.20048367977	-5.07954931259
28	18	0.499240860343	0.424635655365	-0.235598004109	0.874172832255	2.39749956131	-1.33801913261	5.00542354584
29	18	0.499984866008	-0.286074813953	0.208354434152	-0.93528050904	-1.65983366966	1.19203257561	-5.33970594406
0	19	0.49999932386	-0.317895443485	0.179076405166	-0.931060754261	-1.82453989983	1.0263209343	-5.31972074509
1	19	0.499999826774	0.334441799855	-0.202810879824	0.920334955076	1.92379927635	-1.15767192841	5.25771331787
2	19	0.499993983656	-0.38897314408	0.219691405894	-0.89467065413	-2.21254444122	1.25635099411	-5.11946296692
3	19	0.499994985759	0.273979823293	-0.302564728586	0.912901769877	1.59580242634	-1.71979403496	5.21427059174
4	19	0.499980587512	-0.366008677917	0.310461102802	-0.877297869219	-2.08300924301	1.79540705681	-5.01247835159
5	19	0.499990936369	0.283867725605	-0.483761855062	0.827885005267	1.64364624023	-2.73266291618	4.74656867981
6	19	0.499991618097	-0.371070040215	0.421001994922	-0.827686139504	-2.10930252075	2.39453315735	-4.74386978149
7	19	0.499999471009	0.418568671712	-0.335159070803	0.844078588948	2.3753991127	-1.92365217209	4.83147144318
8	19	0.499999478459	-0.371018236754	0.387718452487	-0.843812698173	-2.10792946815	2.1943423748	-4.84135770798
9	19	0.499999839813	0.27928515348	-0.308583477261	0.909272258791	1.6030652523	-1.7783741951	5.1914358139
10	19	0.499999806285	-0.252837653475	0.313218020218	-0.915405698472	-1.45470666885	1.79966139793	-5.22782278061
11	19	0.500000216067	0.210464677081	-0.378319919749	0.901431449431	1.2032892704	-2.15803289413	5.15571451187
12	19	0.49999958463	-0.0939076456173	0.326298172648	-0.940590695585	-0.570719540119	1.88132357597	-5.36926651001
13	19	0.500000096858	0.157612181855	-0.431115419599	0.888424389082	0.906023979187	-2.44762992859	5.08677768707
14	19	0.499963907525	-0.22730412711	0.2972274819	-0.927355734226	-1.29852199554	1.70759654045	-5.29889678955
15	19	0.49962861836	0.288792888671	-0.268007193615	0.919114145046	1.63832759857	-1.5363278389	5.25810623169
16	19	0.445014063269	-0.0950424559824	0.288729406804	-0.952681615865	-0.505817711353	1.47778475285	-4.87479162216
17	19	0.232824117877	-0.183830987046	0.313897172811	-0.931490597431	-0.505438685417	0.859106779099	-2.60002040863
18	19	0.445844767615	-0.199575529522	0.280099916212	-0.938996083567	-1.01639294624	1.4396468401	-4.81532335281
19	19	0.499692132697	0.111428284713	-0.332528671338	0.936487277065	0.644269347191	-1.88628435135	5.35943126678
20	19	0.499964067712	-0.097859751325	0.242215219641	-0.965274705172	-0.574312627316	1.39521765709	-5.5139503479
21	19	0.499999860302	0.195038627625	-0.272292853157	0.942240168882	1.11029136181	-1.56330037117	5.38614273071
22	19	0.499999195337	-0.256819320507	0.392330086061	-0.883244552876	-1.46501338482	2.20721101761	-5.0670671463
23	19	0.499960757792	0.244334682922	-0.272211696516	0.930699390244	1.39354217052	-1.58397984505	5.31343126297
24	19	0.49969695136	-0.221412855452	0.41995892318	-0.880119793143	-1.25970983505	2.37757921219	-5.04615879059
25	19	0.445483185351	0.191593605902	-0.389087147139	0.901056647558	0.988545656204	-1.98157715797	4.62041807175
26	19	0.233684513718	0.196772423673	-0.303784345241	0.932199380427	0.572415053844	-0.850140333176	2.5992577076
27	19	0.445413764566	0.227689253403	-0.354756971815	0.906810396297	1.17171192169	-1.8018913269	4.65128612518
28	19	0.499631585553	-0.220797539952	0.195611247883	-0.955502321322	-1.29023528099	1.12677180767	-5.45589256287
29	19	0.499960858375	0.386378247407	-0.10488490967	0.916357466087	2.18912291527	-0.62744307518	5.24423933029
0	20	0.499998033047	0.335628231279	-0.231116020266	0.913202647579	1.92650675774	-1.31455421448	5.21954250336
1	20	0.499994095415	-0.348809588983	0.139205765101	-0.926797510569	-1.99135386944	0.817579686642	-5.2962679863
2	20	0.499987792224	0.367561024617	-0.196408121834	0.909022960579	2.10043668747	-1.1182384491	5.19801139832
3	20	0.499602042139	-0.37692341951	0.149827149109	-0.914046257699	-2.14373159409	0.883361458778	-5.22182321548
4	20	0.499824464321	0.426756505835	-0.337329582828	0.839099301202	2.42891597748	-1.90733265877	4.8114233017
5	20	0.499476443976	-0.382775149482	0.242259205736	-0.891512008991	-2.18053174019	1.4166790247	-5.08588314056
6	20	0.499977048486	0.283218888746	-0.318892276801	0.90448591855	1.64080905914	-1.82113528252	5.16536521912
7	20	0.499989528209	-0.381578803199	0.268877537514	-0.884365584343	-2.1707918644	1.53851914406	-5.06028461456
8	20	0.499999947846	0.299767842918	-0.127209257398	0.945493016994	1.72672104836	-0.777566492558	5.39656162262
9	20	0.499999381602	-0.250660746482	0.358613565258	-0.899202702947	-1.44485890865	2.03717160225	-5.14311885834
10	20	0.500000081956	0.32699280543	-0.403852893924	0.854387819006	1.84863173962	-2.30224585533	4.89594173431
11	20	0.499999657273	-0.279083985235	0.469069031403	-0.837905945178	-1.58893918991	2.65359950066	-4.80901098251
12	20	0.49999981001	0.252037885678	-0.359041664294	0.898646753449	1.42664289474	-2.05429434776	5.14134931564
13	20	0.4999967888	-0.162262022724	0.383723281149	-0.909080568204	-0.93365585804	2.1805024147	-5.20200395584
14	20	0.499979091808	0.220313448234	-0.306880488109	0.925897591824	1.24719536304	-1.75499129295	5.29610157013
15	20	0.499234082177	-0.21975895272	0.263601591683	-0.939265778979	-1.24420118332	1.50954127312	-5.36299085617
16	20	0.49831879884	0.175720904973	-0.299738905572	0.93769864671	1.00071573257	-1.71280503273	5.37144041061
17	20	0.445931209251	-0.188266004996	0.287139797886	-0.939205327834	-0.962752699852	1.47233486176	-4.81755542755
18	20	0.498322915286	0.163422569634	-0.217707985578	0.962235052755	0.939143180847	-1.2536740303	5.50725793839
19	20	0.499252414331	-0.175193675647	0.277886599564	-0.944503157113	-1.00163912773	1.57730674744	-5.39410352707
20	20	0.499991964549	0.173485918974	-0.273388268926	0.946129742864	0.994320809841	-1.56172180176	5.40892505646
21	20	0.499998312443	-0.249933688284	0.326472165228	-0.911564082658	-1.41880249977	1.85035991669	-5.21989345551
22	20	0.499997874722	0.279991487757	-0.188831890291	0.941247727218	1.57955884933	-1.1119145155	5.38226222992
23	20	0.499991869554	-0.238379822867	0.285119060265	-0.928376099177	-1.36441075802	1.62373673916	-5.30867767334
24	20	0.499263232574	0.186955758413	-0.268590608125	0.944937368095	1.06949412823	-1.53616714478	5.39313030243
25	20	0.497774936259	-0.159741454044	0.205707447851	-0.965488018444	-0.921226620674	1.1890501976	-5.51916742325
26	20	0.445526186377	0.331135790975	-0.369711247109	0.868137478569	1.68049073219	-1.88461339474	4.45949935913
27	20	0.498309448361	-0.374521165903	0.336340354577	-0.864065427021	-2.12697267532	1.91204071045	-4.96141242981
28	20	0.499254740775	0.248538612531	-0.24298386716	0.937649933814	1.43407797813	-1.38650143147	5.34894371033
29	20	0.499990198761	-0.392345330504	0.242950858409	-0.887152761383	-2.23123788834	1.38347578049	-5.07900190353
0	21	0.499998733401	-0.401528170704	0.255060878095	-0.879613026618	-2.28271722794	1.4544095993	-5.03572750092
1	21	0.499995211139	0.296965234876	-0.258505357399	0.919231542905	1.71590590477	-1.45855140686	5.25518417358
2	21	0.499611824751	-0.36001365702	0.185347919793	-0.914350214845	-2.04898929596	1.06515467167	-5.22487640381
3	21	0.498956425115	0.262628804098	-0.175044625764	0.9488864475	1.51866698265	-1.00593400002	5.42170286179
4	21	0.468324262649	-0.431035261796	0.291039901992	-0.854110284762	-2.3129837513	1.56452178955	-4.6193819046
5	21	0.498102013022	0.420494403641	-0.324990743425	0.847092364028	2.39453077316	-1.84857344627	4.85789585114
6	21	0.499164104462	-0.315305060765	0.288378016513	-0.904113288393	-1.8093047142	1.64724564552	-5.1565322876
7	21	0.499974969774	0.349105435025	-0.286160047957	0.892321591238	1.99742698669	-1.62700009346	5.10351371765
8	21	0.499989490956	-0.36244629881	0.231266943977	-0.902855625835	-2.05428528786	1.33531069756	-5.1658000946
9	21	0.499998882413	0.264598352082	-0.372288774017	0.88960034893	1.50904750824	-2.11635994911	5.09221839905
10	21	0.499991163611	-0.19787369576	0.380022290363	-0.903564640385	-1.14747548103	2.164290905	-5.16561412811
11	21	0.499994458631	0.229569587962	-0.296446166473	0.927047719735	1.31779909134	-1.70926201344	5.29438066483
12	21	0.499980546534	-0.249248515763	0.278571283163	-0.927509146902	-1.41460680962	1.60054039955	-5.30282211304
13	21	0.499981066212	0.108653475076	-0.232452916394	0.966519562148	0.636339247227	-1.35540723801	5.51809835434
14	21	0.499954920262	-0.0861794537157	0.28942259168	-0.953314043315	-0.503758072853	1.65124619007	-5.45008420944
15	21	0.499217547476	0.0352496340852	-0.241157359307	0.969845653364	0.225432917476	-1.37815368176	5.53552865982
16	21	0.498958474025	-0.0774101234142	0.277077439904	-0.957724263601	-0.4577473104	1.5801320076	-5.4675116539
17	21	0.498985143378	0.164763181426	-0.249640419727	0.954218399993	0.943789839745	-1.43156766891	5.44636678696
18	21	0.499217201024	-0.175058124604	0.220508464447	-0.959547117195	-1.00563120842	1.25932121277	-5.47609138489
19	21	0.499962452799	0.282012907357	-0.144955417064	0.948396882717	1.59319448471	-0.852223455906	5.4246096611
20	21	0.499986955896	-0.202448536672	0.227724356265	-0.952447482837	-1.15943837166	1.30865013599	-5.44295692444
21	21	0.499999646097	0.215433832293	-0.31753732894	0.923449137004	1.2173397541	-1.80377268791	5.28707075119
22	21	0.499999670312	-0.0196726768163	0.231350853437	-0.972671459641	-0.164618819952	1.33737134933	-5.55835151672
23	21	0.499987795949	0.291139659294	-0.297390200488	0.909283656204	1.63182628155	-1.68227386475	5.21584844589
24	21	0.499969096854	-0.152441677996	0.212208885017	-0.965261065168	-0.891223549843	1.21804976463	-5.51469278336
25	21	0.499252084643	0.19844528368	-0.25138698302	0.947324682542	1.13540887833	-1.42108261585	5.41081237793
26	21	0.499633824453	-0.280438643745	0.212509394442	-0.936052308564	-1.60390329361	1.22887384892	-5.34867715836
27	21	0.499244853854	0.31318146069	-0.211900690601	0.925751300298	1.78163015842	-1.21500754356	5.28533744812
28	21	0.499976456165	-0.209029405221	0.18602347746	-0.960053109774	-1.22980856895	1.0773473978	-5.47964859009
29	21	0.499987870455	0.422065544835	-0.306698559214	0.853109998558	2.39441490173	-1.73101758957	4.89532661438
0	22	0.499999227002	0.34860065584	-0.185369374373	0.918757736181	1.99758028984	-1.05870985985	5.250872612
1	22	0.499981455505	-0.346556238732	0.143667555894	-0.926961923047	-1.97758245468	0.839912772179	-5.29772520065
2	22	0.499691266567	0.394766384555	-0.220051101351	0.892040926427	2.22746992111	-1.2566460371	5.11272525787
3	22	0.468211549334	-0.113648356033	0.191579053283	-0.974875129191	-0.649277925491	1.04466855526	-5.25548124313
4	22	0.306538206525	-0.344356985009	0.207582545944	-0.91560239924	-1.25087177753	0.763206601143	-3.36400461197
5	22	0.417410619557	-0.283608453205	0.113896582482	-0.952152200948	-1.38580131531	0.569483578205	-4.61817169189
6	22	0.49812380597	0.339899703983	-0.244919094519	0.908010367987	1.94090294838	-1.39625811577	5.19744682312
7	22	0.499155044556	-0.378579963043	0.210130883489	-0.901400146098	-2.13961148262	1.21817040443	-5.14971160889
8	22	0.49997555092	0.251238419174	-0.317850469718	0.914248508684	1.44572806358	-1.81437730789	5.22593545914
9	22	0.499980958179	-0.174704876381	0.335625656364	-0.925653080241	-1.01802384853	1.92607688904	-5.28562688828
10	22	0.499978313223	0.21544261231	-0.31507428505	0.924290363306	1.23524236679	-1.80666851997	5.28153610229
11	22	0.499470788985	-0.266104242099	0.267933571765	-0.925959034438	-1.51210522652	1.54839348793	-5.28508758545
12	22	0.499804791063	0.247757766581	-0.319370421424	0.914668586439	1.40911662579	-1.8303809166	5.22932672501
13	22	0.499599464238	-0.147940285317	0.370674385065	-0.916904669111	-0.849199056625	2.09878396988	-5.24503898621
14	22	0.499255841598	0.132503454776	-0.31798571008	0.938790670308	0.760574817657	-1.80244803429	5.3633351326
15	22	0.497834265232	-0.117474983667	0.145312113716	-0.982386898233	-0.674639105797	0.857215046883	-5.61743688583
16	22	0.445743927732	0.160153002472	-0.290512896856	0.943373347387	0.837289631367	-1.48614645004	4.83487272263
17	22	0.498019134626	-0.265356409326	0.304671176152	-0.914746659164	-1.50678300858	1.73503112793	-5.24147129059
18	22	0.499250352383	0.180663145756	-0.264043076674	0.947439750816	1.04889547825	-1.50149893761	5.40683269501
19	22	0.499978084117	-0.283885402834	0.194832954784	-0.938855259232	-1.61017692089	1.12691700459	-5.36878967285
20	22	0.499997369945	0.170203329974	-0.269289030418	0.947899912735	0.988288879395	-1.53155469894	5.41870450974
21	22	0.499999376014	-0.156612631699	0.303530890574	-0.939862480398	-0.890786290169	1.72589850426	-5.37701797485
22	22	0.499999994412	0.0795612097489	-0.317775829054	0.944821960145	0.471357554197	-1.79426729679	5.40822601318
23	22	0.499999463558	-0.223408725686	0.162818349259	-0.961030034095	-1.26773202419	0.948925375938	-5.49401521683
24	22	0.499986957759	0.235936799831	-0.107478523606	0.965806498968	1.33830714226	-0.628680706024	5.52238273621
25	22	0.499985523522	-0.232077821721	0.161367178156	-0.959218702111	-1.32733619213	0.934282898903	-5.48194217682
26	22	0.499963380396	0.314183212037	-0.2780718234	0.907725162318	1.78415346146	-1.57271254063	5.19856357574
27	22	0.499988991767	-0.280612596904	0.182996436177	-0.942214877194	-1.60733604431	1.05749487877	-5.38360452652
28	22	0.499986756593	0.35901405019	-0.178814764232	0.916042680151	2.03924894333	-1.0314232111	5.2403383255
29	22	0.499998740852	-0.387057938748	0.190718370365	-0.902115655145	-2.20561981201	1.09310936928	-5.15986347198
0	23	0.499998064712	-0.339157759507	0.120495003632	-0.932980690189	-1.93349325657	0.705645680428	-5.33358716965
1	23	0.499991120771	0.285584929678	-0.190158633515	0.939298111379	1.63789176941	-1.086845994	5.36853647232
2	23	0.499493949115	-0.243931582408	0.312799705077	-0.917961724479	-1.41393256187	1.77565336227	-5.24137830734
3	23	0.498067446053	0.249340376883	-0.376270185369	0.892328484393	1.42672288418	-2.13125538826	5.11552143097
4	23	0.417603867128	-0.26427612972	0.245703728693	-0.932624149895	-1.27921283245	1.19369649887	-4.53106212616
5	23	0.365233235061	-0.196942256836	0.232413937302	-0.952469164446	-0.862997293472	1.01217603683	-4.16859769821
6	23	0.417164962739	-0.25868376925	0.140233597032	-0.955728646526	-1.25382900238	0.689847111702	-4.63556671143
7	23	0.498068518937	0.241234727749	-0.255129042521	0.936330592147	1.38951969147	-1.46328663826	5.35531759262
8	23	0.499414585531	-0.224852533461	0.428637608833	-0.87504922061	-1.29019892216	2.4244325161	-5.00712537766
9	23	0.49996875599	0.24636852707	-0.449490943256	0.858638713779	1.40875577927	-2.55077266693	4.91917991638
10	23	0.499148812145	-0.266964248706	0.341112257314	-0.901317101703	-1.51755976677	1.95453834534	-5.14306497574
11	23	0.49830153212	0.252239277971	-0.401497976153	0.880440072801	1.44740521908	-2.28793048859	5.04392433167
12	23	0.4685684219	-0.21333644903	0.447154666355	-0.86864277115	-1.15837788582	2.4014878273	-4.69648885727
13	23	0.498936306685	0.146481954345	-0.318501102565	0.936536216447	0.85024613142	-1.83193016052	5.34993553162
14	23	0.499282367527	-0.242401071473	0.272303597351	-0.931178002005	-1.38366878033	1.57077264786	-5.31681060791
15	23	0.444506008178	0.364094903963	-0.352166416191	0.862214425891	1.84562921524	-1.79238724709	4.41946983337
16	23	0.233256198466	0.331114702716	-0.321553086672	0.887111416958	0.897025585175	-0.876200973988	2.49076199532
17	23	0.445983931422	0.266222691615	-0.0677638131497	0.961526673627	1.36698591709	-0.386289358139	4.92936754227
18	23	0.499626971781	-0.25473012233	0.234826359441	-0.938066706418	-1.46109890938	1.33692264557	-5.36353874207
19	23	0.499961514026	0.302523912583	-0.296941254879	0.905707001997	1.72682738304	-1.67501926422	5.18593788147
20	23	0.499999051914	-0.27006278496	0.224823932531	-0.936226624029	-1.53379762173	1.28827035427	-5.3552532196
21	23	0.500000741333	0.0743650589695	-0.178090588494	0.981200071491	0.455720603466	-1.03084921837	5.60567903519
22	23	0.499999713153	-0.14646571935	0.215699200834	-0.965412682647	-0.83290374279	1.23340296745	-5.51979589462
23	23	0.49999909848	0.150792486287	-0.206793862118	0.966694328456	0.861721336842	-1.17196774483	5.52888202667
24	23	0.499990863726	-0.17038495712	0.0793981552077	-0.982173558663	-0.97702986002	0.474451184273	-5.61296272278
25	23	0.499987861142	0.186898176001	-0.186668848581	0.964481110638	1.08104860783	-1.0682464838	5.51155376434
26	23	0.49996317178	-0.288610626568	0.291831968731	-0.911887058938	-1.63793230057	1.64793670177	-5.22359800339
27	23	0.499989541247	0.179631071631	-0.226956794638	0.957195534607	1.05636715889	-1.29918479919	5.46701383591
28	23	0.499984007329	-0.351082157863	0.286383768742	-0.891473866937	-1.99131679535	1.61490607262	-5.11051750183
29	23	0.49999742955	0.317444822961	-0.129524570963	0.93938925366	1.81842374802	-0.751115322113	5.36806249619
0	24	0.49996092543	0.318753198718	-0.235286270071	0.918170337913	1.81360459328	-1.32389450073	5.25756406784
1	24	0.499979292974	-0.27223773335	0.158821943471	-0.949032247509	-1.56647491455	0.926258921623	-5.41970205307
2	24	0.49994796142	0.359957080467	-0.308004043579	0.880661347716	2.0315861702	-1.73790442944	5.05447435379
3	24	0.499160228297	-0.272396062335	0.238456669933	-0.932168869781	-1.54640865326	1.37692141533	-5.32003879547
4	24	0.497238362208	0.123518222276	-0.341645208921	0.93167687531	0.716923117638	-1.92992258072	5.32722616196
5	24	0.417712798342	-0.0408705684297	0.212175821972	-0.976376473092	-0.217558562756	1.03942799568	-4.74785089493
6	24	0.305989952758	-0.205912564692	0.22180131156	-0.953102404725	-0.747729957104	0.801855862141	-3.49566197395
7	24	0.46780516766	-0.259295534374	0.068886922874	-0.963338163736	-1.39778804779	0.400280535221	-5.19268989563
8	24	0.49968817085	0.233716683749	-0.336438371666	0.912242146477	1.34617042542	-1.91404128075	5.21615314484
9	24	0.499111354351	-0.316054843718	0.410196296946	-0.855481346222	-1.78821659088	2.32525706291	-4.89605855942
10	24	0.498096197844	0.257045307014	-0.31685578713	0.912978707476	1.47332835197	-1.82250642776	5.2188539505
11	24	0.417335562408	-0.368877357444	0.362558014094	-0.855851144523	-1.78178334236	1.76949334145	-4.15305089951
12	24	0.306977428496	-0.377949805594	0.499418180814	-0.779573874064	-1.36497557163	1.8145005703	-2.88902688026
13	24	0.468745425344	-0.167637341236	0.411819220029	-0.895713487583	-0.920402348042	2.21945548058	-4.83888864517
14	24	0.499001473188	0.343954283468	-0.333164254286	0.877893518913	1.94103050232	-1.9068312645	5.01777505875
15	24	0.498298395425	-0.262226500637	0.274141118167	-0.925248026042	-1.51609861851	1.59004247189	-5.28859424591
16	24	0.445700997487	0.262763954592	-0.32913936682	0.906985325888	1.36136519909	-1.67895150185	4.64814710617
17	24	0.498300781474	-0.225868809465	0.277387769683	-0.933830448283	-1.3085436821	1.57511281967	-5.34763669968
18	24	0.499264979735	0.334307180121	-0.157995998319	0.929126457397	1.89118516445	-0.92185485363	5.30704784393
19	24	0.499990578741	-0.370088635094	0.18191652783	-0.91101085563	-2.0981554985	1.05412495136	-5.21300649643
20	24	0.499996054918	0.365128766374	-0.196735504185	0.909931934465	2.05686616898	-1.13123679161	5.2139954567
21	24	0.499999804422	-0.178709344861	0.146213094697	-0.972977235601	-1.0217448473	0.842590332031	-5.56203317642
22	24	0.500000337139	0.200746476193	-0.166831771275	0.965333109548	1.13504815102	-0.959922730923	5.52040433884
23	24	0.499990399927	-0.0467783144417	0.203164213639	-0.978026631332	-0.301304459572	1.15400886536	-5.59183073044
24	24	0.499970873818	0.145972625508	-0.110715038616	0.983073838949	0.836074411869	-0.648947656155	5.61844873428
25	24	0.499368803576	-0.238480266775	0.229685309469	-0.943595157349	-1.36619257927	1.29813027382	-5.3903465271
26	24	0.499678824097	0.280731965379	-0.166229018252	0.945281691934	1.58936500549	-0.964969575405	5.40671014786
27	24	0.499241903424	-0.23057212687	0.167159706172	-0.958589655141	-1.32214236259	0.968420147896	-5.46785068512
28	24	0.499961532652	0.29153878439	-0.269832355269	0.917712175601	1.66223120689	-1.52328276634	5.25426673889
29	24	0.499975068495	-0.239882124303	0.0591689558327	-0.968997214189	-1.39323341846	0.377606213093	-5.53308916092
0	25	0.499481659383	-0.275190305204	0.261681057513	-0.925090979342	-1.5684889555	1.4769077301	-5.29542732239
1	25	0.499263608828	0.281156224042	-0.182991308663	0.942053798164	1.6057446003	-1.04959094524	5.37635421753
2	25	0.499954454601	-0.221758248217	0.146195668412	-0.964079927125	-1.28536486626	0.849455595016	-5.50602722168
3	25	0.499232979491	0.230703526393	-0.163975522813	0.959107872363	1.30804085732	-0.941022992134	5.47658777237
4	25	0.497400693595	-0.0996964937233	0.22902368943	-0.968301997736	-0.583452939987	1.30974435806	-5.53269433975
5	25	0.445048311725	0.089739818359	-0.134305911166	0.986868120484	0.471137046814	-0.697352647781	5.08043861389
6	25	0.466726131737	-0.269148201664	0.191491032724	-0.943869922144	-1.45676994324	1.03414130211	-5.10855484009
7	25	0.49808120355	0.27617023081	-0.1712605211	0.945727147505	1.57542693615	-0.988017618656	5.3970489502
8	25	0.499069144949	-0.283978968373	0.239722979275	-0.928379684574	-1.609136343	1.37640535831	-5.29940795898
9	25	0.498060498387	0.271150493381	-0.29464399606	0.916330903945	1.55059790611	-1.69435250759	5.24112653732
10	25	0.417554467916	-0.0779698477594	0.268884576466	-0.960011347526	-0.399135768414	1.31968450546	-4.65660190582
11	25	0.365044303238	-0.218808050806	0.342396098342	-0.913722030348	-0.958664596081	1.50073647499	-3.99378347397
12	25	0.41750305146	-0.229708739431	0.448106648973	-0.863964308392	-1.12574219704	2.17656803131	-4.19096231461
13	25	0.498278852552	0.197553597956	-0.356067093622	0.913339367801	1.13828992844	-2.04810190201	5.22274160385
14	25	0.49945211038	-0.327581480911	0.445177254937	-0.833371216836	-1.86539518833	2.52500796318	-4.77144241333
15	25	0.499264251441	0.336295377985	-0.452158176473	0.826110405572	1.92562103271	-2.55631995201	4.72808790207
16	25	0.499606084079	-0.447963329869	0.292766812727	-0.844758218935	-2.53212809563	1.68456101418	-4.84256458282
17	25	0.499259078875	0.298095579267	-0.212350853178	0.930616000709	1.70063686371	-1.23086738586	5.30888366699
18	25	0.499966228381	-0.217654416632	0.220412562223	-0.950812735156	-1.25153815746	1.25877475739	-5.43485832214
19	25	0.499951034784	0.226689619192	-0.278730870156	0.933231438911	1.29999780655	-1.58670735359	5.33592796326
20	25	0.49999095872	-0.17745707324	0.319076628431	-0.930966751472	-1.02600061893	1.79553675652	-5.33132219315
21	25	0.499986772425	0.0561233801902	-0.113870821359	0.991909069542	0.364628016949	-0.677274346352	5.66682815552
22	25	0.499989023432	-0.239407143189	0.193833220869	-0.951374217791	-1.35693979263	1.10605823994	-5.44263458252
23	25	0.499973019585	0.199235545807	-0.206090996987	0.958035332463	1.12786090374	-1.17756295204	5.47968816757
24	25	0.499255333096	-0.116690797198	0.159589423949	-0.980262451394	-0.685195028782	0.91286033392	-5.59485054016
25	25	0.496653929353	0.397225621353	-0.232855896751	0.88768797282	2.2275147438	-1.32434988022	5.09041547775
26	25	0.451316387393	-0.0666400011549	0.201460095424	-0.977227169187	-0.370060801506	1.04954361916	-5.07494688034
27	25	0.498425869271	0.244357645594	-0.21604832763	0.945310774914	1.39446508884	-1.23809552193	5.41001653671
28	25	0.499222207814	-0.258067863294	0.262563106885	-0.929764267348	-1.48124158382	1.48586845398	-5.30879974365
29	25	0.499198760837	0.34710351645	-0.186157140193	0.919165201704	1.96000480652	-1.06998097897	5.25354290009
0	26	0.443955506198	-0.0199922767835	-0.108385149025	0.993907927496	-0.0688620731235	-0.570328831673	5.07751178741
1	26	0.497484885156	-0.344929382019	0.226999713373	-0.910766079489	-1.95370793343	1.28528988361	-5.21858739853
2	26	0.499258805066	0.283332725298	-0.129661943457	0.950215947664	1.60260391235	-0.749513864517	5.4277806282
3	26	0.499649439007	-0.181034191869	0.0908481048517	-0.979271792313	-1.04399132729	0.539904952049	-5.59603309631
4	26	0.445123812184	0.196237622376	-0.183477493988	0.963237667849	0.999008059502	-0.932600021362	4.93385601044
5	26	0.232950670645	0.188169700811	-0.172515788454	0.966866312595	0.512280285358	-0.479389429092	2.69633746147
6	26	0.445679801516	0.13043291183	-0.179938184695	0.974992053916	0.676504135132	-0.924838006496	4.99970054626
7	26	0.499215347692	-0.265664689725	0.282161754492	-0.921849780027	-1.50019550323	1.60512447357	-5.27369499207
8	26	0.499764427543	0.162426064413	-0.264075862749	0.95072693888	0.943624734879	-1.51638901234	5.43058443069
9	26	0.467832325026	-0.187268478408	0.379615279988	-0.905992691027	-1.00681698322	2.03015518188	-4.8927154541
10	26	0.305551126599	-0.212589059246	0.400923333353	-0.891104018991	-0.772340416908	1.45666408539	-3.26499199867
11	26	0.417858857661	-0.280632286007	0.470927093914	-0.836345139442	-1.3570599556	2.27759313583	-4.07226037979
12	26	0.49821536243	0.2894335129	-0.430123843812	0.855115033545	1.63478922844	-2.45092725754	4.90579891205
13	26	0.499146644026	-0.128016770994	0.341209321563	-0.931229244183	-0.769696474075	1.95385861397	-5.30843782425
14	26	0.499963007867	0.352641293986	-0.372142861103	0.858576617843	2.00576972961	-2.13350152969	4.91083669662
15	26	0.499982468784	-0.380424951695	0.408046635869	-0.829924574334	-2.17184138298	2.32773733139	-4.74830913544
16	26	0.499951008707	0.380080906632	-0.330372866253	0.863939971096	2.1693572998	-1.89058423042	4.93925857544
17	26	0.499960418791	-0.271711000163	0.337731234203	-0.901171873637	-1.55103421211	1.90174806118	-5.16523456573
18	26	0.499218419194	0.106962982746	-0.18137716585	0.977579277619	0.643376648426	-1.06116473675	5.57258844376
19	26	0.499699460343	-0.196875135535	0.30570120851	-0.931550831744	-1.12573981285	1.73025107384	-5.33264493942
20	26	0.499248033389	0.208934197251	-0.227261947517	0.951156405871	1.19850814342	-1.30260682106	5.42681884766
21	26	0.49996772781	-0.270346077815	0.17927102013	-0.945925419656	-1.53241443634	1.03430199623	-5.4105348587
22	26	0.499956760556	0.321264184383	-0.243940312951	0.915031391565	1.81897187233	-1.3860193491	5.2396697998
23	26	0.499047577381	-0.213429849433	0.269562562337	-0.939033398957	-1.20799779892	1.51152205467	-5.36995267868
24	26	0.497902546078	-0.00289366915442	-0.082023728582	0.99662617597	0.00826301798224	-0.484537482262	5.70274543762
25	26	0.419189726468	0.00932794870145	0.0571689716405	-0.998320939405	0.0310566015542	0.293673157692	-4.86861276627
26	26	0.270957222208	-0.191908234846	0.262057011516	-0.945778701449	-0.620720148087	0.830307364464	-3.07135605812
27	26	0.452314028516	-0.209880718992	0.337724267235	-0.917546948726	-1.09466636181	1.7437338829	-4.78170776367
28	26	0.498915158212	0.277564651699	-0.188782837792	0.94197606354	1.57077383995	-1.09613418579	5.37758779526
29	26	0.497537063435	-0.261759465789	0.254954852209	-0.930849077673	-1.49615001678	1.44456458092	-5.32701206207
0	27	0.23557551764	0.107687098207	-0.219493730533	0.969652510509	0.309549510479	-0.581997454166	2.73861098289
1	27	0.446059530601	0.175454703274	-0.0907787360945	0.980293256211	0.890704631805	-0.478860855103	5.03052330017
2	27	0.49966801703	-0.141047338992	0.174000855056	-0.974591889256	-0.818282485008	0.994022607803	-5.57120275497
3	27	0.499265961349	0.156709013904	-0.214792171947	0.964005501972	0.911321759224	-1.22413420677	5.50124597549
4	27	0.497704867274	-0.304491323378	0.307295993573	-0.901584275773	-1.72955274582	1.74472761154	-5.16647481918
5	27	0.444509114139	0.101809167101	-0.0770338142055	0.991816860596	0.540023088455	-0.412003517151	5.06838846207
6	27	0.498176325113	-0.18592729655	0.223625906679	-0.956777139286	-1.06303107738	1.28433847427	-5.47680568695
7	27	0.499213136733	0.183241112912	-0.378842740803	0.90713883848	1.05165445805	-2.13759660721	5.18774032593
8	27	0.49958152324	-0.145907778204	0.271201753593	-0.951399248007	-0.842375636101	1.5584795475	-5.43084859848
9	27	0.498953996226	0.135858014023	-0.235697225399	0.962283439515	0.783879160881	-1.35897111893	5.49942016602
10	27	0.468145374209	-0.142608163111	0.285045083594	-0.947846090952	-0.781694173813	1.54650557041	-5.10966300964
11	27	0.498294010758	0.285368943319	-0.409052022803	0.866741604418	1.61735677719	-2.33177661896	4.97202539444
12	27	0.499154550955	-0.147751970517	0.345276267093	-0.926797526211	-0.873174071312	1.97505187988	-5.28389120102
13	27	0.4999749735	0.246144685807	-0.265118570493	0.932268704414	1.41098093987	-1.53928220272	5.32315635681
14	27	0.499989565462	-0.402260389244	0.377292202398	-0.834168552066	-2.28492712975	2.15257549286	-4.77831172943
15	27	0.499995533377	0.404359404245	-0.415101114216	0.814975175803	2.31043958664	-2.35452485085	4.66943264008
16	27	0.499988041818	-0.382264659637	0.322987978113	-0.86576699867	-2.18103551865	1.83481013775	-4.95714902878
17	27	0.499230019748	0.219692915467	-0.130665462252	0.966778961225	1.27610111237	-0.785786628723	5.5095205307
18	27	0.498352084309	-0.226911865921	0.256380445192	-0.93956376709	-1.29144334793	1.45434784889	-5.38587141037
19	27	0.446030154824	0.247341375987	-0.246643229495	0.937010864968	1.26404154301	-1.26476514339	4.80788230896
20	27	0.498368600383	-0.283513402721	0.190246029747	-0.93990776071	-1.61543762684	1.09753227234	-5.38304805756
21	27	0.499232158065	0.273020697794	-0.259469192274	0.926355998975	1.56090116501	-1.47396922112	5.28928899765
22	27	0.499162647873	-0.317939025906	0.209290463834	-0.9247228112	-1.792578578	1.19713449478	-5.28564023972
23	27	0.497678088024	0.163383745583	-0.11144190316	0.980248159345	0.94784206152	-0.644316911697	5.60395812988
24	27	0.403587814886	-0.0085364426974	-0.113612018088	-0.993488519557	-0.0456871278584	-0.520843684673	-4.66041088104
25	27	0.318122989207	-0.0228575000532	0.038639618742	-0.998991748992	-0.104477196932	0.147162854671	-3.80445957184
26	27	0.419980911538	-0.374189772921	0.163514106116	-0.912822628413	-1.79882359505	0.809994339943	-4.47057914734
27	27	0.497365824878	0.0837765728374	-0.434302700698	0.896862670652	0.490927636623	-2.45617389679	5.13991498947
28	27	0.499055029824	-0.140149316322	0.216425841747	-0.966187364934	-0.803883910179	1.24645185471	-5.51582288742
29	27	0.445706432685	0.121304057817	-0.0716680001561	0.990024758938	0.618860721588	-0.386676490307	5.07518911362
0	28	0.445904455148	0.0584146412798	-0.00568941011057	0.998276194395	0.310322731733	-0.0562479421496	5.12009763718
1	28	0.497932281345	-0.253371273572	0.191220658549	-0.94828142314	-1.42781615257	1.1020462513	-5.43068408966
2	28	0.499249570072	0.133959358845	-0.218096995397	0.966689500707	0.782827973366	-1.23924803734	5.51693582535
3	28	0.499965175986	-0.231723375423	0.239531147113	-0.942830370133	-1.31553685665	1.37259912491	-5.3921380043
4	28	0.499204013497	0.339797341495	-0.293538383308	0.893517198625	1.92287492752	-1.66693496704	5.10942077637
5	28	0.499607978389	-0.288963583206	0.172078775903	-0.941747812562	-1.63633167744	0.996056377888	-5.38755369186
6	28	0.49924140051	0.198359723903	-0.163916478576	0.96632541516	1.14099180698	-0.963708221912	5.51010751724
7	28	0.499962862581	-0.213029010701	0.353858875153	-0.910715398506	-1.21595656872	2.01198124886	-5.21152019501
8	28	0.49997414276	0.2246985344	-0.353307631265	0.908121294943	1.27572512627	-1.99754369259	5.20297241211
9	28	0.499598158523	-0.18408704889	0.2260017484	-0.956574705996	-1.05103731155	1.30532944202	-5.46111059189
10	28	0.499819025397	0.199649231606	-0.266174977859	0.943022303809	1.13445806503	-1.52896332741	5.39062309265
11	28	0.499467618763	-0.252359219836	0.369555153689	-0.894283966392	-1.42565369606	2.10147571564	-5.11581897736
12	28	0.499979229644	0.218236256037	-0.321650189673	0.921365341238	1.24124574661	-1.84871315956	5.26625299454
13	28	0.499989114702	-0.329886973262	0.328077384381	-0.88517784356	-1.8651432991	1.87677073479	-5.06835079193
14	28	0.499999593943	0.381874993572	-0.384702187986	0.840342618129	2.17313075066	-2.18464660645	4.81610488892
15	28	0.499999526888	-0.436266087732	0.27092443206	-0.858062848985	-2.48018789291	1.5615940094	-4.90921401978
16	28	0.499959602952	0.437491110374	-0.203451351247	0.875904718574	2.48255085945	-1.18506038189	5.0117354393
17	28	0.499697927386	-0.313321597888	0.208429332391	-0.926491656571	-1.78728199005	1.19664573669	-5.29867362976
18	28	0.445170689374	0.242905595252	-0.192456609591	0.950766703887	1.23882317543	-0.9985435009	4.86705636978
19	28	0.233086093795	0.18118233005	-0.266009783179	0.946790239985	0.518786907196	-0.731631994247	2.63894844055
20	28	0.445770829916	0.260164074797	-0.119698478521	0.958116343888	1.32664012909	-0.641975522041	4.9113368988
21	28	0.499049842358	-0.273799869705	0.341319300652	-0.899185612848	-1.55591845512	1.92968535423	-5.14567518234
22	28	0.498216852546	0.172314444112	-0.248195454413	0.953261112581	1.00434017181	-1.41994714737	5.44982337952
23	28	0.418006134219	-0.249235487988	-0.0725723469635	-0.965719900377	-1.19824957848	-0.357722371817	-4.69858789444
24	28	0.329659658018	-0.113959704177	-0.119575493221	-0.986263092306	-0.463056653738	-0.466886162758	-3.89095163345
25	28	0.403148221783	-0.0924733445112	0.0190713540323	-0.995532502739	-0.437554836273	0.085699826479	-4.66365480423
26	28	0.497673293576	0.127858904071	-0.234367361745	0.963703294795	0.739363670349	-1.33857738972	5.51171922684
27	28	0.499146103859	-0.100921754328	0.350530499074	-0.931097829834	-0.581198871136	1.97411489487	-5.32545995712
28	28	0.499218674377	0.129349993712	-0.261562858036	0.956479717727	0.73645401001	-1.4890871048	5.4612698555
29	28	0.497714878991	-0.132059973913	0.27309019389	-0.952880847374	-0.743662774563	1.54626488686	-5.45672893524
0	29	0.499655887485	-0.0319312105425	0.140118907456	-0.989619669149	-0.184091925621	0.817293941975	-5.6567440033
1	29	0.499223994091	0.137445317408	-0.332031596454	0.933200837805	0.78358566761	-1.86210799217	5.34008836746
2	29	0.49997584708	-0.190394971907	0.150065952857	-0.970170069867	-1.07628083229	0.886587619781	-5.54496669769
3	29	0.499974716455	0.133147176013	-0.277807635464	0.95136467624	0.790434479713	-1.5840164423	5.43643760681
4	29	0.499988034368	-0.292467871382	0.314977424555	-0.902912933914	-1.6591912508	1.79137468338	-5.16964769363
5	29	0.49996191822	0.202834389543	-0.278193810325	0.938864428081	1.17715394497	-1.59216403961	5.36290597916
6	29	0.499988235533	-0.229851130238	0.30716731489	-0.923480751609	-1.31035041809	1.75353562832	-5.28143119812
7	29	0.499986663461	0.208836605638	-0.36187207863	0.908535013554	1.20339155197	-2.05305147171	5.19824743271
8	29	0.499993188307	-0.216074327881	0.199926697761	-0.955688861687	-1.23351430893	1.17035675049	-5.45868396759
9	29	0.499995600432	0.17259832464	-0.267592461521	0.947947304901	0.986459374428	-1.52282166481	5.42127513885
10	29	0.499981289729	-0.100331535179	0.279791768616	-0.9548037229	-0.590562880039	1.59844255447	-5.4570183754
11	29	0.499994363636	0.0770574804114	-0.330289690918	0.940728900792	0.454389512539	-1.89448106289	5.37516975403
12	29	0.49999156408	-0.0332704769996	0.386544777204	-0.921670337255	-0.216738879681	2.19474363327	-5.27505302429
13	29	0.500000156462	0.158304849527	-0.334532772617	0.928992679552	0.912369608879	-1.91785347462	5.30832290649
14	29	0.499999910593	-0.214124107652	0.324627809922	-0.921285868527	-1.23461580276	1.86506104469	-5.26219940186
15	29	0.499997962266	0.311183352131	-0.255574674756	0.915339558295	1.78126263618	-1.47604477406	5.22830533981
16	29	0.499990988523	-0.342234027487	0.333517108756	-0.878431675543	-1.95600891113	1.89254808426	-5.02788734436
17	29	0.499290067703	0.260154790105	-0.335762113648	0.905308393987	1.48726534843	-1.91624951363	5.16843032837
18	29	0.497798547149	-0.12537590735	0.455450079097	-0.881388737905	-0.737627983093	2.59305524826	-5.04694986343
19	29	0.445044536144	0.122599918913	-0.280776015642	0.951910756806	0.641955494881	-1.44041132927	4.87060928345
20	29	0.498188959435	-0.231792814467	0.302995282599	-0.924373274107	-1.32492303848	1.7406924963	-5.29105377197
21	29	0.498236313462	0.26149309996	-0.355979845503	0.897162030109	1.48270833492	-2.03225374222	5.11367988586
22	29	0.470896519721	-0.163190095414	0.427781689103	-0.889028581783	-0.891386568546	2.31012487411	-4.84509706497
23	29	0.325665106997	-0.207435418595	-0.492826205366	-0.845040163789	-0.824092030525	-1.89819931984	-3.25880098343
24	29	0.396368850023	-0.310269968907	-0.496000535942	-0.810996926467	-1.41962409019	-2.28865718842	-3.76166009903
25	29	0.49646130763	0.29319050133	-0.0865261352672	0.952130536137	1.65260672569	-0.497707188129	5.44316959381
26	29	0.499157670885	-0.207914725548	0.200118215339	-0.957457135746	-1.17272686958	1.12258303165	-5.47269153595
27	29	0.49996071402	0.140248318763	-0.0359972603366	0.989461776084	0.793502569199	-0.248435288668	5.65823078156
28	29	0.499965021387	-0.124228517918	0.139424666655	-0.982409302513	-0.700973570347	0.799287080765	-5.61754465103
29	29	0.499290893786	-0.00490206516103	-0.153843589425	0.988083053063	-0.00713292229921	-0.888801217079	5.63963603973
