0	0	0.4999632705	0.0152383447998	-0.382088449193	0.92400011355	0.0992461144924	-2.16651010513	5.28986263275
1	0	0.499991396442	-0.0553923629362	0.3182397101	-0.946390602787	-0.325509309769	1.81957805157	-5.41015291214
2	0	0.499985674396	0.161813680229	-0.298338584058	0.940643621226	0.917831718922	-1.7065833807	5.3783993721
3	0	0.499999508262	-0.15357062638	0.291664239665	-0.944112299472	-0.864282667637	1.65697169304	-5.40337467194
4	0	0.499997647479	0.0408133527845	-0.162373109173	0.985885005288	0.233569890261	-0.953441083431	5.6325135231
5	0	0.499999966472	0.0315705176816	0.262594598472	-0.964389640792	0.154921144247	1.49474835396	-5.51634263992
6	0	0.499997109175	0.0461200734043	-0.309958693301	0.949630742592	0.265070587397	-1.75778353214	5.43385457993
7	0	0.49999981001	-0.0980729175348	0.316502256674	-0.943508359458	-0.553668797016	1.79884338379	-5.39812612534
8	0	0.500000013039	0.0911790288439	-0.265461775191	0.959800203486	0.526506364346	-1.52665400505	5.48413467407
9	0	0.499999199063	-0.0860587042076	0.368006552478	-0.925832099661	-0.518999755383	2.08999156952	-5.29681444168
10	0	0.499999668449	0.248332351056	-0.312984197129	0.916718024131	1.41118013859	-1.80294942856	5.23907279968
11	0	0.499999027699	-0.29555536177	0.439941114488	-0.847996959848	-1.6903898716	2.49094986916	-4.86065721512
12	0	0.500000011176	0.278665457216	-0.346481769263	0.895709744573	1.59305155277	-1.98347783089	5.11989974976
13	0	0.499999266118	-0.17148069382	0.339566425201	-0.924818368396	-0.992168605328	1.93152737617	-5.28869485855
14	0	0.499999701977	0.158273340439	-0.34486884357	0.925210803245	0.889827013016	-1.97085237503	5.2921962738
15	0	0.499999718741	-0.0433415979128	0.346554898698	-0.937027858753	-0.262363880873	1.97659349442	-5.35796785355
16	0	0.49998774007	0.0826937235999	-0.340560682031	0.93657897154	0.477760314941	-1.94684028625	5.35407352448
17	0	0.499967742711	-0.199643479895	0.432011967363	-0.879493115943	-1.12626719475	2.44480228424	-5.04472112656
18	0	0.499216213822	0.203299419187	-0.40108855822	0.893195003694	1.15174388885	-2.28983616829	5.09980201721
19	0	0.499550536275	-0.127948064606	0.428404915009	-0.89448226453	-0.721509635448	2.42961740494	-5.1257109642
20	0	0.498394524679	-0.0347869382393	-0.38809337693	0.920963299872	-0.177677676082	-2.21314644814	5.24891233444
21	0	0.497087720782	0.0110853317049	0.438569957601	-0.898628681776	0.0608452409506	2.50873780251	-5.1335735321
22	0	0.402143470943	-0.0686371514223	-0.760416374057	0.645798636969	-0.319502204657	-3.56736755371	3.02381896973
23	0	0.350418925285	-0.125743585644	-0.936183763811	0.328250683239	-0.522217333317	-3.89063715935	1.36587142944
24	0	0.475411085412	0.0201138924739	-0.329889130642	0.943805378674	0.117243647575	-1.817040205	5.18785953522
25	0	0.499204505235	-0.0263253297146	0.185445106311	-0.98230193401	-0.158415526152	1.08503484726	-5.60385465622
26	0	0.499946676195	0.0476816461971	-0.212033048569	0.976098584637	0.279107034206	-1.22026515007	5.57805347443
27	0	0.499987663701	-0.0317082330699	0.279231949916	-0.959700008389	-0.197834134102	1.57956218719	-5.49146795273
28	0	0.499988729134	0.177056447196	-0.295125271117	0.938910053655	0.985776305199	-1.67478609085	5.37753868103
29	0	0.499990921468	-0.0771089268647	0.27085434974	-0.959527036943	-0.440928995609	1.55806469917	-5.48303556442
0	1	0.499999094754	-0.145712617156	0.414390839444	-0.898358539441	-0.821633577347	2.34877514839	-5.14752674103
1	1	0.499997733161	0.161085561518	-0.313890059113	0.935694647126	0.9123904109	-1.80245614052	5.34819364548
2	1	0.500000093132	-0.195891368682	0.365666638062	-0.90989806104	-1.11585593224	2.08145475388	-5.20627117157
3	1	0.499999349937	0.169856325468	-0.316385846249	0.933299965173	0.964638948441	-1.80159640312	5.33946037292
4	1	0.500000575557	-0.0274108492285	0.267780883428	-0.963089842027	-0.174492508173	1.52837967873	-5.5064201355
5	1	0.499999376014	0.0583368883688	-0.274623900019	0.95978045458	0.327908962965	-1.56421685219	5.48916625977
6	1	0.499999294989	-0.0384656675356	0.119497523987	-0.99208907573	-0.224240124226	0.728457927704	-5.66725540161
7	1	0.499998083338	0.0395425249199	-0.259267576665	0.964995705904	0.231953546405	-1.47803199291	5.51782989502
8	1	0.500000048429	-0.093992045833	0.207426218954	-0.973724734723	-0.538799703121	1.20851838589	-5.56199550629
9	1	0.499997736886	0.1255746072	-0.319175990982	0.93933897226	0.71909725666	-1.82817745209	5.36890745163
10	1	0.49999916926	-0.182381504042	0.390476753885	-0.90236627356	-1.05803585052	2.21927165985	-5.1618976593
11	1	0.499999966472	0.374573164908	-0.371605293764	0.849473042407	2.1152639389	-2.12233257294	4.8696846962
12	1	0.499999821186	-0.361351817526	0.306537580081	-0.880601826008	-2.04692268372	1.75110960007	-5.04312705994
13	1	0.499999927357	0.262884112653	-0.268928360832	0.926590243881	1.48799920082	-1.54818499088	5.29933357239
14	1	0.499997355044	-0.0560758312168	0.367767002376	-0.92822569083	-0.345554769039	2.08678126335	-5.31199979782
15	1	0.499999333173	0.10230703777	-0.30346629594	0.947333878446	0.583304107189	-1.74284148216	5.41340494156
16	1	0.499997096136	-0.125542583208	0.260905843481	-0.95716623459	-0.715526521206	1.50162827969	-5.46948671341
17	1	0.499985389411	0.141490920316	-0.306803493807	0.941197075886	0.807122826576	-1.76826381683	5.37646150589
18	1	0.499982520938	-0.14124678372	0.405903292563	-0.902935137856	-0.811879873276	2.31035614014	-5.1661605835
19	1	0.499299781397	0.0709020807073	-0.341942776372	0.937042172284	0.416255503893	-1.97018814087	5.34218120575
20	1	0.497939310968	-0.0737820613184	0.364301008387	-0.928353910271	-0.416133999825	2.09070467949	-5.31086301804
21	1	0.418483499438	0.0687650779761	-0.575603881471	0.814832213211	0.328543037176	-2.79570126534	3.97223734856
22	1	0.331412270665	0.0308826226328	-0.648046126855	0.76097469149	0.124097213149	-2.57317471504	3.01923322678
23	1	0.402574710548	0.0520826554377	-0.836568989306	0.54538034722	0.234447002411	-3.90954351425	2.57011508942
24	1	0.497254576534	-0.0854162634553	0.400503781689	-0.912305202654	-0.475685656071	2.28927445412	-5.21037054062
25	1	0.49954046309	0.0824496795381	-0.3379635008	0.937540784431	0.464778959751	-1.92358696461	5.35853004456
26	1	0.499986059964	-0.101814555238	0.304828788519	-0.946949421052	-0.573112368584	1.7449618578	-5.4140496254
27	1	0.49999845773	0.0803983009329	-0.268081936182	0.960035514291	0.457957059145	-1.55137109756	5.48350477219
28	1	0.499999651685	-0.0757864418308	0.348810949001	-0.934123833917	-0.430022895336	1.98501753807	-5.34418106079
29	1	0.499997878447	0.0745681516595	-0.332636891097	0.940102276053	0.433650612831	-1.90066981316	5.37418651581
0	2	0.499999744818	0.154207085245	-0.322507638439	0.933921301828	0.888268589973	-1.84463262558	5.3381896019
1	2	0.499999426305	-0.110814831236	0.271199451567	-0.956122863783	-0.655925631523	1.57696866989	-5.45670080185
2	2	0.500000230968	0.244966164941	-0.411210553929	0.878007664187	1.38946735859	-2.31998467445	5.03818798065
3	2	0.499999674037	-0.206252697741	0.228494962176	-0.951446202859	-1.17204856873	1.32315123081	-5.43746757507
4	2	0.499999208376	0.105561577496	-0.26621402725	0.958116300379	0.606204688549	-1.52306878567	5.47691440582
5	2	0.499999718741	-0.100130589143	0.35234595401	-0.930497820422	-0.562097251415	1.98913311958	-5.33073997498
6	2	0.499986838549	0.0731923244796	-0.308614059963	0.948367147064	0.41523629427	-1.74442255497	5.42901611328
7	2	0.499990040436	-0.00574263699988	0.305350843576	-0.952222602361	-0.0536532625556	1.73871338367	-5.44606542587
8	2	0.49996114336	0.139575953556	-0.311825982375	0.939831426323	0.79207277298	-1.77559328079	5.37613296509
9	2	0.499990833923	-0.135447091722	0.363727089276	-0.92160549579	-0.784188866615	2.07447147369	-5.26924514771
10	2	0.499987214804	0.221454329783	-0.340794311273	0.913683324366	1.25537919998	-1.94395399094	5.2276763916
11	2	0.499998942018	-0.254551167796	0.319801573764	-0.912650347281	-1.4582709074	1.82424545288	-5.2184138298
12	2	0.499998750165	0.252763201211	-0.196365748516	0.947391818058	1.44447338581	-1.14258694649	5.41267347336
13	2	0.499987982213	-0.223869568787	0.213868151032	-0.950864254321	-1.28194522858	1.23020553589	-5.43405628204
14	2	0.499990453944	0.0726984067247	-0.295606692734	0.95253956604	0.440820425749	-1.69391059875	5.44318675995
15	2	0.499961199239	-0.149556169446	0.368407117266	-0.917556073561	-0.846925973892	2.08097290993	-5.25692558289
16	2	0.499987438321	0.144937348281	-0.218054846533	0.965114111894	0.815340042114	-1.27119004726	5.51446914673
17	2	0.499980477616	-0.0632636924432	0.346616968595	-0.935870921816	-0.384618520737	1.9698035717	-5.35358762741
18	2	0.499945517629	0.222111442558	-0.400960483702	0.888761608979	1.2502065897	-2.28418898582	5.08956384659
19	2	0.499745115638	-0.113524165408	0.44880537732	-0.886389303386	-0.66349196434	2.55209589005	-5.07323741913
20	2	0.455996543169	0.175172007989	-0.418894854416	0.890978040448	0.911963760853	-2.20552015305	4.67574071884
21	2	0.276599302888	0.0227480868267	-0.49624821641	0.86788261433	0.106841266155	-1.63820743561	2.87445759773
22	2	0.419284079224	0.0805048194633	-0.523309483679	0.848331396528	0.390351623297	-2.55202317238	4.13803434372
23	2	0.496991984546	-0.0578551208292	0.42541500779	-0.903147195168	-0.324757754803	2.43464279175	-5.15831136703
24	2	0.499023407698	-0.0158481721804	-0.406648888217	0.913447052188	-0.0744856148958	-2.30761623383	5.21834230423
25	2	0.499955009669	-0.0301706818403	0.341538912528	-0.939383255751	-0.177885740995	1.963991642	-5.36592960358
26	2	0.499992668629	0.0641441781212	-0.428240890666	0.901385191788	0.371506631374	-2.43580722809	5.15882921219
27	2	0.499999165535	-0.0913059720193	0.426462198241	-0.89988511097	-0.507636249065	2.42175865173	-5.15431928635
28	2	0.500000145286	-0.0886688985002	-0.354140526581	0.930979223115	-0.456879198551	-2.02450823784	5.3288731575
29	2	0.500000152737	-0.120331936319	0.27774357236	-0.953089047841	-0.677496373653	1.60672736168	-5.44509410858
0	3	0.500000730157	-0.350296881325	0.312857912134	-0.882843146742	-1.95862150192	1.80926334858	-5.05899906158
1	3	0.500000376254	0.206275384002	-0.435105021775	0.876432590665	1.18159556389	-2.45683717728	5.02654075623
2	3	0.500000406057	-0.292164156741	0.277186503873	-0.915318385911	-1.64837956429	1.59461867809	-5.23769950867
3	3	0.499999625608	0.19886389033	-0.167751825104	0.965563295852	1.13163530827	-0.97866743803	5.51813602448
4	3	0.500000158325	-0.130521775038	0.239463294987	-0.962092197554	-0.739643216133	1.36335408688	-5.5026512146
5	3	0.499986888841	-0.00258585267819	-0.182897035214	0.983128673102	0.0131244566292	-1.05805528164	5.61885881424
6	3	0.499976503663	-0.0976722830708	0.135323803587	-0.985975452688	-0.553183913231	0.802212774754	-5.63409948349
7	3	0.499231366441	0.074868955002	-0.256129745483	0.963738653918	0.440447419882	-1.4504904747	5.50376033783
8	3	0.49963870272	-0.229609283349	0.247819108327	-0.941204157741	-1.29477143288	1.42878305912	-5.3833065033
9	3	0.499202791601	0.208410359727	-0.428206444047	0.87932039851	1.18175649643	-2.40840911865	5.0395154953
10	3	0.499977497384	-0.131241106735	0.210856192106	-0.968666835477	-0.7653850317	1.23656058311	-5.53030395508
11	3	0.499987117946	0.230118413774	-0.303590473248	0.924596312017	1.30416798592	-1.7302697897	5.2904624939
12	3	0.499988595024	-0.142855344349	0.231554284965	-0.96227592909	-0.845843672752	1.33297812939	-5.49547815323
13	3	0.499973516911	0.343534915801	-0.178519539175	0.922016559373	1.92926478386	-1.03982853889	5.28147268295
14	3	0.499243030325	-0.224197280955	0.29852403705	-0.92769552037	-1.27683103085	1.68618929386	-5.30266571045
15	3	0.499664140865	0.152394712052	-0.256461801858	0.954464874119	0.871185064316	-1.47143733501	5.45637750626
16	3	0.499211622402	-0.0228127672651	0.266737735215	-0.963499122087	-0.158202394843	1.51702475548	-5.50085067749
17	3	0.499641813338	0.0929393215174	-0.262239332211	0.960516952041	0.538571178913	-1.49896848202	5.48749923706
18	3	0.499774765223	-0.267057864795	0.280888836469	-0.921835971525	-1.51255595684	1.61197161674	-5.27239990234
19	3	0.498853512108	0.215525269417	-0.409548797044	0.88646412284	1.23168575764	-2.32281208038	5.06254291534
20	3	0.498603392392	-0.316266501306	0.416314552997	-0.852442193415	-1.79085683823	2.37668347359	-4.88807058334
21	3	0.456291694194	0.248251453767	-0.388791206684	0.887250028632	1.29596161842	-2.04872846603	4.66023778915
22	3	0.498090725392	-0.171317681188	0.434857247813	-0.884052841258	-0.971043348312	2.48037290573	-5.06762933731
23	3	0.498772228137	0.0454322157378	-0.309770062942	0.949725445525	0.270136117935	-1.77771067619	5.41301727295
24	3	0.499935168773	-0.000229536426514	0.274393582088	-0.961617444425	-0.0183189045638	1.58868837357	-5.49234294891
25	3	0.499983288348	0.0620202026273	-0.377370631425	0.923983171386	0.358427464962	-2.15560102463	5.28290128708
26	3	0.499999348074	-0.110484896369	0.458435308789	-0.881833405655	-0.627652525902	2.60240221024	-5.05174303055
27	3	0.499999172986	0.0645787750786	-0.393108025201	0.917221708385	0.381996572018	-2.25378680229	5.2399725914
28	3	0.499999646097	-0.122840054194	0.323500297772	-0.93822059156	-0.693986058235	1.86839675903	-5.35908746719
29	3	0.499999709427	0.146330103918	-0.374650742947	0.915545914466	0.85301554203	-2.12926220894	5.23715734482
0	4	0.499999929219	0.203139505131	-0.421121895121	0.883963059695	1.15747439861	-2.39021396637	5.06349849701
1	4	0.499999720603	-0.0978296924325	0.370455737646	-0.923683873262	-0.584873437881	2.11489629745	-5.27961349487
2	4	0.499999988824	0.192924067077	-0.241084362839	0.951135444791	1.09738445282	-1.39231705666	5.4356880188
3	4	0.500000208616	-0.0874924125896	0.197510482512	-0.976388594278	-0.523609340191	1.14228963852	-5.57767629623
4	4	0.499997571111	0.111249854557	-0.242398119371	0.963777267623	0.637885093689	-1.37824892998	5.51132917404
5	4	0.499990629032	-0.0805888335964	0.174073924377	-0.981429421177	-0.466994673014	1.00838804245	-5.60808753967
6	4	0.499243693426	0.155324623876	-0.221928237431	0.962612133026	0.879104137421	-1.25920510292	5.49791955948
7	4	0.498301649466	-0.161328648365	0.131050764755	-0.978160909193	-0.916968107224	0.766365647316	-5.59980916977
8	4	0.445948885754	0.237270120491	-0.121704083663	0.96378991795	1.20488286018	-0.644103765488	4.94384050369
9	4	0.498184906319	-0.205770218947	0.30747282752	-0.929042021295	-1.16763663292	1.75928330421	-5.32139205933
10	4	0.499284118414	0.0768954817447	-0.225395279897	0.97122811568	0.470862150192	-1.30559158325	5.5383014679
11	4	0.499985035509	-0.207781492926	0.360591879795	-0.909285624776	-1.17971014977	2.05141329765	-5.20447397232
12	4	0.499988161027	0.185646966583	-0.365586919331	0.912075330339	1.06764054298	-2.06949734688	5.22155618668
13	4	0.499241810292	-0.233329100257	0.245124806118	-0.940994877987	-1.33330667019	1.39825487137	-5.37155056
14	4	0.498263664544	0.27604439992	-0.164981758962	0.946879352654	1.57237792015	-0.957221210003	5.42151975632
15	4	0.44575441815	-0.226131003979	0.141199555936	-0.96380882671	-1.15662884712	0.730404257774	-4.94107198715
16	4	0.497840266675	0.130510033035	-0.226139389147	0.965312440588	0.742785096169	-1.28854656219	5.52396535873
17	4	0.498191874474	-0.10918041212	0.152920754009	-0.982188821257	-0.635855257511	0.88434112072	-5.60208559036
18	4	0.473241068423	0.347399394701	-0.102378462072	0.932111748164	1.87164950371	-0.579140305519	5.09374952316
19	4	0.498212702572	-0.194601372074	0.271294867774	-0.942618374904	-1.1242992878	1.55788803101	-5.38724946976
20	4	0.497687090188	0.251928900328	-0.32250965535	0.912424983977	1.43768465519	-1.84256601334	5.18895244598
21	4	0.498033285141	-0.327607911607	0.326551400758	-0.886587411886	-1.86062264442	1.87472963333	-5.07751560211
22	4	0.470870636404	0.177503331756	-0.417396688763	0.891219709962	0.970661401749	-2.2517182827	4.84293365479
23	4	0.498899303377	-0.112059220262	0.248436389203	-0.962144527436	-0.651315867901	1.43773674965	-5.49503850937
24	4	0.499647667632	0.155856695717	-0.296045984595	0.942372254157	0.878882050514	-1.69136142731	5.38602209091
25	4	0.499995294958	-0.156888951382	0.4032287314	-0.90155002474	-0.891741394997	2.28745174408	-5.16319990158
26	4	0.499998992309	0.186586204658	-0.343959776996	0.920259343903	1.05134916306	-1.98201870918	5.25868940353
27	4	0.499999340624	-0.132471222773	0.46961142605	-0.872878275397	-0.759844601154	2.65664386749	-5.00607919693
28	4	0.500000186265	0.214458094809	-0.446823953564	0.868536746541	1.2099583149	-2.53716492653	4.97886419296
29	4	0.499999962747	-0.267714012005	0.355308972073	-0.895591839032	-1.50206172466	2.03897476196	-5.12628126144
0	5	0.499999763444	-0.0391347764817	0.361578198816	-0.931520088571	-0.255033314228	2.05871272087	-5.32826805115
1	5	0.499997874722	0.166602471105	-0.341291265236	0.925075072032	0.946445465088	-1.94738149643	5.29112195969
2	5	0.499999886379	-0.196536237168	0.312651762314	-0.929312855287	-1.1163957119	1.78614211082	-5.31454753876
3	5	0.49999724701	0.193792827418	-0.320545966346	0.927197186957	1.10309839249	-1.82016611099	5.30628728867
4	5	0.4999990426	-0.165043623087	0.235422344965	-0.957777073211	-0.94602817297	1.35394251347	-5.47319698334
5	5	0.499961400405	0.138859488059	-0.241922833267	0.960307963791	0.797672688961	-1.38555955887	5.48841094971
6	5	0.499650608748	-0.178642039071	0.310717539196	-0.933563941416	-1.01547622681	1.75653612614	-5.3457531929
7	5	0.445279820822	0.180066349149	-0.151063857617	0.971985504432	0.925459742546	-0.783982872963	4.97605228424
8	5	0.23362917034	0.136840230571	-0.247126011217	0.959272373144	0.400145530701	-0.666349232197	2.68311166763
9	5	0.445698833093	0.0577653631922	-0.259933598244	0.963897135237	0.318581700325	-1.32593524456	4.94169282913
10	5	0.49962644279	-0.231672720367	0.269496656338	-0.93471883626	-1.3056319952	1.54304265976	-5.34877538681
11	5	0.499962672591	0.198307348168	-0.406258640537	0.891979883547	1.14586234093	-2.29435896873	5.10971021652
12	5	0.499961337075	-0.240906796403	0.307404931275	-0.920579232698	-1.36987245083	1.76148104668	-5.26319980621
13	5	0.499673392624	0.148880699281	-0.242529583459	0.958652146782	0.87230026722	-1.38598155975	5.4787106514
14	5	0.445632988587	-0.168232501707	0.104624775599	-0.980179310994	-0.871171295643	0.543997585773	-5.02181625366
15	5	0.233383683953	-0.23785807659	0.130473202364	-0.962496898107	-0.659171760082	0.370086431503	-2.68669223785
16	5	0.445454128087	-0.283006395849	0.199922322371	-0.938050342426	-1.43972289562	1.01535022259	-4.81370353699
17	5	0.472634975798	0.172125577398	-0.151742507508	0.973317521172	0.948687493801	-0.838292777538	5.30572271347
18	5	0.331135192886	0.163319844231	-0.291806873773	0.942430568742	0.668102324009	-1.14398741722	3.7367143631
19	5	0.428046498448	0.201142808525	-0.134956780818	0.970220716069	1.0022380352	-0.693201184273	4.8311047554
20	5	0.496757991612	-0.227168363289	0.36452741672	-0.903058302204	-1.30797433853	2.07085418701	-5.16910076141
21	5	0.417397294194	0.283287196806	-0.271822560589	0.919706942281	1.38427853584	-1.32463550568	4.45993518829
22	5	0.3180796979	0.342995556134	-0.226420384156	0.911640202114	1.28083133698	-0.877168774605	3.4775249958
23	5	0.471083495766	0.309562622361	-0.313377652058	0.897755774154	1.65868496895	-1.69436812401	4.88689517975
24	5	0.499830616638	-0.169816195274	0.24107734991	-0.95553344849	-0.979556500912	1.39689719677	-5.45630979538
25	5	0.499982044101	0.15530144413	-0.321088544814	0.934228884075	0.882167458534	-1.83271980286	5.34267902374
26	5	0.500000523403	-0.117340579498	0.294890241642	-0.948298968568	-0.676609814167	1.68407320976	-5.42113447189
27	5	0.50000083819	0.102010866209	-0.236576747749	0.96624283987	0.586018204689	-1.38177740574	5.51736783981
28	5	0.499999651685	-0.102087140881	0.374322436214	-0.921662047289	-0.586503386497	2.12456822395	-5.2756280899
29	5	0.499999705702	0.0678507145455	-0.28918407574	0.954865881092	0.399657279253	-1.66916751862	5.45379590988
0	6	0.499986005947	0.186693135306	-0.247345586005	0.950771178735	1.05627632141	-1.42786037922	5.43470859528
1	6	0.499991361052	-0.224106804366	0.262813451418	-0.938458965534	-1.27505576611	1.51000034809	-5.36477565765
2	6	0.499961635098	0.12152841614	-0.330821276694	0.935835523453	0.724756598473	-1.89053785801	5.34657859802
3	6	0.499991383404	-0.246973056514	0.341792564885	-0.906742605123	-1.40695035458	1.9463262558	-5.18835306168
4	6	0.499986158684	0.257953607369	-0.259371910376	0.930691220842	1.46158266068	-1.48874759674	5.32253932953
5	6	0.499988552183	-0.183114646968	0.283765028914	-0.941247275922	-1.05320179462	1.62116622925	-5.38025474548
6	6	0.499297469854	0.143736044258	-0.279816491802	0.949232679851	0.84867143631	-1.60081076622	5.41454124451
7	6	0.497632902116	-0.395892666321	0.263345350902	-0.87972622043	-2.23493170738	1.50830316544	-5.04514884949
8	6	0.445045440458	0.220790433298	-0.0586817876505	0.973554329435	1.12855815887	-0.329112738371	4.98343706131
9	6	0.498180637136	-0.105624172044	0.288446705039	-0.951652264555	-0.621717274189	1.63795280457	-5.45081424713
10	6	0.499257599935	0.223910772874	-0.215883291005	0.950399058531	1.2807366848	-1.24426352978	5.42203569412
11	6	0.499988742173	-0.305868792597	0.253140860368	-0.917803893284	-1.73064100742	1.4610016346	-5.24973297119
12	6	0.499987084419	0.304026369993	-0.292403262458	0.906679821355	1.72987008095	-1.66889238358	5.18690919876
13	6	0.499235345051	-0.260526289955	0.249836345359	-0.932581284811	-1.47903990746	1.42533588409	-5.32582139969
14	6	0.498015834019	0.274446188939	-0.229748450131	0.933753146736	1.55870866776	-1.31124019623	5.34849691391
15	6	0.444921988994	-0.254283502947	0.0230167529915	-0.966855795458	-1.30203723907	0.141029715538	-4.94849586487
16	6	0.496770875528	0.0971579753102	-0.257757417718	0.961312353736	0.59491956234	-1.46829462051	5.48763275146
17	6	0.496025949717	-0.292654560751	0.307004970661	-0.905594421395	-1.66000247002	1.7394349575	-5.18596935272
18	6	0.395016551018	0.343428710612	-0.27950114623	0.89662468736	1.58159995079	-1.30024623871	4.18271112442
19	6	0.383847808465	0.201486140811	-0.307288063346	0.930041601858	0.927138924599	-1.40866017342	4.27890300751
20	6	0.39845809713	0.431398585913	-0.332765667259	0.838547715258	2.02790975571	-1.5730009079	3.93607330322
21	6	0.370854482055	0.426813592221	-0.337919254405	0.838832960128	1.87892246246	-1.49022495747	3.73817133904
22	6	0.418248791248	0.213173578886	-0.309889300264	0.926566590616	1.05935537815	-1.49851369858	4.50459289551
23	6	0.498275190592	-0.143295891177	0.235889708054	-0.961156768278	-0.839389979839	1.36209082603	-5.49516677856
24	6	0.499511361122	0.226840842419	-0.319313388632	0.920099012091	1.27540254593	-1.81481933594	5.26338672638
25	6	0.499993143603	-0.0760745662619	0.300969505649	-0.950594559756	-0.464371979237	1.72150039673	-5.43253278732
26	6	0.499996636063	0.118225494903	-0.223994774238	0.9673929261	0.680026769638	-1.29608798027	5.52661132812
27	6	0.499998511747	-0.0835167772822	0.245870677164	-0.965697964181	-0.482234239578	1.40644025803	-5.51989793777
28	6	0.499999934807	0.0592801020147	-0.26663548094	0.961972655437	0.345542639494	-1.5340294838	5.49648189545
29	6	0.499997412786	-0.0195844667328	0.297046937166	-0.954662016518	-0.134791433811	1.69494760036	-5.45846509933
0	7	0.499966112897	-0.279933561254	0.263543161279	-0.923137153096	-1.58180356026	1.50907373428	-5.2830080986
1	7	0.499235775322	0.326047421423	-0.222776324431	0.918729442359	1.8469388485	-1.29713726044	5.24363946915
2	7	0.499675672501	-0.263385334436	0.392285580053	-0.881328649986	-1.50496125221	2.22484374046	-5.04843521118
3	7	0.499266423285	0.338747696114	-0.336190236271	0.878763974804	1.91491520405	-1.92687654495	5.02118825912
4	7	0.499978175387	-0.228056933138	0.253032715539	-0.940193852413	-1.32260382175	1.46791303158	-5.36552381516
5	7	0.499974247068	0.283533030132	-0.331515214499	0.899837031567	1.60491657257	-1.89182603359	5.15060806274
6	7	0.499969683588	-0.228137792033	0.288643468136	-0.929859180816	-1.31128251553	1.66036772728	-5.31128454208
7	7	0.499232050031	0.314366403807	-0.312274621389	0.896469924199	1.79193377495	-1.76896762848	5.12310504913
8	7	0.499621845782	-0.392567011308	0.184527560934	-0.901022042399	-2.20994257927	1.0715675354	-5.16469955444
9	7	0.499266048893	0.212647218182	-0.218948694549	0.952282851759	1.2217464447	-1.25892925262	5.43292331696
10	7	0.499975213781	-0.304503402947	0.209337933381	-0.929222958843	-1.72338438034	1.20786702633	-5.3158454895
11	7	0.499987572432	0.204432473264	-0.306739765008	0.929579518082	1.19615483284	-1.74578440189	5.31114339828
12	7	0.499986745417	-0.310458029741	0.313732374221	-0.897322578082	-1.75623226166	1.78183102608	-5.14069986343
13	7	0.499974880368	0.18742030444	-0.205270875923	0.960592263649	1.08291959763	-1.18327498436	5.48781776428
14	7	0.499246297404	-0.134600811646	0.239418101923	-0.961541259633	-0.806765317917	1.35710728168	-5.48685979843
15	7	0.499161399901	0.361676317091	-0.186033168911	0.91355454228	2.04245710373	-1.06350111961	5.228515625
16	7	0.497551899403	-0.376577522919	0.209915963014	-0.902288566759	-2.13415050507	1.20020103455	-5.16401290894
17	7	0.416425611824	0.483948013179	-0.132735000415	0.864971525662	2.32858681679	-0.662510633469	4.1946849823
18	7	0.378064792603	0.382957963727	-0.080366092909	0.92026327164	1.73308432102	-0.373850345612	4.16610336304
19	7	0.418404113501	-0.00209832641083	-0.253255722148	0.967397093352	0.0198860708624	-1.25839745998	4.77156066895
20	7	0.347234655172	0.447833856094	-0.367595690792	0.815057203788	1.83898472786	-1.50412011147	3.4081902504
21	7	0.439578851685	0.418517945661	0.0543065493705	0.906583436786	2.13905477524	0.230586245656	4.64764499664
22	7	0.498016746715	-0.302791711862	0.266982672008	-0.914897498125	-1.72554516792	1.51691126823	-5.2362036705
23	7	0.499156685546	0.200229940261	-0.269001603706	0.942096655459	1.14636993408	-1.53624987602	5.37604427338
24	7	0.499978240579	-0.186164289602	0.354527077904	-0.916326038214	-1.07694244385	2.01086354256	-5.2424659729
25	7	0.499991092831	0.249876718855	-0.341699114771	0.905981975725	1.41671836376	-1.94837260246	5.18485116959
26	7	0.499986739829	-0.247045774782	0.280068230666	-0.927647654734	-1.39313423634	1.60165643692	-5.3084526062
27	7	0.499991945922	0.115373166478	-0.243345639923	0.963053441917	0.658254742622	-1.39874374866	5.50435066223
28	7	0.499963697046	-0.124900849595	0.301027657882	-0.945400511403	-0.695793747902	1.71540498734	-5.40871953964
29	7	0.49997754395	0.0937724588825	-0.313681339247	0.9448866299	0.553012371063	-1.79119598866	5.40124559402
0	8	0.499249951914	0.230597977796	-0.276583985162	0.932912574569	1.3179744482	-1.5906317234	5.32184791565
1	8	0.498300153762	-0.325884532962	0.348753842161	-0.87873205743	-1.85843062401	1.98210048676	-5.04078006744
2	8	0.445747051388	0.21870631597	-0.409890490668	0.885526585154	1.13537609577	-2.08587598801	4.54340553284
3	8	0.498042631894	-0.319784365977	0.461618006915	-0.827433849301	-1.82985496521	2.62260484695	-4.74721384048
4	8	0.499246373773	0.326544949102	-0.383929901074	0.86369336415	1.85380554199	-2.18623685837	4.93702459335
5	8	0.499988377094	-0.232184507445	0.438184792516	-0.868380355668	-1.34842896461	2.48589324951	-4.96904945374
6	8	0.499984066933	0.26763229905	-0.383507162208	0.883909050209	1.52698624134	-2.18000483513	5.05970525742
7	8	0.49999057129	-0.201413263835	0.274191051573	-0.940346725622	-1.16887378693	1.57846784592	-5.36920690536
8	8	0.49996182695	0.243456281229	-0.326954940119	0.91314265384	1.38641965389	-1.85140061378	5.22845315933
9	8	0.499989390373	-0.158622919659	0.310891013987	-0.937115546121	-0.928261518478	1.76730251312	-5.35743999481
10	8	0.49998726882	0.30229208321	-0.241032157787	0.92223803616	1.72385406494	-1.39201426506	5.27033042908
11	8	0.499999135733	-0.321579433798	0.324929665025	-0.88938595702	-1.83021712303	1.85474944115	-5.08912658691
12	8	0.499998986721	0.24483060494	-0.268492266664	0.931649009888	1.40705657005	-1.53966188431	5.32313585281
13	8	0.499987935647	-0.195110852938	0.158160734751	-0.967944697309	-1.13008069992	0.920626938343	-5.52812671661
14	8	0.499975090846	0.285773922624	-0.161279018343	0.944628150856	1.61671924591	-0.932879567146	5.40371465683
15	8	0.499813223258	-0.273701310964	0.217879066628	-0.93681177656	-1.58312654495	1.23546731472	-5.35159254074
16	8	0.476516630501	0.407375480295	-0.135055671015	0.903219344224	2.23269844055	-0.755269646645	4.96447896957
17	8	0.335565965623	0.356871794769	-0.346819733482	0.867386070078	1.44437921047	-1.36758112907	3.49002981186
18	8	0.417315799743	0.376115976272	-0.228444700145	0.897969816513	1.81935381889	-1.11086213589	4.35990047455
19	8	0.496775072068	-0.288039305835	0.301552638808	-0.908900084895	-1.64378523827	1.71734905243	-5.19906425476
20	8	0.478297382593	0.196095934289	-0.297342563432	0.934416280106	1.08993792534	-1.63552975655	5.15409660339
21	8	0.498167503625	-0.256591185745	0.369259083936	-0.893201372776	-1.46472775936	2.08093619347	-5.11684322357
22	8	0.499392829835	0.260908767347	-0.241093077118	0.934773097221	1.49128031731	-1.38452756405	5.33544158936
23	8	0.499974548817	-0.203413586061	0.233293492449	-0.950892769658	-1.17318403721	1.33941626549	-5.43256473541
24	8	0.499990018085	0.269548724913	-0.24327632666	0.931751100769	1.53714966774	-1.40803718567	5.32361745834
25	8	0.499986708164	-0.30560430113	0.362677143897	-0.880381338072	-1.73305130005	2.05328655243	-5.04640293121
26	8	0.499970793724	0.226748251356	-0.305970717609	0.924644337285	1.27898871899	-1.74861741066	5.29181241989
27	8	0.499228298664	0.0119680671265	0.251302971594	-0.9678344806	0.0421767123044	1.44463229179	-5.52298069
28	8	0.499687230214	-0.0619948928265	-0.286311555462	0.956128823157	-0.31548050046	-1.64102447033	5.46991014481
29	8	0.499295134097	-0.220399008265	0.356675105726	-0.907858549616	-1.22708463669	2.03759598732	-5.19188070297
0	9	0.498909154907	-0.128319698477	0.299524970429	-0.945419931603	-0.752344369888	1.71289157867	-5.39554023743
1	9	0.445417376235	0.329889076273	-0.1773034707	0.927219864236	1.6753911972	-0.933017253876	4.75150060654
2	9	0.233023525216	0.301900827304	-0.317893071941	0.898776882928	0.834413409233	-0.869692444801	2.5120344162
3	9	0.445219529793	0.30628032338	-0.19657382496	0.931424229259	1.56748127937	-1.0280662775	4.76576900482
4	9	0.499682173133	-0.341683726658	0.28482366321	-0.89561582825	-1.95221757889	1.6371588707	-5.11902475357
5	9	0.499958194792	0.372173208633	-0.36799491084	0.852095562934	2.11186265945	-2.10187149048	4.87878417969
6	9	0.499999847263	-0.339270537204	0.34270650205	-0.876040955685	-1.93790435791	1.95388484001	-5.01155471802
7	9	0.499996123835	0.235101207165	-0.245137794179	0.940550309263	1.35249638557	-1.41491031647	5.37212991714
8	9	0.499999251217	-0.119381676849	0.251527035	-0.960459351507	-0.712171316147	1.44620788097	-5.48548173904
9	9	0.499998053536	0.181023762134	-0.301067253255	0.936263267762	1.04325306416	-1.71669220924	5.35271596909
10	9	0.500000074506	-0.363566414432	0.320326702046	-0.874762977185	-2.05845189095	1.82721376419	-5.01190948486
11	9	0.499999567866	0.396278852552	-0.437330483837	0.807282552101	2.24410128593	-2.47134113312	4.6427397728
12	9	0.499999918044	-0.256769629896	0.340783568959	-0.904398096134	-1.4825078249	1.94432079792	-5.16836547852
13	9	0.499998994172	0.279287628954	-0.223377720784	0.933863380892	1.58844566345	-1.28259921074	5.3401799202
14	9	0.499994140118	-0.246311841395	0.185368891535	-0.951298507746	-1.41788339615	1.06928610802	-5.4341878891
15	9	0.499740522355	0.345839278609	-0.216008996803	0.913091072496	1.97179818153	-1.23350191116	5.21949481964
16	9	0.499069325626	-0.427496397992	0.259412912684	-0.865997557986	-2.43295812607	1.46182537079	-4.96046686172
17	9	0.476544147357	0.400124383569	-0.0823498458259	0.912753515778	2.19106054306	-0.474119782448	5.01810359955
18	9	0.498350603506	-0.339171351992	0.0619147569063	-0.938684908191	-1.93316781521	0.386314988136	-5.37356710434
19	9	0.49890817143	0.275235320867	-0.25950085912	0.925691537319	1.57912707329	-1.47299683094	5.28080606461
20	9	0.499851478264	-0.250408813883	0.245433407701	-0.93651367759	-1.42327105999	1.40755772591	-5.35426712036
21	9	0.499668391421	0.153247797835	-0.258392333325	0.95380737811	0.895268917084	-1.48011755943	5.44577455521
22	9	0.49998116307	-0.311969930807	0.201393650138	-0.928501674719	-1.7545311451	1.16609287262	-5.31540870667
23	9	0.499991144985	0.226313929287	-0.252522786516	0.940751958648	1.30698871613	-1.44593632221	5.37441015244
24	9	0.499997291714	-0.323429991299	0.288567147343	-0.901178141214	-1.83349657059	1.64026200771	-5.16049194336
25	9	0.499987790361	0.273692706875	-0.237177459707	0.932115419254	1.55801963806	-1.38161289692	5.32517337799
26	9	0.499253172427	-0.0820401498949	0.308022538181	-0.947835180703	-0.497668206692	1.75327301025	-5.41027927399
27	9	0.498366175219	0.0597568730284	-0.307144615909	0.949784870928	0.337246537209	-1.75395154953	5.44056653976
28	9	0.445284606889	-0.0348863211281	0.256375171977	-0.965947574039	-0.169889703393	1.32487535477	-4.94486713409
29	9	0.497413277626	0.110312541423	-0.532650279752	0.839115500205	0.635595262051	-3.01179599762	4.82018280029
0	10	0.498836984858	0.183459150273	-0.172115279845	0.967842482342	1.03697943687	-0.99982470274	5.52422189713
1	10	0.498154938221	-0.160494363574	0.179121895567	-0.970647673355	-0.931992173195	1.03026676178	-5.55332183838
2	10	0.445617742836	0.248333692735	-0.254909125333	0.934532885925	1.28083598614	-1.30664813519	4.78742408752
3	10	0.498191196471	-0.393814067564	0.220424940268	-0.892369500765	-2.24528098106	1.26750922203	-5.11122608185
4	10	0.499233826995	0.340614810961	-0.269621196987	0.900714139275	1.94601309299	-1.54345154762	5.13938379288
5	10	0.499981947243	-0.319598598429	0.386631921437	-0.865085251988	-1.84509038925	2.18966794014	-4.94891834259
6	10	0.499962158501	0.462288493122	-0.276443629816	0.842536805523	2.61555051804	-1.59146952629	4.82825708389
7	10	0.499990124255	-0.382508851388	0.298860025083	-0.874282370872	-2.17262887955	1.70221209526	-5.00722694397
8	10	0.499987127259	0.254903918158	-0.247888857479	0.934652398941	1.44753932953	-1.41792106628	5.34614372253
9	10	0.49999727495	-0.181784974321	0.250900749836	-0.950790742931	-1.05659353733	1.4367184639	-5.43157529831
10	10	0.499999938533	0.265232338217	-0.221233004871	0.938460315794	1.51651930809	-1.29103469849	5.35954380035
11	10	0.499997705221	-0.299248580116	0.305447415096	-0.903964691738	-1.71727013588	1.75923204422	-5.16173171997
12	10	0.49999923259	0.329183570621	-0.380344594094	0.864277829507	1.86714196205	-2.15576338768	4.95511579514
13	10	0.499999932945	-0.278019662794	0.277027982644	-0.919761145044	-1.58794164658	1.58768749237	-5.25751304626
14	10	0.499996045604	0.218956836622	-0.281704409072	0.934184419483	1.27239274979	-1.59615647793	5.34052276611
15	10	0.499989677221	-0.365011109687	0.185741776971	-0.912286622774	-2.07562637329	1.07655775547	-5.21726799011
16	10	0.499746013433	0.397617642365	-0.175643853037	0.900582837595	2.25311207771	-1.02175366879	5.15154838562
17	10	0.4998031836	-0.276867068995	0.257850893966	-0.925665999477	-1.59383761883	1.46718072891	-5.29028940201
18	10	0.499569978565	0.221731164435	-0.235476684076	0.94624839338	1.28843045235	-1.3449845314	5.40059375763
19	10	0.499976631254	-0.363857925731	0.307487098258	-0.879237791662	-2.04517459869	1.73827850819	-5.04944992065
20	10	0.499975010753	0.23620220777	-0.235844045405	0.942648451593	1.34683179855	-1.35864973068	5.38742685318
21	10	0.499995494261	-0.0890993787809	0.262870515359	-0.960708276667	-0.531635522842	1.49487805367	-5.49263715744
22	10	0.499995337799	0.144882522395	-0.252181311227	0.956772512655	0.850843906403	-1.44556236267	5.46590948105
23	10	0.499998915941	-0.275480656715	0.318015134576	-0.907180677681	-1.56809163094	1.80993938446	-5.19152164459
24	10	0.499999124557	0.287570920846	-0.250758144473	0.924350214185	1.64680874348	-1.44735264778	5.27981472015
25	10	0.499962039292	-0.267868196922	0.384124905721	-0.883569287539	-1.53147518635	2.17515707016	-5.06038570404
26	10	0.499616065994	0.215284507006	-0.278549470999	0.935982250499	1.22045707703	-1.61391949654	5.34804058075
27	10	0.446059463546	-0.0240421767677	0.373094181627	-0.927481916466	-0.131351172924	1.89980268478	-4.76442050934
28	10	0.233889078721	0.0359029914313	0.300463473579	-0.953117346527	0.0630756914616	0.841248750687	-2.66694998741
29	10	0.444360146299	0.00878329392019	0.30425681132	-0.952549550687	0.0325974114239	1.54848611355	-4.87279987335
0	11	0.499200647697	-0.23007448136	0.193942315571	-0.953651986449	-1.31598997116	1.10772454739	-5.44267559052
1	11	0.49924752675	0.260706677192	-0.20533830225	0.943328262111	1.48615288734	-1.18049073219	5.38394832611
2	11	0.499703751877	-0.262241917365	0.269317059751	-0.92665932149	-1.51503348351	1.53524661064	-5.2960562706
3	11	0.499228205532	0.369927090796	-0.226481645981	0.901032747201	2.10391664505	-1.30046439171	5.14431142807
4	11	0.499952044338	-0.316073667459	0.248526316389	-0.915604776528	-1.81543684006	1.42596125603	-5.23047590256
5	11	0.499255415052	0.378029271583	-0.312037938029	0.871622736657	2.15166282654	-1.76949584484	4.98261356354
6	11	0.499668076634	-0.384688777888	0.237272288274	-0.892029374732	-2.20444440842	1.37522542477	-5.09332704544
7	11	0.499254956841	0.3749961607	-0.320408594664	0.869894368257	2.12313365936	-1.81201839447	4.98035335541
8	11	0.499943781644	-0.155355240683	0.183167138581	-0.970728874885	-0.933290541172	1.06451702118	-5.54072332382
9	11	0.499979611486	0.292289788609	-0.253783719174	0.922041486788	1.65253078938	-1.45599842072	5.27605485916
10	11	0.499959278852	-0.19687026842	0.389272453621	-0.899838348963	-1.14515721798	2.2032763958	-5.14986371994
11	11	0.49999057129	0.315929719935	-0.378793161287	0.869887436985	1.79058301449	-2.15346503258	4.98425388336
12	11	0.499988062307	-0.23983860028	0.300965510325	-0.922982777418	-1.38007760048	1.72763180733	-5.27207279205
13	11	0.499999353662	0.263331772234	-0.288203503679	0.920649291641	1.49906754494	-1.64951384068	5.26455688477
14	11	0.499999076128	-0.289090710739	0.241333707394	-0.926382535802	-1.64777684212	1.39355754852	-5.29390907288
15	11	0.499996215105	0.328686898572	-0.283609531945	0.900849907641	1.87268233299	-1.61814427376	5.15362024307
16	11	0.499994982034	-0.217346246668	0.251511140686	-0.943134537153	-1.26561737061	1.46244347095	-5.38178920746
17	11	0.499986108392	0.260339556459	-0.400010099581	0.87875777981	1.48227655888	-2.26103234291	5.03766345978
18	11	0.499995363876	-0.2412988285	0.302310494289	-0.9221622636	-1.37251639366	1.72711539268	-5.27452135086
19	11	0.499992998317	0.149707261528	-0.170509887355	0.97391689284	0.882213354111	-1.00827372074	5.55907869339
20	11	0.499999234453	-0.196091048963	0.296447750346	-0.934701573675	-1.11352980137	1.67344355583	-5.35217428207
21	11	0.4999995213	0.128323825165	-0.165131385405	0.977887836845	0.743050634861	-0.970659077168	5.58530807495
22	11	0.4999935776	-0.241838098914	0.272020136826	-0.931407203684	-1.37693226337	1.56082499027	-5.32517910004
23	11	0.49999499321	0.321470024404	-0.394451415599	0.860851383307	1.82005524635	-2.23155927658	4.93993091583
24	11	0.499977756292	-0.334670306799	0.208888793729	-0.918891319799	-1.89346325397	1.23734891415	-5.25259160995
25	11	0.499983258545	0.297049734107	-0.43828589615	0.848331850577	1.68731594086	-2.48188257217	4.86704301834
26	11	0.499241605401	-0.256617176544	0.395888067614	-0.88171438835	-1.45558595657	2.25579023361	-5.03757667542
27	11	0.498273897916	0.12198503139	-0.378629791671	0.917474322788	0.719841063023	-2.16476488113	5.2523226738
28	11	0.446025945246	-0.113666160517	0.220728487698	-0.968689289025	-0.5793582201	1.14335644245	-4.96870660782
29	11	0.4980953224	0.218657956116	-0.177909666171	0.959446115689	1.24862539768	-1.02474355698	5.49149131775
0	12	0.499960280955	0.296611337754	-0.224511090788	0.92823299038	1.6923211813	-1.28811907768	5.30666542053
1	12	0.499978560954	-0.350066095855	0.301624660071	-0.886834986325	-1.99331927299	1.71675503254	-5.07594108582
2	12	0.499959666282	0.386069680221	-0.30648884889	0.870065967338	2.19498085976	-1.74603009224	4.98115491867
3	12	0.499982494861	-0.383690081511	0.274352999797	-0.88176660906	-2.17879533768	1.5714597702	-5.04679775238
4	12	0.499248480424	0.293743669848	-0.259943703017	0.919860819737	1.69142127037	-1.48866319656	5.24493122101
5	12	0.49819535017	-0.382954137025	0.199433353505	-0.901982520033	-2.18246865273	1.15762293339	-5.16457557678
6	12	0.4463432841	0.43755581745	-0.350494575881	0.828069114805	2.22477769852	-1.78428018093	4.26866436005
7	12	0.497989153489	-0.283868242765	0.28737481558	-0.914786606876	-1.63940155506	1.63626658916	-5.23299646378
8	12	0.499225568026	0.383340254556	-0.145127914004	0.912133837665	2.16700673103	-0.845996022224	5.21401643753
9	12	0.499305106699	-0.321420397602	0.269035484485	-0.9079145533	-1.83106994629	1.52003359795	-5.19039011002
10	12	0.499674569815	0.203708464543	-0.355828904728	0.912079301395	1.17887711525	-2.02441072464	5.21624088287
11	12	0.499258939177	-0.285599086756	0.335797736458	-0.897592915432	-1.61136317253	1.91259980202	-5.13189744949
12	12	0.499968709424	0.19049262618	-0.261528071207	0.946211195951	1.09972989559	-1.50829517841	5.4038772583
13	12	0.499987414107	-0.140854645146	0.353882113016	-0.924622852318	-0.82297706604	2.00699019432	-5.28980064392
14	12	0.499999303371	0.26716304732	-0.319197135978	0.909250842469	1.51894450188	-1.82466888428	5.20114707947
15	12	0.499999597669	-0.3502216572	0.380456641207	-0.855919117084	-1.97582769394	2.17553567886	-4.90478801727
16	12	0.499999396503	0.211358739747	-0.506789311974	0.835758383986	1.22129046917	-2.8566827774	4.80126428604
17	12	0.499999560416	-0.193114110022	0.379830260487	-0.904674479429	-1.10953366756	2.17376613617	-5.16981458664
18	12	0.499999728054	0.204543906171	-0.37603976972	0.903745474145	1.17332613468	-2.14260149002	5.16878604889
19	12	0.499999275431	-0.20045276373	0.27271181395	-0.940981910583	-1.1352686882	1.56601190567	-5.38008022308
20	12	0.499999862164	0.139002923897	-0.260881600082	0.955310932569	0.803062558174	-1.49731957912	5.45856618881
21	12	0.499993635342	-0.10826242817	0.21972064592	-0.969537046432	-0.638154327869	1.27111506462	-5.53777313232
22	12	0.499986525625	0.293661496646	-0.34807405847	0.89028499662	1.64165532589	-1.9874972105	5.10473299026
23	12	0.499599717557	-0.161338578973	0.392864695732	-0.905332642614	-0.92836022377	2.24024295807	-5.17276334763
24	12	0.499803422019	0.10667261522	-0.382795017563	0.917654034858	0.627789795399	-2.17727637291	5.24946784973
25	12	0.499474190176	-0.156153406548	0.380490858637	-0.911505798181	-0.91066879034	2.17167448997	-5.20337486267
26	12	0.499951690435	0.243545962026	-0.428889544784	0.8699075369	1.39807534218	-2.43029165268	4.98324966431
27	12	0.499240383506	-0.353514766478	0.331854374671	-0.874585606955	-1.99442231655	1.89273285866	-5.00359725952
28	12	0.499640727416	0.337837991915	-0.18294612321	0.923253056979	1.92226231098	-1.06709635258	5.2788438797
29	12	0.499243045226	-0.273938548154	0.211717925953	-0.938154140675	-1.57112956047	1.20674836636	-5.35333919525
0	13	0.499986605719	-0.270332691323	0.258795790269	-0.927332181551	-1.56153023243	1.48427438736	-5.29551935196
1	13	0.499997243285	0.340813468125	-0.35478860935	0.870615427511	1.94288086891	-2.01395463943	4.98537778854
2	13	0.499999817461	-0.374056955427	0.287236765345	-0.881802945522	-2.13028383255	1.65300440788	-5.04113435745
3	13	0.499960839748	0.250729466221	-0.340607576742	0.906157388887	1.4656547308	-1.94235670567	5.17359209061
4	13	0.499683886766	-0.311353965872	0.382729607484	-0.869814207455	-1.78087973595	2.17661690712	-4.97901153564
5	13	0.445350434631	0.249641854803	-0.289831283373	0.923946303369	1.2859916687	-1.49015974998	4.7293844223
6	13	0.23378230352	0.208695459889	-0.277716377424	0.937720544049	0.63203316927	-0.78321313858	2.60788416862
7	13	0.445176415145	0.417253737656	-0.188111622983	0.889108168735	2.12036752701	-0.975673794746	4.55809259415
8	13	0.498946145177	-0.42437881119	0.0934782966041	-0.900646674716	-2.39664649963	0.557054519653	-5.15422773361
9	13	0.497532729059	0.338315633193	-0.0684022496158	0.938543373843	1.93603241444	-0.412807404995	5.36500024796
10	13	0.445491628721	-0.209196695283	0.259527214917	-0.942805583034	-1.07366526127	1.32641804218	-4.8314499855
11	13	0.498028950766	0.14028788639	-0.268487537372	0.953012985855	0.824848651886	-1.5380897522	5.45102548599
12	13	0.499280199409	-0.265190062442	0.249728669669	-0.93129470219	-1.48247981071	1.42475128174	-5.32624292374
13	13	0.499984368682	0.093045509031	-0.293753404204	0.951341931572	0.557249128819	-1.68082618713	5.43610334396
14	13	0.499997962266	-0.158422182452	0.285022420187	-0.945338369103	-0.913550496101	1.64472579956	-5.39882850647
15	13	0.500000555068	0.178181784069	-0.427581956644	0.886242022349	1.03803884983	-2.42828178406	5.071185112
16	13	0.500000156462	-0.262518442982	0.346983553107	-0.900381297544	-1.48736155033	1.99635636806	-5.1467628479
17	13	0.499999850988	0.164863904614	-0.282484848856	0.944998520169	0.955548048019	-1.65100860596	5.39046812057
18	13	0.499999657273	-0.255768211674	0.447489312776	-0.856934032962	-1.43519186974	2.53264832497	-4.92166233063
19	13	0.499999282882	0.123649397995	-0.366977692977	0.921975161939	0.713510394096	-2.0902030468	5.27404308319
20	13	0.499999519438	-0.182886946764	0.34810816931	-0.919441714935	-1.03155708313	1.97401118279	-5.26553964615
21	13	0.499995402992	0.163230285828	-0.301636392713	0.939346240946	0.921239256859	-1.72418797016	5.37294340134
22	13	0.499597668648	-0.0673291978847	0.445265855209	-0.892863425893	-0.404932796955	2.51668977737	-5.11356925964
23	13	0.498976480216	0.0270205459697	-0.386744178015	0.921791099364	0.171633899212	-2.21299910545	5.27081298828
24	13	0.468102602288	-0.0039840619494	0.338682506936	-0.940892282222	-0.0394823029637	1.82909667492	-5.07570695877
25	13	0.497925203294	0.242577198797	-0.264685474398	0.93332625714	1.37577784061	-1.52671587467	5.33921432495
26	13	0.499132275581	-0.289438540643	0.262252172917	-0.920570002222	-1.64379429817	1.50591897964	-5.25429868698
27	13	0.499966979027	0.325589309499	-0.292640830875	0.899084504173	1.85749673843	-1.6752345562	5.14099502563
28	13	0.499951094389	-0.412824676505	0.272552513356	-0.869074745883	-2.33407711983	1.54727554321	-4.98430156708
29	13	0.499988757074	0.351824335978	-0.225164069213	0.908581740158	2.00125074387	-1.29242825508	5.19702672958
0	14	0.499999437481	0.33998810083	-0.299130641041	0.891587881751	1.93058300018	-1.71043467522	5.10203456879
1	14	0.499999303371	-0.270638617266	0.35534948631	-0.894696306812	-1.56684017181	2.01656651497	-5.11528015137
2	14	0.499998446554	0.3878607505	-0.31628378986	0.865753199528	2.21271133423	-1.80319285393	4.95349168777
3	14	0.499991249293	-0.412958944638	0.329204336183	-0.849169838773	-2.35196638107	1.88154625893	-4.85988903046
4	14	0.499214217067	0.410855788724	-0.433948563246	0.801801824224	2.33741497993	-2.45808076859	4.59106111526
5	14	0.498152323067	-0.380535307275	0.38058816235	-0.842819987065	-2.17809653282	2.18180322647	-4.8233332634
6	14	0.445151910186	0.300794806203	-0.296167350577	0.906535925936	1.53433871269	-1.52017903328	4.64238834381
7	14	0.497495993972	-0.201481257359	0.453595593357	-0.868133826446	-1.16235470772	2.570530653	-4.97448015213
8	14	0.49893903546	0.134418223944	-0.318950657385	0.938190928983	0.798326969147	-1.8150780201	5.35634899139
9	14	0.445353114977	-0.270604592701	0.320180194037	-0.907886445408	-1.37062573433	1.62663650513	-4.66037940979
10	14	0.234308506362	-0.169534142849	0.190234571963	-0.966989649396	-0.505588054657	0.541672945023	-2.70184063911
11	14	0.445838067681	-0.366413802367	0.109899363197	-0.923938880773	-1.84912514687	0.574498295784	-4.74914550781
12	14	0.499566240236	0.138689893514	-0.124702081514	0.982453308968	0.811330199242	-0.746278584003	5.61094760895
13	14	0.499963473529	-0.187072032508	0.307367883693	-0.933021456735	-1.05828440189	1.74981057644	-5.33857440948
14	14	0.499999634922	0.196307523722	-0.318270019157	0.927452182614	1.10941934586	-1.82501959801	5.30356121063
15	14	0.499999914318	-0.235920655586	0.434649441883	-0.869149760938	-1.33881270885	2.46384644508	-4.98256492615
16	14	0.499999992549	0.278283445799	-0.346237557283	0.89592291952	1.57017731667	-1.99851417542	5.121509552
17	14	0.499999910593	-0.13999026407	0.488328223511	-0.861358387716	-0.805209517479	2.75970292091	-4.9430437088
18	14	0.500000165775	0.105102908688	-0.339402902933	0.934750794632	0.607145786285	-1.95290529728	5.33962392807
19	14	0.499999526888	0.0477642236296	0.275515673532	-0.960109208673	0.23413130641	1.58706355095	-5.48844337463
20	14	0.499999791384	0.0952702072936	-0.218544800731	0.971165154686	0.551941275597	-1.26047718525	5.54966592789
21	14	0.499980814755	-0.0958735478599	0.181867744148	-0.978638026269	-0.55533862114	1.06245708466	-5.58988809586
22	14	0.499823657796	0.0989437456177	-0.318421600242	0.942771350701	0.55937564373	-1.81830954552	5.39156627655
23	14	0.468141101301	-0.14287462939	0.360572261357	-0.921723648724	-0.761505961418	1.93763947487	-4.97782707214
24	14	0.306287559681	-0.113831990303	0.308434264638	-0.944410176979	-0.417441606522	1.13544714451	-3.46220350266
25	14	0.417558660731	-0.0707454757646	0.342643141255	-0.936798140161	-0.351289719343	1.65740168095	-4.55201196671
26	14	0.498159166425	0.214331569619	-0.191316379112	0.95784133412	1.22846198082	-1.1175494194	5.47550678253
27	14	0.4991604276	-0.199715456747	0.344844986213	-0.91716719949	-1.15370810032	1.95011758804	-5.23930549622
28	14	0.499977299944	0.237964457115	-0.196837401601	0.951119316637	1.37908864021	-1.14228725433	5.43021154404
29	14	0.499990578741	-0.294699129156	0.236233887476	-0.925929788743	-1.69015967846	1.35042595863	-5.29157686234
0	15	0.499998241663	-0.307068598779	0.363800578867	-0.879407763475	-1.75652074814	2.05346822739	-5.03847408295
1	15	0.499999951571	0.302308936104	-0.220991269757	0.927239001468	1.73675572872	-1.28060305119	5.29464960098
2	15	0.499999586493	-0.424654083682	0.214364506254	-0.879611714151	-2.41840219498	1.23684895039	-5.03058242798
3	15	0.499986041337	0.449703989015	-0.210198427474	0.868091552402	2.56820249557	-1.22902810574	4.95803785324
4	15	0.499976556748	-0.41285927638	0.349915375477	-0.840896217087	-2.36432170868	1.99967086315	-4.80625152588
5	15	0.499219495803	0.412277349536	-0.430636217916	0.802857294218	2.33896350861	-2.44686532021	4.59624671936
6	15	0.499691270292	-0.276921975647	0.435910269526	-0.856327306773	-1.60741746426	2.47308373451	-4.89946460724
7	15	0.49928933382	0.36832667409	-0.343384951953	0.863957311402	2.0667424202	-1.97269964218	4.9441986084
8	15	0.499220397323	-0.121240627156	0.287612460613	-0.950041990034	-0.718591213226	1.65942788124	-5.41559743881
9	15	0.497789733112	0.109803639401	-0.400648410066	0.909628502349	0.640126645565	-2.2681427002	5.21366071701
10	15	0.445220723748	-0.259552134237	0.129213341357	-0.95704576799	-1.31787467003	0.678343594074	-4.90281486511
11	15	0.498220315203	0.224321402766	-0.146974736331	0.963368224067	1.26422393322	-0.857284426689	5.51831054688
12	15	0.499209623784	-0.0895842033803	0.303428411699	-0.948633685612	-0.52582603693	1.71035957336	-5.42103862762
13	15	0.499990480021	0.147385748441	-0.369691118078	0.917390820954	0.830346941948	-2.09100294113	5.25633049011
14	15	0.499997422099	-7.72254541713e-05	0.31796457032	-0.94810259258	-0.0356383919716	1.81862092018	-5.42077684402
15	15	0.4999995213	0.146868598322	-0.314354023839	0.937875877994	0.835231781006	-1.80895519257	5.35910415649
16	15	0.499997992069	-0.169124435729	0.40662163487	-0.897806087802	-0.962344229221	2.31331849098	-5.13909339905
17	15	0.499999798834	0.060980838574	-0.453069800862	0.889386919666	0.369006216526	-2.57901477814	5.08922624588
18	15	0.499997554347	-0.164029042608	0.32686379617	-0.930727958071	-0.920259833336	1.87873721123	-5.32070827484
19	15	0.499999362975	0.0407473715285	-0.332697768998	0.942152772228	0.255153059959	-1.88880324364	5.39091205597
20	15	0.499998057261	-0.256155551629	0.207276031658	-0.944150930768	-1.42893016338	1.20401453972	-5.40440130234
21	15	0.499993877485	0.136952690628	-0.211416128787	0.967753677864	0.772815346718	-1.21854054928	5.53239202499
22	15	0.499476147816	0.0157228388383	0.259155325236	-0.965707673026	0.0624472498894	1.47251391411	-5.51816129684
23	15	0.49798388686	0.100754030905	-0.170146217718	0.980254502592	0.570239365101	-0.988665640354	5.60648012161
24	15	0.417670907453	-0.160730190327	0.345625360113	-0.924504687043	-0.777359426022	1.67243349552	-4.49467802048
25	15	0.36547865998	-0.137862776944	0.340873328664	-0.929945820217	-0.609080076218	1.48407244682	-4.07464647293
26	15	0.417798815295	-0.278979102092	0.219696659173	-0.934828347101	-1.34759271145	1.08597052097	-4.540163517
27	15	0.497958485037	0.208801596005	-0.404932286439	0.890186349539	1.20776772499	-2.29307579994	5.10130596161
28	15	0.499514777213	-0.316926595394	0.171561177598	-0.932804532296	-1.80006456375	1.01328039169	-5.32615327835
29	15	0.499993642792	0.32765620798	-0.205240918876	0.922235097245	1.87168693542	-1.19335889816	5.2688703537
0	16	0.49999973923	0.257131248889	-0.313474741308	0.914120947909	1.49724090099	-1.78358840942	5.22196292877
1	16	0.499999629334	-0.313431885641	0.202290398415	-0.927814123504	-1.80507993698	1.16721010208	-5.29796028137
2	16	0.500000290573	0.413302149985	-0.259035835511	0.872972948458	2.36342430115	-1.4734992981	4.99310350418
3	16	0.499999325722	-0.50216843058	0.349443066453	-0.791022383145	-2.85640287399	1.96999406815	-4.54475545883
4	16	0.499986290932	0.437856676318	-0.301748603777	0.84689391964	2.49762749672	-1.73541426659	4.84068489075
5	16	0.499991960824	-0.333141631279	0.383541679232	-0.861343389016	-1.92715239525	2.18403458595	-4.91978168488
6	16	0.499962098897	0.395393973906	-0.32573178594	0.858814537038	2.24797320366	-1.87691068649	4.90983963013
7	16	0.499976255	-0.290574556209	0.352783740235	-0.88944368001	-1.67394590378	2.00896763802	-5.08358955383
8	16	0.499959938228	0.281098936972	-0.329577078352	0.90131145397	1.59124755859	-1.87336492538	5.16199684143
9	16	0.499306285754	-0.195445657122	0.237555423164	-0.95150849499	-1.10640490055	1.37381982803	-5.43034362793
10	16	0.499601650983	0.0621495050121	-0.284470451702	0.956668177131	0.377100974321	-1.60790157318	5.47415113449
11	16	0.499213371426	-0.0336802661716	0.222391121103	-0.974375609775	-0.21797093749	1.27006673813	-5.56106376648
12	16	0.499975077808	0.0717084445352	-0.22283726336	0.972214715503	0.414334893227	-1.28829908371	5.55471372604
13	16	0.499986216426	-0.11499543571	0.204551661429	-0.972077500806	-0.647454321384	1.19983959198	-5.5527920723
14	16	0.499999385327	0.0345868968857	-0.264750511954	0.96369648385	0.212210595608	-1.52504062653	5.5060133934
15	16	0.499987784773	-0.102556983443	0.276960688211	-0.955392506948	-0.582517027855	1.58506560326	-5.46154022217
16	16	0.499991379678	0.122364085771	-0.319088969025	0.939792136783	0.695485472679	-1.83059716225	5.37146949768
17	16	0.499962087721	-0.070006600351	0.434759475988	-0.897821404259	-0.40882229805	2.46648669243	-5.14131546021
18	16	0.499991390854	0.180846951013	-0.324426440904	0.928462096562	1.01314091682	-1.8625613451	5.30968046188
19	16	0.499987199903	-0.118452365452	0.28710448289	-0.950547238712	-0.681190371513	1.65314531326	-5.4300069809
20	16	0.49999951385	0.211791215803	-0.334572134838	0.918262472008	1.18986606598	-1.90422999859	5.25815486908
21	16	0.499991878867	-0.0481545700736	0.327363561437	-0.943670618396	-0.298938512802	1.86274456978	-5.39757919312
22	16	0.499976292253	0.011462322928	-0.208902577347	0.977869279777	0.0865744054317	-1.20851516724	5.58806562424
23	16	0.49915054813	-0.0917175118579	0.16666184906	-0.981739133419	-0.524419546127	0.958699345589	-5.60172986984
24	16	0.498088467866	0.145862599848	-0.179464135405	0.9728909117	0.826430976391	-1.03049278259	5.56635046005
25	16	0.417369136587	-0.180945684026	0.333178764017	-0.925338084508	-0.879829883575	1.61716711521	-4.49149894714
26	16	0.306614373811	-0.228780294436	0.375104918126	-0.898307228779	-0.844502449036	1.3523375988	-3.30628848076
27	16	0.468177318573	-0.372364972691	0.302622160447	-0.877362043355	-1.99113535881	1.63289499283	-4.74211120605
28	16	0.499809078872	0.312002982165	-0.356407430953	0.880697384055	1.79434251785	-2.01364183426	5.04101324081
29	16	0.499980334193	-0.368990819551	0.341371562597	-0.86447164866	-2.09406137466	1.93706095219	-4.95449113846
0	17	0.499998595566	-0.43847599115	0.21608068716	-0.872380617518	-2.48888897896	1.2551574707	-4.99258184433
1	17	0.499999664724	0.457015342565	-0.164384163194	0.874136616068	2.59688091278	-0.958933532238	5.0026884079
2	17	0.49999954924	-0.408575655101	0.152824657707	-0.899839184552	-2.34847927094	0.894691765308	-5.1353430748
3	17	0.499999906868	0.470033411134	-0.175010249826	0.865124271347	2.67936730385	-1.02797865868	4.94537448883
4	17	0.499999444932	-0.406178860873	0.29232131632	-0.865775364055	-2.3308494091	1.6695098877	-4.94598388672
5	17	0.499998051673	0.429795662545	-0.329331805535	0.840723646819	2.44532871246	-1.89152669907	4.80913496017
6	17	0.499999895692	-0.471771260088	0.359335214947	-0.805177049756	-2.67226099968	2.04407811165	-4.62298727036
7	17	0.4999983944	0.329774531561	-0.283043797234	0.900630316601	1.88930749893	-1.62380540371	5.14601516724
8	17	0.499988233671	-0.261864769577	0.251967577647	-0.931632536073	-1.49475812912	1.45334458351	-5.32347297668
9	17	0.499989232048	0.188049053716	-0.193441298846	0.962921604959	1.07841050625	-1.12365615368	5.50096797943
10	17	0.499964404851	-0.124607694064	0.20576568378	-0.970635568047	-0.724077165127	1.18341684341	-5.54576063156
11	17	0.499991554767	0.172833265523	-0.220280930365	0.960002590646	0.968817710876	-1.26917874813	5.4899263382
12	17	0.499986771494	-0.0978000278723	0.372915259689	-0.922696788571	-0.556560218334	2.10834121704	-5.28528213501
13	17	0.499999329448	0.0429273774649	-0.403046439645	0.914172198086	0.268652588129	-2.28627586365	5.23381185532
14	17	0.499986931682	-0.131786998157	0.420101184466	-0.897856994141	-0.741899013519	2.36792564392	-5.15179586411
15	17	0.499970765784	0.0394997183816	-0.209911774311	0.976922115244	0.253449201584	-1.22332000732	5.58016443253
16	17	0.499259326607	-0.0898960195378	0.248272749766	-0.964509900102	-0.510673880577	1.43782627583	-5.50098991394
17	17	0.499660313129	0.0373903797528	-0.351953579369	0.935270355283	0.22996237874	-2.00905632973	5.34856987
18	17	0.499253725633	-0.0615736567039	0.356299006604	-0.932340979842	-0.357804685831	2.0249080658	-5.32516527176
19	17	0.499974707142	0.103234086405	-0.33484008962	0.936602817521	0.585801839828	-1.91763281822	5.35380792618
20	17	0.4999874942	-0.106846758864	0.368499854115	-0.923467177347	-0.614683866501	2.10204410553	-5.2808008194
21	17	0.499999552965	0.189046378607	-0.409504167175	0.892506472695	1.06238508224	-2.31502890587	5.11918306351
22	17	0.499989161268	-0.220800255341	0.290198813771	-0.931145475061	-1.24331641197	1.65318202972	-5.33051919937
23	17	0.499963253736	0.121941469728	-0.222276767127	0.967327926174	0.702872276306	-1.26338791847	5.53148651123
24	17	0.499114579521	-0.0558735634823	0.0770618635142	-0.995459498973	-0.338925689459	0.481428563595	-5.67864608765
25	17	0.497468339279	0.168477319584	-0.319361131105	0.932536251695	0.958583235741	-1.80161261559	5.33904075623
26	17	0.468239407986	-0.270486849678	0.182540733658	-0.945259617622	-1.45943331718	1.00205302238	-5.10325860977
27	17	0.498115865514	0.204763651628	-0.186595246942	0.960861103797	1.19724559784	-1.07961893082	5.47748088837
28	17	0.499594889581	-0.370212551424	0.232083198073	-0.899488774772	-2.10265946388	1.33894610405	-5.141020298
29	17	0.499981939793	0.318720550233	-0.272731526874	0.90776358437	1.84034478664	-1.5643427372	5.18176603317
0	18	0.499997749925	0.42022313123	-0.394662349629	0.817101064596	2.40017271042	-2.23288059235	4.68418455124
1	18	0.499999418855	-0.407227036951	0.343039226721	-0.846457458651	-2.3393433094	1.94701099396	-4.8397974968
2	18	0.499999735504	0.488587421866	-0.302414681083	0.81843001647	2.76849913597	-1.72125172615	4.69754934311
3	18	0.499998897314	-0.421776536019	0.307976109669	-0.852792629856	-2.41442799568	1.75200712681	-4.87697505951
4	18	0.500000637025	0.429624795471	-0.311096184275	0.847727373184	2.44527459145	-1.77984559536	4.85157966614
5	18	0.499998562038	-0.314780477391	0.42613813145	-0.848127080087	-1.81720376015	2.40530228615	-4.85879230499
6	18	0.499999593943	0.352080624248	-0.317136791249	0.880604048177	2.01589632034	-1.81903553009	5.03120136261
7	18	0.499999448657	-0.356387326925	0.234166091219	-0.904518830611	-2.0326564312	1.36003756523	-5.16802883148
8	18	0.499999687076	0.202995762072	-0.393203278227	0.896763013606	1.17989647388	-2.21737909317	5.13666343689
9	18	0.499998081475	-0.218617492727	0.326049685307	-0.919727130504	-1.24227237701	1.85042643547	-5.26501941681
10	18	0.499999653548	0.258058738275	-0.220690838463	0.940585584313	1.44981133938	-1.26517558098	5.38391637802
11	18	0.499997491017	-0.130806999457	0.221768807575	-0.966285736664	-0.749185264111	1.27728068829	-5.52193689346
12	18	0.500000229105	0.0490734980786	-0.281628288437	0.958267863876	0.303430706263	-1.6094455719	5.47789001465
13	18	0.499997397885	-0.188468386086	0.347586157151	-0.918511584469	-1.05805873871	1.97889709473	-5.25857448578
14	18	0.499990938231	0.199078879796	-0.26165663584	0.9444063768	1.1388156414	-1.50224637985	5.39768314362
15	18	0.499271498993	-0.262922696316	0.219249874861	-0.93957498271	-1.47008705139	1.27247560024	-5.36851882935
16	18	0.498206648976	0.105041740866	-0.406150007254	0.907749086633	0.613735795021	-2.29864764214	5.20840883255
17	18	0.445307804272	-0.21028545241	0.3005323472	-0.930301207562	-1.0630158186	1.54323041439	-4.76697349548
18	18	0.498050477356	0.0312911508788	-0.267107801556	0.963158494862	0.189179375768	-1.54455924034	5.50803995132
19	18	0.499257287011	-0.0558008065667	0.387833252203	-0.920038933128	-0.315370589495	2.19376683235	-5.26074790955
20	18	0.499989150092	-0.00995532346961	-0.333233276987	0.942791851176	-0.0300384107977	-1.90763533115	5.38969755173
21	18	0.499997779727	-0.0870661772066	0.241316920699	-0.966532785047	-0.517322182655	1.40534925461	-5.51880931854
22	18	0.499997660518	0.274588598648	-0.220635878245	0.93590646473	1.54565763474	-1.27882933617	5.35412931442
23	18	0.49998098053	-0.204506628866	0.224541166789	-0.95276350852	-1.16299641132	1.2877651453	-5.44739198685
24	18	0.499193452299	0.07920885001	-0.214891553282	0.973420555776	0.472430706024	-1.22013950348	5.55650663376
25	18	0.497519386932	-0.165090599249	0.239155108259	-0.9568437324	-0.945921301842	1.37160503864	-5.46917867661
26	18	0.445006795228	0.407913279974	-0.274158643558	0.870886786089	2.07320833206	-1.39942169189	4.46875095367
27	18	0.497970867902	-0.306855180873	0.254543108397	-0.917086530235	-1.76086199284	1.45626306534	-5.24644136429
28	18	0.499227527529	0.438787759747	-0.296106689545	0.848402104137	2.47960209846	-1.68943333626	4.85670280457
29	18	0.499985363334	-0.377686600913	0.363989709987	-0.851389642006	-2.1626098156	2.06459116936	-4.87308216095
0	19	0.500000119209	-0.415141314689	0.304754477123	-0.857194492231	-2.3673491478	1.74596810341	-4.90212583542
1	19	0.49999974668	0.443590592378	-0.30232819519	0.84369724946	2.51874923706	-1.72193002701	4.83518314362
2	19	0.499992877245	-0.299268485251	0.280262430015	-0.912080777156	-1.74293208122	1.60164213181	-5.20478487015
3	19	0.499994933605	0.357513090768	-0.312968754935	0.879906215664	2.04911661148	-1.77429938316	5.03375339508
4	19	0.49998093769	-0.400620547736	0.247965748099	-0.882052245902	-2.28377246857	1.42508220673	-5.04336738586
5	19	0.499993531033	0.290099544305	-0.249615406111	0.923869256673	1.66875338554	-1.44647336006	5.27382326126
6	19	0.499991491437	-0.301668210643	0.34941120812	-0.887078405964	-1.73550403118	1.97997045517	-5.07481718063
7	19	0.500000290573	0.460676665109	-0.254923083578	0.850171295495	2.59138584137	-1.4668161869	4.88223552704
8	19	0.499999959022	-0.256859265691	0.277358904542	-0.925794445706	-1.46750771999	1.59076428413	-5.29242277145
9	19	0.500000283122	0.0971486614536	-0.294469117286	0.950710301061	0.583588480949	-1.67955231667	5.43412065506
10	19	0.499999921769	-0.171955372969	0.161131558698	-0.971837419787	-0.980310678482	0.95339602232	-5.55191707611
11	19	0.499999785796	0.0605438705839	-0.306957507619	0.949795519178	0.373794734478	-1.73705041409	5.43494844437
12	19	0.500000339001	-0.126745339208	0.154790675747	-0.979783376921	-0.729940891266	0.924385905266	-5.59580373764
13	19	0.499999884516	0.145939413543	-0.32503412116	0.934373858611	0.849010527134	-1.83363389969	5.34879398346
14	19	0.499959802255	-0.247705432412	0.136414794118	-0.95918351878	-1.40822887421	0.821795463562	-5.48036193848
15	19	0.499698290601	0.218863618271	-0.29427110717	0.930324261794	1.2543284893	-1.66635882854	5.32416772842
16	19	0.445639610291	-0.179382564307	0.300106590986	-0.936887362317	-0.917718291283	1.53872132301	-4.80199050903
17	19	0.232927746139	-0.151892651306	0.290247470764	-0.944820103615	-0.425058245659	0.816478192806	-2.62925672531
18	19	0.445572303608	-0.187600683643	0.338406994293	-0.922109911947	-0.949781179428	1.72705674171	-4.73070716858
19	19	0.499673860148	0.0423134592386	-0.296323283466	0.954149926816	0.256205439568	-1.71255159378	5.44959068298
20	19	0.499963723123	-0.104142726936	0.362373840183	-0.926196249386	-0.586419463158	2.06485295296	-5.29835653305
21	19	0.499999340624	0.18602880486	-0.368492327294	0.910827474601	1.05363118649	-2.10074353218	5.21174860001
22	19	0.499999832362	-0.212838418476	0.369847335016	-0.904385292009	-1.22070872784	2.09573125839	-5.17722177505
23	19	0.499965190887	0.249117257056	-0.299818281559	0.920896080066	1.41704452038	-1.70132493973	5.27063179016
24	19	0.499679580331	-0.191540229187	0.188315128741	-0.963249579751	-1.0943441391	1.08743417263	-5.50618553162
25	19	0.445620877668	0.276927288877	-0.273118793353	0.921258596374	1.42515432835	-1.39199852943	4.72288751602
26	19	0.233138283715	0.372394060273	-0.234689297875	0.897910684499	1.01165151596	-0.659220397472	2.51309204102
27	19	0.445702251047	0.250319755668	-0.292269608972	0.922994309621	1.3004502058	-1.49092650414	4.72926950455
28	19	0.499668873847	-0.313822040205	0.320978827811	-0.893581736149	-1.80173182487	1.82382774353	-5.11097478867
29	19	0.499961320311	0.379601331806	-0.243350256724	0.892571275274	2.16740012169	-1.41640782356	5.09688806534
0	20	0.499997191131	0.326977069656	-0.337273964847	0.882797977204	1.88234102726	-1.91198551655	5.04863500595
1	20	0.499993015081	-0.367507076592	0.167018576928	-0.914900728831	-2.10120010376	0.981078863144	-5.22611522675
2	20	0.499987158924	0.38562559158	-0.189377677753	0.903011073181	2.19114494324	-1.08563148975	5.1677069664
3	20	0.499587625265	-0.362468135592	0.18393496334	-0.913665573359	-2.07944011688	1.06205379963	-5.21341371536
4	20	0.499810755253	0.429616215959	-0.221621916405	0.875393416216	2.44278335571	-1.27083659172	5.01028728485
5	20	0.499456832185	-0.270347308517	0.271494401036	-0.923689949595	-1.55755281448	1.550126791	-5.27118778229
6	20	0.499978482723	0.273736442157	-0.292082613007	0.916382075018	1.55602693558	-1.67042660713	5.24170589447
7	20	0.499989116564	-0.253304371482	0.268829210658	-0.929283460998	-1.45952796936	1.53799831867	-5.30945968628
8	20	0.499999804422	0.23982867995	-0.231558718582	0.942795186731	1.36354088783	-1.33600640297	5.38884687424
9	20	0.500000204891	-0.154128717334	0.338278839191	-0.928338174077	-0.891207456589	1.92154216766	-5.31022119522
10	20	0.500000096858	0.213347080298	-0.292268846167	0.932234919368	1.2083927393	-1.67393136024	5.33140230179
11	20	0.499998439103	-0.214544129694	0.383879321001	-0.898113290917	-1.22475790977	2.17300534248	-5.14467191696
12	20	0.499999992549	0.300826106553	-0.293333614681	0.907446441458	1.70316672325	-1.66934204102	5.19674873352
13	20	0.499996609986	-0.233670117274	0.248180287776	-0.940108941056	-1.34439051151	1.42954385281	-5.36963129044
14	20	0.499977272004	0.289472257453	-0.296591414145	0.910076560088	1.64334988594	-1.68265366554	5.21082878113
15	20	0.499252842739	-0.223456358413	0.254047499019	-0.941024507719	-1.28223693371	1.46508598328	-5.36622953415
16	20	0.498055227101	0.277380495926	-0.358964254736	0.891181644953	1.57361960411	-2.04446005821	5.10918807983
17	20	0.445523303002	-0.0912197883883	0.266855017327	-0.959409896725	-0.480772137642	1.37540268898	-4.91304683685
18	20	0.498324373737	0.124849807927	-0.363137872016	0.923332773906	0.706026613712	-2.07186412811	5.29123830795
19	20	0.499234665185	-0.0846346913189	0.390325680396	-0.916778507737	-0.481302082539	2.20137810707	-5.24545288086
20	20	0.49999073334	0.0447304156989	-0.337496310878	0.940263489696	0.277586698532	-1.93661880493	5.3720870018
21	20	0.499997884035	-0.190325558359	0.415550545207	-0.88943461042	-1.07647514343	2.35876464844	-5.09562015533
22	20	0.499997606501	0.211787395948	-0.30635353271	0.928059056264	1.21029353142	-1.75431084633	5.3050365448
23	20	0.4999916628	-0.288622888525	0.224898689212	-0.930654290169	-1.63462352753	1.29545795918	-5.32344150543
24	20	0.499237807468	0.146030900311	-0.149104363797	0.977978969534	0.854700803757	-0.867475390434	5.57722043991
25	20	0.498250091448	-0.170003604664	0.263618320832	-0.949528385738	-0.984710097313	1.50012183189	-5.43714618683
26	20	0.445480547845	0.326460521184	-0.207987886942	0.922043690393	1.67024755478	-1.06750464439	4.72485876083
27	20	0.498018061742	-0.318949473875	0.0669117927165	-0.94540681461	-1.81513166428	0.407151281834	-5.41313886642
28	20	0.499296015128	0.261615214922	-0.260295084047	0.929410538213	1.50590610504	-1.47950804234	5.30509185791
29	20	0.499990161508	-0.363521101244	0.369650273827	-0.855108814134	-2.07287931442	2.09006762505	-4.90141868591
0	21	0.499998517334	-0.34990983097	0.256076462386	-0.901103742975	-1.99628412724	1.46373021603	-5.15320730209
1	21	0.499994780868	0.307072169216	-0.235155396445	0.922176025722	1.76742100716	-1.32974505424	5.27197170258
2	21	0.499577457085	-0.281610038607	0.146188446441	-0.948327329714	-1.63593113422	0.847986578941	-5.40752649307
3	21	0.498902708292	0.420679882836	-0.181244806662	0.888919994282	2.39857912064	-1.0387481451	5.08610153198
4	21	0.467910606414	-0.497730342562	0.223910005175	-0.837931271451	-2.6665019989	1.21143984795	-4.52819061279
5	21	0.498219557106	0.297561765114	-0.304627891935	0.90479768092	1.6952316761	-1.73787236214	5.18413114548
6	21	0.499127592891	-0.0973349616507	0.286731372446	-0.953053526984	-0.599358677864	1.63872206211	-5.4352273941
7	21	0.499976439402	0.233197156177	-0.300911471325	0.924700693617	1.3231574297	-1.71160364151	5.29209280014
8	21	0.499988840893	-0.163257369185	0.212819526936	-0.963356050669	-0.950508356094	1.23843514919	-5.50001382828
9	21	0.499999534339	0.215577411538	-0.350695135922	0.911339289878	1.21899628639	-1.99457788467	5.21740341187
10	21	0.499991746619	-0.134494223386	0.324391738021	-0.936312610286	-0.789399385452	1.84939205647	-5.35171604156
11	21	0.49999409914	0.249028461085	-0.324700606258	0.912444158218	1.42375290394	-1.84721589088	5.22015380859
12	21	0.499981615692	-0.369407097873	0.241132102465	-0.897437298758	-2.10253715515	1.39074778557	-5.13123703003
13	21	0.499983489513	0.328351099617	-0.252136020236	0.910281814978	1.87085473537	-1.45318746567	5.20312595367
14	21	0.499957755208	-0.275955699559	0.325490633602	-0.904380616399	-1.57489156723	1.85482871532	-5.17326116562
15	21	0.499227961525	0.203083012135	-0.293618170488	0.934101525607	1.16246724129	-1.68531417847	5.32873773575
16	21	0.498954940587	-0.193116348235	0.360176848214	-0.912676675529	-1.10865604877	2.043810606	-5.21466445923
17	21	0.498971085995	0.175241812183	-0.307979607081	0.935114361394	0.981673955917	-1.75809860229	5.34315013885
18	21	0.499208720401	-0.0221945723645	0.279185909221	-0.959980535766	-0.152822554111	1.59526157379	-5.47942304611
19	21	0.499960420653	0.0898081167512	-0.118553775115	0.988877901751	0.509369134903	-0.727400660515	5.64948558807
20	21	0.499987155199	-0.137174047924	0.305087129211	-0.942393295905	-0.767945289612	1.73588526249	-5.39320802689
21	21	0.499999273568	0.135908111288	-0.394533043292	0.908775364453	0.779386401176	-2.23309397697	5.20522975922
22	21	0.499999519438	-0.144869969442	0.253066523018	-0.956540656157	-0.840581059456	1.45872104168	-5.46408939362
23	21	0.499987114221	0.31232544636	-0.288807586077	0.905009941261	1.77184391022	-1.62969374657	5.18600463867
24	21	0.499976690859	-0.247135445771	0.142741024034	-0.958409657454	-1.41511869431	0.827560901642	-5.47770261765
25	21	0.499249873683	0.246119686644	-0.251808357709	0.935958145877	1.40411555767	-1.41360664368	5.34983110428
26	21	0.499710258096	-0.310380472934	0.146951434715	-0.939185411863	-1.76278305054	0.841930508614	-5.37455463409
27	21	0.49925397709	0.202269339682	-0.120174008535	0.971928660909	1.1708073616	-0.684636592865	5.54509735107
28	21	0.499975014478	-0.211519123618	0.186952020203	-0.959327161341	-1.22728300095	1.06996774673	-5.48112344742
29	21	0.499987903982	0.394784681544	-0.280792618947	0.874814586277	2.23549699783	-1.60073566437	5.01302337646
0	22	0.499999975786	0.298770095889	-0.175354363182	0.93807637062	1.71369087696	-1.01245951653	5.35954809189
1	22	0.499980613589	-0.3988082894	0.127757446035	-0.90809139589	-2.2616276741	0.746257007122	-5.19747066498
2	22	0.499801348895	0.415712245044	-0.172531226479	0.892981693659	2.36491179466	-0.986595630646	5.11044788361
3	22	0.467881247401	-0.500769179546	0.225158218715	-0.835783467988	-2.68445444107	1.20093369484	-4.52037572861
4	22	0.305687524378	-0.350027828827	0.265950875274	-0.898192992061	-1.28384828568	0.94842171669	-3.29192709923
5	22	0.417345380411	-0.28464848682	0.278602014906	-0.917254684502	-1.38782846928	1.34895336628	-4.45029354095
6	22	0.49818180874	0.244806733244	-0.267299596821	0.931998170007	1.39538025856	-1.53016638756	5.33369159698
7	22	0.499153133482	-0.239810557751	0.294899889027	-0.924945918334	-1.36573719978	1.67614579201	-5.28180742264
8	22	0.499978577718	0.229206138612	-0.283390569047	0.931211217393	1.29657137394	-1.62400567532	5.32630491257
9	22	0.499981101602	-0.184954582142	0.3774367314	-0.907377163221	-1.06100702286	2.13805913925	-5.19478940964
10	22	0.499979151413	0.168394960193	-0.244225274156	0.954985420226	0.971659719944	-1.4125521183	5.45435905457
11	22	0.499482415617	-0.259527301892	0.204171035948	-0.94390665198	-1.49117672443	1.18187236786	-5.38574028015
12	22	0.499800764024	0.4787808325	-0.268550255284	0.835852663343	2.69472408295	-1.53991794586	4.80308151245
13	22	0.499607142061	-0.332504651096	0.361978149998	-0.870868805231	-1.89838027954	2.05735206604	-4.98037672043
14	22	0.499232206494	0.247064226601	-0.363889546026	0.898077761793	1.41212034225	-2.07446622849	5.12711811066
15	22	0.49818072468	-0.160651523577	0.3635298576	-0.917625811868	-0.929049789906	2.07222604752	-5.25474739075
16	22	0.445702709258	0.21608379252	-0.258270727332	0.941596530374	1.09610664845	-1.33324444294	4.82651042938
17	22	0.49768509157	-0.0797348561455	0.296414937852	-0.951725032419	-0.467191010714	1.69602227211	-5.4416718483
18	22	0.499230984598	0.107994410242	-0.321955388146	0.940575321492	0.607974767685	-1.81972384453	5.37635850906
19	22	0.499972863123	-0.0390510117609	0.237583696787	-0.970581787126	-0.238218650222	1.36193168163	-5.54742193222
20	22	0.499997448176	0.0138964686154	-0.213277185223	0.976892896086	0.100532099605	-1.22976756096	5.58232975006
21	22	0.499999899417	-0.117133599703	0.268814742073	-0.956043071344	-0.657773017883	1.52623450756	-5.47077131271
22	22	0.499999955297	0.0855539402975	-0.202787528914	0.975478211657	0.522795200348	-1.16501092911	5.5737695694
23	22	0.499999195337	-0.368665683068	0.199321007757	-0.907940939706	-2.07714033127	1.13372147083	-5.20595979691
24	22	0.499986637384	0.307148768352	-0.0484066340723	0.950429603852	1.74521636963	-0.298673540354	5.43622875214
25	22	0.499988997355	-0.238699412266	0.0920567629797	-0.966720302349	-1.36807370186	0.532135784626	-5.52569150925
26	22	0.499961860478	0.290819665847	-0.0463212179446	0.955655935327	1.65056526661	-0.280385047197	5.46604061127
27	22	0.499988645315	-0.198046665378	0.0532930236014	-0.978742750659	-1.13986945152	0.316754519939	-5.59324645996
28	22	0.499986741692	0.241168785314	-0.0953703287094	0.965785751288	1.37614119053	-0.568896114826	5.52018547058
29	22	0.499999251217	-0.321450633457	0.246460656979	-0.914290235544	-1.82700383663	1.39736390114	-5.2345252037
0	23	0.499998765066	-0.212366851526	0.213156197144	-0.953658616063	-1.22330224514	1.21541309357	-5.45067739487
1	23	0.499990763143	0.293102457566	-0.156995500627	0.943103049593	1.67719745636	-0.909693539143	5.38947343826
2	23	0.499462986365	-0.321865396047	0.200116297344	-0.925395123374	-1.84531080723	1.12720346451	-5.28577613831
3	23	0.498214524239	0.329893756834	-0.0463628063772	0.942878889034	1.89500236511	-0.295881778002	5.39362192154
4	23	0.418442126364	-0.357348263204	-0.0167200886103	-0.933821534032	-1.73713350296	-0.055832400918	-4.54482030869
5	23	0.365131293423	-0.2455929508	0.111559013082	-0.962932338806	-1.0839869976	0.489022910595	-4.20917606354
6	23	0.417499605566	-0.360545507771	0.203099203968	-0.910361274535	-1.7349832058	0.984628736973	-4.42669582367
7	23	0.498273514211	0.235096136388	-0.225097997645	0.945547829627	1.33748149872	-1.2993683815	5.41205501556
8	23	0.499454503879	-0.0995763120586	0.301927073762	-0.948116343181	-0.598102807999	1.71935653687	-5.41335678101
9	23	0.499971136451	0.188325839128	-0.330939721137	0.924668740301	1.07830429077	-1.89224588871	5.28604841232
10	23	0.499177744612	-0.208817769089	0.313095165941	-0.926480737186	-1.19804024696	1.77914321423	-5.28956079483
11	23	0.498158883303	0.271692749363	-0.196543472628	0.942100691705	1.54550766945	-1.1422431469	5.39109706879
12	23	0.468616526574	-0.251618206093	0.301076975967	-0.919804834139	-1.36638152599	1.6294605732	-4.96523237228
13	23	0.498888667673	0.263397472609	-0.390034321695	0.882323636385	1.50885295868	-2.22284841537	5.04706954956
14	23	0.499314691871	-0.252405340676	0.367379862724	-0.895166789187	-1.439920187	2.09638643265	-5.11639118195
15	23	0.445776036009	0.251498885383	-0.278222822053	0.927006133712	1.2676281929	-1.42967367172	4.75789022446
16	23	0.233940199018	0.00832310104801	-0.280412115559	0.95984361822	0.0949577838182	-0.782036066055	2.68359947205
17	23	0.446068882942	0.34360207235	-0.27245941537	0.898723251537	1.72297775745	-1.39454579353	4.62724351883
18	23	0.499561760575	-0.148817282781	0.187141501093	-0.970995095206	-0.86504805088	1.10128688812	-5.54345369339
19	23	0.499963410199	0.167613964212	-0.34437944257	0.923746912599	0.949083924294	-1.93613612652	5.2954325676
20	23	0.499999357387	-0.0746060191315	0.198235902287	-0.977310835381	-0.439413607121	1.13607573509	-5.58661174774
21	23	0.499999914318	0.0153253829466	-0.089698424807	0.995851055743	0.124469384551	-0.537558197975	5.69189357758
22	23	0.499999733642	-0.222427933724	0.160363571319	-0.961670078194	-1.25676906109	0.912720322609	-5.50254058838
23	23	0.499999968335	0.289897226733	-0.155047189291	0.944415145487	1.64604759216	-0.885263562202	5.40295791626
24	23	0.499989083037	-0.209456687202	0.0696568701493	-0.975333695013	-1.20724034309	0.40468621254	-5.57334709167
25	23	0.499987876043	0.156953997982	-0.103361033828	0.982182233195	0.918332397938	-0.591263115406	5.61172914505
26	23	0.499963104725	-0.243307927829	0.115213973135	-0.963082027997	-1.38112235069	0.648774623871	-5.50917339325
27	23	0.499989038333	0.164573865059	-0.10803489069	0.980430469403	0.95420050621	-0.626312196255	5.60211181641
28	23	0.499985491857	-0.178647186744	0.248373084463	-0.952048314731	-1.02268505096	1.39869201183	-5.4482998848
29	23	0.499996805564	0.18695701795	-0.241492577365	0.952222877543	1.07841670513	-1.37370276451	5.44370365143
0	24	0.499962380156	0.193650276036	-0.22383669117	0.955194590792	1.11323690414	-1.28389430046	5.45810365677
1	24	0.49998005107	-0.251775783534	0.272911104603	-0.928508741914	-1.44746911526	1.54111599922	-5.31186199188
2	24	0.499950801954	0.359367336346	-0.163206606633	0.91881375758	2.03230142593	-0.946536183357	5.25938129425
3	24	0.49910800159	-0.340903209151	0.228507317857	-0.911904275501	-1.93470096588	1.2628595829	-5.22073459625
4	24	0.497275128961	0.285032501235	0.019675812427	0.958315885105	1.63631749153	0.07895527035	5.47194194794
5	24	0.416603431106	-0.309135201625	0.0476798887483	-0.949822117728	-1.4955842495	0.237203419209	-4.61118030548
6	24	0.306822849438	-0.285034871051	0.147907763683	-0.947036649622	-1.05349814892	0.550085067749	-3.47585439682
7	24	0.468527881429	-0.187235283109	0.289369616197	-0.938726889985	-1.02597999573	1.5550429821	-5.06823348999
8	24	0.499799119309	0.183832413429	-0.275986571712	0.943417752646	1.06068146229	-1.5825779438	5.39047861099
9	24	0.499131482095	-0.270980305134	0.348293230485	-0.89736363857	-1.53760778904	1.97975516319	-5.12734174728
10	24	0.498100627214	0.28583159266	-0.346268613963	0.893531391514	1.62087500095	-1.98015725613	5.11659479141
11	24	0.417109873146	-0.0606881682279	0.345687911144	-0.93638497122	-0.308777391911	1.68965315819	-4.53780651093
12	24	0.30685329251	-0.078206760544	0.447302174738	-0.890957051198	-0.312623023987	1.61602413654	-3.28366684914
13	24	0.468527704477	-0.285356240804	0.351333989557	-0.891704123359	-1.52983593941	1.89761042595	-4.81828975677
14	24	0.4990876019	0.226699449217	-0.373439427699	0.899527850355	1.28454661369	-2.13418912888	5.13639688492
15	24	0.497630152851	-0.0989467020853	0.426841619956	-0.898896980538	-0.573947787285	2.43168330193	-5.14479589462
16	24	0.444643856958	0.125693378451	-0.139468221052	0.982216773391	0.648710072041	-0.736761152744	5.01979112625
17	24	0.498074883595	-0.17281221338	0.347874109489	-0.921476827085	-0.998443961143	1.97680985928	-5.27836179733
18	24	0.499278385192	0.269060696975	-0.311316733306	0.911420996525	1.51463723183	-1.76452326775	5.21388816833
19	24	0.49998979643	-0.249733775085	0.227429488937	-0.941227320653	-1.41213488579	1.31581926346	-5.38201379776
20	24	0.499995863065	0.282159998056	-0.172419468374	0.943746397303	1.57789421082	-0.995104014874	5.40552139282
21	24	0.499999679625	-0.200619890389	0.0930669243131	-0.975238538604	-1.13564896584	0.542630016804	-5.57721328735
22	24	0.499999456108	0.246501103483	-0.108852374661	0.96301005525	1.40106236935	-0.636478841305	5.5058054924
23	24	0.499989286065	-0.192627494861	0.182829229732	-0.964089270233	-1.12428796291	1.02704679966	-5.51089763641
24	24	0.499972324818	0.224447588636	-0.0458278274517	0.973407977256	1.2865281105	-0.288579165936	5.5632519722
25	24	0.499351782724	-0.250427315324	0.151680323707	-0.956179501527	-1.40743899345	0.851294517517	-5.46808099747
26	24	0.499739924446	0.200146175309	-0.0372502550607	0.979057672973	1.15468621254	-0.235881626606	5.5950345993
27	24	0.499262332916	-0.24014385863	0.154616906282	-0.958344687184	-1.34869909286	0.876612663269	-5.4775094986
28	24	0.499966163188	0.121498623598	-0.220670423129	0.967751336253	0.704886674881	-1.2603225708	5.53191423416
29	24	0.499976985157	-0.177485425736	0.160212215185	-0.970994835082	-1.01411163807	0.938631296158	-5.54755926132
0	25	0.499569155276	-0.21787386215	0.315920059084	-0.923431370737	-1.23720216751	1.78815460205	-5.28790378571
1	25	0.499277941883	0.288549816178	-0.246284705389	0.925247452023	1.63629078865	-1.39801192284	5.28779268265
2	25	0.499951265752	-0.172613442694	0.181913418739	-0.968045508994	-1.00652897358	1.03148460388	-5.53304004669
3	25	0.499189971015	0.196717813525	-0.0409936666078	0.97960278743	1.12975263596	-0.273329496384	5.59021854401
4	25	0.49672697857	-0.302494341383	0.183472160225	-0.935326221088	-1.71288490295	1.03128683567	-5.34763908386
5	25	0.443045649678	0.104084184538	-0.335358415717	0.936323243083	0.537791490555	-1.71844089031	4.8029999733
6	25	0.466215156019	-0.404264736592	0.232213924912	-0.884673225448	-2.17945623398	1.25528454781	-4.78707885742
7	25	0.49812432006	0.342950446136	-0.25486223845	0.904118482782	1.94507980347	-1.46107661724	5.16504812241
8	25	0.499069022015	-0.304283467969	0.236958812779	-0.922638657421	-1.72708272934	1.36455237865	-5.26515817642
9	25	0.498312842101	0.288652291793	-0.319799411725	0.902445671884	1.64924359322	-1.8242071867	5.16931533813
10	25	0.41800651513	-0.252285669994	0.349624596895	-0.902282983305	-1.22126436234	1.6906388998	-4.39023303986
11	25	0.365590695292	-0.211518851975	0.484038343395	-0.849097554691	-0.925200819969	2.09943461418	-3.73035883904
12	25	0.41749952361	-0.239998483511	0.379920499953	-0.893342678723	-1.15239918232	1.85331439972	-4.33759689331
13	25	0.498028595001	0.173004563496	-0.212408869431	0.961744193222	0.985589683056	-1.23819160461	5.49886322021
14	25	0.499459519982	-0.145822158697	0.366202279966	-0.919038512893	-0.839150547981	2.08439207077	-5.25112915039
15	25	0.499214552343	0.0746376328459	-0.446738220323	0.891545952975	0.450033068657	-2.52415060997	5.10122489929
16	25	0.499658355489	-0.257113946668	0.215645435104	-0.942013516223	-1.44453024864	1.25529611111	-5.38948726654
17	25	0.499241227284	0.220562062502	-0.243229924282	0.944558934381	1.2513371706	-1.3981180191	5.3908829689
18	25	0.499963933602	-0.190837190315	0.263193537987	-0.945679823384	-1.08472657204	1.5061545372	-5.40769100189
19	25	0.499949371442	0.058859914805	-0.322518592308	0.944731320559	0.357303470373	-1.83919692039	5.40145397186
20	25	0.499991822988	-0.0649653763264	0.291107027051	-0.954482162578	-0.386234343052	1.64813840389	-5.46163225174
21	25	0.499987125397	0.0786522056084	-0.127098161844	0.988766852099	0.472477644682	-0.738844275475	5.65003395081
22	25	0.499989802018	-0.251438719326	0.225906237553	-0.941140235171	-1.4350758791	1.25817275047	-5.39030504227
23	25	0.499971928075	0.362932789597	-0.124958974854	0.923398638097	2.04896450043	-0.72058236599	5.28918027878
24	25	0.499183891341	-0.29403290267	0.188087831478	-0.937105981091	-1.66728591919	1.05118751526	-5.35803890228
25	25	0.497612199746	0.0588511048044	-0.174212186424	0.982947944484	0.372480392456	-0.99106657505	5.6218123436
26	25	0.452231379226	-0.264068625927	0.0860766605817	-0.960655281204	-1.35335969925	0.447724163532	-5.00530290604
27	25	0.498561667278	0.128164660627	-0.139126147125	0.98194589207	0.735981106758	-0.807371020317	5.61903238297
28	25	0.499213850126	-0.0387361589085	0.304275515326	-0.951796155049	-0.244996502995	1.71807479858	-5.43891620636
29	25	0.499225284904	0.194829411626	-0.290017861808	0.936979797113	1.09556019306	-1.65105605125	5.35369157791
0	26	0.444537222385	0.00185341762095	-0.180640720538	0.983547403497	0.0223382599652	-0.938863873482	5.02817058563
1	26	0.497037710622	-0.328462499616	0.109162169341	-0.9381876183	-1.84951448441	0.63936394453	-5.36942195892
2	26	0.499279983342	0.135861024227	-0.119015551631	0.983553293201	0.77688229084	-0.70325165987	5.61322975159
3	26	0.499592274427	-0.0427983831315	0.196581472799	-0.979552970979	-0.271607756615	1.12123155594	-5.60052728653
4	26	0.444787403569	0.137117373917	-0.37371722287	0.917351766282	0.703242123127	-1.89441096783	4.70079278946
5	26	0.233693183865	0.170555156237	-0.293643778361	0.940576562599	0.483522087336	-0.822107076645	2.62740159035
6	26	0.445718547329	0.173698773441	-0.313502929686	0.933565556982	0.895061135292	-1.60554337502	4.78964471817
7	26	0.499277509749	-0.225402144811	0.365124206244	-0.903259756177	-1.29731142521	2.06724834442	-5.16595935822
8	26	0.499777799472	0.261740384082	-0.272504185868	0.925869018828	1.49397778511	-1.55579590797	5.29406166077
9	26	0.468159439042	-0.27258958528	0.249985839211	-0.9290866473	-1.4670548439	1.35199260712	-5.01265048981
10	26	0.305143520702	-0.170521013117	0.180967881069	-0.968593418368	-0.632233917713	0.685425281525	-3.53226852417
11	26	0.417839121073	-0.147031701062	0.260703045431	-0.954157010657	-0.716976761818	1.27021956444	-4.63421154022
12	26	0.498208299279	0.155709544064	-0.355773876691	0.921509352395	0.886240124702	-2.02412962914	5.27794265747
13	26	0.499142497778	-0.0832092488802	0.2405941463	-0.967052572339	-0.502171814442	1.38930583	-5.51357078552
14	26	0.499965617433	0.212155572581	-0.317852378581	0.924099495971	1.19350218773	-1.82463908195	5.28523111343
15	26	0.499982733279	-0.155163151795	0.347162707098	-0.924879695488	-0.881299972534	1.9938980341	-5.28513431549
16	26	0.499949194491	0.164596587711	-0.315313267121	0.934604465478	0.941104412079	-1.79214501381	5.34596014023
17	26	0.499967623502	-0.153113432068	0.281874308998	-0.947155293945	-0.879863739014	1.6035182476	-5.41671037674
18	26	0.499235268682	0.121581594319	-0.172567045898	0.977465360303	0.696157932281	-1.0227162838	5.57380437851
19	26	0.499681625515	-0.0309350903257	0.445459679594	-0.894767396613	-0.185431599617	2.50659227371	-5.13782501221
20	26	0.499263035133	0.0510244402051	-0.28407431297	0.957443622994	0.28959825635	-1.61914420128	5.46723270416
21	26	0.499961758032	-0.126067897993	0.0824840121897	-0.988586502451	-0.722533226013	0.491458773613	-5.65076732635
22	26	0.499961685389	0.27451952741	-0.0163519535537	0.961442480175	1.55465888977	-0.111413173378	5.50123691559
23	26	0.499125258997	-0.303478041025	0.0183901695499	-0.952660947179	-1.73360919952	0.114974834025	-5.43626260757
24	26	0.497916309163	0.351457343686	-0.0457136813856	0.935087158988	1.99936819077	-0.266847014427	5.3551864624
25	26	0.41859464068	-0.263226477726	0.0353392422393	-0.964086593301	-1.27306699753	0.172576323152	-4.69608354568
26	26	0.26921282243	-0.0431483174738	0.0835396463319	-0.995569862034	-0.14590460062	0.27815592289	-3.20439386368
27	26	0.452065273188	-0.0538228868617	0.136566276366	-0.989167705199	-0.276945531368	0.712266504765	-5.14662981033
28	26	0.498979466036	0.0675060564891	-0.274294459113	0.959273413599	0.384817242622	-1.55279064178	5.48025131226
29	26	0.498295100406	-0.0832857012165	0.306335035906	-0.948273345481	-0.479012668133	1.74921369553	-5.43125247955
0	27	0.23471509153	-0.0235631537717	-0.197818583373	0.979955399932	-0.0474680811167	-0.585224270821	2.74456167221
1	27	0.445188317448	0.0139159099568	-0.370070165966	0.928899574611	0.0678075030446	-1.87658786774	4.76519060135
2	27	0.499659389257	0.0225879338273	0.352038911556	-0.935712771098	0.107314884663	1.97988760471	-5.36493492126
3	27	0.499204700813	0.126784740993	-0.232744615455	0.964238338497	0.711093962193	-1.33779263496	5.50325298309
4	27	0.498291857541	-0.174779271267	0.225821557976	-0.958361534228	-1.00029492378	1.29509520531	-5.48695230484
5	27	0.446027530357	0.238352061079	-0.251480669234	0.938054245756	1.21019983292	-1.29466617107	4.81413459778
6	27	0.498304922134	-0.240616576535	0.33433361113	-0.911221542527	-1.36465835571	1.9058983326	-5.22412586212
7	27	0.499234233052	0.250466087542	-0.33036917219	0.910012609285	1.419008255	-1.88716936111	5.19729566574
8	27	0.499581156299	-0.206422454692	0.194882114418	-0.958859078113	-1.18993127346	1.14147377014	-5.46995973587
9	27	0.498955229297	0.279372135694	-0.229137282566	0.93244158827	1.58574199677	-1.31517517567	5.33491182327
10	27	0.467885071412	-0.124227319226	0.27860318593	-0.952338090149	-0.690117895603	1.49683880806	-5.13461446762
11	27	0.498292358592	0.169818393614	-0.301945453483	0.938078171748	0.976700186729	-1.73271274567	5.36793041229
12	27	0.499149147421	-0.108793137168	0.304717164679	-0.946209016473	-0.64694494009	1.74158000946	-5.39694499969
13	27	0.499976038933	0.220190172638	-0.293538806253	0.930242579706	1.24428772926	-1.68885445595	5.31892633438
14	27	0.499989736825	-0.161490262828	0.41884262088	-0.893583658057	-0.92704975605	2.37909269333	-5.1152973175
15	27	0.499994825572	0.067169369838	-0.465526999573	0.882481098055	0.405081987381	-2.62693476677	5.0631275177
16	27	0.499991554767	-0.100801883199	0.232904814881	-0.967261250929	-0.590754568577	1.35901069641	-5.52262878418
17	27	0.499240310863	0.175294346861	-0.262828554032	0.948785035266	0.988184630871	-1.50252664089	5.41727209091
18	27	0.498295979574	-0.128469866676	0.264990129204	-0.955654605378	-0.735262274742	1.51089572906	-5.4735455513
19	27	0.44586729072	-0.0224961266303	-0.330063218892	0.943690731024	-0.101216889918	-1.68958163261	4.84066104889
20	27	0.498173952103	0.0556555814319	0.280320550344	-0.95829162853	0.293979734182	1.59815776348	-5.48962402344
21	27	0.499217394739	0.122864413883	-0.186167049525	0.974805706524	0.693158507347	-1.05779516697	5.56769609451
22	27	0.499121252447	-0.18261085085	-0.00635892466683	-0.98316470707	-1.04572892189	-0.00999711733311	-5.61148929596
23	27	0.497977353632	0.262195580016	-0.0194676429177	0.964818370834	1.49385273457	-0.101854227483	5.52257204056
24	27	0.404724243097	-0.215182610803	-0.060971801914	-0.974668601823	-1.02159678936	-0.287970066071	-4.58092355728
25	27	0.318567589857	-0.263244900397	-0.0206689692308	-0.964507602938	-0.977770090103	-0.0756520703435	-3.6844367981
26	27	0.420942106284	0.204414113292	0.159532841901	-0.965797153983	0.962133407593	0.767242670059	-4.73798894882
27	27	0.49803398829	-0.128456855025	-0.0731028416163	0.989017093353	-0.705873668194	-0.429529607296	5.66444158554
28	27	0.498914165422	-0.0720921955496	0.119356636482	-0.990230634079	-0.400544732809	0.698720693588	-5.6532125473
29	27	0.446006724611	0.0626820309511	-0.343520122709	0.937051166314	0.312153577805	-1.73771762848	4.81739330292
0	28	0.445973159745	-0.0866447265609	-0.323436256959	0.942274736498	-0.430487930775	-1.64892268181	4.83845186234
1	28	0.498334463686	-0.0248655724318	0.327923489416	-0.944376984258	-0.135058477521	1.86302423477	-5.41307783127
2	28	0.499203554355	-0.0281625402632	-0.163605716273	0.986123745241	-0.136815577745	-0.972572743893	5.62412214279
3	28	0.499966425821	-0.10617087006	0.328379414792	-0.93855991087	-0.603309094906	1.84607791901	-5.37828207016
4	28	0.499238334596	0.237365611995	-0.187854178016	0.953083613354	1.31884813309	-1.08514940739	5.44794654846
5	28	0.499658081681	-0.111362443909	0.186295846817	-0.976162006813	-0.648428797722	1.07291960716	-5.57847452164
6	28	0.499255228788	0.0796758607785	-0.217491149184	0.972804891659	0.474438875914	-1.26927661896	5.54654836655
7	28	0.499963227659	-0.163909831675	0.451636194281	-0.877016713122	-0.936356067657	2.54369568825	-5.03541517258
8	28	0.499975387007	0.191400640273	-0.360419450096	0.912942284537	1.09723317623	-2.0473690033	5.2242436409
9	28	0.49960238114	-0.274317146906	0.288808953321	-0.917245600368	-1.56429684162	1.65074729919	-5.24023675919
10	28	0.499778291211	0.314777898476	-0.238761676042	0.918644510507	1.78351414204	-1.38237380981	5.25282859802
11	28	0.499460972846	-0.305984702699	0.389600652515	-0.86866834481	-1.73648428917	2.20122528076	-4.9760184288
12	28	0.499978106469	0.279508900646	-0.282674396971	0.917589210789	1.58909904957	-1.6338121891	5.24361801147
13	28	0.499988742173	-0.28305730748	0.360194145422	-0.888897484689	-1.60047006607	2.04364776611	-5.09398984909
14	28	0.49999980256	0.205385311135	-0.370224789495	0.905952801868	1.16612446308	-2.11156463623	5.18327093124
15	28	0.499999787658	-0.149830374517	0.301174749091	-0.941724285225	-0.852247416973	1.7385058403	-5.37959384918
16	28	0.499962624162	0.213286375795	-0.299395397832	0.929984579258	1.19012701511	-1.71108031273	5.32351493835
17	28	0.499703330919	-0.118679847827	0.307070417676	-0.944257831478	-0.688457071781	1.74696743488	-5.40090656281
18	28	0.445724606514	0.123570861832	-0.234038502156	0.964342377797	0.62477940321	-1.20594716072	4.94344854355
19	28	0.233257379383	0.044985516151	-0.232564613748	0.971540016556	0.140021175146	-0.666120529175	2.70501279831
20	28	0.445679357275	0.149030490579	-0.319062660782	0.935942803473	0.747154593468	-1.62752270699	4.80328512192
21	28	0.499062489718	-0.10347460273	0.292252317385	-0.95072687433	-0.58941423893	1.65611505508	-5.43418931961
22	28	0.498012955301	0.113178125024	-0.138811631559	0.983830291748	0.650153338909	-0.788824617863	5.62945747375
23	28	0.414066400379	-0.106682418811	-0.146513945599	-0.983439131447	-0.526891708374	-0.709358751774	-4.7337231636
24	28	0.329175313003	-0.273875938443	-0.183581314665	-0.944081496084	-1.065995574	-0.70357221365	-3.73071861267
25	28	0.401857853867	-0.198829316929	-0.158575499553	-0.967119803164	-0.933044493198	-0.728183269501	-4.51955032349
26	28	0.497499163263	0.0453990271795	-0.0959338138683	0.99435186513	0.261620163918	-0.555656552315	5.68499517441
27	28	0.499159041792	-0.0133359402055	0.152944715471	-0.988144759996	-0.0810579359531	0.856121599674	-5.64292478561
28	28	0.499215213582	0.121881699223	-0.108724185623	0.986571793057	0.679082632065	-0.622221291065	5.63351917267
29	28	0.497700883076	-0.0409546756722	0.110549891964	-0.993026402432	-0.237529337406	0.646317899227	-5.67798662186
0	29	0.499697046354	0.0410398374246	0.24886145001	-0.967669215405	0.222652435303	1.43577885628	-5.53065013885
1	29	0.499237090349	0.00866568280369	-0.277840553606	0.960588118141	0.0593755580485	-1.58746671677	5.48268890381
2	29	0.499972105026	-0.147662270866	0.237342324354	-0.960137737428	-0.818168640137	1.35946881771	-5.49318218231
3	29	0.49997526966	0.032886858356	-0.213397594464	0.976411758033	0.205837592483	-1.23299455643	5.57858371735
4	29	0.499986486509	0.00727790700082	0.203123132442	-0.979126153842	0.01172336936	1.16001224518	-5.59870147705
5	29	0.499962158501	0.120561041426	-0.194502437326	0.973464861803	0.669665813446	-1.12468600273	5.565097332
6	29	0.499991767108	-0.0890484622233	0.317792717418	-0.94396936398	-0.508751094341	1.80005764961	-5.40231657028
7	29	0.499988123775	0.101440951085	-0.27526999124	0.956000086488	0.586373865604	-1.59166038036	5.45963716507
8	29	0.499992975965	-0.153185980726	0.300722783586	-0.941328775052	-0.879487216473	1.72309303284	-5.37978506088
9	29	0.499994385988	0.284912141216	-0.347246360108	0.893445598333	1.60671567917	-1.97458612919	5.11976099014
10	29	0.499982021749	-0.27307968649	0.256057693347	-0.927287410949	-1.56353521347	1.48026490211	-5.29583358765
11	29	0.499993879348	0.294257640635	-0.353999849121	0.887748020415	1.68091356754	-2.02420139313	5.07553100586
12	29	0.499991476536	-0.285148892249	0.352418829568	-0.891342289929	-1.62242341042	2.00355148315	-5.10272502899
13	29	0.499999461696	0.164794572632	-0.228897791167	0.959400099036	0.955856084824	-1.33991885185	5.47596502304
14	29	0.499999372289	-0.113770506911	0.327350630687	-0.938028696974	-0.658990621567	1.8696577549	-5.36238193512
15	29	0.499997900799	0.0494102645591	-0.324473712228	0.944603321945	0.293275773525	-1.85556936264	5.39937162399
16	29	0.499990517274	-0.0291289219974	0.325258344154	-0.945176446734	-0.190875053406	1.8564863205	-5.40421819687
17	29	0.499265868217	0.135582792575	-0.269457141632	0.953420240598	0.776963353157	-1.56186246872	5.43600797653
18	29	0.498006917536	-0.225322036401	0.362566664604	-0.904309346203	-1.27683138847	2.06682825089	-5.1821231842
19	29	0.444715908729	0.101095998939	-0.182717149169	0.977954008325	0.517549872398	-0.954953551292	4.99959468842
20	29	0.497983334586	0.00824959267145	0.343424747433	-0.93914396504	0.0433248616755	1.9652132988	-5.37499380112
21	29	0.498346814886	0.0214463305782	-0.348289896274	0.937141506422	0.122351437807	-1.97713828087	5.34595298767
22	29	0.463075233623	0.00386925427503	0.177513983097	-0.984110671966	0.0115351313725	0.952679634094	-5.26752185822
23	29	0.316660113633	-0.233782160985	-0.380471492637	-0.894755466312	-0.880638480186	-1.43028628826	-3.36191868782
24	29	0.401276113465	-0.368478155923	-0.243096141349	-0.89728931492	-1.71026086807	-1.14866244793	-4.19933319092
25	29	0.496348669752	0.0805491351274	-0.228582699132	0.970186469957	0.469871759415	-1.28039479256	5.54393577576
26	29	0.499139446765	-0.129190650295	0.196529194899	-0.971949613627	-0.719253480434	1.11156046391	-5.55213737488
27	29	0.499955851585	0.0712397009273	-0.0641938781122	0.995391405943	0.408187389374	-0.397086471319	5.68926382065
28	29	0.499952877872	-0.116869832548	0.0790417185655	-0.989996893413	-0.663694620132	0.477688640356	-5.65897464752
29	29	0.49927854538	0.0427393504592	-0.228149751765	0.972687533945	0.246142923832	-1.29019987583	5.55593109131
