0	0	0.499963002279	0.080153383269	-0.282055959541	0.956043864495	0.462476670742	-1.61865162849	5.46280241013
1	0	0.499992575496	-0.09870736277	0.335133003683	-0.936985979819	-0.558323144913	1.90864920616	-5.36030054092
2	0	0.499988464639	0.001730329794	-0.260738992554	0.965407781054	0.0189191251993	-1.50119876862	5.51663303375
3	0	0.499998852611	-0.0225141834145	0.236835108557	-0.971288959528	-0.140308082104	1.35854303837	-5.55165147781
4	0	0.499997744337	0.116106492895	-0.284619373135	0.95158346704	0.661997556686	-1.60513794422	5.44724369049
5	0	0.499999579042	-0.196985212865	0.137058710116	-0.970778932556	-1.10734796524	0.808433532715	-5.55084180832
6	0	0.499997545034	0.184881881025	-0.145307133464	0.971959117984	1.04988706112	-0.851260006428	5.55522727966
7	0	0.500000078231	-0.147499300224	0.203490932987	-0.967902575999	-0.858887851238	1.18203425407	-5.52788639069
8	0	0.500000065193	0.165086755182	-0.325347640763	0.931072111017	0.949864804745	-1.8330757618	5.3316488266
9	0	0.499999336898	-0.214540231573	0.175807747446	-0.960762262464	-1.21679806709	1.02069723606	-5.49222278595
10	0	0.499999463558	0.172258505933	-0.211332162467	0.962115234388	0.974809706211	-1.21348202229	5.50109004974
11	0	0.499999355525	-0.0662345310425	0.248283161764	-0.966420435671	-0.389617264271	1.40630578995	-5.52771663666
12	0	0.499999770895	0.114192537207	-0.258917191695	0.959125618619	0.644488871098	-1.4970754385	5.47995662689
13	0	0.500000201166	-0.158158320089	0.379421593582	-0.911605835935	-0.886357665062	2.15699148178	-5.22013807297
14	0	0.499999275431	0.0438436429772	-0.340940657268	0.939061873996	0.273882061243	-1.94516634941	5.36918735504
15	0	0.500000072643	-0.135200970404	0.247381459931	-0.95943895631	-0.769672513008	1.43402099609	-5.48083019257
16	0	0.499987600371	0.112636849948	-0.348923875055	0.93035749551	0.642937481403	-1.98320102692	5.32380199432
17	0	0.49997721985	0.010408865492	0.227856124386	-0.973639174489	0.0321236215532	1.32373476028	-5.56256818771
18	0	0.49924556911	0.0476603424273	-0.30458814755	0.951290992353	0.265297144651	-1.73670363426	5.43108654022
19	0	0.499676356092	0.00182453567011	0.269655194432	-0.962955215566	-0.0167022030801	1.55672335625	-5.50308465958
20	0	0.498390840366	0.156934575074	-0.366912297947	0.916922518407	0.871303975582	-2.08439564705	5.23273181915
21	0	0.496392076835	-0.021705293217	0.397186181636	-0.917481344423	-0.142953813076	2.26739382744	-5.23701715469
22	0	0.397620841861	-0.0403081560863	-0.810624679691	0.584177097487	-0.185396030545	-3.75618124008	2.71850848198
23	0	0.352254778147	-0.0802054430547	-0.913217553952	0.39950067091	-0.327692747116	-3.82068538666	1.66603195667
24	0	0.475403919816	0.120581765895	-0.417611570917	0.900589037003	0.665632665157	-2.28817129135	4.95419168472
25	0	0.49918275699	-0.144940750677	0.348999249929	-0.925846478819	-0.81247985363	1.97865700722	-5.29468488693
26	0	0.499955970794	0.0413854280003	-0.287019964582	0.957030190893	0.243560522795	-1.63705611229	5.47224903107
27	0	0.499989122152	-0.0737936197576	0.220039578663	-0.972695782609	-0.411850422621	1.28133022785	-5.55658769608
28	0	0.499986123294	-0.00885290243264	-0.232075341851	0.972657525455	-0.0291811432689	-1.33745360374	5.55821466446
29	0	0.499991543591	-0.0608054534753	0.289572207143	-0.955222818864	-0.349935829639	1.65752112865	-5.46034193039
0	1	0.499999700114	-0.107480492944	0.267677513432	-0.957495009094	-0.625266373158	1.55133605003	-5.46737909317
1	1	0.499997796491	0.195065966707	-0.29353111666	0.935835857501	1.09852325916	-1.68360292912	5.35232448578
2	1	0.499999640509	-0.0823909808648	0.234761059338	-0.968555094608	-0.479627132416	1.33925652504	-5.53733301163
3	1	0.499999517575	0.11850857934	-0.135546920619	0.983657841393	0.668654203415	-0.804559707642	5.62100458145
4	1	0.499999828637	-0.128151605694	0.208554606514	-0.969578332091	-0.728498756886	1.1938444376	-5.54307365417
5	1	0.499999476597	0.148846507142	-0.245139987156	0.957993269292	0.854031682014	-1.39287102222	5.47858953476
6	1	0.499999575317	-0.17186766606	0.336003183158	-0.926047172811	-0.991360187531	1.9021435976	-5.30002355576
7	1	0.499997965991	0.296346567807	-0.378791007384	0.87675314911	1.67552733421	-2.13933968544	5.03119134903
8	1	0.500000014901	-0.226317688924	0.27639480608	-0.934016174834	-1.29542863369	1.58817028999	-5.33693790436
9	1	0.499997735023	0.256147863622	-0.228828345514	0.939162318373	1.45181334019	-1.30754995346	5.37262773514
10	1	0.499999631196	-0.179839478037	0.214289235507	-0.960071812775	-1.02894794941	1.21793472767	-5.49033594131
11	1	0.500000081025	0.0648956199147	-0.0864129985093	0.994143526964	0.387201547623	-0.536465108395	5.68033218384
12	1	0.499999472871	-0.0169958375742	0.301346073906	-0.95336335426	-0.120344236493	1.70918250084	-5.45507860184
13	1	0.500000312924	0.0421153222697	-0.321018487839	0.946136052635	0.255448520184	-1.8414427042	5.40633010864
14	1	0.499998442829	-0.101209893767	0.30851454568	-0.945819926047	-0.573460757732	1.76049137115	-5.40865755081
15	1	0.499998513609	0.0792987428734	-0.284174639189	0.955487563404	0.459232568741	-1.61978673935	5.46347141266
16	1	0.499997558072	-0.054093165443	0.33637024428	-0.940174977446	-0.319940745831	1.91158246994	-5.37832546234
17	1	0.499984152615	0.0838754202616	-0.219640421354	0.971968620473	0.478236347437	-1.2664283514	5.55444765091
18	1	0.499981919304	-0.0670696515837	0.272368159372	-0.959852721826	-0.391952037811	1.55627536774	-5.4872136116
19	1	0.499285737053	0.187317400988	-0.329499108253	0.925387772206	1.04263925552	-1.87960958481	5.28966283798
20	1	0.497934803367	-0.163966982276	0.443061346013	-0.881369089765	-0.935665130615	2.52380990982	-5.0495390892
21	1	0.419161964208	0.0652083316369	-0.582954743451	0.809883720402	0.321420043707	-2.82774829865	3.95953845978
22	1	0.332448255271	0.0754461965906	-0.607353152762	0.790841336331	0.304140031338	-2.4243888855	3.14399027824
23	1	0.408698379993	0.168053885468	-0.682972108787	0.710849484911	0.781845927238	-3.24889111519	3.378428936
24	1	0.497794926167	-0.107799546906	0.330266347574	-0.937711787996	-0.620621740818	1.90576243401	-5.3523516655
25	1	0.49955665879	0.056172823335	-0.356265886507	0.932694608127	0.332915365696	-2.03498935699	5.32709550858
26	1	0.499985506758	-0.00324931265077	0.333745570359	-0.942657592253	-0.0349223427474	1.91197061539	-5.38759231567
27	1	0.49999954924	0.0446800393103	-0.398571753217	0.916048171018	0.262082576752	-2.2519993782	5.24871778488
28	1	0.499999256805	-0.0815230780805	0.28464354867	-0.955160739321	-0.472017228603	1.64862906933	-5.45478725433
29	1	0.499998364598	0.116523032121	-0.388858400584	0.913899079374	0.663889884949	-2.20748710632	5.23207902908
0	2	0.500000223517	0.203041862744	-0.407878891033	0.890173473107	1.1493383646	-2.32880091667	5.0934214592
1	2	0.500000301749	-0.240772029324	0.41825030977	-0.875839887349	-1.36240804195	2.35969257355	-5.02740716934
2	2	0.499999595806	0.145176906819	-0.164334897085	0.975662701617	0.82696223259	-0.977759957314	5.57307577133
3	2	0.499999905005	-0.0992661884917	0.306119369672	-0.946803651944	-0.571252703667	1.73016285896	-5.41954755783
4	2	0.499999381602	0.0624416718742	-0.187322946196	0.98031176237	0.378883600235	-1.08711659908	5.60037326813
5	2	0.499999523163	-0.147648918488	0.15449494972	-0.976898719101	-0.849971115589	0.915182709694	-5.57999992371
6	2	0.499988131225	0.182610016454	-0.294827207133	0.937939496889	1.05894649029	-1.67992091179	5.36137104034
7	2	0.499989431351	-0.346735944088	0.279260312402	-0.895426079023	-1.95357561111	1.6044318676	-5.12841796875
8	2	0.499961212277	0.214554892749	-0.319171418764	0.923090354972	1.22796273232	-1.81047582626	5.28184127808
9	2	0.499991865829	-0.218103311466	0.226215403339	-0.949345846791	-1.24702608585	1.2980492115	-5.42611122131
10	2	0.499988093972	0.2375985052	-0.199797796219	0.950593388864	1.35446250439	-1.15490591526	5.43270874023
11	2	0.499999875203	-0.21661805182	0.214041297245	-0.952503513222	-1.23143780231	1.22507369518	-5.44715547562
12	2	0.499999346212	0.183167834091	-0.293573160605	0.938224037172	1.03826963902	-1.67810249329	5.36613845825
13	2	0.499987419695	-0.106443146004	0.40532641871	-0.907953936587	-0.607552826405	2.29043245316	-5.20329618454
14	2	0.499991862103	0.146298973033	-0.234626291472	0.961013586709	0.825721621513	-1.35385012627	5.49308013916
15	2	0.499962707981	-0.111800619607	0.150131306085	-0.982324392647	-0.643518924713	0.8957285285	-5.61007022858
16	2	0.499984340742	0.0921728377753	-0.339967039356	0.935909493556	0.543427944183	-1.91482567787	5.36054039001
17	2	0.499983703718	-0.196484468048	0.185698663306	-0.962761580176	-1.1033577919	1.07610845566	-5.50573348999
18	2	0.499946000054	0.0873705428381	-0.219521663803	0.971687515287	0.503869891167	-1.26320552826	5.552257061
19	2	0.499636631459	-0.0921840196064	0.302922418423	-0.948546316711	-0.537960767746	1.73506045341	-5.42041778564
20	2	0.456128980964	0.109027947307	-0.51304461059	0.851409498567	0.573064565659	-2.67876672745	4.48057699203
21	2	0.278177518398	0.131139363195	-0.409541973873	0.9028166143	0.432426005602	-1.39640879631	2.99160766602
22	2	0.419095251709	0.129916208929	-0.609732423169	0.781887556362	0.633831560612	-2.95127248764	3.82910680771
23	2	0.497769553214	-0.156961063451	0.428344281938	-0.88987886855	-0.90402007103	2.46155667305	-5.08330011368
24	2	0.499076027423	0.225270494882	-0.365400459559	0.903180883483	1.26988530159	-2.09530258179	5.15421485901
25	2	0.499970667064	-0.148231555455	0.412146873695	-0.89897850946	-0.84190517664	2.34720420837	-5.14461040497
26	2	0.499992165715	0.101609093339	-0.359555520493	0.927575021135	0.574432492256	-2.05433893204	5.30399751663
27	2	0.49999957718	-0.109160829467	0.320614228232	-0.940898735234	-0.626952171326	1.85357809067	-5.37208080292
28	2	0.500000201166	0.260794776758	-0.435381289757	0.861643323507	1.45175981522	-2.48150157928	4.94361782074
29	2	0.500000044703	-0.16970135952	0.457799237368	-0.872709176554	-0.972078204155	2.60715389252	-4.99402189255
0	3	0.500000659376	-0.111776870081	0.446700900633	-0.887673496669	-0.662200689316	2.53768372536	-5.08056592941
1	3	0.500000396743	0.213500098097	-0.288005839788	0.93352575988	1.21236348152	-1.6668202877	5.33321857452
2	3	0.500000115484	-0.0927251169125	0.27149964471	-0.957961374804	-0.551613330841	1.55762290955	-5.47345972061
3	3	0.500000119209	0.114211136947	-0.408683945859	0.905501655766	0.666450619698	-2.30542373657	5.18994426727
4	3	0.500000106171	-0.196851856045	0.305027175477	-0.931776673346	-1.11793684959	1.74339187145	-5.32924842834
5	3	0.499986685812	0.263932332788	-0.360375351557	0.894689515809	1.49550580978	-2.03642630577	5.12910318375
6	3	0.499969378114	-0.288471321067	0.306123243105	-0.907233628649	-1.63238954544	1.74901676178	-5.19244480133
7	3	0.49923347123	0.256881045987	-0.239382000743	0.936327072092	1.46364760399	-1.37891316414	5.34257221222
8	3	0.499700844288	-0.0787442191439	0.270150999539	-0.959592510079	-0.475767791271	1.54271054268	-5.48627901077
9	3	0.499239813536	0.170916073739	-0.218925158324	0.960655750407	0.981359362602	-1.26534128189	5.47926425934
10	3	0.499975435436	-0.283834831415	0.34333696658	-0.895297445465	-1.61360299587	1.94193899632	-5.13013601303
11	3	0.499987738207	0.271022969265	-0.268234147474	0.924444153132	1.54359173775	-1.5307161808	5.28723478317
12	3	0.499988811091	-0.261325424477	0.251278781489	-0.931969954717	-1.47323524952	1.44402194023	-5.33251523972
13	3	0.499965677038	0.0241969876629	-0.358106718381	0.93336706822	0.175701618195	-2.03162574768	5.34259796143
14	3	0.499237414449	-0.104162592584	0.244179602534	-0.964119534089	-0.598489165306	1.40350461006	-5.5004658699
15	3	0.499711183831	0.186307432642	-0.305075975156	0.933926222956	1.06154704094	-1.72207224369	5.34883737564
16	3	0.499239590019	-0.25376777148	0.217738993702	-0.942439201636	-1.4319447279	1.25641584396	-5.38154888153
17	3	0.49966387637	0.216637709324	-0.167305290188	0.96180925488	1.23090732098	-0.968900620937	5.49512195587
18	3	0.499833097681	-0.043923340228	0.238091267802	-0.97024908574	-0.273656100035	1.35463511944	-5.54717636108
19	3	0.498864058405	0.162192690901	-0.234785852854	0.95842012412	0.912366747856	-1.36395061016	5.46369838715
20	3	0.498608458787	-0.104097394026	0.426509903554	-0.898472612119	-0.606240987778	2.42628884315	-5.14754343033
21	3	0.455754831433	0.122632453478	-0.435524349117	0.891784627968	0.647492110729	-2.29030513763	4.67614269257
22	3	0.49751592055	-0.159458070484	0.325727057746	-0.931920065032	-0.920827150345	1.87713253498	-5.32354640961
23	3	0.498820632696	0.201891217926	-0.473097597117	0.857565507542	1.15289235115	-2.67290568352	4.90587902069
24	3	0.499959267676	-0.264496212591	0.445049075897	-0.855554249343	-1.4893797636	2.53273558617	-4.90509366989
25	3	0.499983139336	0.131855718806	-0.431495158754	0.892427026367	0.754982590675	-2.45070552826	5.1101102829
26	3	0.499999800697	-0.040564471997	0.336779555091	-0.940709336025	-0.247166961432	1.94069194794	-5.37191772461
27	3	0.500001329929	0.0902850523207	-0.400860786014	0.911679351287	0.513951003551	-2.28503274918	5.21541213989
28	3	0.499999720603	-0.0668144860399	0.518632056332	-0.852382903747	-0.397239029408	2.94022417068	-4.88804101944
29	3	0.499999918044	0.154427913128	-0.457119197075	0.875896146419	0.870602607727	-2.61470556259	5.00871753693
0	4	0.500000674278	0.230790504733	-0.365043089582	0.90193086524	1.30594062805	-2.09399080276	5.15745019913
1	4	0.500000320375	-0.271356611664	0.325116270302	-0.905905624274	-1.53395056725	1.85760974884	-5.18456935883
2	4	0.499999852851	0.208899003108	-0.282957324088	0.936107023393	1.19017648697	-1.62024569511	5.35188007355
3	4	0.500000277534	-0.264662845396	0.275633138474	-0.924110356636	-1.48925793171	1.58656311035	-5.28719758987
4	4	0.499997306615	0.220035394242	-0.260559662324	0.940049513404	1.26002848148	-1.4963850975	5.37153625488
5	4	0.499990135431	-0.221459622287	0.294600964643	-0.929605242739	-1.26521110535	1.68745756149	-5.31353282928
6	4	0.499254373834	0.183656179202	-0.322897235199	0.928443742691	1.06705451012	-1.82889485359	5.3014087677
7	4	0.49783985503	-0.276591559767	0.276315816719	-0.920405714072	-1.56595420837	1.58025336266	-5.27154445648
8	4	0.445182736963	0.00787530707387	-0.259441098328	0.965726822677	0.0550394766033	-1.32674753666	4.94604635239
9	4	0.498346820474	-0.173694087625	0.264745543968	-0.94854634092	-1.000041008	1.5192399025	-5.43016719818
10	4	0.499236758798	0.319014799864	-0.360442114072	0.876533536079	1.7983276844	-2.0397799015	5.01964902878
11	4	0.499989872798	-0.242396199003	0.221682090012	-0.944511055349	-1.39414286613	1.27656042576	-5.39560747147
12	4	0.499990206212	0.238136079425	-0.184951690954	0.953459007871	1.36159467697	-1.07576334476	5.44720697403
13	4	0.49925016053	-0.187627905213	0.277195647912	-0.942315415328	-1.07292675972	1.5786113739	-5.38078212738
14	4	0.497961357236	0.112343475911	-0.224983438937	0.967864347739	0.655500113964	-1.29115557671	5.53657436371
15	4	0.446010956541	-0.214949711442	0.231721262751	-0.94873699092	-1.11354708672	1.18457496166	-4.865421772
16	4	0.497951112688	0.253598809651	-0.271260710005	0.928496241754	1.45369529724	-1.53913199902	5.3156042099
17	4	0.498241076246	-0.276965374211	0.203452468493	-0.939093858223	-1.56566429138	1.16844677925	-5.36231708527
18	4	0.47440193966	0.0268397019943	-0.202884462227	0.978834779411	0.170164749026	-1.12105464935	5.35136556625
19	4	0.498334530741	-0.194615013491	0.346526033038	-0.917629939001	-1.10386109352	1.96946811676	-5.2557721138
20	4	0.49773876369	0.18717481334	-0.351028810033	0.917466273919	1.06618154049	-2.00416851044	5.21970939636
21	4	0.497578199953	-0.203544006439	0.495497215876	-0.844424269252	-1.16276037693	2.81046056747	-4.84392118454
22	4	0.470458120108	0.273690864672	-0.283870177787	0.918972813939	1.47434830666	-1.54871368408	4.9846906662
23	4	0.499021306634	-0.244395342813	0.300859390019	-0.92182131883	-1.39022994041	1.72978258133	-5.26988172531
24	4	0.499640416354	0.151421027601	-0.33288734084	0.930729655006	0.873017430305	-1.90216064453	5.31620883942
25	4	0.499995939434	-0.0881018080452	0.270823017623	-0.958589048834	-0.510302186012	1.57212746143	-5.47334575653
26	4	0.499996114522	0.0641634026309	-0.39958787459	0.914446602183	0.371450662613	-2.2618598938	5.23745346069
27	4	0.500000702217	-0.100910441793	0.30759609807	-0.946151004433	-0.56428194046	1.7825858593	-5.40279817581
28	4	0.499999981374	-0.00664318376148	-0.386134260488	0.922418669036	-0.00956303626299	-2.21207761765	5.2725815773
29	4	0.500000469387	-0.0600839760224	0.448350170485	-0.891836330529	-0.364233016968	2.55097460747	-5.10403823853
0	5	0.499999608845	-0.270226960379	0.341463557135	-0.900211102483	-1.51965343952	1.95947849751	-5.15151786804
1	5	0.499998327345	0.182045308192	-0.334284629943	0.924723359686	1.04663038254	-1.912789464	5.284907341
2	5	0.499998664483	-0.149714848077	0.28202495765	-0.947653622126	-0.866550803185	1.61780357361	-5.41420221329
3	5	0.499998226762	0.143304984311	-0.313962103142	0.938558191729	0.837450027466	-1.78878307343	5.36508893967
4	5	0.499999336898	-0.246383209352	0.253464365445	-0.935441676214	-1.39905190468	1.46085560322	-5.34720993042
5	5	0.499961555004	0.196375059738	-0.299911233714	0.933536334486	1.13441610336	-1.70138788223	5.33828830719
6	5	0.499687863514	-0.223918731133	0.183367475132	-0.957202575692	-1.27436876297	1.07445561886	-5.47045373917
7	5	0.444784518331	0.0799065724101	-0.190387703586	0.978451563445	0.408770680428	-0.986274957657	5.00452184677
8	5	0.233599447645	0.026251104579	-0.26326083043	0.964367468691	0.101101368666	-0.73248308897	2.69385457039
9	5	0.446577161551	0.200568493288	-0.198003658781	0.959461740045	1.0111964941	-1.03192269802	4.92915725708
10	5	0.499638538808	-0.221187845271	0.33722220862	-0.915072193391	-1.26876044273	1.92064118385	-5.23403167725
11	5	0.499967778102	0.276069681235	-0.193055457813	0.941549319638	1.56364011765	-1.13516116142	5.38129854202
12	5	0.499962186441	-0.263207516069	0.256019924571	-0.930148161159	-1.50614118576	1.46234095097	-5.31730747223
13	5	0.499628901482	0.38957655111	-0.267846002359	0.881185922406	2.19804334641	-1.52466845512	5.05424547195
14	5	0.44489146769	-0.402312200905	0.104216792179	-0.909551402193	-2.04777693748	0.553404510021	-4.65787696838
15	5	0.233382246457	-0.336809881328	0.185625904703	-0.923093780362	-0.927766561508	0.521759688854	-2.57961773872
16	5	0.445238415152	-0.24058715548	0.128537659659	-0.962078942014	-1.24424540997	0.676921844482	-4.92415428162
17	5	0.473160179332	0.277971140977	-0.306100436344	0.910513353913	1.51364672184	-1.65320277214	4.97948932648
18	5	0.333472339436	0.385217970437	-0.172051030865	0.9066452217	1.51047086716	-0.699743330479	3.62716245651
19	5	0.428754150867	0.0993656152958	-0.359121473846	0.927986121405	0.516101717949	-1.77535009384	4.63441228867
20	5	0.496149227023	-0.245455938553	0.22619869352	-0.942648149247	-1.39997446537	1.30719470978	-5.38251781464
21	5	0.417134962976	0.245340366349	-0.247808071333	0.937229568687	1.19716882706	-1.2103998661	4.54348087311
22	5	0.318903332576	0.255926819602	-0.360031330453	0.897150435602	0.981032073498	-1.35723805428	3.43162584305
23	5	0.471874060109	0.24999318685	-0.196353461037	0.948129065511	1.3573192358	-1.08283638954	5.15543794632
24	5	0.499811269343	-0.130614163667	0.302687869677	-0.944097449313	-0.755685567856	1.71921277046	-5.39928722382
25	5	0.499986777082	0.0925770438631	-0.274312675417	0.95717398996	0.536629796028	-1.57583975792	5.46888685226
26	5	0.50000061281	-0.0913925097686	0.309671171836	-0.946441321209	-0.518649697304	1.77965211868	-5.40809106827
27	5	0.500000823289	0.0460226632904	-0.409269006696	0.911252322149	0.281202584505	-2.32133364677	5.21725845337
28	5	0.500000495464	-0.167021315365	0.313520912967	-0.934777255471	-0.934095025063	1.81418538094	-5.34104394913
29	5	0.499999374151	0.164804253255	-0.380474556293	0.909988280212	0.944785356522	-2.1689324379	5.20467185974
0	6	0.499988060445	0.118489261476	-0.386146281309	0.914795793796	0.689202487469	-2.20238804817	5.23070764542
1	6	0.499989006668	-0.131884933493	0.41232920942	-0.901438288169	-0.75507992506	2.34000325203	-5.16173362732
2	6	0.499968444929	0.220434287423	-0.26720867278	0.938087549283	1.23658871651	-1.54618656635	5.36353302002
3	6	0.499988729134	-0.18422203658	0.344838591807	-0.920406750757	-1.05354821682	1.95846283436	-5.26681995392
4	6	0.499985884875	0.271093046199	-0.317604362228	0.908645161433	1.54202628136	-1.81175875664	5.19813871384
5	6	0.499991415069	-0.271888797577	0.249516490601	-0.929418098958	-1.55265104771	1.43331766129	-5.31212902069
6	6	0.499252796173	0.294917303479	-0.297351325618	0.908078175744	1.66859078407	-1.69611001015	5.18957614899
7	6	0.497807789594	-0.135784940393	0.444191203943	-0.885582646794	-0.789489448071	2.51336121559	-5.08016204834
8	6	0.445268150419	-0.00779841912232	-0.285059435791	0.958478118021	-0.0238655917346	-1.45889282227	4.90978527069
9	6	0.49835200049	-0.185997666739	0.22733499937	-0.955888940217	-1.05501568317	1.322265625	-5.47155237198
10	6	0.499250438064	0.167392049653	-0.42812050745	0.888083742005	0.956588208675	-2.42030715942	5.08099555969
11	6	0.499989725649	-0.132039189201	0.418240388688	-0.89868828288	-0.779803514481	2.36472964287	-5.14773654938
12	6	0.499987911433	0.183361668886	-0.338229184794	0.923027365216	1.0608805418	-1.92669987679	5.27719020844
13	6	0.499226178974	-0.25953528084	0.258097150444	-0.930605877336	-1.49033403397	1.4775005579	-5.30844211578
14	6	0.498197805136	0.289915231466	-0.205387595597	0.934754028683	1.66711235046	-1.17458987236	5.34942722321
15	6	0.445569407195	-0.402533966028	0.217309179683	-0.889237384853	-2.04927635193	1.10721576214	-4.56550359726
16	6	0.496927335858	0.391005544316	-0.34711611513	0.852423056311	2.21327638626	-1.96050596237	4.88776111603
17	6	0.496225405484	-0.237257528033	0.202332158441	-0.950142390935	-1.3755761385	1.17005300522	-5.42531633377
18	6	0.393688817509	0.286794161019	-0.160733383241	0.944411927454	1.33163428307	-0.74972563982	4.38158607483
19	6	0.385638266802	0.0848030832645	-0.319411592106	0.943813896855	0.411405265331	-1.47963929176	4.35462474823
20	6	0.401541300118	0.618666070198	-0.19967742094	0.759856052916	2.89346027374	-0.942854881287	3.62560749054
21	6	0.370600411668	0.354743778537	-0.177523790495	0.917955421247	1.57381117344	-0.793198943138	4.07309865952
22	6	0.418070664629	0.350910066689	-0.25245799223	0.901735597199	1.6939227581	-1.23049139977	4.38842105865
23	6	0.498374974355	-0.31636493223	0.207546511125	-0.925655268107	-1.79249954224	1.19213438034	-5.30383110046
24	6	0.499518958852	0.165736438484	-0.207980708894	0.963989345214	0.952924370766	-1.19953596592	5.50261735916
25	6	0.499995177612	-0.171974090297	0.325709230505	-0.929698020558	-0.964756727219	1.84048354626	-5.32669973373
26	6	0.499993391335	0.0908431348229	-0.299629186361	0.949720946139	0.51889693737	-1.71978628635	5.42746829987
27	6	0.499998245388	-0.111426906654	0.401827510977	-0.90891071943	-0.628712952137	2.29066038132	-5.20003795624
28	6	0.50000064075	0.128679528453	-0.403045588756	0.9060882034	0.738963603973	-2.28893232346	5.18650054932
29	6	0.499997317791	-0.217150907781	0.30407029688	-0.927570341163	-1.22224473953	1.75728678703	-5.30136823654
0	7	0.499955486506	-0.0389162761907	0.401074279649	-0.915218523442	-0.242887854576	2.28181838989	-5.23658657074
1	7	0.499206833541	0.0168198034795	-0.388008363209	0.921502362607	0.11490804702	-2.21438932419	5.25974178314
2	7	0.499448612332	-0.047678905136	0.303299070536	-0.951701841869	-0.301742196083	1.73427844048	-5.43925571442
3	7	0.499243013561	0.106226813851	-0.273888785585	0.955876978041	0.617984175682	-1.57935190201	5.45091962814
4	7	0.499969765544	-0.276703228932	0.373147371361	-0.885548622237	-1.57532680035	2.09899020195	-5.08085584641
5	7	0.499977244064	0.300771925601	-0.183966384203	0.935784493489	1.71493244171	-1.0680295229	5.34846162796
6	7	0.49997202307	-0.313156532124	0.277169685097	-0.908355630825	-1.78180956841	1.57301235199	-5.19969654083
7	7	0.499269058928	0.211064605814	-0.26165549697	0.941800474134	1.20781910419	-1.51662433147	5.37024402618
8	7	0.499684395269	-0.0762723899404	0.360769213624	-0.929531116765	-0.462567806244	2.04252266884	-5.32207679749
9	7	0.499243371189	0.127259412872	-0.305849020113	0.943536654684	0.740494728088	-1.74665522575	5.38424158096
10	7	0.499977096915	-0.118415689024	0.380228049539	-0.91728095747	-0.699542880058	2.16308021545	-5.24622774124
11	7	0.499988131225	0.270560645791	-0.282672225823	0.920268085776	1.52494561672	-1.63160419464	5.26326036453
12	7	0.499986853451	-0.240491846229	0.323530377935	-0.915145762406	-1.38275611401	1.84325623512	-5.23179864883
13	7	0.499974474311	0.307541822257	-0.28882773352	0.906640263783	1.75709939003	-1.64299356937	5.186627388
14	7	0.499254859984	-0.372411883189	0.152185715564	-0.915504722674	-2.10394191742	0.884245157242	-5.23283576965
15	7	0.499181559309	0.249623941792	-0.171684122059	0.953001810028	1.44755220413	-0.981167316437	5.43859815598
16	7	0.497617529705	-0.265910129723	0.253652603542	-0.930028042388	-1.52928221226	1.44397044182	-5.31434011459
17	7	0.416444661096	0.389560845712	-0.151671829906	0.908426113396	1.87972855568	-0.731750607491	4.40337324142
18	7	0.377856795676	0.233955302575	-0.117312781085	0.965143837877	1.07034826279	-0.544095635414	4.36384153366
19	7	0.41699527204	0.211598012915	-0.498497759039	0.840670128626	1.03771007061	-2.42805051804	4.1501455307
20	7	0.343473983929	0.315984254203	-0.180446295855	0.931446770035	1.31625771523	-0.759706914425	3.81950974464
21	7	0.438119043596	0.115032889564	-0.134971956459	0.984149381592	0.598759412766	-0.696443617344	5.01880931854
22	7	0.498232318088	-0.173111657927	0.238658811975	-0.955549227071	-1.00058197975	1.36903560162	-5.46294164658
23	7	0.499151660129	0.236186820886	-0.234411313519	0.943009608506	1.34299814701	-1.34416556358	5.38242769241
24	7	0.499979387969	-0.14540670436	0.168021990094	-0.975000257011	-0.835116684437	0.978752374649	-5.57085084915
25	7	0.499993475154	0.052300739045	-0.167870873769	0.984420643036	0.308019757271	-0.982134997845	5.62411975861
26	7	0.499986963347	0.0137271380411	0.263129347492	-0.964662900795	0.0555976182222	1.5094101429	-5.51433086395
27	7	0.499989919364	0.0464654271511	-0.416287915235	0.908044787281	0.278677523136	-2.35801553726	5.20146989822
28	7	0.499963039532	-0.0798162611122	0.34180988971	-0.936373517224	-0.471768856049	1.96189141273	-5.34875583649
29	7	0.499976122752	0.163594626637	-0.331137775685	0.929292511349	0.925090789795	-1.89404940605	5.31420755386
0	8	0.499255569652	0.151278180924	-0.317100468312	0.936249007996	0.862461209297	-1.82145988941	5.34170436859
1	8	0.497622985393	-0.119548369976	0.431967475108	-0.89393080699	-0.684850394726	2.45613718033	-5.1199016571
2	8	0.443952487782	0.38475473262	-0.219640161605	0.896505435085	1.9342571497	-1.14334595203	4.58856201172
3	8	0.497666951269	-0.0800763409241	0.327034690832	-0.941613556942	-0.485581129789	1.85636973381	-5.38982629776
4	8	0.49931509234	0.321719568488	-0.153736175101	0.934270682253	1.81116843224	-0.904207468033	5.34005832672
5	8	0.499988917261	-0.261340279755	0.0768441658113	-0.962183055535	-1.50669050217	0.464725852013	-5.49550294876
6	8	0.499987097457	0.321524334168	-0.167036857374	0.932051924957	1.82806813717	-0.969133615494	5.3298163414
7	8	0.499989084899	-0.336910179551	0.311367357138	-0.888561702879	-1.91424894333	1.75932312012	-5.09201192856
8	8	0.499959303066	0.314643344289	-0.237621193564	0.918986253577	1.78530085087	-1.37181806564	5.25532770157
9	8	0.499989233911	-0.321433801656	0.254856602126	-0.911991460215	-1.82068276405	1.46438264847	-5.21832990646
10	8	0.499987326562	0.239904461383	-0.34464551544	0.907560090625	1.36734843254	-1.95475482941	5.19572496414
11	8	0.499998548999	-0.231640222162	0.236803083171	-0.943539669159	-1.33045983315	1.36278927326	-5.3906006813
12	8	0.499999690801	0.325674174239	-0.287598982148	0.900679275714	1.85234045982	-1.64232265949	5.1531791687
13	8	0.499987989664	-0.344146467593	0.290628882785	-0.892803484164	-1.95848989487	1.65138566494	-5.11074209213
14	8	0.499979037791	0.299776756209	-0.173058456785	0.938181574628	1.72397279739	-0.991258144379	5.36003780365
15	8	0.49979903549	-0.3315098453	0.072978915978	-0.940624951982	-1.87465381622	0.438605368137	-5.38212108612
16	8	0.476722737774	0.201883840721	-0.132495512811	0.970406025301	1.12162125111	-0.734131753445	5.33198690414
17	8	0.33483258076	0.470408034538	-0.153306684478	0.869030115437	1.86966991425	-0.625856339931	3.48927807808
18	8	0.416875777766	0.386634370358	-0.20256795471	0.899711113293	1.86984825134	-0.981330156326	4.36477470398
19	8	0.49686133489	-0.263448319619	0.225036625447	-0.938058367106	-1.5074942112	1.29481935501	-5.36229276657
20	8	0.477326985449	0.262858142003	-0.229975188865	0.937025618481	1.44037222862	-1.27309894562	5.15900182724
21	8	0.4986974895	-0.135488735566	0.248156506642	-0.959198181163	-0.792548894882	1.42807435989	-5.48125457764
22	8	0.499327877536	0.203170227089	-0.334831151889	0.920114100832	1.14842426777	-1.90864181519	5.25749254227
23	8	0.49997664243	-0.235396780561	0.406384109804	-0.882859168271	-1.33617353439	2.2967877388	-5.06274986267
24	8	0.499989021569	0.176230948529	-0.310545022478	0.934079462249	0.99712729454	-1.7706284523	5.34427452087
25	8	0.499985603616	-0.0228568086896	0.238774879891	-0.970805914192	-0.154164835811	1.36844682693	-5.54888486862
26	8	0.499980421737	0.0824973528522	-0.223065011525	0.971306433318	0.476993143559	-1.28868544102	5.55005073547
27	8	0.499228997156	-0.192576918361	0.311245119741	-0.930613026963	-1.08207046986	1.77557826042	-5.31645345688
28	8	0.499643802643	0.208958266067	-0.347554330634	0.914080100593	1.17289161682	-1.97541594505	5.23627567291
29	8	0.49929695949	-0.150247401117	0.274619219052	-0.94974207182	-0.874680280685	1.57805538177	-5.41679430008
0	9	0.498936168849	-0.267034988798	0.315360603481	-0.910626160688	-1.51504147053	1.79297196865	-5.20463752747
1	9	0.44569959119	0.180259632286	-0.281772657065	0.942396219591	0.940960049629	-1.44735610485	4.82736682892
2	9	0.234300030395	0.253909829231	-0.359389922966	0.897980334913	0.717022061348	-0.975048899651	2.52676081657
3	9	0.445601472631	0.282870647031	-0.338480585636	0.897449213157	1.44828939438	-1.72542822361	4.60372161865
4	9	0.499658310786	-0.254940017721	0.228050921193	-0.939679926734	-1.47691988945	1.30026721954	-5.36886262894
5	9	0.499957256019	0.301803737134	-0.149167291113	0.94162817689	1.71881580353	-0.857402920723	5.38421773911
6	9	0.499999443069	-0.208905147285	0.212044480057	-0.954670507513	-1.21916902065	1.20861411095	-5.45341873169
7	9	0.499996025115	0.329683937066	-0.240807345398	0.912863803666	1.87017393112	-1.37407469749	5.22491645813
8	9	0.499999597669	-0.310203055555	0.224327284055	-0.923824298204	-1.77834391594	1.28608226776	-5.27859973907
9	9	0.499998375773	0.353260137479	-0.226947255924	0.907580419741	2.00617361069	-1.3028242588	5.19251775742
10	9	0.499999787658	-0.20955252117	0.270928621906	-0.939513396766	-1.21774768829	1.54447412491	-5.36866903305
11	9	0.499999629334	0.184869852405	-0.147347826051	0.971654133851	1.07769072056	-0.874628126621	5.54691171646
12	9	0.499999672174	-0.347672715927	0.279301795151	-0.895049825331	-1.96859955788	1.57971143723	-5.13043212891
13	9	0.499998483807	0.303879844206	-0.264909564217	0.915139313477	1.74397194386	-1.50933229923	5.23086452484
14	9	0.499994320795	-0.322892646341	0.188550446534	-0.927463782609	-1.84021472931	1.080534935	-5.30371952057
15	9	0.499735182151	0.228297873387	-0.124218891078	0.965634375997	1.3134740591	-0.729634284973	5.51381921768
16	9	0.499222541228	-0.170155499015	0.20339996067	-0.964196848239	-0.985010147095	1.16406106949	-5.50950670242
17	9	0.47616966255	0.206889997889	-0.228391392231	0.951332697182	1.14917182922	-1.26159274578	5.22029399872
18	9	0.497891046107	-0.413327508538	0.45584592779	-0.788266998423	-2.33877658844	2.5798971653	-4.53887081146
19	9	0.498959995806	0.235354802475	-0.330191494047	0.914101577622	1.35837638378	-1.88299036026	5.21249961853
20	9	0.499850176275	-0.313631105792	0.28877590541	-0.904568408654	-1.76957058907	1.65951883793	-5.17650365829
21	9	0.499628975987	0.237004391087	-0.339154456194	0.910386277055	1.34770154953	-1.93459701538	5.20422840118
22	9	0.499982472509	-0.0672578565833	0.402328730835	-0.913021343164	-0.423975050449	2.28818488121	-5.22317457199
23	9	0.499992318451	0.19111359908	-0.32996104609	0.924446483205	1.08700597286	-1.89976716042	5.28140163422
24	9	0.499997973442	-0.130461571966	0.353907130323	-0.926136880459	-0.751535654068	2.01268577576	-5.29771852493
25	9	0.499991435558	0.128971906464	-0.287797998209	0.948967101416	0.735100984573	-1.64222121239	5.42663955688
26	9	0.499229326844	-0.204453084287	0.271031111626	-0.94060675782	-1.14825749397	1.54350161552	-5.37418699265
27	9	0.498227966949	0.163808853357	-0.233497318148	0.958460047148	0.936164140701	-1.34393072128	5.48596858978
28	9	0.445095584728	-0.0224155816156	0.24085795701	-0.970301492447	-0.132911726832	1.23433220387	-4.96818113327
29	9	0.497596688569	0.335648525837	-0.235239448271	0.912141693533	1.8922252655	-1.35377967358	5.22532701492
0	10	0.498872196302	0.215812968213	-0.297760768348	0.929926495796	1.24273347855	-1.67848944664	5.31384754181
1	10	0.498197939247	-0.343138538566	0.1515001709	-0.926986322212	-1.9482883215	0.88490831852	-5.31016254425
2	10	0.446545457467	0.275679453528	-0.179559824545	0.94432997851	1.41769170761	-0.943556308746	4.84577846527
3	10	0.498233444989	-0.378140141606	0.289065936411	-0.879460583377	-2.15859913826	1.65282332897	-5.0381102562
4	10	0.499234989285	0.407165177365	-0.247687119129	0.879128892347	2.30876255035	-1.41010069847	5.02671527863
5	10	0.499982830137	-0.360968403915	0.132021497017	-0.923185861948	-2.05708360672	0.774690270424	-5.27806282043
6	10	0.499959601089	0.254018448907	-0.233171367932	0.938672328766	1.46202504635	-1.32233119011	5.36608743668
7	10	0.499990999699	-0.223485479279	0.175586420231	-0.958761518618	-1.29737567902	1.01355934143	-5.47513818741
8	10	0.499987453222	0.331961754971	-0.243169074491	0.911411100683	1.89341449738	-1.38511371613	5.21324920654
9	10	0.499997388572	-0.367286359995	0.22776331155	-0.901789667092	-2.08796954155	1.30381762981	-5.15974521637
10	10	0.49999961257	0.347954459054	-0.286516980522	0.892656548902	1.97571480274	-1.62335658073	5.11375713348
11	10	0.499998612329	-0.240694396929	0.283589927021	-0.928247251856	-1.38249742985	1.59883379936	-5.31233453751
12	10	0.500000169501	0.26761117443	-0.127508318807	0.955052819458	1.5362610817	-0.760283231735	5.4545917511
13	10	0.499999688938	-0.311366747141	0.23639866017	-0.920416439577	-1.77722024918	1.350304842	-5.26329708099
14	10	0.49999614805	0.369054663655	-0.215533522091	0.904070769403	2.08984780312	-1.24649262428	5.17376947403
15	10	0.499991545454	-0.206180170415	0.318739263557	-0.925145944808	-1.19534647465	1.80239963531	-5.29303121567
16	10	0.499731555581	0.204621915011	-0.336880398606	0.91904377966	1.177272439	-1.91102576256	5.25505447388
17	10	0.499855462462	-0.266746556251	0.239917074548	-0.933427057712	-1.520642519	1.38538575172	-5.33343076706
18	10	0.499589629471	0.296492923774	-0.353996397854	0.887005353117	1.6871175766	-2.0225276947	5.0696644783
19	10	0.499976869673	-0.180485795273	0.323318648765	-0.928918688081	-1.03884041309	1.86450576782	-5.30411481857
20	10	0.499974891543	0.150895777138	-0.373350275334	0.915336023737	0.885808289051	-2.12516975403	5.23313236237
21	10	0.499994128942	-0.328052046754	0.35205592011	-0.876606230719	-1.84419643879	2.0238096714	-5.01940536499
22	10	0.499995224178	0.227911790235	-0.402304887554	0.886683141445	1.29813921452	-2.28884649277	5.07565689087
23	10	0.49999864772	-0.239515672465	0.372443692126	-0.896614710363	-1.35031819344	2.11893987656	-5.13558864594
24	10	0.500000284985	0.11145839765	-0.325283477955	0.93902485833	0.646959066391	-1.86610817909	5.36518859863
25	10	0.499962683767	-0.116116111829	0.233484429577	-0.965402542838	-0.673815846443	1.34813845158	-5.51429891586
26	10	0.499665413052	0.153845018877	-0.274653959959	0.949155894701	0.877959370613	-1.5686917305	5.42796039581
27	10	0.445362629369	-0.0523285860199	0.158920063363	-0.985903713628	-0.27800193429	0.832175552845	-5.04791879654
28	10	0.234271535184	-0.0715141752873	0.260696152241	-0.962768528224	-0.216377347708	0.712598443031	-2.70087718964
29	10	0.445467784069	-0.106350018838	0.100879590618	-0.989198150873	-0.549358487129	0.544706642628	-5.06656646729
0	11	0.499227996916	-0.265360882549	0.217764760319	-0.93923485411	-1.50967884064	1.25018644333	-5.36138057709
1	11	0.499259049073	0.284344792871	-0.189753654364	0.939756132953	1.62833666801	-1.08442306519	5.36276388168
2	11	0.499680802226	-0.364375787516	0.241406600319	-0.899418222405	-2.06599473953	1.3777961731	-5.15056562424
3	11	0.499246276915	0.311502248264	-0.290346065044	0.904801365958	1.79033637047	-1.65053749084	5.16274166107
4	11	0.499953135848	-0.392151856836	0.27581326278	-0.877578466722	-2.23878383636	1.57329964638	-5.02002668381
5	11	0.499255474657	0.379296667498	-0.184705832738	0.906651969268	2.16564440727	-1.07212376595	5.17189264297
6	11	0.499639835209	-0.354015415504	0.249856955232	-0.90124613037	-2.01451539993	1.40844631195	-5.16262435913
7	11	0.499239208177	0.26432101242	-0.12015489782	0.956920687896	1.52124381065	-0.708515405655	5.45649814606
8	11	0.499962307513	-0.363312032848	0.273304028032	-0.890679108911	-2.05356121063	1.54189181328	-5.10877656937
9	11	0.499979330227	0.261978083357	-0.180622069952	0.948020649399	1.51615655422	-1.04004502296	5.41349124908
10	11	0.499961549416	-0.366637524734	0.141508675138	-0.91953913474	-2.0758099556	0.829200088978	-5.26197004318
11	11	0.49999197945	0.240383278281	-0.211585206553	0.947337099395	1.37797605991	-1.21180582047	5.41475963593
12	11	0.4999879729	-0.263920535041	0.179381568299	-0.947717365114	-1.50853514671	1.04478788376	-5.4146938324
13	11	0.499998982996	0.255028543293	-0.308100721137	0.91653389885	1.47028422356	-1.74890506268	5.24071884155
14	11	0.499999951571	-0.328428887106	0.335987177604	-0.882749728179	-1.86781263351	1.90653169155	-5.05590105057
15	11	0.499995790422	0.259851463311	-0.270953323232	0.926855713498	1.48333072662	-1.56570875645	5.29461097717
16	11	0.499997287989	-0.282977485155	0.388694233782	-0.876835523642	-1.60888743401	2.19188499451	-5.02981853485
17	11	0.499985970557	0.277828602513	-0.229959824505	0.932700244848	1.58417677879	-1.34539496899	5.3262963295
18	11	0.49999551475	-0.222941749968	0.386101678085	-0.895110311806	-1.27222204208	2.19954824448	-5.12183237076
19	11	0.4999935776	0.118139538707	-0.475439135168	0.871780177651	0.683736383915	-2.69224214554	4.99758768082
20	11	0.499999877065	-0.138678359952	0.354883343423	-0.924568074855	-0.793576717377	2.04436564445	-5.27988958359
21	11	0.499999541789	0.21561934487	-0.462976123452	0.859744966389	1.23067712784	-2.61954283714	4.93109464645
22	11	0.49999397248	-0.206309848075	0.308470656209	-0.928591460679	-1.16825950146	1.77223157883	-5.30899000168
23	11	0.499996302649	0.140744292651	-0.25190341421	0.957463165869	0.81517624855	-1.46500730515	5.46626806259
24	11	0.499980192631	-0.0930502041956	0.453979114095	-0.886140295588	-0.560426235199	2.55048322678	-5.08839225769
25	11	0.49998478964	0.220270055965	-0.223377758329	0.949517498274	1.2437826395	-1.30705404282	5.42598485947
26	11	0.499244119972	-0.182162231236	0.365971504108	-0.912623569547	-1.04609274864	2.06917524338	-5.21649551392
27	11	0.497716300189	0.27491610175	-0.35169538816	0.894836013438	1.5496172905	-2.00799179077	5.12738227844
28	11	0.445772510022	-0.116221150174	0.220965126253	-0.968332100693	-0.594288706779	1.13752067089	-4.96443367004
29	11	0.498233387247	0.172301800019	-0.259665601171	0.950203065286	0.992958784103	-1.48338162899	5.43985843658
0	12	0.499963620678	0.304069373435	-0.229178851983	0.924672304086	1.726770401	-1.31154763699	5.28990745544
1	12	0.49998004362	-0.239245754744	0.145879677449	-0.959937804519	-1.38664674759	0.855122566223	-5.48031902313
2	12	0.49996274896	0.300284730913	-0.236935549991	0.923953800539	1.71653580666	-1.35165786743	5.28247117996
3	12	0.499981323257	-0.285852176487	0.246176863218	-0.926113106059	-1.65389680862	1.41468250751	-5.28700733185
4	12	0.499247096479	0.422315131159	-0.324718793656	0.846290514564	2.40025782585	-1.84045922756	4.84124851227
5	12	0.498334076256	-0.417172666807	0.337236639986	-0.843942186835	-2.38478183746	1.91677451134	-4.84124565125
6	12	0.445416580886	0.370344099433	-0.0871584751232	0.924796544235	1.8898011446	-0.475099951029	4.73846054077
7	12	0.498315548524	-0.303731759432	0.119949443525	-0.945176782042	-1.73046648502	0.697286188602	-5.41381692886
8	12	0.499224774539	0.210180168859	-0.219898971659	0.95261153619	1.2146011591	-1.25918734074	5.43448162079
9	12	0.499277628958	-0.238016353209	0.177506660031	-0.954902927658	-1.36006939411	1.02728009224	-5.44856023788
10	12	0.499706516042	0.310557450949	-0.181414350875	0.933082473823	1.76322698593	-1.04041051865	5.33956241608
11	12	0.499246152118	-0.126303336116	0.260553661199	-0.957162084979	-0.758885502815	1.49386036396	-5.45817327499
12	12	0.499973472208	0.281964706494	-0.349433124431	0.893528061027	1.59424674511	-1.9804970026	5.12170124054
13	12	0.499987572432	-0.301394043996	0.284151116246	-0.910175682701	-1.71259117126	1.63822817802	-5.20233869553
14	12	0.50000018999	0.287974080066	-0.323435642275	0.901365805052	1.63818776608	-1.85081529617	5.15513563156
15	12	0.499999968335	-0.175493734054	0.310034464791	-0.934387810253	-1.02241671085	1.76788425446	-5.33978891373
16	12	0.499999923632	0.24618356871	-0.222107440309	0.943430938361	1.4002301693	-1.3101388216	5.38719987869
17	12	0.500000543892	-0.277995275475	0.366969579089	-0.88772290431	-1.57380962372	2.08524036407	-5.08567714691
18	12	0.499999515712	0.161043609137	-0.354574383671	0.921054809661	0.919905781746	-2.03189516068	5.26432323456
19	12	0.499999750406	-0.0396824878848	0.429328331521	-0.902276279146	-0.245024487376	2.44292187691	-5.1632604599
20	12	0.499999811873	0.0620816607923	-0.350545762803	0.934485706458	0.364953756332	-2.00888371468	5.34016036987
21	12	0.499993868172	-0.175854627813	0.40421548615	-0.897599571431	-0.988729000092	2.29493331909	-5.14282512665
22	12	0.499987555668	0.0443397803445	-0.231857615111	0.971738663528	0.289207816124	-1.33986914158	5.55170679092
23	12	0.499607546255	-0.175299652688	0.248558781673	-0.952621941707	-1.00305056572	1.42439651489	-5.44049072266
24	12	0.49982438609	0.320111810215	-0.262355288054	0.910328584518	1.7936167717	-1.51250457764	5.21481275558
25	12	0.499462518841	-0.228086217939	0.29346856333	-0.928360317723	-1.29937982559	1.67365598679	-5.3030090332
26	12	0.49995329231	0.175828828882	-0.285442428384	0.942128888747	1.00431275368	-1.65054810047	5.38116455078
27	12	0.499266866595	-0.144598904407	0.354651872185	-0.923749536617	-0.835504174232	2.01902556419	-5.27375411987
28	12	0.499696100131	0.112038472983	-0.327334144183	0.938242899586	0.6532574296	-1.86344051361	5.36641120911
29	12	0.499240320176	-0.229358791424	0.294914019652	-0.927588414012	-1.30350279808	1.67660665512	-5.2985906601
0	13	0.499986883253	-0.301384619425	0.271012192819	-0.914177063001	-1.72240614891	1.53970718384	-5.22896194458
1	13	0.499997831881	0.347440383558	-0.234822266367	0.907823596901	1.97625660896	-1.34213328362	5.19405698776
2	13	0.499999705702	-0.294852755939	0.263515473764	-0.918488675707	-1.69746351242	1.4994314909	-5.24906158447
3	13	0.499959863722	0.398494472031	-0.242721454049	0.884470718286	2.25696444511	-1.39172136784	5.06481552124
4	13	0.499571189284	-0.427908903727	0.238777431736	-0.871710564468	-2.43555402756	1.37774729729	-4.98523283005
5	13	0.446052007377	0.398787776491	-0.420376323897	0.815016598376	2.03682518005	-2.1258854866	4.20176506042
6	13	0.232943053357	0.272451802131	-0.203784171649	0.940341441659	0.777116656303	-0.588401675224	2.60834693909
7	13	0.445345569402	0.258778668636	-0.259668393306	0.930379452792	1.32556843758	-1.32526040077	4.76692008972
8	13	0.498903237283	-0.158042701529	0.365344787451	-0.917357994883	-0.925479888916	2.05943608284	-5.24478006363
9	13	0.497738612816	0.177792832037	-0.316480795352	0.931788396069	1.02417731285	-1.80006480217	5.33211135864
10	13	0.445433465764	-0.323737117664	0.154238334011	-0.933490661425	-1.64940726757	0.81136405468	-4.78229808807
11	13	0.498140767217	0.242372644992	-0.383039473072	0.891367636292	1.37561511993	-2.1811902523	5.11111402512
12	13	0.499230206013	-0.13478394866	0.37800288403	-0.915940558578	-0.795351743698	2.16258907318	-5.22267007828
13	13	0.499992068857	0.231346004834	-0.369006029085	0.900174192335	1.31260609627	-2.1046872139	5.15118169785
14	13	0.499997656792	-0.22690109631	0.390892898833	-0.892030623989	-1.28980851173	2.22444009781	-5.10631322861
15	13	0.500000305474	0.198663673691	-0.317851272497	0.927094015366	1.12641608715	-1.83005654812	5.29781627655
16	13	0.500000089407	-0.116003896484	0.432594769288	-0.894094436615	-0.679147779942	2.45281386375	-5.12021064758
17	13	0.499999772757	0.197665131853	-0.434130174739	0.878896744237	1.11737966537	-2.46011304855	5.03906106949
18	13	0.500000232831	-0.0821110830431	0.299029010287	-0.950704697079	-0.482760965824	1.73239660263	-5.42717075348
19	13	0.500000117347	0.0804254286459	-0.366526240458	0.926925167143	0.461876511574	-2.09225440025	5.30045557022
20	13	0.499998839572	-0.0328576714515	0.269961105954	-0.962310435722	-0.201910406351	1.56634235382	-5.49478197098
21	13	0.499995484948	0.108956612188	-0.325107130209	0.939379481651	0.625451266766	-1.85447478294	5.37216329575
22	13	0.499599380419	-0.15885967007	0.143530796375	-0.976812426066	-0.901142597198	0.859601140022	-5.57620716095
23	13	0.498969953507	0.21628384749	-0.296821434867	0.93011737599	1.22117519379	-1.68401861191	5.32765483856
24	13	0.468416323885	-0.196940518354	0.227921672781	-0.953554478416	-1.06295061111	1.23998975754	-5.14552497864
25	13	0.498177949339	0.169074643672	-0.331973855982	0.928012458867	0.967211902142	-1.89807653427	5.31199598312
26	13	0.499134052545	-0.116745032302	0.415170022443	-0.902221951571	-0.678234398365	2.35353827477	-5.15513134003
27	13	0.499967027456	0.161302552354	-0.355192711549	0.920771211684	0.931237220764	-2.0278506279	5.26421165466
28	13	0.49995309487	-0.134781109902	0.283790560048	-0.949366615403	-0.796643435955	1.63377285004	-5.42108201981
29	13	0.499991720542	0.236058433912	-0.250092227504	0.939004948614	1.36009001732	-1.44049596786	5.36341810226
0	14	0.499999638647	0.303633584897	-0.216429964632	0.927881844058	1.75288963318	-1.25078725815	5.29615831375
1	14	0.500000089407	-0.394798346941	0.249204728628	-0.884325318241	-2.24304986	1.42480421066	-5.06190776825
2	14	0.499998424202	0.323189514155	-0.23071186003	0.917780243621	1.84388446808	-1.32698667049	5.24610805511
3	14	0.49998944439	-0.242741138928	0.278828420907	-0.929156311482	-1.41296672821	1.58276259899	-5.30912733078
4	14	0.499248683453	0.346527410996	-0.220343086729	0.91179365953	1.96222865582	-1.2716242075	5.20791149139
5	14	0.498026583344	-0.225881552046	0.305991770115	-0.924849480222	-1.31000757217	1.73284339905	-5.29526519775
6	14	0.445257114246	0.297148116439	-0.31608436617	0.900995932488	1.51912283897	-1.6073641777	4.61864185333
7	14	0.498131612316	-0.21843876696	0.172882664272	-0.960414540437	-1.26123094559	1.00233852863	-5.49307489395
8	14	0.498945195228	0.345168057867	-0.221171683074	0.912108600132	1.94659924507	-1.27305054665	5.21522665024
9	14	0.445524951443	-0.271660972458	0.134518104403	-0.95294553655	-1.39843356609	0.711959898472	-4.87832736969
10	14	0.233474858105	-0.245572563153	0.33416847721	-0.909959089776	-0.704884171486	0.904968619347	-2.54483270645
11	14	0.445408504456	-0.279840459539	0.361813208318	-0.889258409851	-1.43096756935	1.85114240646	-4.55717849731
12	14	0.49968746677	0.190494154975	-0.492431586939	0.849248555551	1.08840918541	-2.77390098572	4.88290071487
13	14	0.499963888898	-0.0987776998268	0.330046725784	-0.938782256338	-0.578592538834	1.8967294693	-5.36229944229
14	14	0.499999821186	0.0783905745397	-0.397538310553	0.914230938804	0.474418520927	-2.26038002968	5.2302646637
15	14	0.500000389293	-0.12629885761	0.334243796303	-0.933985911671	-0.717830121517	1.92308878899	-5.33575344086
16	14	0.499999769032	0.0569358137087	-0.429986943231	0.901038035695	0.339863955975	-2.43832921982	5.16010761261
17	14	0.500000312924	-0.112808300881	0.285824666928	-0.951618908507	-0.647459149361	1.65855836868	-5.43330478668
18	14	0.500000186265	0.082413920449	-0.381061435367	0.920869224262	0.480240672827	-2.16993451118	5.26726484299
19	14	0.500000413507	-0.190031532771	0.407179218303	-0.893360565917	-1.06084132195	2.31330084801	-5.11989068985
20	14	0.499999659136	0.0780420506997	-0.366481612971	0.927146517912	0.447715640068	-2.0923871994	5.30162096024
21	14	0.499982912093	-0.108831250156	0.400497731489	-0.909811698134	-0.623412191868	2.27096962929	-5.2092256546
22	14	0.499791838229	0.151584126585	-0.294883149592	0.94343318823	0.861116051674	-1.68783783913	5.39386701584
23	14	0.468188246712	-0.0203711186776	0.346096187503	-0.937977849696	-0.127008169889	1.86068379879	-5.06365633011
24	14	0.306130818091	-0.0514229397083	0.273074959215	-0.960617378524	-0.197434127331	1.00362658501	-3.51958966255
25	14	0.417287749238	-0.093261518706	0.204951304311	-0.974318865665	-0.456936597824	1.00773918629	-4.7258234024
26	14	0.498052638024	0.1183557554	-0.435379113686	0.892433158578	0.697279632092	-2.47215628624	5.1127743721
27	14	0.499186497182	-0.371498188855	0.308444744707	-0.875700254163	-2.09768867493	1.77457141876	-5.00492334366
28	14	0.499976173043	0.398426625968	-0.357289820864	0.84474860617	2.25884580612	-2.03535890579	4.84271335602
29	14	0.499989625067	-0.427369514549	0.302457695023	-0.851982770222	-2.416005373	1.73131394386	-4.88456201553
0	15	0.499998111278	-0.35316111775	0.230961479209	-0.906605768806	-2.02284598351	1.33780324459	-5.17743682861
1	15	0.500000149012	0.397131353916	-0.310956825715	0.863477006224	2.26257157326	-1.7623758316	4.94575023651
2	15	0.499999476597	-0.286207368065	0.256583029596	-0.923174139255	-1.64623379707	1.45957398415	-5.27689266205
3	15	0.499988006428	0.28929583451	-0.233787601679	0.928251731717	1.64321660995	-1.34010004997	5.30891799927
4	15	0.499971926212	-0.226424743069	0.284693783919	-0.93149411438	-1.31301510334	1.60631227493	-5.3278298378
5	15	0.499216137454	0.303248872553	-0.109064646569	0.946649367065	1.71638941765	-0.662594079971	5.40454626083
6	15	0.499663539231	-0.276372248005	0.176184860388	-0.944763079032	-1.57919561863	1.01866161823	-5.4001994133
7	15	0.499239046127	0.201264849357	-0.247719791511	0.947695818977	1.16675651073	-1.40911006927	5.4076089859
8	15	0.499208044261	-0.334999669958	0.322862570011	-0.885175113757	-1.90251398087	1.82981467247	-5.06166553497
9	15	0.49819245562	0.376348513919	-0.298758146358	0.876986525584	2.14257049561	-1.70883500576	5.02619171143
10	15	0.445740956813	-0.393763064745	0.276049485022	-0.876782373603	-1.9984357357	1.41741645336	-4.50332736969
11	15	0.498012887314	0.189318761267	-0.259815424772	0.946918344781	1.09808897972	-1.48192930222	5.41759061813
12	15	0.499255668372	-0.228534288363	0.185124100898	-0.955772539001	-1.28879618645	1.08903717995	-5.45490932465
13	15	0.499989043921	0.0778619417645	-0.209551705366	0.974692567327	0.471795380116	-1.22132301331	5.56610870361
14	15	0.499998308718	-0.262960510124	0.335145986862	-0.904725890867	-1.46684348583	1.92081356049	-5.18251895905
15	15	0.50000048615	0.0836546466911	-0.375285498983	0.923126586303	0.500180959702	-2.14413881302	5.27646255493
16	15	0.499998355284	-0.0708940520928	0.351920611696	-0.933341264727	-0.417386710644	2.02138614655	-5.33177852631
17	15	0.50000028871	0.151824824142	-0.258597655988	0.953979284414	0.860054433346	-1.50566315651	5.44832611084
18	15	0.499998360872	-0.0753424301558	0.396483593156	-0.914944959315	-0.44082480669	2.25114917755	-5.23680400848
19	15	0.499999614432	0.136644446137	-0.281686612003	0.949726775425	0.768900990486	-1.63794386387	5.4238038063
20	15	0.499998148531	0.00689795084338	0.347330693399	-0.937717338912	0.0106773003936	1.98195314407	-5.36280202866
21	15	0.499994998798	0.115331047927	-0.34357120567	0.932018012711	0.661154747009	-1.96014976501	5.32989692688
22	15	0.499476177618	-0.215834883776	0.314602033506	-0.924359704584	-1.2070196867	1.8019618988	-5.28375101089
23	15	0.498298380524	-0.00830086740526	-0.337325333881	0.941351536209	-0.01614975743	-1.92901420593	5.39057445526
24	15	0.41790310666	-0.0677858699304	0.332315727772	-0.940729149603	-0.331052213907	1.61195993423	-4.57284736633
25	15	0.365338664502	-0.178652804786	0.296695312757	-0.938112502171	-0.772589385509	1.30088090897	-4.10764312744
26	15	0.417189970613	-0.191372986099	0.341346384721	-0.920249436745	-0.939332604408	1.65421628952	-4.46419620514
27	15	0.497873689979	0.438581720588	-0.268646863224	0.85759835427	2.49152088165	-1.55284428596	4.90986776352
28	15	0.49948970601	-0.359505767305	0.40330191268	-0.841488663324	-2.05812740326	2.28441643715	-4.81308364868
29	15	0.499993477017	0.340929717162	-0.404569645341	0.848581363232	1.95534360409	-2.2874417305	4.86163139343
0	16	0.499999906868	0.415953054876	-0.253144722052	0.873441930432	2.35779452324	-1.45430243015	5.00127220154
1	16	0.499999880791	-0.441510826231	0.277682504113	-0.853206081337	-2.50016236305	1.5788179636	-4.89387750626
2	16	0.500000214204	0.281435001315	-0.126372728062	0.951222515312	1.61769354343	-0.755864024162	5.43217754364
3	16	0.499998783693	-0.214592121248	0.181582046574	-0.959676081738	-1.24693191051	1.04575896263	-5.48065376282
4	16	0.499987628311	0.258573073214	-0.222490105611	0.940020275693	1.47684538364	-1.27696549892	5.37293052673
5	16	0.499989820644	-0.233508808532	0.286126708315	-0.929303579637	-1.34801149368	1.61053061485	-5.31768989563
6	16	0.499963948503	0.295963489836	-0.224388299124	0.928469441554	1.67524504662	-1.28630077839	5.31208181381
7	16	0.499978514388	-0.234755589592	0.242259588955	-0.941382018479	-1.34766602516	1.39262199402	-5.37830352783
8	16	0.499963901937	0.265779743715	-0.317677426013	0.910187992028	1.52594041824	-1.8080124855	5.20444107056
9	16	0.49925496988	-0.278774050302	0.273335603865	-0.920637103607	-1.60107171535	1.56482815742	-5.25098180771
10	16	0.499671019614	0.301814862669	-0.222758000937	0.926977163522	1.72408568859	-1.28169941902	5.29871320724
11	16	0.499256022274	-0.308276688815	0.22421005153	-0.924497342304	-1.73655438423	1.29092693329	-5.28278112411
12	16	0.499971259385	0.195566762579	-0.252305459776	0.947679057667	1.12180900574	-1.4326761961	5.41986846924
13	16	0.499987194315	-0.120357731253	0.296882329364	-0.947298738012	-0.706099629402	1.69404768944	-5.41473865509
14	16	0.499999575317	0.225757963724	-0.403501305941	0.886690497253	1.28619635105	-2.29105091095	5.07763051987
15	16	0.49998728931	-0.214020987183	0.430369255065	-0.876913519875	-1.21336126328	2.4652338028	-5.0135269165
16	16	0.499992635101	0.152638030755	-0.481223659173	0.863206476702	0.87856388092	-2.73415374756	4.94391965866
17	16	0.499963402748	-0.226800585791	0.380406100462	-0.896578325087	-1.27569460869	2.17813301086	-5.12977266312
18	16	0.499992150813	0.0716576763905	-0.408979176687	0.909725898527	0.425708681345	-2.33053970337	5.20316123962
19	16	0.499987199903	-0.097940989602	0.388173569537	-0.91636719849	-0.555826842785	2.20635962486	-5.24451446533
20	16	0.499999618158	0.0659486430233	-0.32189621843	0.944475304624	0.385240256786	-1.8395345211	5.3992934227
21	16	0.499991290271	-0.169531609852	0.243780110974	-0.954898052545	-0.956187486649	1.40655517578	-5.4586520195
22	16	0.499978821725	0.209322288286	-0.358377292308	0.90980761482	1.18730068207	-2.02639102936	5.2128405571
23	16	0.499162625521	-0.181546747992	0.319540404393	-0.930018660164	-1.02566349506	1.82443809509	-5.3102850914
24	16	0.498175758868	0.147838792859	-0.355826469939	0.922784489801	0.85815256834	-2.02474331856	5.28221750259
25	16	0.41808742471	-0.0972876930828	0.294696912357	-0.950625496514	-0.497039526701	1.43609857559	-4.61903715134
26	16	0.306465785019	-0.303937344729	0.304675296996	-0.902659987968	-1.0950512886	1.12201452255	-3.31716823578
27	16	0.46809823066	-0.306451068937	0.353101416894	-0.883972359147	-1.66131138802	1.89922821522	-4.76852893829
28	16	0.499811772257	0.327977523868	-0.300287091089	0.895688789013	1.87360060215	-1.72916507721	5.11666345596
29	16	0.499979611486	-0.302822160609	0.285878027222	-0.909160322823	-1.74979758263	1.64162242413	-5.18911027908
0	17	0.499999033287	-0.239443637213	0.311812284757	-0.919478027836	-1.40786290169	1.7602404356	-5.25573205948
1	17	0.500000454485	0.300681607096	-0.266544631376	0.915720771108	1.73027849197	-1.51930367947	5.23300361633
2	17	0.500000730157	-0.289333542067	0.286901504829	-0.913221565647	-1.65944588184	1.61070609093	-5.22922229767
3	17	0.499999880791	0.330007060816	-0.237652388373	0.913573577832	1.8728530407	-1.35198807716	5.2296128273
4	17	0.499999932945	-0.3217018776	0.229856618227	-0.918517194725	-1.82682180405	1.30856847763	-5.25677156448
5	17	0.499998291954	0.278205223927	-0.178443995418	0.943800611294	1.5839035511	-1.03590321541	5.39466619492
6	17	0.499998901039	-0.169592380952	0.250778109745	-0.953073325613	-1.00275218487	1.42781615257	-5.44499492645
7	17	0.499997777864	0.253381946915	-0.298164076075	0.920269402249	1.44549155235	-1.6972643137	5.26412391663
8	17	0.499986879528	-0.311280385236	0.309517378951	-0.898500703335	-1.77098727226	1.75762176514	-5.14392471313
9	17	0.499991100281	0.319696943728	-0.31933245247	0.892087803397	1.81472277641	-1.80900800228	5.11088275909
10	17	0.499960413203	-0.245891766332	0.232777608092	-0.940931360101	-1.40110492706	1.34613847733	-5.37665081024
11	17	0.499988825992	0.189546448112	-0.346295545779	0.918777197683	1.0968708992	-1.94346833229	5.26453495026
12	17	0.499987160787	-0.187657381151	0.122386620836	-0.974580023569	-1.08695757389	0.743386983871	-5.56461906433
13	17	0.499999068677	0.236793597258	-0.271891168585	0.932740041353	1.3449934721	-1.54927301407	5.33620786667
14	17	0.499987056479	-0.250245402106	0.295464985832	-0.921996573135	-1.42342376709	1.72259759903	-5.26344108582
15	17	0.499976385385	0.229456974331	-0.550462416493	0.802708306273	1.30801486969	-3.11950278282	4.61056518555
16	17	0.499242082238	-0.187881053616	0.492596538062	-0.849734876524	-1.07212209702	2.80557274818	-4.8540892601
17	17	0.499698404223	0.214581668791	-0.407448223765	0.887660212226	1.2167198658	-2.3317527771	5.07734584808
18	17	0.499253880233	-0.128955608165	0.361598301544	-0.923372687187	-0.732003331184	2.07750558853	-5.26649284363
19	17	0.499977789819	0.0483446908393	-0.338385794153	0.939764781838	0.293578743935	-1.93505740166	5.37170743942
20	17	0.499987728894	-0.123404972874	0.300880399814	-0.945643800634	-0.698444783688	1.71384823322	-5.40926122665
21	17	0.499999545515	0.0830388963134	-0.131491426434	0.987833258437	0.488981246948	-0.78856498003	5.64219617844
22	17	0.499989328906	-0.145539971924	0.200163516736	-0.968892503398	-0.838188350201	1.16097068787	-5.53513479233
23	17	0.499965038151	0.198414100277	-0.240778347506	0.950082960685	1.13805234432	-1.38229441643	5.42948150635
24	17	0.499129015952	-0.331346145088	0.267794307676	-0.904707654942	-1.8705406189	1.53084564209	-5.17137527466
25	17	0.497419454157	0.282606748802	-0.234461246445	0.930140499842	1.62391901016	-1.34270119667	5.31169605255
26	17	0.467876002192	-0.364857749702	0.335687282605	-0.868442784978	-1.96161437035	1.80315899849	-4.69428396225
27	17	0.498189743608	0.405485015118	-0.362581642934	0.839116472679	2.29440402985	-2.06418323517	4.8041806221
28	17	0.499578475952	-0.300551643134	0.357932432682	-0.884054909745	-1.72766447067	2.03119087219	-5.05265617371
29	17	0.499982010573	0.418174358568	-0.287528953865	0.861659623358	2.35684847832	-1.64423108101	4.94306135178
0	18	0.499997854233	0.402280725448	-0.0636700782101	0.913299698387	2.27256393433	-0.404478281736	5.23229408264
1	18	0.499999847263	-0.388899499539	0.150495015462	-0.908905071819	-2.21509695053	0.853587388992	-5.20106267929
2	18	0.4999998454	0.30030167028	-0.0445112372089	0.952805151429	1.73084259033	-0.288257658482	5.44241905212
3	18	0.499998902902	-0.278020148096	0.166365167649	-0.946058892589	-1.60104727745	0.946649551392	-5.40624380112
4	18	0.499999869615	0.238441971053	-0.193120182927	0.951761535988	1.37485921383	-1.10834622383	5.43720626831
5	18	0.49999820441	-0.268831176297	0.192898670105	-0.943673620339	-1.54956364632	1.10173225403	-5.39144945145
6	18	0.499999858439	0.360318514007	-0.193748613323	0.912486735958	2.02725052834	-1.11420059204	5.22898292542
7	18	0.499999968335	-0.233074433172	0.296377484986	-0.926194739239	-1.33651888371	1.67015647888	-5.30266141891
8	18	0.500000283122	0.280355315363	-0.118525573765	0.95255056848	1.59066188335	-0.714984178543	5.44576597214
9	18	0.499998131767	-0.247598131266	0.204368811622	-0.94706312051	-1.41536951065	1.17573606968	-5.41325426102
10	18	0.499999400228	0.0812901121852	-0.290357516348	0.953459191765	0.506740033627	-1.64445376396	5.45311117172
11	18	0.499997973442	-0.205408922388	0.210943370507	-0.955672574181	-1.18187153339	1.22157871723	-5.4589715004
12	18	0.500000733882	0.330932650337	-0.281315911043	0.900746878504	1.8666176796	-1.59576320648	5.1634144783
13	18	0.499998020008	-0.241395779379	0.253632803627	-0.93669551009	-1.38370490074	1.46665787697	-5.35001659393
14	18	0.499992292374	0.18700096918	-0.45567219388	0.870283568298	1.0840947628	-2.58644771576	4.98299789429
15	18	0.499225050211	-0.201785760804	0.530343479431	-0.823418666634	-1.15240764618	3.00651168823	-4.71375083923
16	18	0.498289998621	0.147238296416	-0.444932365375	0.883377651014	0.850784897804	-2.55397152901	5.05357789993
17	18	0.445703994483	-0.15758033406	0.425908389859	-0.89093797863	-0.808644175529	2.17524051666	-4.57044410706
18	18	0.498321004212	0.102006673697	-0.493207768944	0.863910142998	0.587965488434	-2.79855585098	4.96192073822
19	18	0.499260948971	-0.10386524294	0.293990185496	-0.950148294816	-0.597932577133	1.70101296902	-5.4167470932
20	18	0.499991178513	0.180318892949	-0.296107967884	0.937979300519	1.00795578957	-1.69432687759	5.3663520813
21	18	0.499998256564	-0.0976842494113	0.313168642541	-0.94466035629	-0.572348237038	1.7708376646	-5.40607357025
22	18	0.499997731298	0.1788868675	-0.308395563354	0.934286714633	1.0182312727	-1.74466514587	5.34837388992
23	18	0.499978927895	-0.188854426222	0.242749413039	-0.951528627087	-1.09199917316	1.39343965054	-5.43619155884
24	18	0.499212745577	0.371253234213	-0.26994395727	0.888426303089	2.09841537476	-1.53169941902	5.08339834213
25	18	0.497805872932	-0.345092526177	0.169652599871	-0.923108413857	-1.97305703163	0.981668949127	-5.27860546112
26	18	0.445368297398	0.324411218902	-0.144433912044	0.934824157851	1.67058610916	-0.753904402256	4.78575468063
27	18	0.497837465256	-0.296159226282	0.291872540597	-0.909450456448	-1.69960963726	1.66983783245	-5.20115089417
28	18	0.499224852771	0.215412303066	-0.266743017399	0.939385811239	1.25085175037	-1.52384710312	5.35729455948
29	18	0.499985259026	-0.271417944226	0.200565207744	-0.941331980225	-1.5666718483	1.15030908585	-5.37706232071
0	19	0.500000029802	-0.227115479759	0.198531515572	-0.953416905754	-1.33973324299	1.11844873428	-5.44557332993
1	19	0.500000335276	0.43153013269	-0.0848911219439	0.898095341262	2.45013260841	-0.504896402359	5.14130926132
2	19	0.499994046986	-0.429560640783	0.0826614686245	-0.899246761181	-2.44590759277	0.478485614061	-5.14505672455
3	19	0.499993797392	0.410839855276	-0.0961212685855	0.906626337055	2.32973146439	-0.570795953274	5.19052314758
4	19	0.499979613349	-0.237984612337	0.2593733605	-0.935996145373	-1.38549566269	1.46188282967	-5.3512544632
5	19	0.49999204278	0.411615988652	-0.176250947831	0.894152045949	2.31408882141	-1.01195931435	5.13018321991
6	19	0.499991504475	-0.243259817346	0.127149949664	-0.961591156139	-1.39977538586	0.737918138504	-5.49427604675
7	19	0.500000014901	0.0948555054605	-0.182789582273	0.978565481558	0.569950997829	-1.04938292503	5.59151744843
8	19	0.499999033287	-0.120626009467	0.225043225744	-0.966853097625	-0.717558026314	1.27409398556	-5.52753829956
9	19	0.499999990687	0.301325357333	-0.186308688471	0.935142824187	1.70213055611	-1.0676317215	5.35264015198
10	19	0.499999286607	-0.239456405218	0.249710463056	-0.938245871102	-1.36838698387	1.41795635223	-5.36692857742
11	19	0.49999986589	0.319951001717	-0.168403856091	0.932347305329	1.81049323082	-0.974473357201	5.33514070511
12	19	0.500000119209	-0.286246168983	0.319900319633	-0.903176016202	-1.63485813141	1.80783355236	-5.17156744003
13	19	0.500000087544	0.262286539	-0.252643960432	0.931330661321	1.5017105341	-1.46415042877	5.3186788559
14	19	0.499960940331	-0.270695512736	0.441882627904	-0.855256501022	-1.53821802139	2.50021338463	-4.90620326996
15	19	0.499694280326	0.236619929376	-0.351989289066	0.905601760933	1.36009323597	-2.02863073349	5.17087554932
16	19	0.445394109935	-0.198671357457	0.315164202357	-0.928009276504	-1.01826262474	1.61862981319	-4.75219678879
17	19	0.232485982589	-0.162591763864	0.344166744594	-0.924723293877	-0.456591099501	0.957282781601	-2.56950879097
18	19	0.445397403091	-0.0827146357822	0.385914377235	-0.918819015079	-0.438864707947	1.97275018692	-4.70714521408
19	19	0.499686874449	0.16203623867	-0.389617448561	0.906610446187	0.906601071358	-2.2043466568	5.19834947586
20	19	0.499962950125	-0.0354742807874	0.29992279709	-0.953303672073	-0.236546367407	1.71318936348	-5.44939994812
21	19	0.499999696389	0.161017988843	-0.204506726736	0.965531048692	0.91051363945	-1.17656362057	5.52039337158
22	19	0.499999275431	-0.208217211814	0.1977566852	-0.957881979245	-1.18008649349	1.13987922668	-5.47646999359
23	19	0.499960498884	0.189466345722	-0.241506870763	0.951723140001	1.09110069275	-1.37978863716	5.43907260895
24	19	0.49964665249	-0.303129336234	0.244745237725	-0.92098445922	-1.73688411713	1.39931595325	-5.26476860046
25	19	0.445427009836	0.405400924217	-0.144284560986	0.902680483951	2.06521582603	-0.749220609665	4.62824821472
26	19	0.232668105513	0.36957579255	-0.20988363341	0.905186496799	1.02398526669	-0.581771612167	2.52092623711
27	19	0.445599962026	0.414268591126	-0.250722149358	0.874939962642	2.11020684242	-1.27960634232	4.49169921875
28	19	0.499648507684	-0.292604261815	0.226020035404	-0.929138143423	-1.6784491539	1.29309785366	-5.31049156189
29	19	0.49996095337	0.280478628678	-0.214555002554	0.935573561904	1.59842967987	-1.21310424805	5.35278606415
0	20	0.499998569489	0.419255140183	-0.152336492207	0.894996491933	2.36489462852	-0.872245073318	5.13259792328
1	20	0.499993730336	-0.398495201607	0.212692822977	-0.892167774216	-2.28354668617	1.19553899765	-5.10277175903
2	20	0.499983713031	0.434282644189	-0.161398150522	0.886199312776	2.47587490082	-0.925625920296	5.0691576004
3	20	0.499585933983	-0.389361993441	0.197030902069	-0.899764447894	-2.21476364136	1.11835205555	-5.14566707611
4	20	0.499803243205	0.264773843967	-0.236648026934	0.934822187851	1.51752901077	-1.35254871845	5.34315776825
5	20	0.499480597675	-0.263837077073	0.18222068958	-0.947198826567	-1.52131962776	1.03656756878	-5.40648794174
6	20	0.499976228923	0.24679961396	-0.101526686231	0.963733512197	1.41312527657	-0.594332695007	5.50780439377
7	20	0.499989422038	-0.167052316056	0.151798820737	-0.97419230223	-0.962520956993	0.870436668396	-5.56760406494
8	20	0.499999839813	0.218968519912	-0.204520750594	0.954056628227	1.24371027946	-1.16178286076	5.45791625977
9	20	0.499999742955	-0.280028689915	0.0925017021449	-0.955524655843	-1.59111452103	0.556293487549	-5.46323490143
10	20	0.499999888241	0.235031846967	-0.219707244881	0.946830902251	1.35378813744	-1.23488426208	5.41576814651
11	20	0.499999107793	-0.257899312241	0.0462904040471	-0.965062248375	-1.48126363754	0.306933313608	-5.51456928253
12	20	0.499999979511	0.212790400111	-0.257269063511	0.942620217575	1.23079133034	-1.46562576294	5.38771629333
13	20	0.499997120351	-0.286731499423	0.294184802792	-0.911723833759	-1.62486791611	1.67472577095	-5.21891784668
14	20	0.499978747219	0.227701854157	-0.28734430044	0.930368270428	1.31858718395	-1.65751695633	5.31054639816
15	20	0.499227274209	-0.372238787267	0.346642273598	-0.860974691503	-2.09849667549	1.96545743942	-4.93199253082
16	20	0.498298376799	0.287031692144	-0.231539805342	0.929517146828	1.63936328888	-1.33138096333	5.32269048691
17	20	0.44562827237	-0.270691606018	0.245750554915	-0.930769960404	-1.36939024925	1.27082693577	-4.77293300629
18	20	0.498196952045	0.114985703848	-0.216305472316	0.969530933264	0.654564976692	-1.24303174019	5.54967546463
19	20	0.499230021611	-0.0680829722391	0.20271355707	-0.976868426489	-0.408273100853	1.19071912766	-5.56872797012
20	20	0.499990645796	0.168556827226	-0.292599149301	0.941262096243	0.939508795738	-1.65278625488	5.39238452911
21	20	0.499997405335	-0.130558220186	0.101802577719	-0.986200175579	-0.752824187279	0.61010402441	-5.63469982147
22	20	0.499997954816	0.15114785762	-0.175020941963	0.972893619576	0.868883192539	-1.00805044174	5.55986166
23	20	0.499987758696	-0.165143422903	0.262323132537	-0.950744037061	-0.954187273979	1.48798918724	-5.43741798401
24	20	0.499262854457	0.34778720077	-0.288836670222	0.891973901477	1.95562195778	-1.63411653042	5.10907697678
25	20	0.498136425391	-0.231149100222	0.151871566479	-0.960991738134	-1.3359349966	0.882768988609	-5.49614238739
26	20	0.445572627708	0.343560670474	-0.226744734756	0.911346745736	1.76429963112	-1.15725183487	4.67000389099
27	20	0.498353660107	-0.38786610409	0.280852260118	-0.877884897515	-2.21811413765	1.59751844406	-5.03178596497
28	20	0.499246563762	0.382424522144	-0.206600188353	0.900593052957	2.16504478455	-1.17541182041	5.1501584053
29	20	0.49998729676	-0.214268868401	0.0191294303571	-0.97658738315	-1.25619387627	0.149363666773	-5.57750320435
0	21	0.499998470768	-0.301201586845	0.194210004341	-0.933573820486	-1.72977161407	1.09408092499	-5.33837509155
1	21	0.499994143844	0.414155400204	-0.128972809496	0.901022374246	2.34841275215	-0.75676202774	5.15784788132
2	21	0.499589305371	-0.425362502931	0.214399565153	-0.879260807475	-2.40813374519	1.20464301109	-5.03932666779
3	21	0.498748451471	0.300523233236	-0.170337478357	0.938440690589	1.72458636761	-0.988632202148	5.36034965515
4	21	0.467971185222	-0.182866413171	0.342805832914	-0.921435855529	-1.00349760056	1.82661175728	-4.97533130646
5	21	0.498005950823	0.355657737466	-0.141400251077	0.923857966776	2.0213124752	-0.819563806057	5.28951644897
6	21	0.499161086977	-0.336522833806	0.149108259838	-0.929795197436	-1.90204918385	0.84889626503	-5.3142414093
7	21	0.499977519736	0.207765470975	-0.14953825606	0.966680825839	1.18824470043	-0.856931209564	5.52645683289
8	21	0.499989250675	-0.17045613859	0.234298941592	-0.957104336416	-0.986585617065	1.32193446159	-5.47374868393
9	21	0.499999614432	0.21708966855	-0.172517121615	0.96078609407	1.24919807911	-0.976163268089	5.49293708801
10	21	0.499991940334	-0.305366701124	0.143118368341	-0.941418244187	-1.73938512802	0.832599639893	-5.38175916672
11	21	0.49999332428	0.354175877985	-0.160474513232	0.921307428634	1.99777197838	-0.929613828659	5.27656364441
12	21	0.499981088564	-0.224227183043	0.284105380773	-0.932205075614	-1.2824422121	1.61466765404	-5.33226537704
13	21	0.499982250854	0.213450013522	-0.251399648169	0.944053657706	1.22855985165	-1.44391715527	5.39317655563
14	21	0.499957345426	-0.241005503433	0.300719410718	-0.922759006097	-1.38540327549	1.70860540867	-5.27675104141
15	21	0.499233011156	0.331299598186	-0.296120541014	0.89585333701	1.86898088455	-1.67655658722	5.12808465958
16	21	0.498946612701	-0.172150771862	0.143268790423	-0.974596411566	-1.00212872028	0.84573495388	-5.55776309967
17	21	0.498903388157	0.160035694015	-0.25002823135	0.954921180082	0.911298632622	-1.41244661808	5.45604372025
18	21	0.499197859317	-0.0710111670902	0.216217016925	-0.973759526649	-0.423658192158	1.24767804146	-5.55465650558
19	21	0.499961320311	0.142994364758	-0.438055452927	0.887502130593	0.8074670434	-2.45208954811	5.10394954681
20	21	0.499987093732	-0.0354784375782	0.220276494932	-0.974792052823	-0.236637666821	1.27777242661	-5.56853342056
21	21	0.499999236315	0.146367197525	-0.142096130909	0.978971569081	0.833954334259	-0.828211605549	5.59503889084
22	21	0.500000411645	-0.172882207218	0.24864985924	-0.953039867963	-0.984098017216	1.40137219429	-5.45456171036
23	21	0.49998752214	0.11529111744	-0.1516967696	0.981680216941	0.669959545135	-0.893825232983	5.6072473526
24	21	0.499973161146	-0.234097706957	0.267576596478	-0.934666265902	-1.33061742783	1.5211417675	-5.34862661362
25	21	0.499236898497	0.220958379481	-0.177746729583	0.958949161666	1.27250301838	-1.02360975742	5.46951293945
26	21	0.499706426635	-0.333054194661	0.162074520504	-0.928873916752	-1.88976764679	0.947486519814	-5.3138885498
27	21	0.499247137457	0.351296454193	-0.236755553292	0.905835310228	2.0023560524	-1.35103774071	5.17176914215
28	21	0.499977406114	-0.343761281323	0.221820550929	-0.912482232511	-1.95411908627	1.26134860516	-5.22309350967
29	21	0.499986888841	0.232145226564	-0.0926449061155	0.968259012431	1.33865082264	-0.544800519943	5.53155040741
0	22	0.49999945052	0.268075077325	-0.14258789472	0.952787723051	1.52678513527	-0.820779025555	5.44768333435
1	22	0.499982303008	-0.225223392001	0.210095549853	-0.951385454812	-1.30093955994	1.17768418789	-5.44155168533
2	22	0.499788483605	0.199464969854	-0.0578697972159	0.978194669977	1.15576612949	-0.367198169231	5.58816957474
3	22	0.468168344349	-0.170459229972	0.260291792057	-0.950364053353	-0.934612870216	1.38716077805	-5.13044977188
4	22	0.306354233995	-0.344772906843	0.223785859385	-0.911620278321	-1.25009322166	0.821465849876	-3.34850597382
5	22	0.418414277956	-0.248331910683	0.206175239742	-0.946479282739	-1.21814191341	1.00175213814	-4.60319423676
6	22	0.498238498345	0.250326002135	-0.168620138893	0.953364642419	1.43178749084	-0.959819734097	5.45597362518
7	22	0.499167947099	-0.149177788688	0.0891877250252	-0.984779943473	-0.875254392624	0.527969837189	-5.61583280563
8	22	0.499978765845	0.217483730962	-0.162660443263	0.962414882971	1.24256968498	-0.921186625957	5.50412464142
9	22	0.499980868772	-0.227553235799	0.0378283135048	-0.97303059745	-1.31029987335	0.256796091795	-5.55985879898
10	22	0.499975491315	0.329427763326	-0.25197053434	0.909938568572	1.86012458801	-1.42369997501	5.2164773941
11	22	0.499461889267	-0.201661420184	0.324422690022	-0.924165888685	-1.16225719452	1.83264362812	-5.28337860107
12	22	0.49981796369	0.110848026516	-0.320077303599	0.940884283394	0.660801291466	-1.82075428963	5.37907743454
13	22	0.499597540125	-0.232167426792	0.232826374691	-0.944399367421	-1.32256257534	1.33360135555	-5.39507770538
14	22	0.499212957919	0.311188479283	-0.202834824854	0.92845019478	1.74829387665	-1.16610336304	5.30778264999
15	22	0.498289622366	-0.179346357368	0.172827520764	-0.968486206492	-1.0452953577	1.00060081482	-5.54042768478
16	22	0.445558287203	0.204875603469	-0.233173207249	0.95060835391	1.03828430176	-1.17546403408	4.87790346146
17	22	0.498226723634	-0.122404276218	0.151477401945	-0.980852583146	-0.70601606369	0.875932812691	-5.61344718933
18	22	0.499229382724	0.150965037715	-0.181125343378	0.971804078698	0.856433987617	-1.04712414742	5.54559755325
19	22	0.499978588894	-0.203047800337	0.244734321294	-0.948091083578	-1.1466588974	1.40585243702	-5.42187070847
20	22	0.499997604638	0.199628291173	-0.297635690579	0.933574603905	1.12843489647	-1.68780827522	5.34443759918
21	22	0.500000348315	-0.18595818348	0.217600465276	-0.958159481249	-1.06067192554	1.24735808372	-5.47735977173
22	22	0.49999942258	0.22000178546	-0.201477428203	0.95446637464	1.22835540771	-1.15739917755	5.46288919449
23	22	0.49999922514	-0.0314089425764	0.231431766064	-0.972343980278	-0.205797433853	1.31594562531	-5.5604057312
24	22	0.499986665323	0.135016310837	-0.313444878535	0.939958990556	0.780493021011	-1.77516651154	5.3783531189
25	22	0.499990792945	-0.268080317155	0.247668926256	-0.931017210647	-1.51098918915	1.41699254513	-5.32895278931
26	22	0.49996429868	0.170158618068	-0.330071562017	0.928492761762	1.00324392319	-1.86166298389	5.31216001511
27	22	0.49999044463	-0.313530199165	0.273250485972	-0.909413539666	-1.77465343475	1.55817937851	-5.20675134659
28	22	0.49998755753	0.234977297871	-0.246045659117	0.94034419396	1.35335588455	-1.3898422718	5.37818431854
29	22	0.499999525025	-0.217723112761	0.148405344665	-0.964661857774	-1.25009989738	0.848739743233	-5.51359081268
0	23	0.499997964129	-0.230176224706	0.116699075504	-0.966126405475	-1.31831657887	0.670176625252	-5.5221118927
1	23	0.49999082461	0.20964504722	-0.129840588429	0.969118349724	1.19594204426	-0.744689166546	5.54050207138
2	23	0.49947960861	-0.170652140394	0.132442645681	-0.97638967251	-0.976804375648	0.750100672245	-5.57642841339
3	23	0.497979373671	0.171953879397	-0.103939821925	0.979606235576	0.982659637928	-0.601495027542	5.60432958603
4	23	0.416841341183	-0.405988530427	0.227502501662	-0.885107860602	-1.95543813705	1.09698796272	-4.30094909668
5	23	0.365821982734	-0.370702928606	0.0801694139213	-0.92528493114	-1.61095583439	0.362989395857	-4.0596280098
6	23	0.418422515504	-0.198142727824	0.197844300714	-0.95999848546	-0.983816981316	0.961543858051	-4.66715049744
7	23	0.498275022954	0.260539703493	-0.160302405512	0.952062078696	1.48717272282	-0.913556218147	5.45125102997
8	23	0.499457633123	-0.291380889588	0.136441192921	-0.946826794117	-1.65750956535	0.788957297802	-5.40758657455
9	23	0.499970024452	0.279647469569	-0.176431246662	0.94375277905	1.58772063255	-1.00587534904	5.39954900742
10	23	0.499146524817	-0.202750245961	0.22668432458	-0.952631384509	-1.16769111156	1.28791928291	-5.43627977371
11	23	0.498252248392	0.166065821948	-0.250052624546	0.953884598753	0.956190168858	-1.43757653236	5.45722961426
12	23	0.468080945313	-0.192849130238	0.30776116487	-0.931714697943	-1.0338435173	1.65540981293	-5.02906751633
13	23	0.498759884387	0.237611807943	-0.200587295006	0.950423782219	1.34571814537	-1.16353106499	5.43332481384
14	23	0.499315386638	-0.145371601199	0.222805638015	-0.963963041425	-0.851982593536	1.27780044079	-5.50400400162
15	23	0.445320265368	0.156008014178	-0.219533187079	0.963050714803	0.795758485794	-1.11931908131	4.93328952789
16	23	0.232600968331	0.10160835864	-0.0593168130015	0.99305450865	0.303948521614	-0.233411058784	2.7540845871
17	23	0.445023428649	0.15095715922	-0.161574339989	0.975246465637	0.768964648247	-0.835811495781	4.9901843071
18	23	0.499677464366	-0.1282034598	0.30558286934	-0.943495088944	-0.727951049805	1.71404850483	-5.40707921982
19	23	0.499964440241	0.111881229319	-0.160606810957	0.980656944502	0.646362364292	-0.944831609726	5.60123300552
20	23	0.500000266358	-0.180465800278	0.291070041178	-0.939526649999	-1.0126336813	1.64951992035	-5.38028860092
21	23	0.50000028871	0.167218276956	-0.27667723733	0.946302147411	0.936734855175	-1.57225263119	5.41674041748
22	23	0.500000277534	-0.029835158033	0.194338736977	-0.980480656951	-0.189035892487	1.11185252666	-5.60522603989
23	23	0.499999214895	0.0426804218295	-0.125728581107	0.991146157479	0.255647301674	-0.742652058601	5.66312503815
24	23	0.499989040196	-0.134665833837	0.268047335959	-0.953947450797	-0.771263480186	1.51613926888	-5.45835494995
25	23	0.499990776181	0.194156462721	-0.184906020948	0.963386231685	1.11389684677	-1.07149672508	5.50414657593
26	23	0.499964863062	-0.232324430623	0.237676098167	-0.943151860145	-1.31697833538	1.3648225069	-5.39271593094
27	23	0.499990258366	0.207605726523	-0.238129517676	0.948785642348	1.19219446182	-1.35472595692	5.42502450943
28	23	0.499984569848	-0.214724148547	0.0788082371691	-0.973490011138	-1.2301787138	0.47932100296	-5.56280517578
29	23	0.499996714294	0.203498532943	-0.11202502812	0.972645228315	1.16763234138	-0.649337649345	5.55853414536
0	24	0.49995906651	0.289482313611	-0.114308809183	0.950333355328	1.62488889694	-0.661964595318	5.44144582748
1	24	0.499981977046	-0.164596752016	0.104770586677	-0.980780828418	-0.942728698254	0.603484272957	-5.60638809204
2	24	0.499950323254	0.135989521139	-0.135278165019	0.981430928904	0.782458543777	-0.770823717117	5.61018943787
3	24	0.499096268788	-0.0904762215606	0.0683276390806	-0.993551904568	-0.526551008224	0.417518317699	-5.66835546494
4	24	0.496786575764	0.0867612142171	-0.206798805537	0.974528986606	0.515712857246	-1.17063176632	5.56258058548
5	24	0.415665309876	-0.386897316774	0.0590435866841	-0.920230580422	-1.87005138397	0.301868677139	-4.45903205872
6	24	0.30687648803	-0.367889119473	0.22066956357	-0.903306448271	-1.33041477203	0.800358057022	-3.33027291298
7	24	0.46847683005	-0.251619683205	0.193252533101	-0.94833590751	-1.36471199989	1.04499256611	-5.11799192429
8	24	0.499789940193	0.321229461046	-0.200275099444	0.92558171865	1.81712770462	-1.147356987	5.29783630371
9	24	0.499145837501	-0.213018915402	0.24925151207	-0.944720395361	-1.23179244995	1.40985655785	-5.39188337326
10	24	0.498096339405	0.198516463759	-0.135259755667	0.970719327156	1.13210070133	-0.798889636993	5.5509314537
11	24	0.417677638121	-0.0335261287503	0.252894382747	-0.966912834679	-0.182645052671	1.23393106461	-4.69484806061
12	24	0.306031009182	-0.204015549952	0.318623846158	-0.925665436341	-0.719857752323	1.17054784298	-3.39621067047
13	24	0.468035992235	-0.100621414258	0.407329851755	-0.907721170218	-0.555342555046	2.18367218971	-4.90168571472
14	24	0.499075723812	0.205042823799	-0.325547376443	0.923025647585	1.1631963253	-1.84543943405	5.27539157867
15	24	0.497934071347	-0.222586885768	0.194798409706	-0.955253190447	-1.27364325523	1.12748754025	-5.46342611313
16	24	0.446511793882	0.132385977034	-0.448068490144	0.884142851142	0.678373098373	-2.26083707809	4.56092405319
17	24	0.498191051185	-0.0747294637055	0.257665138289	-0.963340118424	-0.427082151175	1.46696746349	-5.51715087891
18	24	0.499223244376	0.018060839406	-0.143518813847	0.989482772034	0.120451942086	-0.849062561989	5.64380455017
19	24	0.499991105869	-0.0507331728595	0.21538579366	-0.97521028761	-0.294357180595	1.21830832958	-5.57807302475
20	24	0.499996019527	-0.0534823560191	-0.195299128934	0.979284375364	-0.27174410224	-1.12098193169	5.60064125061
21	24	0.499999836087	0.0243838657991	0.261966907372	-0.964768763244	0.119303435087	1.47593379021	-5.52310752869
22	24	0.499998535961	-0.0301847440981	-0.170305749032	0.984928846704	-0.149156078696	-0.971281409264	5.63254356384
23	24	0.499990446493	-0.134485957917	0.168058522007	-0.976560218473	-0.747575938702	0.952804684639	-5.58769750595
24	24	0.499978257343	0.175287078128	-0.191697111463	0.965674198526	0.997973680496	-1.09571123123	5.52148199081
25	24	0.499318052083	-0.211890190804	0.191317308424	-0.95838417899	-1.21030592918	1.10477244854	-5.4690246582
26	24	0.4997499194	0.170682308995	-0.298752778632	0.938943196714	0.983275771141	-1.69079732895	5.37279415131
27	24	0.499245967716	-0.150129370492	0.245929376859	-0.957590681718	-0.869417309761	1.39652132988	-5.46613407135
28	24	0.499964440241	0.242197671944	-0.142261765038	0.959740526347	1.37384843826	-0.818230271339	5.48903989792
29	24	0.499974384904	-0.203612348904	0.232232399589	-0.951109943148	-1.16815209389	1.30075669289	-5.44340133667
0	25	0.499492263421	-0.0967492379404	0.131659143197	-0.986562443523	-0.562834501266	0.762655198574	-5.63775157928
1	25	0.499269593507	0.0455502822	-0.0927918778685	0.994643071254	0.285760700703	-0.560624837875	5.67556238174
2	25	0.499954337254	-0.198019748005	0.188287306865	-0.961943901417	-1.11005401611	1.07481503487	-5.50459527969
3	25	0.499204425141	0.11670339346	-0.251583728811	0.96077361816	0.674021601677	-1.4180328846	5.48848676682
4	25	0.497209396213	-0.0933217932619	0.252124951042	-0.963184329173	-0.539395332336	1.44047248363	-5.50260877609
5	25	0.443579558283	0.217831522314	-0.432123908441	0.875110481962	1.12005317211	-2.20624303818	4.49969911575
6	25	0.466816360131	-0.326165222754	0.273109754477	-0.905001275952	-1.76623606682	1.47174572945	-4.90129423141
7	25	0.498086171225	0.269659976489	-0.188664908935	0.944292883176	1.5363843441	-1.08496022224	5.38939714432
8	25	0.499081509188	-0.208385144772	0.254651597587	-0.944313610664	-1.20853877068	1.44456648827	-5.38720178604
9	25	0.49820599705	0.301517338118	-0.283974953299	0.910189826746	1.70977270603	-1.62113714218	5.21619606018
10	25	0.417464541271	-0.178636076779	0.318510601802	-0.930935093662	-0.868434309959	1.54587745667	-4.51969099045
11	25	0.365946145728	0.00280156219329	0.379845057552	-0.925045881836	-0.00422377651557	1.65395903587	-4.05929374695
12	25	0.417821621522	-0.0335490517004	0.435945102121	-0.899347724224	-0.179071396589	2.10670256615	-4.37479829788
13	25	0.498255802318	0.0861659501264	-0.387037478212	0.918029095126	0.506927371025	-2.20829105377	5.256483078
14	25	0.499432517216	-0.205912873142	0.305333499414	-0.929715732259	-1.16966116428	1.74400353432	-5.31117773056
15	25	0.499224588275	0.295302056752	-0.225028199845	0.928525177124	1.65614962578	-1.3009377718	5.30656719208
16	25	0.499661386013	-0.0969143024957	0.390039906655	-0.915683618499	-0.574308335781	2.20529294014	-5.24504756927
17	25	0.49922238104	0.0928039109249	-0.269919284278	0.958400236901	0.532960653305	-1.54801654816	5.46811389923
18	25	0.499967804179	-0.0726741894227	0.2623942603	-0.962220200554	-0.423847615719	1.49219620228	-5.50321340561
19	25	0.499951597303	0.174165492991	-0.13457532947	0.975477248197	0.968550503254	-0.775251984596	5.58078098297
20	25	0.499987635761	-0.0784581745662	0.0815829785867	-0.993573617025	-0.451668202877	0.480333089828	-5.67914152145
21	25	0.499986780807	0.107618932366	-0.0647724310225	0.992079985473	0.6013058424	-0.391866356134	5.67244195938
22	25	0.499989132397	-0.083981308341	0.0201084000515	-0.996264418765	-0.471406757832	0.136104047298	-5.6960515976
23	25	0.499964589253	0.00275270351302	-0.0459136763292	0.998941618389	0.0495961531997	-0.280981332064	5.71088218689
24	25	0.499198099598	-0.164298326316	0.142199794604	-0.976107206399	-0.935822963715	0.81181293726	-5.57301521301
25	25	0.498126700521	0.316023881232	-0.279862163144	0.906535204022	1.78686022758	-1.58368742466	5.20332145691
26	25	0.452521124855	-0.208112250663	0.255427016507	-0.944164355588	-1.08032774925	1.32415246964	-4.91915225983
27	25	0.498567730188	0.158399544371	-0.207266852226	0.965375593389	0.911643505096	-1.1767001152	5.52707195282
28	25	0.499201958999	-0.235709123831	0.0779644895722	-0.968691254894	-1.32760000229	0.461550831795	-5.53291368484
29	25	0.499222537503	0.147016841756	-0.150608420283	0.977600711937	0.837711691856	-0.85871052742	5.58098459244
0	26	0.445207059383	0.0141144460041	-0.377985094839	0.925704083654	0.0862218588591	-1.91725516319	4.74797201157
1	26	0.498231131583	-0.0944997873971	0.405237949714	-0.909314024028	-0.542812347412	2.28608679771	-5.22289323807
2	26	0.499213114381	0.141092564955	-0.238255335165	0.96089920563	0.808550715446	-1.36022806168	5.48430681229
3	26	0.499695129693	-0.215046335941	0.209971457399	-0.953764677725	-1.2047150135	1.20642411709	-5.45886182785
4	26	0.445102632046	0.228890564882	-0.236658123005	0.94424681208	1.16665959358	-1.22276878357	4.83283519745
5	26	0.232970683835	0.243936815108	-0.326961380746	0.913012095065	0.656239569187	-0.899614214897	2.5539085865
6	26	0.445253890008	0.238050079714	-0.28298326554	0.929113895587	1.2151144743	-1.45010578632	4.76282024384
7	26	0.49922699295	-0.240344325581	0.190219219184	-0.951867245898	-1.36947607994	1.09326386452	-5.43707227707
8	26	0.499777810648	0.239075604379	-0.206739333769	0.948736898863	1.35848295689	-1.19487047195	5.4228553772
9	26	0.468156125396	-0.222862313106	0.262689719055	-0.93878991308	-1.20372581482	1.41304171085	-5.06573724747
10	26	0.305721275508	-0.271621607421	0.324811728748	-0.905935452033	-0.987589001656	1.17051184177	-3.32392644882
11	26	0.417974153534	-0.288987106794	0.247271220711	-0.924847768833	-1.38840889931	1.2113609314	-4.49752044678
12	26	0.498052632436	0.114665288529	-0.309197405803	0.94405976286	0.662347018719	-1.7779302597	5.39627981186
13	26	0.499151706696	-0.14548557268	0.360540721888	-0.921327485752	-0.822339296341	2.04881262779	-5.26313686371
14	26	0.499963717535	0.141358620161	-0.285248272981	0.947972132115	0.817479133606	-1.63567566872	5.41652774811
15	26	0.499981863424	-0.190536268995	0.256107592665	-0.947683929998	-1.09652793407	1.45927286148	-5.41770458221
16	26	0.499948341399	0.174510798233	-0.261187716072	0.949382408871	0.995218157768	-1.50787103176	5.42333221436
17	26	0.49996916391	-0.176212551103	0.297701899434	-0.938255144354	-0.99394929409	1.7017519474	-5.36678028107
18	26	0.499258697033	0.133990304193	-0.377504920803	0.916262316781	0.75595331192	-2.11628222466	5.24942874908
19	26	0.499632912688	-0.0764397357827	0.0438450349601	-0.996109722723	-0.45531848073	0.294300317764	-5.69384527206
20	26	0.499253461137	0.143369123902	-0.123568051419	0.981924758309	0.802124738693	-0.700260162354	5.60813426971
21	26	0.499963266775	-0.074178033713	0.218631085496	-0.972984104582	-0.434522628784	1.21869766712	-5.56928396225
22	26	0.499955838546	0.106359020781	-0.0885480122003	0.990377205025	0.61256980896	-0.516259849072	5.66063737869
23	26	0.499135755002	-0.152864962024	0.128871386091	-0.979808383937	-0.861052572727	0.713732779026	-5.59711408615
24	26	0.497717983089	0.112542271426	-0.044308628132	0.992658542811	0.655535399914	-0.269825339317	5.67573213577
25	26	0.420468583703	-0.192046369188	0.251864054422	-0.948516046344	-0.943334102631	1.21194982529	-4.64326906204
26	26	0.270281286445	-0.208564960309	0.106746040262	-0.972165593003	-0.654405653477	0.346934556961	-3.14654970169
27	26	0.451673544943	-0.0537473710263	0.0937679025594	-0.994142243624	-0.294698655605	0.48865711689	-5.1670088768
28	26	0.498912863433	0.125593912806	-0.0487562855136	0.99088293642	0.710697293282	-0.303644925356	5.65656042099
29	26	0.497908355668	-0.0154113579085	0.161438440605	-0.986762443521	-0.108228318393	0.921433329582	-5.64646434784
0	27	0.233177507296	0.161628037242	-0.296532405214	0.941246466254	0.416396230459	-0.834721207619	2.62796092033
1	27	0.44563253969	0.0517758332587	-0.293675468122	0.954501955217	0.276426285505	-1.50471758842	4.89190006256
2	27	0.499626934528	-0.125333459512	0.151776494654	-0.98043634143	-0.70028668642	0.90096616745	-5.60387611389
3	27	0.499209785834	-0.0102651817742	-0.194128546991	0.980922389023	-0.0339368097484	-1.12059295177	5.59749031067
4	27	0.498110512272	-0.0195714019213	0.314030503475	-0.949211147803	-0.110447175801	1.78057956696	-5.43955087662
5	27	0.445516163483	0.112171983828	-0.239824230538	0.964314152385	0.585383653641	-1.236130476	4.9385342598
6	27	0.49790314585	0.0377302623913	0.348312363331	-0.936618879188	0.182363271713	1.975014925	-5.36894512177
7	27	0.499302808195	0.173270753136	-0.194215399183	0.965534890528	0.975082039833	-1.12271678448	5.51318264008
8	27	0.499579520896	-0.148282939849	0.333971802902	-0.930846391526	-0.859621882439	1.87279081345	-5.32869052887
9	27	0.498963307589	0.191039974435	-0.215192839628	0.957703383069	1.08738136292	-1.2387804985	5.47616291046
10	27	0.468524668366	-0.198366890646	0.0762334638923	-0.977158654303	-1.06970357895	0.438021659851	-5.27459287643
11	27	0.498229043558	0.183719162108	-0.224708341356	0.956950067036	1.04069399834	-1.28931903839	5.4790725708
12	27	0.499143676832	-0.151352444122	0.359040284682	-0.920968246811	-0.852797746658	2.03303694725	-5.26464939117
13	27	0.499974900857	0.102619379626	-0.325278134938	0.940033721659	0.586471319199	-1.86352622509	5.37314605713
14	27	0.499988624826	-0.162871136465	0.302556889046	-0.939112518177	-0.927676439285	1.72030591965	-5.3727273941
15	27	0.49999502115	0.277802057309	-0.142656947608	0.949986848464	1.56189799309	-0.855662703514	5.43408870697
16	27	0.499990181997	-0.191071999825	0.345675230795	-0.91869479464	-1.08648586273	1.95255541801	-5.26302099228
17	27	0.499231697991	0.101957732064	-0.27584266583	0.955780018927	0.588911652565	-1.58008384705	5.45327425003
18	27	0.498341383412	-0.0583657116748	0.283419029347	-0.957218416823	-0.343768924475	1.6276974678	-5.47949838638
19	27	0.445241831243	0.172957281388	-0.247479355757	0.953330869787	0.867718100548	-1.25612330437	4.88853168488
20	27	0.498202102259	-0.08742596697	0.0708109037229	-0.993651103866	-0.505669116974	0.418344318867	-5.68723869324
21	27	0.499208048917	0.099958657652	-0.118753253346	0.987879512684	0.574364483356	-0.677026629448	5.63883781433
22	27	0.499018145725	-0.188860111906	0.15885340734	-0.969070406682	-1.06838393211	0.884540557861	-5.53541707993
23	27	0.497784461826	0.201978439835	0.00808246364154	0.979356617185	1.15378057957	0.0322469323874	5.60346221924
24	27	0.404477378353	-0.301436509715	0.073724490842	-0.950631753131	-1.40576434135	0.327817589045	-4.47211360931
25	27	0.317825391423	-0.179773710468	-0.0675022666907	-0.981389248472	-0.693457126617	-0.228005230427	-3.73441720009
26	27	0.417755746283	-0.0706909675559	-0.22070405583	-0.972775671389	-0.356620401144	-1.03494119644	-4.73853158951
27	27	0.496842728928	0.060764811234	-0.284342747826	0.956795087505	0.350934028625	-1.60507535934	5.47077131271
28	27	0.499028323218	-0.0669163221555	0.250681041659	-0.965754224004	-0.379118919373	1.42518508434	-5.51717424393
29	27	0.445689421147	0.0408493671988	-0.310314682425	0.949755824973	0.22064936161	-1.58883047104	4.86863851547
0	28	0.4455864802	0.142509739389	-0.317015967109	0.937652308042	0.725499749184	-1.62297439575	4.80664587021
1	28	0.49811537005	0.0276970532969	0.405579714111	-0.913639955749	0.145420223475	2.31548547745	-5.23270893097
2	28	0.499267905951	0.0301261260616	-0.400854168444	0.915646412197	0.16483554244	-2.26420164108	5.23896789551
3	28	0.49996525608	0.0130561304828	0.26061047946	-0.965355745543	0.0732687860727	1.49499702454	-5.51793956757
4	28	0.499229375273	-0.100599716373	-0.19167088689	0.976289899663	-0.536325454712	-1.11053657532	5.57443857193
5	28	0.499705249444	-0.0791172843458	0.216986684225	-0.972963120671	-0.442949205637	1.24476468563	-5.56358957291
6	28	0.499277347699	0.0983820481978	-0.25572316331	0.961731062376	0.553190171719	-1.45038819313	5.49388790131
7	28	0.499967363663	-0.106943713699	0.102631298459	-0.988953921412	-0.624317407608	0.617729187012	-5.64979982376
8	28	0.499975880608	0.18276100572	-0.161688937567	0.969770644151	1.03234541416	-0.942121446133	5.54388952255
9	28	0.499597758055	-0.119180523087	0.263037146738	-0.957396188813	-0.688825488091	1.48431909084	-5.47311735153
10	28	0.499785205349	0.10610461985	-0.209711669557	0.971989107603	0.606654107571	-1.19770085812	5.5567483902
11	28	0.499467656948	-0.0303354653854	0.153742834348	-0.987645128792	-0.19313415885	0.902444720268	-5.63659906387
12	28	0.499974545091	0.0494425698138	-0.322155352084	0.945394817742	0.284917533398	-1.83868396282	5.40635204315
13	28	0.499989114702	0.0574962794782	0.34621281462	-0.93639247372	0.286958038807	1.97786414623	-5.35746669769
14	28	0.499999949709	0.0827526545956	-0.288555061806	0.953880482274	0.479231238365	-1.65741682053	5.45070362091
15	28	0.499999763444	-0.156464064217	0.26020389068	-0.952792176649	-0.901079416275	1.49039041996	-5.44558048248
16	28	0.499960530549	0.11701463393	-0.316683822719	0.941285786504	0.683162629604	-1.80934071541	5.37967443466
17	28	0.499658029526	-0.0875609078274	0.254986063859	-0.96297206328	-0.502757549286	1.46942961216	-5.50266742706
18	28	0.445539206266	-0.0225025240416	-0.253412440527	0.967096567773	-0.098344117403	-1.3014677763	4.95530080795
19	28	0.232508299872	0.081219009307	-0.252352540042	0.964220756913	0.219178631902	-0.698353648186	2.68215847015
20	28	0.445617015474	0.0695942719598	-0.16356463027	0.98407481882	0.360065639019	-0.843116283417	5.04271316528
21	28	0.499066298828	-0.0990809386487	0.0237080970342	-0.994796910797	-0.576092541218	0.16651558876	-5.68041086197
22	28	0.497648110613	0.203568607974	-0.0823819646548	0.975588557614	1.15380215645	-0.464115679264	5.58129835129
23	28	0.411082509905	-0.202842193753	-0.281481710378	-0.93788223736	-0.97295331955	-1.33381223679	-4.48701095581
24	28	0.328184223734	-0.308669222696	-0.0745907191645	-0.948240230941	-1.20379424095	-0.281867355108	-3.73143076897
25	28	0.402689442039	-0.320113614322	0.0244612090942	-0.947063315294	-1.48327147961	0.0992584750056	-4.43784570694
26	28	0.497032565065	0.0251025822207	-0.193400077488	0.980798792003	0.156290143728	-1.08919203281	5.60758781433
27	28	0.499159479514	-0.0896310486597	0.183946118188	-0.978841203015	-0.496148765087	1.07224822044	-5.58465433121
28	28	0.4992239438	-0.0344304675725	-0.264939042385	0.963650271998	-0.162852942944	-1.51111471653	5.50308322906
29	28	0.498311124742	-0.149746285334	0.31537986317	-0.937076086524	-0.83972042799	1.80039763451	-5.37067508698
0	29	0.499711338431	-0.117018018412	0.320537402575	-0.939980083256	-0.659294724464	1.83191800117	-5.37658882141
1	29	0.499247249216	0.0295291579399	-0.384018025614	0.922853284566	0.168107613921	-2.18652153015	5.27038621902
2	29	0.499974031001	0.0811469903636	0.392854246816	-0.916013486098	0.436596095562	2.23293757439	-5.2455663681
3	29	0.499974889681	0.0295667322063	-0.327049366894	0.944544609831	0.163363486528	-1.85608673096	5.40489768982
4	29	0.499990483746	-0.0978476617578	0.201264538823	-0.974637584182	-0.54084444046	1.16632723808	-5.57115268707
5	29	0.499962111935	0.044819537527	-0.242747605418	0.969053563597	0.275395214558	-1.37417244911	5.54228973389
6	29	0.499992307276	-0.107480487727	0.190746779221	-0.975737470314	-0.62000310421	1.09846425056	-5.57618093491
7	29	0.499988490716	0.184891250358	-0.248317886218	0.95086984016	1.04290342331	-1.40260231495	5.44327449799
8	29	0.499993154779	-0.150298455168	0.21621522127	-0.96470791044	-0.862395405769	1.23807322979	-5.51410102844
9	29	0.499994499609	0.11981381826	-0.164661761925	0.979046042387	0.690778493881	-0.960845768452	5.59342384338
10	29	0.499980701134	-0.0735729517906	0.298852846363	-0.951458878242	-0.432825028896	1.68248534203	-5.44685268402
11	29	0.499993840232	0.0794191974767	-0.19924707297	0.976725752187	0.451046586037	-1.15757095814	5.58074140549
12	29	0.499991964549	-0.0820781758621	0.376810902993	-0.922646582627	-0.473473548889	2.13354277611	-5.28320598602
13	29	0.499999240041	0.160039413295	-0.40216464664	0.901471565378	0.894003689289	-2.28903961182	5.16236829758
14	29	0.499999748543	-0.133172020195	0.360485314669	-0.923209375464	-0.761142969131	2.05382013321	-5.2809176445
15	29	0.499997956678	0.24927646779	-0.30231008208	0.920037964911	1.40265309811	-1.7328261137	5.26487493515
16	29	0.49998890236	-0.245805393863	0.39826138218	-0.883723701058	-1.3801857233	2.2578997612	-5.06857442856
17	29	0.499241530895	0.130029850032	-0.334900301517	0.933238461565	0.729958593845	-1.9093670845	5.33052015305
18	29	0.498221309856	-0.000464275572085	0.40356406898	-0.91495127011	-0.0159335322678	2.29343891144	-5.24599170685
19	29	0.445678556338	0.0233969728835	-0.301309856016	0.953239189463	0.121616244316	-1.53584837914	4.88854217529
20	29	0.498279884458	-0.0626633167236	0.256823128436	-0.964424797191	-0.371728539467	1.47526347637	-5.52044296265
21	29	0.498296389356	0.163354439895	-0.213184620231	0.963258866901	0.910972952843	-1.20751321316	5.49814653397
22	29	0.459408074617	-0.119053764408	0.0177065801643	-0.99272991201	-0.638951718807	0.103609859943	-5.27614927292
23	29	0.316727321595	-0.196177348544	-0.391993226858	-0.898807965038	-0.74600148201	-1.48182761669	-3.37545776367
24	29	0.40413524583	-0.259308561953	-0.173765795105	-0.950033956314	-1.21794438362	-0.829446852207	-4.47076654434
25	29	0.497539818287	0.130469526915	-0.0907983025204	0.987285860734	0.749639511108	-0.534817934036	5.64575099945
26	29	0.499114213511	-0.048730506889	0.171816956697	-0.983922898956	-0.28190651536	0.994725286961	-5.6130695343
27	29	0.499945210293	0.0539256393428	-0.322448492305	0.945049731618	0.311709612608	-1.81564593315	5.41225385666
28	29	0.499966032803	-0.071028901559	0.265915587333	-0.961375990732	-0.394879221916	1.52252030373	-5.496322155
29	29	0.499244971201	0.0782415873499	-0.28191745512	0.956243066645	0.451515734196	-1.61326897144	5.45664548874
