0	0	0.499962538481	0.117921965442	-0.303331478972	0.945560375614	0.67767572403	-1.72839510441	5.40679454803
1	0	0.499991282821	-0.20792365053	0.336693956224	-0.918370804955	-1.16959738731	1.93503391743	-5.25115680695
2	0	0.499987088144	0.104099477861	-0.40027540857	0.910463011881	0.612049460411	-2.27428102493	5.20929765701
3	0	0.499999172986	-0.108532033892	0.344338295233	-0.932551304785	-0.640507817268	1.96702623367	-5.32977819443
4	0	0.499997835606	0.276852898978	-0.32176604251	0.905438615377	1.55567586422	-1.82880377769	5.18940925598
5	0	0.49999923259	-0.197640141944	0.225517688587	-0.953981208634	-1.12666547298	1.30011057854	-5.45226573944
6	0	0.499998277053	0.0743434722147	-0.221196671706	0.972391423535	0.445000886917	-1.27030134201	5.55669641495
7	0	0.500000217929	-0.163763988129	0.227426733702	-0.959926266434	-0.926477193832	1.29881906509	-5.48979043961
8	0	0.499999977648	0.122253788307	-0.219220196772	0.96798580391	0.717093229294	-1.24075615406	5.53461837769
9	0	0.49999916926	-0.199074692875	0.152199503805	-0.968093269111	-1.12341558933	0.886167287827	-5.53516721725
10	0	0.499999446794	0.211699196509	-0.17145400604	0.962178244407	1.19282889366	-0.98729878664	5.50346279144
11	0	0.499999430031	-0.175919930278	0.244193149305	-0.953636138138	-1.00986588001	1.38382768631	-5.45437908173
12	0	0.499999528751	0.280600398256	-0.24075729985	0.929139031075	1.59046518803	-1.38562226295	5.31384801865
13	0	0.500000186265	-0.312752667255	0.345052032988	-0.884943423986	-1.76738214493	1.94437718391	-5.07847738266
14	0	0.500000007451	0.189385016605	-0.211207513476	0.958918506306	1.08718264103	-1.21158766747	5.48071956635
15	0	0.499999370426	-0.165694337905	0.117181608045	-0.979190409023	-0.956253170967	0.687536597252	-5.59422492981
16	0	0.499987723306	0.233155459722	-0.13619133978	0.962855363266	1.30773329735	-0.791301369667	5.51000165939
17	0	0.499977514148	-0.145083946828	0.118594253359	-0.982286135219	-0.836524665356	0.697206676006	-5.61272335052
18	0	0.499229732901	0.1522639143	-0.268245171461	0.951241414358	0.879653692245	-1.51426267624	5.43325138092
19	0	0.499675825238	-0.168473697805	0.161336323616	-0.972413082918	-0.967486202717	0.95190757513	-5.55543231964
20	0	0.498424788937	0.177499194448	-0.351674177093	0.919140527415	1.01700162888	-1.96995162964	5.25118732452
21	0	0.496432280168	-0.200771618832	0.312049558114	-0.928609622151	-1.13854062557	1.79483413696	-5.29779672623
22	0	0.398970194161	0.0915741492739	-0.792123605405	0.603452043617	0.426064431667	-3.68691802025	2.80767679214
23	0	0.350177444518	-0.0526944415623	-0.94009290553	0.336821354432	-0.222062200308	-3.90650033951	1.40328121185
24	0	0.472448267043	0.136087647324	-0.471889599094	0.871091475399	0.746259331703	-2.58107662201	4.76189041138
25	0	0.499074000865	-0.274464578334	0.456683734327	-0.84623233337	-1.55678153038	2.59418439865	-4.84192657471
26	0	0.49994026497	0.240363806357	-0.356001857308	0.903043696721	1.37233448029	-2.0400519371	5.16099214554
27	0	0.499989222735	-0.196995262477	0.366850930277	-0.909182743741	-1.13193750381	2.08856058121	-5.20070314407
28	0	0.499986492097	0.0587356433421	-0.231220537419	0.971126761693	0.357314407825	-1.34698176384	5.54558467865
29	0	0.499989828095	-0.00572648906628	0.209133889184	-0.977870248917	-0.0653706714511	1.21471464634	-5.58761405945
0	1	0.49999968335	-0.0990053846503	0.27602747121	-0.956037012331	-0.574182391167	1.60997581482	-5.45620059967
1	1	0.499997988343	0.140669340238	-0.440326288673	0.886749624314	0.811959147453	-2.49424791336	5.08013153076
2	1	0.499999791384	-0.210936556735	0.365318551775	-0.906668696251	-1.18408703804	2.09248518944	-5.18712377548
3	1	0.499999273568	0.192986005442	-0.297482978994	0.935018865538	1.09191286564	-1.72460603714	5.34057807922
4	1	0.499999938533	-0.14045726196	0.361592027447	-0.921695699919	-0.815237939358	2.05509114265	-5.2721452713
5	1	0.499999880791	0.169253576201	-0.310567347337	0.935361507499	0.956940412521	-1.77402698994	5.34994077682
6	1	0.499999536201	-0.0533201834835	0.342021886619	-0.938178014615	-0.326663434505	1.93688035011	-5.36946058273
7	1	0.499997187406	0.15100746137	-0.294917584268	0.943514899247	0.864887356758	-1.67941522598	5.39597511292
8	1	0.499999329448	-0.213277756984	0.192002023564	-0.957939362028	-1.19768333435	1.11767137051	-5.47760152817
9	1	0.499998001382	0.115718332549	-0.289149049563	0.950264223597	0.665286540985	-1.62657690048	5.44089698792
10	1	0.500000078231	-0.0876670400498	0.143539440489	-0.985753985086	-0.517341017723	0.838723540306	-5.63175296783
11	1	0.499999571592	0.146027573816	-0.151759792412	0.97757092484	0.835387825966	-0.875552892685	5.58734464645
12	1	0.500000048429	-0.194203897965	0.200553907238	-0.960241103217	-1.11690056324	1.15222966671	-5.48714113235
13	1	0.5000004787	0.252295337859	-0.216110724126	0.943208999858	1.43345499039	-1.25277972221	5.39112091064
14	1	0.499998148531	-0.181198408529	0.238678233842	-0.954043938944	-1.04730117321	1.35836029053	-5.45340108871
15	1	0.499999279156	0.187951935618	-0.178000176003	0.965914078601	1.06152868271	-1.02846670151	5.52337646484
16	1	0.499997068197	0.055420529373	0.230022360123	-0.971606030635	0.26561331749	1.3069217205	-5.56153011322
17	1	0.499986002222	0.088961084383	-0.162435289409	0.98270071854	0.515651583672	-0.947018146515	5.61487674713
18	1	0.499983377755	-0.157647922555	0.284373451585	-0.945663191918	-0.901943802834	1.62407469749	-5.40714883804
19	1	0.499314863235	0.193725642636	-0.283269788292	0.939270249942	1.10618972778	-1.60804331303	5.36508464813
20	1	0.497925050557	-0.258068308843	0.211829185587	-0.942618238793	-1.46366989613	1.23554682732	-5.39280128479
21	1	0.419761743397	0.304954242027	-0.40733670891	0.860859870039	1.47056257725	-2.00133275986	4.20461940765
22	1	0.331404987723	0.121603606049	-0.676880977433	0.725978446915	0.479108572006	-2.67225456238	2.892380476
23	1	0.406139485538	-0.132316736869	-0.750825311673	0.647111761982	-0.6003074646	-3.55029559135	3.05498313904
24	1	0.497706454247	-0.0692656880308	0.454277395188	-0.888163449306	-0.417761206627	2.60968255997	-5.06751203537
25	1	0.499541066587	0.227957488972	-0.434028632524	0.871581625191	1.29861927032	-2.48432898521	4.97725152969
26	1	0.499985389411	-0.243244867406	0.380425148216	-0.892249203466	-1.38932931423	2.18175029755	-5.0980463028
27	1	0.499998643994	0.263260766441	-0.436402574081	0.860375826129	1.49631333351	-2.480427742	4.92901134491
28	1	0.500000067055	-0.140868516328	0.406823923886	-0.902579833622	-0.817416071892	2.3169157505	-5.16320562363
29	1	0.499998122454	0.102120103425	-0.408752141042	0.906914092773	0.591546297073	-2.31464004517	5.19492006302
0	2	0.500000044703	0.139500337351	-0.442071460765	0.886065730889	0.809099793434	-2.50411224365	5.07596731186
1	2	0.500000208616	-0.176651968193	0.4086074113	-0.895451877861	-0.997178912163	2.33578968048	-5.12167978287
2	2	0.500000204891	0.0611796699876	-0.371173022622	0.926546078324	0.371275871992	-2.13292455673	5.29165220261
3	2	0.500000167638	-0.134788549508	0.479688028565	-0.867024476109	-0.766905963421	2.71609306335	-4.97282886505
4	2	0.499999554828	0.121874996215	-0.319855392794	0.93959513249	0.70304787159	-1.84720182419	5.36478757858
5	2	0.49999958463	-0.108696725824	0.294930855856	-0.949315970612	-0.635808587074	1.68538069725	-5.42564105988
6	2	0.499987788498	0.134191973577	-0.249719563214	0.958974793191	0.768778800964	-1.45044207573	5.47634553909
7	2	0.499991264194	-0.208616849278	0.322368886581	-0.923340300843	-1.17100071907	1.8278721571	-5.28911399841
8	2	0.499962827191	0.12786890662	-0.273118820994	0.95344410027	0.727316141129	-1.56316995621	5.45081710815
9	2	0.499992325902	-0.00953208696715	0.239410841934	-0.970871561064	-0.0775401443243	1.37374567986	-5.54918336868
10	2	0.499986764044	0.125783131689	-0.234640899809	0.963909877488	0.705064535141	-1.33789682388	5.51360654831
11	2	0.499999885447	-0.114667544132	0.117150701123	-0.986472030799	-0.668293774128	0.703017652035	-5.63500547409
12	2	0.499999668449	0.205144299112	-0.263471242504	0.942602101056	1.16857504845	-1.49486553669	5.39326953888
13	2	0.499988440424	-0.174680333392	0.351295610534	-0.919825078559	-1.01236689091	1.9840297699	-5.26555395126
14	2	0.499990466982	0.272691799092	-0.236097583786	0.932682750799	1.5428109169	-1.36210370064	5.33389663696
15	2	0.499961201102	-0.236108270263	0.279992224303	-0.930514502328	-1.33546209335	1.59281611443	-5.32581710815
16	2	0.499982338399	0.0333875554127	-0.283070593592	0.958517767278	0.212549686432	-1.61644411087	5.48034620285
17	2	0.499981574714	-0.193113663342	0.274732920888	-0.941928306832	-1.087261796	1.57133793831	-5.38879203796
18	2	0.499947458506	0.196305986066	-0.409023902375	0.89115846353	1.11550188065	-2.31029295921	5.10889720917
19	2	0.49975566566	-0.192607271804	0.314192955863	-0.929615633116	-1.1047809124	1.80581974983	-5.3111538887
20	2	0.455550890416	0.13189658279	-0.38191953118	0.914735351428	0.707284808159	-2.00018191338	4.79668712616
21	2	0.27558782883	0.186906296834	-0.453701785042	0.871332730048	0.628431081772	-1.48221278191	2.87939023972
22	2	0.419402111322	0.198911907291	-0.475173761955	0.857113731711	0.9633654356	-2.32794165611	4.17711353302
23	2	0.497603196651	-0.180720379514	0.587333428957	-0.788910379991	-1.02942025661	3.35919761658	-4.51162147522
24	2	0.499040257186	0.210221144521	-0.516553057224	0.830048197075	1.2010935545	-2.94673275948	4.73698329926
25	2	0.499965500087	-0.263806263535	0.518151121859	-0.813588145339	-1.50146389008	2.94232296944	-4.66656684875
26	2	0.499992202967	0.21733238804	-0.394483624838	0.892832180672	1.25493884087	-2.26029920578	5.09921169281
27	2	0.499999254942	-0.339990842549	0.370438357298	-0.86439669737	-1.92121171951	2.12419939041	-4.9480342865
28	2	0.499999862164	0.309708875938	-0.405077706583	0.860228146363	1.74615776539	-2.31147575378	4.92947721481
29	2	0.499999977648	-0.259383207771	0.370760297688	-0.891771917692	-1.46210122108	2.12886071205	-5.10083007812
0	3	0.500000717118	-0.203997270078	0.327164501515	-0.922685484198	-1.15933847427	1.88355195522	-5.27187347412
1	3	0.499999843538	0.16390310095	-0.396701558875	0.903196350018	0.930456638336	-2.25748467445	5.16953086853
2	3	0.50000031665	-0.0469370688706	0.387070024928	-0.92085487856	-0.279732078314	2.21768283844	-5.26208114624
3	3	0.500000059605	0.0903881201984	-0.502111076187	0.860066540971	0.52430576086	-2.84795641899	4.92980718613
4	3	0.500000137836	-0.188434478264	0.433262971073	-0.881348764848	-1.06204926968	2.45643925667	-5.05304765701
5	3	0.49998767674	0.235007225361	-0.25448105127	0.938089014205	1.31296014786	-1.48680496216	5.36345767975
6	3	0.499974787235	-0.182465397997	0.400389755044	-0.89799466735	-1.03106379509	2.25263118744	-5.15381002426
7	3	0.49923399277	0.0894451416168	-0.215676984586	0.97235950397	0.523669779301	-1.26116871834	5.54332685471
8	3	0.499710889533	-0.0267987155374	0.364361878097	-0.930871769169	-0.164226680994	2.06012129784	-5.33223390579
9	3	0.499236775562	0.0127536334865	-0.230119999629	0.973078686748	0.0841082334518	-1.33645904064	5.54923963547
10	3	0.499976860359	-0.0552927866676	0.364870989058	-0.929414799261	-0.32847186923	2.06857776642	-5.32024478912
11	3	0.499987276271	0.171921275605	-0.318328161566	0.932260830749	0.978484869003	-1.79433274269	5.34011888504
12	3	0.499986948445	-0.264099441164	0.192926297606	-0.945003136962	-1.49527895451	1.12644529343	-5.40201473236
13	3	0.499977666885	0.171136865104	-0.319084925712	0.932146438917	0.996043801308	-1.81207430363	5.33041858673
14	3	0.499258015305	-0.24800712361	0.269089384464	-0.930636002854	-1.42096340656	1.53708958626	-5.31084012985
15	3	0.499537505209	0.242998506733	-0.288148742756	0.926240804421	1.38300716877	-1.65388405323	5.29485559464
16	3	0.499181635678	-0.0603319086598	0.319887781144	-0.945532584458	-0.373559772968	1.82149934769	-5.39737987518
17	3	0.499648515135	0.200571417024	-0.239128345606	0.950046704642	1.13561940193	-1.38399684429	5.42608213425
18	3	0.499738931656	-0.126174651033	0.337675101942	-0.932767646826	-0.756038725376	1.9252820015	-5.32942008972
19	3	0.498876541853	0.286432158578	-0.345685124787	0.893565002131	1.61466872692	-1.969009161	5.1043305397
20	3	0.498608041555	-0.255586258411	0.354095013809	-0.899606795054	-1.45594334602	2.03042340279	-5.14845323563
21	3	0.455226767808	0.248742170775	-0.38950159364	0.8868009027	1.29466700554	-2.04079842567	4.65065670013
22	3	0.497836209834	-0.0753844944792	0.510163863941	-0.856767185367	-0.452915400267	2.9193239212	-4.90159273148
23	3	0.498789414763	0.157609788726	-0.63284562691	0.75806699374	0.915177106857	-3.58213305473	4.34487390518
24	3	0.499948225915	-0.336730073898	0.489329934745	-0.804468192221	-1.8974364996	2.80344510078	-4.6082482338
25	3	0.499981582165	0.291206598982	-0.412801853506	0.863014105592	1.66005671024	-2.36614203453	4.93249464035
26	3	0.499999150634	-0.209721115652	0.378252981321	-0.90163281649	-1.21139514446	2.16520452499	-5.15045404434
27	3	0.499999754131	0.242859762943	-0.334396280535	0.910603241323	1.38596105576	-1.92181754112	5.20292949677
28	3	0.499999899417	-0.124010841471	0.391034210995	-0.911983309622	-0.736203014851	2.22168183327	-5.21699619293
29	3	0.499999981374	0.172859251216	-0.375206565558	0.910680905933	0.994535386562	-2.13817930222	5.20780086517
0	4	0.499999435619	0.23070939237	-0.303310320528	0.9245409811	1.31223285198	-1.72633361816	5.29005146027
1	4	0.499999910593	-0.130537213166	0.29304546914	-0.947145389576	-0.75210082531	1.68210017681	-5.41229248047
2	4	0.499999444932	0.024184283341	-0.353372679625	0.935169968366	0.154762536287	-2.01026010513	5.35015583038
3	4	0.499999843538	-0.113586145168	0.376367706359	-0.919481123915	-0.635161936283	2.15043115616	-5.25916433334
4	4	0.499997671694	0.079143335954	-0.308200340039	0.948023672054	0.450757473707	-1.78003978729	5.41441297531
5	4	0.499991316348	0.020214860981	0.372336607433	-0.927877583607	0.0845068022609	2.11188745499	-5.31320047379
6	4	0.499250423163	0.080520162134	-0.2729819527	0.958643498382	0.466194570065	-1.57491707802	5.46724224091
7	4	0.498288273811	-0.144397047913	0.24215534666	-0.959432269958	-0.817639112473	1.39150857925	-5.49347877502
8	4	0.445826653391	0.0135729377731	-0.373176044367	0.92766126106	0.0877187103033	-1.90533423424	4.75967645645
9	4	0.498263977468	-0.107515558855	0.298239931188	-0.948416231435	-0.607268691063	1.71485090256	-5.42896747589
10	4	0.49926623702	0.0905320120692	-0.426828329871	0.899789715217	0.527073323727	-2.39759540558	5.15536308289
11	4	0.49998238869	-0.171447425018	0.169483130602	-0.970505666597	-0.978900432587	1.00047445297	-5.54427576065
12	4	0.499989794567	0.288650912652	-0.236664474766	0.927723329991	1.63423848152	-1.34771943092	5.3101067543
13	4	0.499261593446	-0.2462986597	0.278503308333	-0.928317228903	-1.41687774658	1.58863902092	-5.29683160782
14	4	0.498229645193	0.38620895937	-0.245322367371	0.889190404677	2.19183826447	-1.41057181358	5.09819793701
15	4	0.445442724973	-0.366114845645	0.438237822456	-0.820918711425	-1.87056279182	2.21697473526	-4.22394561768
16	4	0.497662141919	0.196419100507	-0.388309679103	0.900352780898	1.12541520596	-2.20601344109	5.15558338165
17	4	0.498311972246	-0.25430089694	0.28025757524	-0.925627757436	-1.4441652298	1.59890663624	-5.2859954834
18	4	0.473537620157	0.389067727919	-0.261943724108	0.883182760527	2.09519338608	-1.43607974052	4.83358764648
19	4	0.498459663242	-0.271959898505	0.31804690543	-0.908231236829	-1.55180835724	1.82190585136	-5.19707870483
20	4	0.497677389532	0.175902196217	-0.387069259211	0.905116459877	1.01352190971	-2.17710065842	5.16017246246
21	4	0.498117826879	-0.262588607059	0.243118758379	-0.933777539228	-1.49544894695	1.41357398033	-5.34247684479
22	4	0.471568763256	0.207881702137	-0.407538165359	0.8892119217	1.13124084473	-2.2141494751	4.83511161804
23	4	0.49907085672	-0.281894154764	0.479389590238	-0.831096448243	-1.59749150276	2.74470829964	-4.75527143478
24	4	0.499656479806	0.241075750036	-0.468524711908	0.849921806448	1.3872923851	-2.67224431038	4.85542821884
25	4	0.499996080995	-0.290271709467	0.346526894789	-0.891998568312	-1.65446090698	2.00099563599	-5.09357976913
26	4	0.500000130385	0.266492115448	-0.405117424212	0.874563791272	1.5202665329	-2.30750989914	5.00464487076
27	4	0.499999646097	-0.253320523693	0.348528810265	-0.902416966093	-1.44186210632	1.98522424698	-5.16386270523
28	4	0.5000001546	0.167625065173	-0.211773739525	0.962836289705	0.965504288673	-1.23464536667	5.49875640869
29	4	0.500000109896	-0.192682788052	0.308845875166	-0.931390126951	-1.10975766182	1.75556123257	-5.32678508759
0	5	0.499999443069	-0.291063911521	0.151295083908	-0.944664806688	-1.64895915985	0.886215209961	-5.40230941772
1	5	0.499998304993	0.188496892749	-0.226623167916	0.955568344593	1.06984829903	-1.29526805878	5.46492385864
2	5	0.499999800697	-0.0396244941915	0.179209972304	-0.983012556017	-0.246444627643	1.05052220821	-5.61544561386
3	5	0.499998338521	0.0348535107756	-0.326262554075	0.944636426672	0.212651997805	-1.85668802261	5.4033780098
4	5	0.499999780208	0.000200851629078	0.322918398127	-0.946426789461	-0.0153246978298	1.84531879425	-5.41101121902
5	5	0.499959286302	-0.0102282834732	-0.352313655573	0.935826089781	-0.0471799075603	-2.00538945198	5.35302591324
6	5	0.499637130648	-0.108284751488	0.344271409204	-0.932604744466	-0.619043827057	1.96022307873	-5.3353433609
7	5	0.44570530951	0.212933577003	-0.283886774804	0.934915820208	1.07325005531	-1.4611941576	4.79484415054
8	5	0.232963040005	0.128468061383	-0.300656028823	0.945040692001	0.351969987154	-0.847280502319	2.63019251823
9	5	0.445460565388	0.122755658992	-0.402133382808	0.907314603992	0.627288758755	-2.04446005821	4.65586280823
10	5	0.499674286693	-0.17740612125	0.258585930451	-0.949557994393	-0.99757450819	1.48764789104	-5.43065690994
11	5	0.499960243702	0.0952193155086	-0.173191319212	0.980274476309	0.571710348129	-1.01048910618	5.59810781479
12	5	0.499964408576	-0.238713892752	0.195725096202	-0.951161061085	-1.3588886261	1.13837742805	-5.43549823761
13	5	0.49967436865	0.302404594342	-0.307290823919	0.902288097481	1.71528482437	-1.74151682854	5.16923761368
14	5	0.445749966428	-0.295515766562	0.211395126373	-0.931655801387	-1.52274692059	1.09470283985	-4.77118968964
15	5	0.232976963744	-0.372931074868	0.226617706511	-0.899759316981	-1.02073192596	0.654784023762	-2.50798797607
16	5	0.445022553205	-0.376858604762	0.289026726532	-0.880023376603	-1.92009305954	1.47710156441	-4.51212310791
17	5	0.471791064367	0.194673618089	-0.170948503673	0.965856506688	1.07804048061	-0.948131799698	5.25362920761
18	5	0.32980031427	0.103878971622	-0.226457555287	0.968465866672	0.418867796659	-0.897492170334	3.82240819931
19	5	0.428808680736	0.183245144707	-0.223325048427	0.957364684792	0.916300415993	-1.11779606342	4.77646827698
20	5	0.496719572693	-0.0945308406599	0.221837198584	-0.970490689027	-0.562492668629	1.27576184273	-5.54727315903
21	5	0.416596487164	0.317909858058	-0.139385000561	0.937819355616	1.52762055397	-0.679345428944	4.54770231247
22	5	0.320753355511	0.272400459158	-0.16863978142	0.947290142445	1.03281390667	-0.664009451866	3.63671970367
23	5	0.472476683557	0.253580713849	-0.44340580993	0.859702337605	1.3721061945	-2.40812969208	4.68909883499
24	5	0.49984575063	-0.214564686657	0.478492185754	-0.851473560019	-1.235709548	2.71611380577	-4.87644767761
25	5	0.499979924411	0.286162023096	-0.387992908947	0.876112321078	1.62821221352	-2.22496151924	5.00780057907
26	5	0.500000011176	-0.260762991675	0.419751849418	-0.869373939731	-1.49094665051	2.38094520569	-4.97939682007
27	5	0.499999415129	0.241042814604	-0.319035282116	0.916577792821	1.3778039217	-1.82190847397	5.24125289917
28	5	0.499999718741	-0.180751780553	0.1455344136	-0.972701664584	-1.04619145393	0.86044895649	-5.55500411987
29	5	0.499999325722	0.324452611395	-0.184017055558	0.927829847667	1.82874751091	-1.05365240574	5.31380319595
0	6	0.499988125637	0.202980475049	-0.204947409549	0.957494379131	1.16429436207	-1.16001939774	5.47563505173
1	6	0.499991975725	-0.165925283847	0.256495352677	-0.952196898879	-0.956228613853	1.44970536232	-5.44678592682
2	6	0.499961081892	0.197571177613	-0.182251089151	0.963197887394	1.11683487892	-1.05706691742	5.50611591339
3	6	0.499991940334	-0.178562566842	0.284944423094	-0.941765408937	-1.0093152523	1.62325811386	-5.38821172714
4	6	0.499987058342	0.134773076303	-0.287360420983	0.948293312407	0.76616704464	-1.64612817764	5.42145347595
5	6	0.499989928678	-0.00542425376317	0.239271401116	-0.970937574759	-0.0645266771317	1.38995909691	-5.54655313492
6	6	0.499268008396	0.193514715024	-0.321433700468	0.926947911844	1.09348344803	-1.82082343102	5.29929113388
7	6	0.498150879517	-0.249050972551	0.226816879245	-0.941556008085	-1.41158914566	1.3107881546	-5.3909535408
8	6	0.445098111406	0.0310469597363	-0.34882675329	0.93667282574	0.181418329477	-1.77932417393	4.79727220535
9	6	0.498053973541	-0.165739820799	0.238728065051	-0.956838138223	-0.935646176338	1.36375689507	-5.4792766571
10	6	0.499226853251	0.114573804406	-0.200509035941	0.972969151541	0.67100840807	-1.16474854946	5.54774475098
11	6	0.499988533556	-0.212176664449	0.348554665647	-0.912957122826	-1.19491422176	1.96339130402	-5.23583173752
12	6	0.499988995492	0.171374520926	-0.353250114843	0.919698390746	0.990512371063	-1.99787640572	5.26445245743
13	6	0.499245552346	-0.211792550262	0.262064727807	-0.941523230777	-1.21142792702	1.49991321564	-5.37282133102
14	6	0.498308191076	0.231266154276	-0.181460816627	0.955817941825	1.32901406288	-1.05297398567	5.46910429001
15	6	0.445647591725	-0.320223821938	0.238747541277	-0.91676404565	-1.63839054108	1.22297739983	-4.70066785812
16	6	0.497262921184	0.277254196308	-0.31700290871	0.906994634217	1.60198140144	-1.81306219101	5.17724847794
17	6	0.49540046975	-0.415368408263	0.317065584962	-0.852606884942	-2.34719395638	1.80113530159	-4.88393640518
18	6	0.394477768801	0.0997435498062	-0.247375493164	0.963772063122	0.478783071041	-1.15070939064	4.48090553284
19	6	0.385606454685	0.411886599737	-0.301841573094	0.859791308231	1.8878736496	-1.38913941383	3.98171877861
20	6	0.400337798521	0.271018975373	-0.0928465107861	0.958085716636	1.26485729218	-0.442196369171	4.52663660049
21	6	0.3701509526	0.16400379714	-0.0768982293958	0.98345788768	0.732885837555	-0.3571626544	4.35843276978
22	6	0.417842496186	0.0883532529416	-0.197791000552	0.976254281832	0.448053777218	-0.962353587151	4.7419924736
23	6	0.498379379511	-0.0970826358473	0.299060301265	-0.949282833525	-0.570944130421	1.72266507149	-5.42918205261
24	6	0.499529384077	0.215706815831	-0.316376535092	0.923783772128	1.227622509	-1.820135355	5.27348136902
25	6	0.499994508922	-0.265172599848	0.42524509181	-0.865361256459	-1.50937223434	2.40947294235	-4.96029186249
26	6	0.499999778345	0.248500981169	-0.268552484062	0.930659349957	1.41963589191	-1.5670183897	5.3123049736
27	6	0.499998446554	-0.264816434982	0.325573145031	-0.907675262965	-1.49940431118	1.85889410973	-5.1942191124
28	6	0.49999933131	0.172828235698	-0.277951213461	0.944919850506	0.998572826385	-1.57256126404	5.4054236412
29	6	0.499997157604	-0.231252292912	0.122086941522	-0.965203168112	-1.32710027695	0.717680037022	-5.51465988159
0	7	0.499963017181	-0.170302307656	0.102433462208	-0.98005331989	-0.987663149834	0.594123005867	-5.59976673126
1	7	0.499300835654	0.193042419316	-0.165147457518	0.96719229816	1.10608530045	-0.935326933861	5.5227856636
2	7	0.499641988426	-0.210054621795	0.231574626667	-0.949868542561	-1.20014226437	1.31779134274	-5.43242168427
3	7	0.499284470454	0.166418871458	-0.247149986969	0.954579301663	0.972839236259	-1.41462957859	5.44484853745
4	7	0.49997202307	-0.284415494733	0.340738192124	-0.896105635951	-1.6026968956	1.92588078976	-5.13991928101
5	7	0.499975442886	0.203315855849	-0.31669432155	0.926481175987	1.15429496765	-1.79233503342	5.30527973175
6	7	0.499973937869	-0.2332151287	0.238134158332	-0.942816433024	-1.32057034969	1.37550926208	-5.38963460922
7	7	0.499247591943	0.165739033256	-0.250958112158	0.953703622095	0.962455749512	-1.44047474861	5.43907976151
8	7	0.499669795856	-0.173738379352	0.310681456289	-0.934500940748	-0.986503779888	1.75832939148	-5.35122299194
9	7	0.499231453985	0.058272937364	-0.161406838138	0.985166025284	0.367894500494	-0.949811935425	5.61787462234
10	7	0.499973118305	-0.172431947751	0.286238818983	-0.942515019457	-0.979864060879	1.61596977711	-5.39603662491
11	7	0.499986670911	0.157735143754	-0.193675031746	0.968302435452	0.912794113159	-1.12341117859	5.53097772598
12	7	0.499986797571	-0.188798009456	0.280708460424	-0.941040951219	-1.07894337177	1.59986543655	-5.38123893738
13	7	0.499974109232	0.169623656458	-0.274445771414	0.946523815719	0.984116077423	-1.5658121109	5.40968608856
14	7	0.499244881794	-0.265781019619	0.271751920239	-0.92493856199	-1.50195980072	1.54460477829	-5.28615140915
15	7	0.499264772981	0.192811672386	-0.251915817121	0.948347025132	1.12390267849	-1.44901311398	5.41143751144
16	7	0.497577447444	-0.31783391256	0.368591260178	-0.873568593155	-1.80192923546	2.08724141121	-5.0055103302
17	7	0.416601793841	0.243747681788	-0.203420714165	0.948265300784	1.17500948906	-0.986680984497	4.59654808044
18	7	0.376131803729	0.288015115815	-0.26172545172	0.921166152756	1.29551839828	-1.17669701576	4.1531291008
19	7	0.415272232145	0.440604171371	-0.252943501301	0.861328943737	2.14482998848	-1.24109792709	4.22921562195
20	7	0.344774258323	0.162787404131	-0.16082675199	0.973465467749	0.69534933567	-0.673445224762	4.01374673843
21	7	0.439915921539	0.272466934372	-0.34107599844	0.899682684596	1.37865364552	-1.73647403717	4.61914968491
22	7	0.49827905558	-0.140809181569	0.282986268883	-0.948731545807	-0.803885042667	1.62840771675	-5.42442178726
23	7	0.499141398817	0.0860208439991	-0.408400660906	0.90874051003	0.507982373238	-2.30793261528	5.19591569901
24	7	0.499976729974	-0.210712267055	0.239615396877	-0.947726121879	-1.1974966526	1.40451955795	-5.41189050674
25	7	0.499992307276	0.211051314373	-0.374625605869	0.902836085969	1.20199239254	-2.13208508492	5.16666650772
26	7	0.49998697266	-0.181828661487	0.382126751565	-0.906044967758	-1.04952502251	2.16921281815	-5.18432569504
27	7	0.499988917261	0.171756414644	-0.402029022151	0.899373337039	0.997688949108	-2.27435946465	5.15025949478
28	7	0.499960850924	-0.151950989093	0.24357806326	-0.957904287501	-0.888289153576	1.39811050892	-5.47206449509
29	7	0.499980462715	0.311223249556	-0.120744744019	0.942635027849	1.74879693985	-0.700443983078	5.39840126038
0	8	0.49925750494	0.183905583088	-0.045507261288	0.981889925439	1.05902862549	-0.277542829514	5.60350084305
1	8	0.497799010947	-0.278061853688	-0.0399934397178	-0.959730238298	-1.57889223099	-0.202772900462	-5.49583244324
2	8	0.445980103686	0.309511130876	-0.245184862529	0.91874220707	1.57235920429	-1.23854076862	4.72337865829
3	8	0.498129703104	-0.34031624187	0.197773308739	-0.919277201866	-1.92714393139	1.13301992416	-5.26988172531
4	8	0.499255981296	0.269339867365	-0.16171738166	0.949370067106	1.52421379089	-0.939381480217	5.42125415802
5	8	0.499991796911	-0.15320092662	0.14763994231	-0.977103844797	-0.889178514481	0.871214151382	-5.58054351807
6	8	0.499985225499	0.177863323716	-0.287928495432	0.940989808444	1.02015817165	-1.63936507702	5.3810634613
7	8	0.499989844859	-0.257070340635	0.353085583666	-0.899580685971	-1.45803546906	1.99283051491	-5.15692186356
8	8	0.499959748238	0.262229924512	-0.195388964389	0.945017787815	1.49129056931	-1.1338891983	5.40120601654
9	8	0.499988667667	-0.246425613118	0.248577587804	-0.936740946068	-1.39791274071	1.41011834145	-5.36144208908
10	8	0.499986760318	0.238416090392	-0.257729706517	0.936340304708	1.35694146156	-1.46338319778	5.35722208023
11	8	0.499999122694	-0.223330856664	0.097698620474	-0.969834165216	-1.27812886238	0.59525680542	-5.54125118256
12	8	0.499999530613	0.233747988393	-0.232714006791	0.94403711207	1.34271121025	-1.32816624641	5.39644432068
13	8	0.499987831339	-0.231033364311	0.233621219917	-0.94448118572	-1.32155406475	1.34366345406	-5.39711284637
14	8	0.499978626147	0.227730933247	-0.274158254558	0.934331779134	1.30546617508	-1.5643723011	5.34121227264
15	8	0.499816466123	-0.230810122166	0.262435690387	-0.93693873648	-1.32135105133	1.50378751755	-5.3535399437
16	8	0.47713871114	0.303285431696	-0.266507768295	0.914872426275	1.65571141243	-1.47094941139	5.0373711586
17	8	0.337366219261	0.0477533710835	-0.0839219343145	0.995327445864	0.223233371973	-0.356755822897	4.01599740982
18	8	0.417012119666	0.21300515195	-0.118410254645	0.969849378428	1.02349257469	-0.584557533264	4.70475149155
19	8	0.49619589746	-0.0617414639096	0.375468587382	-0.924776368385	-0.375854551792	2.13157486916	-5.28762292862
20	8	0.477633435279	0.279736444626	-0.383352291675	0.880220734825	1.51835238934	-2.10220813751	4.8617939949
21	8	0.498477715999	-0.0867488797892	0.308608741827	-0.947225039958	-0.509277701378	1.76444268227	-5.41343784332
22	8	0.499360376969	0.107760907598	-0.320116590485	0.941229491298	0.615657448769	-1.82806777954	5.37441301346
23	8	0.499977819622	-0.144469083645	0.445736800046	-0.883429334444	-0.820192217827	2.52163314819	-5.06581783295
24	8	0.499988265336	0.215564186676	-0.3718367586	0.902922757702	1.21959018707	-2.1167216301	5.168820858
25	8	0.499987069517	-0.103507054931	0.303101916831	-0.947320176916	-0.611804485321	1.74267792702	-5.41080570221
26	8	0.499975157902	0.238514073757	-0.239744709891	0.941081033014	1.35671830177	-1.38764977455	5.37816762924
27	8	0.499241538346	-0.319675717708	0.285797247693	-0.903397680271	-1.79914951324	1.6370433569	-5.16449594498
28	8	0.499705603346	0.233998880592	-0.263628581676	0.935812211293	1.33964550495	-1.49826359749	5.35341501236
29	8	0.499233540148	-0.209704646889	0.143990578965	-0.967104272683	-1.20027053356	0.831387281418	-5.51879549026
0	9	0.498904710636	-0.206591685709	0.237208509662	-0.94923758793	-1.17219638824	1.33389782906	-5.42658615112
1	9	0.445070115849	0.245407180639	-0.0851688301534	0.965671572565	1.25931191444	-0.443855464458	4.94244670868
2	9	0.234444989823	0.240035682544	-0.067769570858	0.968395661066	0.672689020634	-0.214549362659	2.71243047714
3	9	0.446369899437	0.0746104112048	-0.164837221689	0.983494777254	0.409636378288	-0.841044068336	5.04863595963
4	9	0.499705564231	-0.0866370132958	0.193958680859	-0.977176574651	-0.515697717667	1.10351336002	-5.58718919754
5	9	0.499960646033	0.165501302489	-0.222646164357	0.960748668681	0.933820128441	-1.27019286156	5.494784832
6	9	0.499999389052	-0.110649933448	0.306770262368	-0.945329888639	-0.655707716942	1.73753964901	-5.40737485886
7	9	0.499995846301	0.238455100178	-0.2760788076	0.931085204046	1.35664820671	-1.57386851311	5.32627153397
8	9	0.499999459833	-0.262996737437	0.128114578314	-0.956252775641	-1.50502443314	0.762124300003	-5.46294116974
9	9	0.499997917563	0.248106474469	-0.191143640557	0.949687994028	1.42521095276	-1.1044023037	5.42543983459
10	9	0.499999655411	-0.221909951593	0.244740146019	-0.943852866876	-1.28326392174	1.40480256081	-5.39138507843
11	9	0.49999971129	0.265444132994	-0.24248056074	0.933135890384	1.52085208893	-1.3881727457	5.33376073837
12	9	0.499999534339	-0.394141754857	0.264058248401	-0.880298539434	-2.21653628349	1.51091337204	-5.04972076416
13	9	0.49999974668	0.293086509439	-0.27245870501	0.916442334274	1.67127776146	-1.56015515327	5.23987579346
14	9	0.499994400889	-0.240947090383	0.278565004142	-0.929702123319	-1.38646912575	1.60459828377	-5.30950593948
15	9	0.499750172719	0.239315219058	-0.311513270062	0.919612803577	1.36016488075	-1.78012228012	5.25685358047
16	9	0.499078735709	-0.121695636519	0.299716734058	-0.946234670353	-0.715589284897	1.71571564674	-5.40432929993
17	9	0.476912606508	0.251279962832	-0.241631669756	0.937268646894	1.37153947353	-1.32678985596	5.15804386139
18	9	0.498421652243	-0.263079149326	0.212341624411	-0.941116568621	-1.48802673817	1.21847128868	-5.39074754715
19	9	0.498908203095	0.105821860387	-0.315787993058	0.94291021699	0.606282055378	-1.79314661026	5.38224983215
20	9	0.499817425385	-0.147623770774	0.243692897507	-0.95855150827	-0.833274900913	1.405575037	-5.47830247879
21	9	0.499635951594	0.0517521274379	-0.262453105044	0.963555958395	0.310530334711	-1.50444698334	5.50241279602
22	9	0.499980276451	-0.0664600278266	0.250461086135	-0.965842797267	-0.395541667938	1.43882608414	-5.51922273636
23	9	0.499991638586	0.0611960972967	-0.274611782698	0.959605859965	0.377184271812	-1.58638751507	5.48043060303
24	9	0.499997295439	-0.223257833246	0.348383825025	-0.910376103792	-1.24577343464	1.98885512352	-5.21371364594
25	9	0.499983929098	0.0364051930709	-0.375561011488	0.92608238757	0.243144482374	-2.11741447449	5.30705499649
26	9	0.499249387532	-0.249658274155	0.216952860507	-0.943717225902	-1.40561723709	1.25987029076	-5.38793754578
27	9	0.498104898259	0.237029865832	-0.317526968203	0.918146756879	1.36511480808	-1.80252075195	5.25880336761
28	9	0.445578519255	-0.293548889402	0.232731328395	-0.927181308221	-1.49636304379	1.18743336201	-4.75541830063
29	9	0.498309239745	0.161504616397	-0.272690652603	0.948449295885	0.935426473618	-1.54588472843	5.43343448639
0	10	0.498970456421	0.120299471165	-0.185105375239	0.975327656378	0.697148919106	-1.06645750999	5.56580686569
1	10	0.497392736375	-0.0643211429524	0.221954110703	-0.972933277934	-0.387626647949	1.26188886166	-5.56291770935
2	10	0.444283373654	0.388051754736	-0.0463591346088	0.920470893774	1.95233893394	-0.249656558037	4.71866750717
3	10	0.498195677064	-0.0957224448699	0.103627977718	-0.989999220092	-0.558458328247	0.599586546421	-5.66656398773
4	10	0.499238988385	0.117730927682	-0.129941755569	0.984507272105	0.673664033413	-0.753316402435	5.61799192429
5	10	0.499982219189	-0.0943741285499	0.204075484838	-0.974395566671	-0.561020612717	1.16102874279	-5.56996774673
6	10	0.499958440661	0.210285775537	-0.186442763363	0.959697342185	1.19450902939	-1.08808279037	5.48400020599
7	10	0.499989600852	-0.206567288055	0.249456349961	-0.946098031374	-1.19763541222	1.4225461483	-5.4061665535
8	10	0.499987594783	0.317873070696	-0.276359496813	0.906963141174	1.81674778461	-1.57406163216	5.18749427795
9	10	0.49999756366	-0.356238922512	0.300179395029	-0.88486505236	-2.02229166031	1.71554923058	-5.06494665146
10	10	0.499999847263	0.350517874656	-0.369080220347	0.860765363206	1.99387645721	-2.09779548645	4.93083333969
11	10	0.499997578561	-0.270146565094	0.368738344037	-0.889411528487	-1.54612708092	2.09510111809	-5.08963060379
12	10	0.499999905005	0.203405300186	-0.308825994689	0.929113980554	1.19133114815	-1.77357065678	5.30344867706
13	10	0.49999935925	-0.246166388748	0.335940540929	-0.909145786995	-1.41849911213	1.92703533173	-5.19241905212
14	10	0.499996364117	0.343530852914	-0.436047566138	0.831774652873	1.94674777985	-2.47247123718	4.77395963669
15	10	0.499991312623	-0.244883483247	0.39295373845	-0.886351758091	-1.39850711823	2.24570655823	-5.06849050522
16	10	0.499737162143	0.0833274567881	-0.410745977426	0.90793407083	0.507176578045	-2.32466554642	5.19681882858
17	10	0.49985377118	-0.177157465612	0.195365342048	-0.964597126009	-1.00990509987	1.13657069206	-5.51099348068
18	10	0.499560782686	0.214496259368	-0.161441508538	0.963290192018	1.20918571949	-0.944748878479	5.50297737122
19	10	0.499970981851	0.0162606567745	0.295184706671	-0.955301826644	0.0536917746067	1.67848443985	-5.46664524078
20	10	0.499975053594	0.00126341367362	-0.199581386028	0.979880438695	0.0286294687539	-1.16065263748	5.59804153442
21	10	0.499994944781	-0.121791591536	0.327134070028	-0.937096637737	-0.695405125618	1.84144413471	-5.36845207214
22	10	0.499996082857	0.272765487587	-0.226193208884	0.935112624787	1.52373623848	-1.29324185848	5.35816669464
23	10	0.499998703599	-0.224599201949	0.293891773285	-0.929076328446	-1.26061427593	1.67498517036	-5.31914520264
24	10	0.49999981001	0.0910661980097	-0.328421433419	0.940131006643	0.536356151104	-1.86131691933	5.3794503212
25	10	0.499960631132	-0.0911864949799	0.121058423328	-0.988448218813	-0.531339585781	0.738821923733	-5.64535427094
26	10	0.499649649486	0.16977824152	-0.254899427198	0.951946233104	0.97401869297	-1.43659162521	5.44813108444
27	10	0.444913305342	-0.211569179388	0.0636399794759	-0.975288898402	-1.09097349644	0.351571440697	-4.98827648163
28	10	0.232752193231	-0.309452511846	0.162205335689	-0.936978426639	-0.8344373703	0.467352986336	-2.61386847496
29	10	0.445925936103	-0.181559726414	0.22736049439	-0.956735737461	-0.942326724529	1.16261315346	-4.90552616119
0	11	0.499233271927	-0.191474167904	0.203585829004	-0.960151265819	-1.09998655319	1.16560935974	-5.47909259796
1	11	0.499246040359	0.16521245019	-0.220196274495	0.961362807165	0.940364480019	-1.25709056854	5.4882478714
2	11	0.499574076384	-0.201196971425	0.203471025572	-0.958185431136	-1.14691710472	1.15365171432	-5.48096990585
3	11	0.499230792746	0.138083502063	-0.17584729295	0.974684911148	0.794758319855	-1.00334978104	5.5626001358
4	11	0.499955013394	-0.209048075488	0.193048444338	-0.958661149872	-1.18813729286	1.09691178799	-5.48400402069
5	11	0.499221714213	0.206711119856	-0.164604146066	0.964456317324	1.18463981152	-0.95397913456	5.50210571289
6	11	0.499638248235	-0.285376611161	0.333254892166	-0.898610798205	-1.62936925888	1.87346768379	-5.15145111084
7	11	0.499223649502	0.308156190359	-0.18454620688	0.933264410481	1.76232123375	-1.08259570599	5.32103157043
8	11	0.499963607639	-0.441145773032	0.326088155421	-0.836096239574	-2.4883813858	1.85195195675	-4.80385541916
9	11	0.499977134168	0.274344840034	-0.356563258578	0.893083171591	1.60013532639	-2.02791118622	5.10073280334
10	11	0.499961774796	-0.40410031451	0.375673603496	-0.834009759805	-2.28748250008	2.14588856697	-4.77961540222
11	11	0.499991651624	0.264680042961	-0.353837838368	0.897074834669	1.52387046814	-2.03067779541	5.12251996994
12	11	0.499988142401	-0.335099702796	0.376579170809	-0.863652891675	-1.89240598679	2.15039396286	-4.9478559494
13	11	0.499999325722	0.296240878352	-0.425327881667	0.855182749516	1.69559812546	-2.41532540321	4.89658117294
14	11	0.499999672174	-0.36600233837	0.404518494394	-0.838097295068	-2.07592558861	2.31528329849	-4.79712867737
15	11	0.499996297061	0.280831286958	-0.410275782461	0.867644841275	1.60855126381	-2.33474826813	4.96443843842
16	11	0.499997105449	-0.248389541846	0.387220718724	-0.887897939232	-1.40305328369	2.20589542389	-5.08493757248
17	11	0.499987801537	0.106524094203	-0.254582267049	0.961166211775	0.636344909668	-1.4668482542	5.48948335648
18	11	0.499995104969	-0.174876743204	0.260583156194	-0.949481196967	-1.00366449356	1.49424636364	-5.42632055283
19	11	0.499993762001	0.203325019031	-0.336814304291	0.919355785896	1.13785338402	-1.91442537308	5.26634454727
20	11	0.499999187887	-0.0526461551589	0.223839428221	-0.973203109695	-0.322027444839	1.28457331657	-5.56200265884
21	11	0.499999443069	0.145939530094	-0.165698732339	0.975318196107	0.822527885437	-0.962310314178	5.57589817047
22	11	0.499993992969	-0.12508152303	0.0010091740707	-0.992145954063	-0.723807156086	0.0615863502026	-5.67304754257
23	11	0.499995442107	0.11442485617	-0.269903001903	0.956064496702	0.659850120544	-1.52651631832	5.47056674957
24	11	0.499980125576	-0.0671883114992	0.281451699133	-0.95722028387	-0.411206007004	1.60281348228	-5.47265148163
25	11	0.499984072521	0.189071906908	-0.232697881886	0.953993453743	1.07030415535	-1.3264567852	5.45726919174
26	11	0.499241108075	-0.179533934323	0.205150437529	-0.962123102523	-1.0246039629	1.18130624294	-5.48953723907
27	11	0.498179163784	0.179315148392	-0.280228957541	0.943036483341	1.03547036648	-1.59043645859	5.4013299942
28	11	0.445646790788	-0.258776080806	0.217868056006	-0.941046465471	-1.3247910738	1.10792887211	-4.82554244995
29	11	0.498232921585	0.30706521779	-0.241787448114	0.920461722158	1.74385786057	-1.37560844421	5.27677726746
0	12	0.499963909388	0.286321602887	-0.213993483934	0.933930794307	1.60882973671	-1.22315585613	5.34838724136
1	12	0.499975599349	-0.166989244772	0.254700261477	-0.952492713323	-0.963501811028	1.44132018089	-5.44771003723
2	12	0.499957242981	0.125439146464	-0.163768583304	0.978491119866	0.730004370213	-0.956812977791	5.58862686157
3	12	0.499982373789	-0.14687148937	0.20158600937	-0.968396533676	-0.854497909546	1.15338659286	-5.53427171707
4	12	0.499242223799	0.266771368255	-0.191383922867	0.944566160281	1.51736605167	-1.09309995174	5.39321517944
5	12	0.498225262389	-0.298717641097	0.156516121172	-0.941419393634	-1.70180261135	0.901370823383	-5.39192914963
6	12	0.445337317884	0.422389355055	-0.272790127192	0.864391565925	2.14538145065	-1.39345741272	4.43730306625
7	12	0.498282205313	-0.348394547325	0.279070828838	-0.89484116573	-1.9913623333	1.59030032158	-5.12681865692
8	12	0.499213650823	0.312227210722	-0.271839666862	0.910284221771	1.79729390144	-1.56334662437	5.18785762787
9	12	0.499246899039	-0.385810743927	0.245046883123	-0.889439202499	-2.19165372849	1.42073893547	-5.07622146606
10	12	0.499641109258	0.374690576595	-0.40142423159	0.835742519023	2.13460659981	-2.27796292305	4.79095983505
11	12	0.49927437678	-0.215441255052	0.416859197673	-0.883070481296	-1.24146270752	2.35958814621	-5.04863119125
12	12	0.499974932522	0.203604430574	-0.37000586282	0.906444094983	1.17646718025	-2.12066817284	5.17731523514
13	12	0.499988056719	-0.276007910906	0.323700147447	-0.905007098127	-1.57523882389	1.87337088585	-5.16667509079
14	12	0.499999672174	0.302066696829	-0.409460960438	0.860870160096	1.72787046432	-2.33073329926	4.9262342453
15	12	0.499999251217	-0.324916915232	0.277788503576	-0.904025743813	-1.84626567364	1.62096297741	-5.16296339035
16	12	0.499999724329	0.230921759705	-0.353390144245	0.906526638795	1.32861828804	-2.02068853378	5.18018865585
17	12	0.500000089407	-0.235690369971	0.324827701411	-0.915935048952	-1.34529805183	1.86203980446	-5.23542022705
18	12	0.499998990446	0.239940401416	-0.34384531698	0.907854064131	1.36988687515	-1.9565448761	5.19425725937
19	12	0.499999415129	-0.197061132092	0.395590616718	-0.897036774153	-1.13651633263	2.23800492287	-5.13703489304
20	12	0.499999292195	0.182544041377	-0.232089662679	0.955411985185	1.03420698643	-1.34635806084	5.45965099335
21	12	0.499994158745	-0.0819630838556	0.326414833408	-0.941666294085	-0.490241706371	1.83919763565	-5.39185190201
22	12	0.499987944961	0.0911963195387	-0.158404020394	0.983153801613	0.530938863754	-0.916554272175	5.61863279343
23	12	0.499619988725	-0.104020864977	0.226394072438	-0.968465478793	-0.614383995533	1.29859304428	-5.52972173691
24	12	0.499819234014	0.281726621566	-0.201011634386	0.938202767819	1.57786774635	-1.16256392002	5.37144994736
25	12	0.499453347176	-0.243432197142	0.243608244636	-0.938826814988	-1.3800920248	1.38448786736	-5.36560916901
26	12	0.499953500926	0.172452945482	-0.212219528474	0.961885052035	0.997754752636	-1.21343076229	5.49721050262
27	12	0.499244509265	-0.263357603073	0.234053262531	-0.935874907882	-1.48597931862	1.32231497765	-5.35092830658
28	12	0.499682158232	0.228607024113	-0.140504964784	0.963326104389	1.30777835846	-0.813629746437	5.5065779686
29	12	0.499254019931	-0.232362563623	0.186230109346	-0.954633953618	-1.33345901966	1.05893874168	-5.44843435287
0	13	0.499987581745	-0.102493253716	0.211053617559	-0.972086160511	-0.611433386803	1.19338166714	-5.55827188492
1	13	0.499997468665	0.235588306226	-0.18117985191	0.954815171241	1.32559394836	-1.0514690876	5.46114253998
2	13	0.499999579042	-0.165728497935	0.315354161157	-0.934390613187	-0.956669390202	1.77690196037	-5.34960794449
3	13	0.499961515889	0.271907890263	-0.27626204581	0.921816348986	1.54036152363	-1.57207238674	5.27622079849
4	13	0.499600920826	-0.330440670887	0.226925171438	-0.916140780444	-1.87143552303	1.29601824284	-5.24453115463
5	13	0.445469371974	0.13763453742	-0.225289507542	0.964521317494	0.742004156113	-1.14678704739	4.93844223022
6	13	0.232662477531	0.360689743046	-0.14951300857	0.920624119568	0.985904455185	-0.444467902184	2.56224346161
7	13	0.446029029787	0.350377332249	-0.348597397017	0.869319032254	1.79849696159	-1.76985621452	4.46642303467
8	13	0.498972862959	-0.307567533346	0.419296937179	-0.854161747507	-1.76616954803	2.36439156532	-4.88858509064
9	13	0.498271781951	0.390986397934	-0.263632522749	0.881831916852	2.23141789436	-1.51950120926	5.04938316345
10	13	0.445291485637	-0.382546761473	0.248854045979	-0.889791907744	-1.95129752159	1.28264653683	-4.55837774277
11	13	0.497843701392	0.177057431859	-0.207361831141	0.962107965256	1.02263534069	-1.22031402588	5.4969201088
12	13	0.49926090613	-0.170514138024	0.44904381538	-0.877088695973	-0.992713570595	2.53849482536	-5.01698827744
13	13	0.499992243946	0.249117404049	-0.428499749379	0.868520859728	1.42449402809	-2.44212245941	4.96902894974
14	13	0.499997630715	-0.259215038186	0.454587679431	-0.852148816632	-1.49133443832	2.58303642273	-4.87733602524
15	13	0.499999821186	0.300340168158	-0.420338954705	0.856218982824	1.71215236187	-2.39105081558	4.90276622772
16	13	0.500000480562	-0.245719659183	0.416350780136	-0.875370708312	-1.41215062141	2.37777018547	-5.00336170197
17	13	0.499999769032	0.319733023764	-0.421683084014	0.848501131508	1.81369578838	-2.38618731499	4.86929035187
18	13	0.500000104308	-0.318985602054	0.243575092122	-0.915925411908	-1.81639480591	1.42211556435	-5.23142337799
19	13	0.500000458211	0.320702988973	-0.309381951857	0.895227569241	1.82294654846	-1.77681493759	5.11955833435
20	13	0.499999228865	-0.222650406263	0.275305695984	-0.935218461296	-1.28560185432	1.58785307407	-5.34002494812
21	13	0.499994914979	0.235337881841	-0.321486791168	0.917203534923	1.3282392025	-1.83965754509	5.24825191498
22	13	0.499611275271	-0.170132665996	0.209511497159	-0.962891379398	-0.97771936655	1.22091150284	-5.49504995346
23	13	0.498933464289	0.234562269916	-0.35619679778	0.904491228694	1.32275342941	-2.01268053055	5.18746852875
24	13	0.46825841628	-0.182872080561	0.245066391236	-0.952103075322	-0.992981135845	1.32608437538	-5.13588476181
25	13	0.498237455264	0.189168599565	-0.228298106726	0.955036761284	1.08675336838	-1.3040946722	5.46602201462
26	13	0.499149087816	-0.191546961766	0.170291829629	-0.966597358883	-1.09104239941	0.967142939568	-5.51811218262
27	13	0.499965827912	0.202947888582	-0.0828388979347	0.975679184727	1.16101551056	-0.492094427347	5.57659053802
28	13	0.499951340258	-0.176229898779	0.111054775723	-0.978064343264	-1.02091646194	0.638527870178	-5.58806657791
29	13	0.499990688637	0.22876777337	-0.0798534627736	0.970200355777	1.29763412476	-0.478415608406	5.54759311676
0	14	0.499999600463	0.0393926627567	-0.145903899479	0.988514173008	0.259062349796	-0.835907042027	5.65045499802
1	14	0.499999949709	-0.172167247314	0.194875253126	-0.96559933444	-0.983333110809	1.10809290409	-5.52184534073
2	14	0.499997988343	0.167446189238	-0.22984290147	0.958714772158	0.963890790939	-1.31813597679	5.47863435745
3	14	0.499990332872	-0.223668339027	0.263186173386	-0.938459115921	-1.28591275215	1.49707233906	-5.36561822891
4	14	0.499244917184	0.313841476403	-0.196507566815	0.928917813304	1.78619837761	-1.12459480762	5.30366277695
5	14	0.498108129948	-0.351477136758	0.165619591875	-0.921430395159	-2.00563526154	0.941773533821	-5.27786302567
6	14	0.445323608816	0.305479669293	-0.0909787400857	0.947842307824	1.56348490715	-0.479351609945	4.85347747803
7	14	0.498350040987	-0.31148602786	0.237598779274	-0.920066994591	-1.78288912773	1.36024594307	-5.26941347122
8	14	0.498950753361	0.314075667553	-0.333509750996	0.888891287527	1.79177749157	-1.89607954025	5.07861566544
9	14	0.445916466415	-0.274387270419	0.317210045043	-0.907793706277	-1.41745996475	1.61660003662	-4.65634393692
10	14	0.233040704392	-0.333856331373	0.239520742754	-0.911685123161	-0.928544521332	0.673975110054	-2.5397298336
11	14	0.445323560387	-0.343013042758	0.285315847007	-0.894950791912	-1.75727212429	1.45752906799	-4.58490085602
12	14	0.499692011625	0.334118292564	-0.38490426371	0.860356713435	1.89612150192	-2.19383311272	4.92880439758
13	14	0.499961920083	-0.277431386383	0.379228923717	-0.88273283006	-1.59209799767	2.15808153152	-5.04873561859
14	14	0.499999474734	0.325944418445	-0.330558163064	0.885715268535	1.8520642519	-1.90330600739	5.06268548965
15	14	0.50000012666	-0.29497359216	0.336792190881	-0.894182084416	-1.67621219158	1.93726623058	-5.11128473282
16	14	0.500000037253	0.244103236451	-0.462059390496	0.85259294485	1.39163970947	-2.61211061478	4.89247751236
17	14	0.500000119209	-0.250990413639	0.291824984952	-0.922952864679	-1.43930983543	1.69161605835	-5.26832532883
18	14	0.499999560416	0.285486925633	-0.337808712223	0.896873730933	1.63262677193	-1.92647385597	5.12937498093
19	14	0.49999968335	-0.378362684537	0.433391372733	-0.817932513714	-2.14807319641	2.45736193657	-4.69434738159
20	14	0.499999787658	0.356205619135	-0.416738113271	0.836329421845	2.01592278481	-2.37577152252	4.7944560051
21	14	0.499981280416	-0.175310350051	0.494194593862	-0.851491623308	-1.02980160713	2.79867267609	-4.87888860703
22	14	0.499804750085	0.210283862761	-0.346379617438	0.914221995844	1.19628024101	-1.9731118679	5.23095417023
23	14	0.468401027843	-0.106359164801	0.318481361466	-0.941943390264	-0.591580867767	1.71033000946	-5.08609104156
24	14	0.306220446248	-0.240425836956	0.194951429244	-0.950888719651	-0.864730358124	0.723442316055	-3.48831748962
25	14	0.417602932081	-0.137412456847	0.320859186273	-0.937105756725	-0.680512607098	1.53942084312	-4.55596828461
26	14	0.497980892658	0.151881918707	-0.0803262876324	0.98512921502	0.875690937042	-0.478458791971	5.63214874268
27	14	0.499157711864	-0.189450887657	0.092304210026	-0.977541965328	-1.08209264278	0.54277408123	-5.57792425156
28	14	0.499978052452	0.25157176105	-0.179677897986	0.951013933661	1.41974318027	-1.01493883133	5.44454240799
29	14	0.499989178032	-0.235757962841	0.1377124194	-0.962004923324	-1.32922399044	0.789453327656	-5.50423812866
0	15	0.499998705462	-0.141974787562	0.0585992976734	-0.988134242909	-0.813503086567	0.357844293118	-5.64777994156
1	15	0.500000279397	0.228950919657	-0.115754421909	0.966531111862	1.29907357693	-0.676883935928	5.52644681931
2	15	0.50000009872	-0.193254876764	0.225408411449	-0.954905021798	-1.10699021816	1.27920019627	-5.46097993851
3	15	0.499987181276	0.253860807694	-0.236217442426	0.937953095954	1.44108390808	-1.34319484234	5.36664962769
4	15	0.499977203086	-0.257679209207	0.180454031571	-0.949230092039	-1.48088157177	1.02383613586	-5.42654752731
5	15	0.499241834506	0.339112583872	-0.040411944605	0.939877401682	1.9183216095	-0.252916455269	5.3709769249
6	15	0.49970174022	-0.250954204048	0.0517310100727	-0.966615688921	-1.44719791412	0.302859187126	-5.52375507355
7	15	0.499233568087	0.277397353804	-0.157602469073	0.947740560409	1.58944439888	-0.901807069778	5.4079875946
8	15	0.499235812575	-0.321981988001	0.253078525627	-0.912293187122	-1.82231616974	1.43070590496	-5.21806716919
9	15	0.498246822506	0.217215869619	-0.220988227831	0.950779400884	1.25704503059	-1.2508585453	5.44468355179
10	15	0.44552052021	-0.350835311237	0.156896138311	-0.923199970847	-1.79129076004	0.817569851875	-4.73092985153
11	15	0.498124513775	0.415006007442	-0.336150411039	0.845442437393	2.35717344284	-1.91590213776	4.85234069824
12	15	0.499258790165	-0.31498209536	0.299836779931	-0.900491079913	-1.81043219566	1.7129201889	-5.13567209244
13	15	0.499992329627	0.298478727734	-0.200265571361	0.933168875401	1.70219326019	-1.18318367004	5.32900476456
14	15	0.499997463077	-0.305124646399	0.364027064431	-0.879990480927	-1.73332118988	2.06140971184	-5.04337501526
15	15	0.500000175089	0.153099482004	-0.305136436983	0.939921434714	0.896908402443	-1.75074899197	5.36846208572
16	15	0.499998223037	-0.098999879903	0.321554830867	-0.941701393503	-0.597179830074	1.84685516357	-5.37821435928
17	15	0.500000005588	0.223289906937	-0.306865983633	0.925189107993	1.27888131142	-1.75267231464	5.28947353363
18	15	0.499997502193	-0.189823038713	0.286900899916	-0.93896490222	-1.11270070076	1.65144085884	-5.35951709747
19	15	0.499999761581	0.330322882448	-0.361059978629	0.872079403015	1.88144493103	-2.05968546867	4.99051475525
20	15	0.499997865409	-0.311442942449	0.347448152377	-0.884467678894	-1.78435373306	2.00195741653	-5.04885101318
21	15	0.499993421137	0.316103868083	-0.486905647888	0.814248877578	1.79430389404	-2.74932217598	4.68277740479
22	15	0.499471519142	-0.256672538086	0.241799152089	-0.935762992558	-1.45720791817	1.4030559063	-5.34209823608
23	15	0.498298989609	0.14656600805	-0.148893415556	0.977931058965	0.843155801296	-0.869356274605	5.59533119202
24	15	0.417600707151	-0.218193783757	0.112891217196	-0.969353932168	-1.06061422825	0.558200061321	-4.70625782013
25	15	0.365358484909	-0.245620351589	0.175483833114	-0.953349918551	-1.06403124332	0.771171331406	-4.17547655106
26	15	0.417785409838	-0.174811128443	0.227658006404	-0.95792113532	-0.845064401627	1.11036705971	-4.65403842926
27	15	0.498294921592	0.167316003012	-0.260656622788	0.9508225282	0.953182220459	-1.47539591789	5.44860887527
28	15	0.499469937757	-0.117428066882	0.179763038583	-0.976675943734	-0.684755027294	1.02852678299	-5.57573461533
29	15	0.499993950129	0.140618762319	-0.17381209056	0.974687499078	0.807424068451	-0.983836174011	5.57352352142
0	16	0.499998988584	0.166922720304	-0.129011959061	0.977493079191	0.9568374753	-0.747953772545	5.58669424057
1	16	0.500000005588	-0.269824927119	0.208807022607	-0.939996880854	-1.5190050602	1.17895972729	-5.38438034058
2	16	0.500000122935	0.152026714612	-0.168830868313	0.973850099322	0.879057645798	-0.971024870872	5.56489992142
3	16	0.500000033528	-0.178810866165	0.178063750135	-0.967636282406	-1.03158569336	1.01154065132	-5.53152322769
4	16	0.499986935407	0.250864673165	-0.116364234745	0.961002747462	1.4232198	-0.672262966633	5.49580621719
5	16	0.499991411343	-0.202930399837	0.101541737769	-0.973914025114	-1.17579746246	0.571966171265	-5.5657491684
6	16	0.499962056056	0.281871675439	-0.0043720085765	0.959442152569	1.60527801514	-0.0432598441839	5.48653173447
7	16	0.499979369342	-0.320207983149	0.126785650372	-0.938824928508	-1.81591916084	0.720346450806	-5.3729224205
8	16	0.49996162951	0.21991703555	-0.0898067296387	0.971375956459	1.27506625652	-0.517795205116	5.54950094223
9	16	0.499232295901	-0.246657618833	-0.0284770752491	-0.968684197898	-1.4112995863	-0.122701957822	-5.53073215485
10	16	0.499687643722	0.276629698865	-0.117491061718	0.95376719388	1.5812664032	-0.682241439819	5.45313310623
11	16	0.49927187711	-0.25348939713	0.300403044448	-0.919511357422	-1.47170269489	1.70610129833	-5.24608755112
12	16	0.499972779304	0.420594759108	-0.267897995348	0.866793350632	2.36159849167	-1.54217910767	4.97466135025
13	16	0.499988485128	-0.198386902822	0.332355928775	-0.922053237832	-1.16102552414	1.87818384171	-5.27422237396
14	16	0.499999163672	0.268903696299	-0.291047810743	0.918140497951	1.52630496025	-1.66162919998	5.25317335129
15	16	0.499987090006	-0.224085307352	0.274080769588	-0.935235535451	-1.27806162834	1.57519483566	-5.34459257126
16	16	0.499992445111	0.218912580573	-0.341464538179	0.914045541115	1.25479316711	-1.93592619896	5.23148155212
17	16	0.499961879104	-0.368265121019	0.27547934908	-0.887970680187	-2.08065199852	1.57694029808	-5.0862569809
18	16	0.499991547316	0.320576488993	-0.304436890609	0.896966495663	1.82298254967	-1.7267973423	5.13667392731
19	16	0.499987158924	-0.324987402215	0.296143573994	-0.898154870823	-1.84911167622	1.69797277451	-5.13622903824
20	16	0.499999660999	0.313277625228	-0.374603667513	0.87265641682	1.78537988663	-2.12092852592	5.0001335144
21	16	0.499991580844	-0.288321133938	0.291208778517	-0.912177817665	-1.64435124397	1.67777347565	-5.21252250671
22	16	0.499978831038	0.219930931366	-0.310516276096	0.924775663449	1.24664163589	-1.76273608208	5.29431295395
23	16	0.499153830111	-0.0713550319231	0.211395646332	-0.97479246003	-0.433023422956	1.20446062088	-5.56270217896
24	16	0.498211994767	0.187536529673	-0.118819201546	0.975044638661	1.06754016876	-0.70327180624	5.57779169083
25	16	0.417772695422	-0.134597785393	0.244000098785	-0.960389185674	-0.657877326012	1.18439924717	-4.66583633423
26	16	0.305858001113	-0.113977512456	0.319563744652	-0.940684931185	-0.425162136555	1.14992642403	-3.45099401474
27	16	0.468007832766	-0.0655638636459	0.257059241753	-0.964169033942	-0.37042838335	1.38077092171	-5.20144605637
28	16	0.499799149111	0.123395091246	-0.141124634672	0.982271596324	0.711505770683	-0.821712493896	5.61259889603
29	16	0.499980192631	-0.116045408514	0.161391920122	-0.980043933343	-0.677757263184	0.92259812355	-5.60097408295
0	17	0.499998511747	-0.171492047362	0.242719271825	-0.954818219755	-0.985652565956	1.36664676666	-5.46310949326
1	17	0.500000361353	0.173020828023	-0.182175854106	0.967923422204	0.991991519928	-1.04510211945	5.53231287003
2	17	0.499999789521	-0.109398009161	0.161939324949	-0.980717966913	-0.63502830267	0.922466576099	-5.60628652573
3	17	0.499999573454	0.206207027967	-0.0839118951533	0.974903818573	1.16223168373	-0.496058166027	5.57583475113
4	17	0.499999960884	-0.185901938221	0.118680612637	-0.975374482724	-1.06000578403	0.67924696207	-5.57663869858
5	17	0.499997857958	0.178741490043	-0.0998880948698	0.978812468372	1.03414535522	-0.568997204304	5.59375762939
6	17	0.50000003539	-0.25213486613	-0.00298937111691	-0.96768748723	-1.44384253025	0.0087357731536	-5.53226423264
7	17	0.499996438622	0.269527136229	-0.189964721951	0.944070191909	1.5448281765	-1.05779910088	5.40224695206
8	17	0.499986674637	-0.256664760272	0.0550188515411	-0.964933224016	-1.478536129	0.323583990335	-5.51310873032
9	17	0.499991526827	0.302494306997	-0.0454459216182	0.952067152276	1.72318315506	-0.268001288176	5.44465208054
10	17	0.499962380156	-0.252039630285	0.179405412634	-0.950941492776	-1.44217693806	1.03197526932	-5.43535089493
11	17	0.499991677701	0.280483024932	-0.33324555502	0.900153693979	1.59165334702	-1.88459563255	5.15771389008
12	17	0.499987872317	-0.202847572003	0.284683588755	-0.936914145921	-1.18780469894	1.62513279915	-5.35143566132
13	17	0.499999059364	0.215937919234	-0.205060733569	0.954631295624	1.23353219032	-1.18146431446	5.4558134079
14	17	0.499987073243	-0.170976150051	0.159341091098	-0.972305287861	-0.993875861168	0.934433877468	-5.55219507217
15	17	0.499978421256	0.206452003902	-0.296504980969	0.93244965888	1.18713855743	-1.67240142822	5.3371052742
16	17	0.499272817746	-0.220867538558	0.237307738182	-0.945992900507	-1.27226483822	1.35208463669	-5.39872932434
17	17	0.499709255993	0.346787221182	-0.180653108744	0.920382028033	1.96460986137	-1.04361689091	5.26822805405
18	17	0.499240001664	-0.241564067528	0.12959748936	-0.961691890384	-1.38767361641	0.762915611267	-5.4848279953
19	17	0.499977735803	0.208045550865	-0.233558119552	0.949825064713	1.20349729061	-1.3337148428	5.42777919769
20	17	0.499987104908	-0.238068753133	0.231182441838	-0.943333423222	-1.37270188332	1.32802414894	-5.38867092133
21	17	0.499999418855	0.250176486162	-0.195277180563	0.948302983504	1.42040526867	-1.13581132889	5.42041349411
22	17	0.499989537522	-0.0782165232778	0.29115001618	-0.953474616109	-0.47880500555	1.65751791	-5.45118331909
23	17	0.499964473769	0.110242317942	-0.214353016462	0.970515025988	0.637727618217	-1.24173355103	5.54408931732
24	17	0.499137369916	-0.21734610438	0.297080537535	-0.929786978361	-1.22823762894	1.67935681343	-5.31588220596
25	17	0.497523682192	0.202478047935	-0.195341604625	0.959606324285	1.1452921629	-1.13102769852	5.48416185379
26	17	0.467871686444	-0.112214800189	0.197719549942	-0.973814570742	-0.618826985359	1.06959724426	-5.25419569016
27	17	0.498025558889	0.264129347865	-0.252257464253	0.930914528475	1.48998475075	-1.42875576019	5.32217550278
28	17	0.499578585848	-0.259766876207	0.201462784035	-0.944422530796	-1.46119916439	1.15123689175	-5.40205144882
29	17	0.499982194975	0.247721014591	-0.192415362435	0.949531793691	1.39647018909	-1.10624480247	5.43239593506
0	18	0.499997701496	0.180262214096	-0.131229864433	0.974825244262	1.02411711216	-0.778414785862	5.57077884674
1	18	0.499999860302	-0.196606864678	0.185853859444	-0.96270664467	-1.1075053215	1.05898928642	-5.50792312622
2	18	0.499999947846	0.0363523995905	-0.151288087594	0.98782104533	0.234642148018	-0.863092839718	5.6469578743
3	18	0.499999368563	-0.0941696623581	0.118858650291	-0.988435478897	-0.542898595333	0.682221710682	-5.6501159668
4	18	0.500000355765	0.0593471031143	-0.180236949292	0.981831229622	0.366343706846	-1.01682567596	5.61454916
5	18	0.499999523163	-0.255552331955	0.145008869851	-0.955858479743	-1.4461710453	0.829842746258	-5.46904659271
6	18	0.499999707565	0.302959087132	-0.0735567403444	0.950160616672	1.7220852375	-0.432212769985	5.4343662262
7	18	0.499999564141	-0.29602474056	0.151821322657	-0.943037453637	-1.68859481812	0.859126091003	-5.3943696022
8	18	0.500000108033	0.397172461324	-0.0291242277632	0.91728175351	2.24880933762	-0.183114230633	5.25337982178
9	18	0.499997984618	-0.357619753372	0.0690475244446	-0.931311200065	-2.03344869614	0.408967375755	-5.32884740829
10	18	0.499999696389	0.151492910235	-0.325670726396	0.933267633703	0.897091388702	-1.82624554634	5.34472131729
11	18	0.499997664243	-0.201693950242	0.251765184716	-0.946537818685	-1.16822445393	1.44763064384	-5.40604543686
12	18	0.500000029802	0.337793128245	-0.28789533812	0.896109411177	1.9035859108	-1.63691520691	5.13690519333
13	18	0.499997958541	-0.238505987498	0.170187969978	-0.956112414312	-1.37194502354	0.988099098206	-5.46141672134
14	18	0.499991819263	0.230308146584	-0.197978162241	0.952765870974	1.31945097446	-1.123939991	5.44778490067
15	18	0.499243181199	-0.299879326055	0.151820881102	-0.941818883791	-1.69764411449	0.877567768097	-5.37911128998
16	18	0.498192245141	0.266443738707	-0.0959723757102	0.959060497156	1.52190852165	-0.56919503212	5.48972606659
17	18	0.445673750713	-0.262464257034	0.230643210913	-0.936971836844	-1.33983445168	1.17803251743	-4.80536603928
18	18	0.498215746135	0.211943619717	-0.139846783595	0.967224265194	1.21574401855	-0.811849057674	5.53521537781
19	18	0.499258780852	-0.223391321888	0.236594566929	-0.945578832359	-1.28352499008	1.3478127718	-5.39662790298
20	18	0.499990828335	0.361344633458	-0.206427483728	0.909295194001	2.02791261673	-1.19030797482	5.21217870712
21	18	0.499997997656	-0.218434307724	0.243317778308	-0.945030640756	-1.26186466217	1.3884499073	-5.40037870407
22	18	0.499997682869	0.206846751786	-0.323653112448	0.923289274322	1.17568051815	-1.83379626274	5.28595161438
23	18	0.49998093769	-0.162485754184	0.300462824133	-0.939851302601	-0.930181622505	1.7225959301	-5.37128162384
24	18	0.499213587493	0.182194844124	-0.398788347801	0.898761866366	1.03525769711	-2.24976444244	5.14372014999
25	18	0.497500382364	-0.0844841742146	0.254954302744	-0.963255276559	-0.506073534489	1.45952141285	-5.50526237488
26	18	0.445298200473	0.246888644055	-0.0938140027312	0.964492058199	1.2609372139	-0.492725640535	4.94213104248
27	18	0.497934212908	-0.227200346528	0.144279012655	-0.963101017051	-1.29381203651	0.836700975895	-5.51066303253
28	18	0.49923902005	0.0464536653541	-0.212378715275	0.976082649305	0.303659141064	-1.21816325188	5.56986188889
29	18	0.499983873218	-0.150339362138	0.272095839207	-0.950453539358	-0.8591132164	1.53404724598	-5.44022274017
0	19	0.499999379739	-0.0965710213215	0.262621437074	-0.960054174841	-0.57142829895	1.482817173	-5.49211072922
1	19	0.500000121072	0.140898390725	-0.214064787076	0.966604319474	0.807867586613	-1.21681034565	5.52713155746
2	19	0.499994105659	-0.142154730881	0.101961068063	-0.984579084222	-0.8075953722	0.605366528034	-5.62760257721
3	19	0.499995311722	0.128359598585	-0.0976181275449	0.986911604261	0.733537733555	-0.562173902988	5.64149951935
4	19	0.499981466681	-0.0992336605516	0.123365443729	-0.987387283647	-0.576815009117	0.716846942902	-5.642537117
5	19	0.499994318932	0.245874976083	-0.247620690346	0.937138991745	1.39044678211	-1.38998472691	5.36921072006
6	19	0.49999243021	-0.270723186861	0.160082861131	-0.949253619254	-1.53382921219	0.913652539253	-5.43123197556
7	19	0.499999461696	0.145973241548	-0.189104040606	0.971046587234	0.873327434063	-1.06342601776	5.55013990402
8	19	0.499999973923	-0.34793573425	0.0766477027936	-0.934379930483	-1.97717809677	0.446396052837	-5.34628582001
9	19	0.499999765307	0.399189238459	-0.0803910742834	0.913337411406	2.26030778885	-0.470970273018	5.2306022644
10	19	0.499999765307	-0.229829702584	0.23541374385	-0.944329750149	-1.32423996925	1.33436906338	-5.39981269836
11	19	0.499999992549	0.264358355413	-0.197880908267	0.943905612901	1.50525355339	-1.13896846771	5.39642620087
12	19	0.499999444932	-0.26169502563	0.300628199091	-0.917135976544	-1.50553917885	1.6995844841	-5.24689006805
13	19	0.499999882653	0.306259485013	-0.213415510946	0.927717062216	1.74269533157	-1.22247946262	5.30592441559
14	19	0.499963177368	-0.246339117536	0.168020410756	-0.954508345035	-1.41581821442	0.968625247478	-5.45295238495
15	19	0.499647345394	0.275402923312	-0.18733640399	0.942898881944	1.56959795952	-1.07536458969	5.39175271988
16	19	0.445493875071	-0.135269291932	0.223798176128	-0.965202877649	-0.70487177372	1.14561200142	-4.94430494308
17	19	0.232861481141	-0.181317667705	0.22135530122	-0.958188777851	-0.507534980774	0.623145759106	-2.66621685028
18	19	0.4454166051	-0.192865981663	0.280263681953	-0.94034832998	-0.990512788296	1.43074989319	-4.81828689575
19	19	0.499697476625	0.248015070006	-0.325041882616	0.91259865198	1.40996193886	-1.84390354156	5.22588634491
20	19	0.499962322414	-0.15511034747	0.252859575798	-0.954988384764	-0.918127834797	1.4489082098	-5.45392990112
21	19	0.499999765307	0.277541543927	-0.197798833029	0.940131008449	1.57098340988	-1.13774991035	5.37775468826
22	19	0.499999362975	-0.248010972614	0.206961960236	-0.946391728873	-1.41183960438	1.19357526302	-5.41030693054
23	19	0.49996230565	0.16204597404	-0.353243997771	0.921390134707	0.940787911415	-1.99607753754	5.27403020859
24	19	0.499671824276	-0.185199993983	0.330693234265	-0.925387998107	-1.07541370392	1.88603961468	-5.29029893875
25	19	0.445416618139	0.260211436174	-0.190350524387	0.946602707766	1.3309327364	-0.972123146057	4.85112667084
26	19	0.233037720434	0.294879895228	-0.146038157113	0.944308585187	0.801687955856	-0.3988276124	2.63899493217
27	19	0.445599544793	0.223174331648	-0.101358883073	0.969494504634	1.14622688293	-0.528269827366	4.96766662598
28	19	0.499603934586	-0.125977156085	0.308995408932	-0.942683188247	-0.720636546612	1.73908448219	-5.39899778366
29	19	0.499965198338	0.109253705848	-0.199171314881	0.973855438495	0.629558503628	-1.15159130096	5.56379318237
0	20	0.499997667968	0.250607365278	-0.207306250841	0.945632099091	1.40180420876	-1.19466245174	5.41293859482
1	20	0.499993855134	-0.160827810668	0.195210808376	-0.967484964022	-0.921560049057	1.12864947319	-5.52791500092
2	20	0.499984486029	0.168475646207	-0.294146867756	0.940794120318	0.966329455376	-1.63913917542	5.39251279831
3	20	0.499600116163	-0.179588418314	0.0794244415349	-0.98053034532	-1.01469290257	0.480075448751	-5.60168981552
4	20	0.499817549251	0.0917498815423	-0.153327350703	0.983906846588	0.540910840034	-0.873626410961	5.62377977371
5	20	0.499465350062	-0.12256947955	0.166917602349	-0.978322664927	-0.715802431107	0.951410531998	-5.58564662933
6	20	0.499976078048	0.165800767289	-0.110947790673	0.979898307638	0.961954236031	-0.644573509693	5.59878826141
7	20	0.499989157543	-0.249271428389	0.0922609750132	-0.964028872741	-1.41426897049	0.544236540794	-5.51243257523
8	20	0.499999318272	0.25517027196	-0.124315648988	0.958871081911	1.46425318718	-0.713492333889	5.48031663895
9	20	0.500000024214	-0.333895745344	0.0952843856674	-0.937781700125	-1.89569854736	0.555635511875	-5.36506509781
10	20	0.499999787658	0.241044984115	-0.169359987712	0.955622577274	1.3880507946	-0.963936567307	5.46149492264
11	20	0.499999217689	-0.257725785651	0.113350269201	-0.959546317737	-1.47813820839	0.667729735374	-5.48213863373
12	20	0.499999649823	0.291482287176	-0.216558933932	0.931740470516	1.6609582901	-1.24070107937	5.32797670364
13	20	0.49999685213	-0.349271332242	0.249714279786	-0.903134715834	-1.97923183441	1.41469478607	-5.17365121841
14	20	0.49997867085	0.284786598457	-0.189391197808	0.939695465314	1.6276345253	-1.09333467484	5.37007474899
15	20	0.499230917543	-0.302417524298	0.269721442318	-0.914217689914	-1.70969605446	1.54000818729	-5.22476911545
16	20	0.498315069824	0.106087088543	-0.294228101146	0.949829118389	0.62336730957	-1.68157863617	5.43826055527
17	20	0.445501301438	-0.0963209447977	0.294203173176	-0.950876841913	-0.506069421768	1.49844682217	-4.87390565872
18	20	0.497956199571	0.298731551187	-0.180578768769	0.937096989962	1.70185422897	-1.04692685604	5.36233997345
19	20	0.499266527593	-0.265217918912	0.298145972958	-0.916934258438	-1.51080036163	1.69967830181	-5.23584413528
20	20	0.499991878867	0.216703708864	-0.329706072045	0.918876166097	1.23456704617	-1.85829901695	5.26450157166
21	20	0.499998034909	-0.237098218475	0.183338681044	-0.954029015716	-1.34961080551	1.05047249794	-5.45550489426
22	20	0.499998301268	0.250746317095	-0.105514476494	0.962285290189	1.43101084232	-0.626303136349	5.4994597435
23	20	0.49999002181	-0.252449575386	0.207109016829	-0.945185202506	-1.44182395935	1.19099068642	-5.40332460403
24	20	0.499247439206	0.397703881914	-0.28458392816	0.872263498115	2.22939634323	-1.61323237419	5.00316667557
25	20	0.498263139278	-0.208938769615	0.184774593558	-0.960313979971	-1.21265518665	1.05613911152	-5.49599170685
26	20	0.445490196347	0.319702019096	-0.00166830729933	0.947516667788	1.62585330009	-0.0278492923826	4.85962867737
27	20	0.498158276081	-0.129627758187	0.112060268303	-0.985210201214	-0.755460143089	0.64612364769	-5.63788890839
28	20	0.499240361154	0.134177693621	-0.242962444656	0.960710985167	0.769365429878	-1.37570083141	5.48638772964
29	20	0.499991472811	-0.12834916621	0.167579296366	-0.977467989738	-0.736252844334	0.96236550808	-5.58726835251
0	21	0.499998578802	-0.14079805067	0.353500912578	-0.924777277908	-0.803221940994	1.98343455791	-5.30315494537
1	21	0.499994335696	0.119585306057	-0.271444926447	0.954995814903	0.695959806442	-1.53865420818	5.46227359772
2	21	0.499601390213	-0.24257148164	0.107467293005	-0.964162775277	-1.35909843445	0.645250558853	-5.51191902161
3	21	0.498975133523	0.144314906204	-0.182857921725	0.972489685452	0.840514779091	-1.03657388687	5.56105279922
4	21	0.468147428706	-0.216771722117	0.188040903461	-0.957940832785	-1.16293263435	1.01378464699	-5.17011642456
5	21	0.498167553917	0.21969304689	-0.131668942916	0.966642775083	1.25287604332	-0.763498544693	5.53192186356
6	21	0.499160343781	-0.232029990858	0.167613852223	-0.958158483699	-1.31967568398	0.958474338055	-5.46953296661
7	21	0.49997533299	0.243951217899	-0.193931222641	0.950199181315	1.38872396946	-1.10537731647	5.4345831871
8	21	0.499988788739	-0.171110559576	0.266415131767	-0.948548445767	-0.997369527817	1.49373626709	-5.4281206131
9	21	0.499999672174	0.240274514498	-0.156810962435	0.95795536417	1.37805914879	-0.897758603096	5.47543716431
10	21	0.49999159947	-0.286838586533	0.163192891289	-0.943976538643	-1.63400053978	0.933167338371	-5.39800930023
11	21	0.499993061647	0.310023737596	-0.149752481345	0.93886073326	1.75340628624	-0.869406044483	5.37203216553
12	21	0.499981287867	-0.207544990515	0.25126115426	-0.945406213896	-1.19718039036	1.42219769955	-5.40636920929
13	21	0.499981770292	0.255974136899	-0.167027251546	0.952144494538	1.46338772774	-0.975473761559	5.43980741501
14	21	0.499958159402	-0.235984184148	0.222397872461	-0.945965459812	-1.35979104042	1.2852973938	-5.40265893936
15	21	0.499199524522	0.288719986297	-0.413094085876	0.863709468356	1.62982678413	-2.32703351974	4.95271444321
16	21	0.498910723254	-0.117995951161	0.273468183501	-0.954616209857	-0.689067423344	1.57562935352	-5.44436502457
17	21	0.498943300918	0.158221860522	-0.263176371448	0.951684842984	0.913644254208	-1.50178766251	5.43217611313
18	21	0.499204210937	-0.296512939103	0.202234009617	-0.933371031422	-1.67721509933	1.16226065159	-5.33153867722
19	21	0.499964185059	0.24974283134	-0.354956500585	0.900907542918	1.42638587952	-1.98751425743	5.16925859451
20	21	0.499987879768	-0.119301878415	0.161168516354	-0.979689630007	-0.705320239067	0.947433233261	-5.59456253052
21	21	0.499999459833	0.109180404157	-0.125438242933	0.986075497393	0.659860372543	-0.726351976395	5.63327264786
22	21	0.499999357387	-0.237167858544	0.15892126284	-0.958381677147	-1.35423588753	0.909370303154	-5.47962474823
23	21	0.499986957759	0.168483466923	-0.183695025174	0.968436605618	0.988046228886	-1.04612410069	5.53305721283
24	21	0.499976601452	-0.30290528878	0.218864600409	-0.927548744119	-1.7217977047	1.23724603653	-5.31041765213
25	21	0.499244004488	0.185380251132	-0.0960116356082	0.977965197907	1.07710397243	-0.550551056862	5.5792517662
26	21	0.499695157632	-0.213926569868	0.00521237850201	-0.9768358377	-1.23004543781	0.0401715040207	-5.58403110504
27	21	0.499257218093	0.224661473038	-0.0549037095461	0.972888896643	1.27419316769	-0.328313916922	5.55498409271
28	21	0.49997333996	-0.211225283254	0.226925431017	-0.950730628765	-1.19308400154	1.2722158432	-5.44563150406
29	21	0.499987309799	0.0517507614881	-0.0516767591924	0.997322100048	0.323405057192	-0.343139559031	5.6997089386
0	22	0.499999564141	0.095177048141	-0.285479987563	0.953646950505	0.562327027321	-1.61821126938	5.45473337173
1	22	0.499980516732	-0.121687040782	0.21718451892	-0.968515951777	-0.697229087353	1.25220060349	-5.53407859802
2	22	0.499816501513	0.111267533549	-0.164661327167	0.980054173663	0.653584837914	-0.951600432396	5.59938526154
3	22	0.468085503206	-0.233461421826	0.202624480698	-0.951020023102	-1.24805605412	1.09541475773	-5.13283109665
4	22	0.305642907508	-0.226851017876	0.24409343005	-0.942845169206	-0.836657524109	0.894528031349	-3.44860053062
5	22	0.417599882931	-0.331877853819	0.291624999058	-0.897113119996	-1.60113549232	1.41152667999	-4.36288499832
6	22	0.498001012951	0.23072671951	-0.261113903749	0.937328496405	1.32834529877	-1.48086214066	5.36280441284
7	22	0.499153601006	-0.231792339543	0.203162575617	-0.951313449499	-1.32246482372	1.15838599205	-5.4297747612
8	22	0.499975081533	0.217605809626	-0.140484729025	0.965873569639	1.25119781494	-0.817155480385	5.51857328415
9	22	0.499981159344	-0.230682517744	0.119985571188	-0.965602940506	-1.32665586472	0.702914714813	-5.51619148254
10	22	0.499975809827	0.274768941531	-0.177886756715	0.944911810994	1.5610730648	-1.02655446529	5.40345859528
11	22	0.499470811337	-0.189860143261	0.26783496677	-0.944572684644	-1.09345340729	1.51040267944	-5.39835786819
12	22	0.499804155901	0.126547921882	-0.239075121344	0.962719434634	0.745975852013	-1.3728787899	5.49912834167
13	22	0.499596206471	-0.228983695382	0.252142224511	-0.94020783121	-1.30106830597	1.44252979755	-5.37236881256
14	22	0.499214936048	0.275979037684	-0.3205183962	0.906147630608	1.55805194378	-1.82275319099	5.18030500412
15	22	0.498227603734	-0.193588454668	0.376715004547	-0.905874889578	-1.12239384651	2.15134716034	-5.18569278717
16	22	0.445639345795	0.125533679266	-0.380164778406	0.916360211177	0.6592233181	-1.93172383308	4.70127248764
17	22	0.498175736517	-0.242972439727	0.285646851305	-0.927022259642	-1.38350176811	1.6242095232	-5.31238126755
18	22	0.499219112098	0.222848967787	-0.131690393125	0.965917169282	1.28466880322	-0.769004940987	5.5084733963
19	22	0.499977434054	-0.269189165185	0.0769300021533	-0.960009879176	-1.53255295753	0.471077799797	-5.48861265182
20	22	0.499997716397	0.217636696497	-0.247911640577	0.94402017288	1.2549239397	-1.387352705	5.40304374695
21	22	0.499998804182	-0.367904739366	0.102727584587	-0.92417159993	-2.0726890564	0.614993929863	-5.29423284531
22	22	0.499999526888	0.373691999104	-0.229818332779	0.898631083218	2.11331701279	-1.28917145729	5.1542596817
23	22	0.499999083579	-0.237078510397	0.0797758907145	-0.968209474839	-1.36875581741	0.473533511162	-5.53110742569
24	22	0.499987624586	0.299759308012	-0.0990520708267	0.948858811692	1.70682263374	-0.566560268402	5.4266500473
25	22	0.499989854172	-0.285290956703	0.00125636871893	-0.958440134573	-1.6272329092	0.0151192266494	-5.48075675964
26	22	0.4999629464	0.25709821854	0.00291641355566	0.966380877582	1.46473300457	0.00528874527663	5.52561187744
27	22	0.49998790957	-0.218264375161	0.098274858223	-0.970928789756	-1.25419020653	0.553610146046	-5.55023860931
28	22	0.499986989424	0.200890843032	-0.152963258183	0.967597597574	1.14758169651	-0.874122858047	5.53167438507
29	22	0.499998666346	-0.130821305617	0.179051624828	-0.975103226148	-0.750747561455	1.02284395695	-5.57455539703
0	23	0.499997416511	-0.264025024381	0.181088256871	-0.947363620646	-1.49145674706	1.05145478249	-5.41866636276
1	23	0.499992355704	0.159618060695	-0.319380234644	0.934086901963	0.916954517365	-1.7982339859	5.34940004349
2	23	0.499469844624	-0.129961483379	0.264410097431	-0.955613579442	-0.751690626144	1.50808382034	-5.45671844482
3	23	0.498226568103	0.176748661807	-0.313715619609	0.93292144394	1.00171351433	-1.784542799	5.345495224
4	23	0.417706446722	-0.262087381007	0.287242190668	-0.921304579722	-1.2683852911	1.39285206795	-4.47805070877
5	23	0.365656068549	-0.332965758202	0.363531785149	-0.870045082195	-1.45491123199	1.57535171509	-3.81981348991
6	23	0.417550986633	-0.409463258408	0.092845655161	-0.907589953851	-1.97647440434	0.478501498699	-4.4099984169
7	23	0.498102566227	0.227635593837	-0.188113026004	0.955403331513	1.31503760815	-1.07723414898	5.46412563324
8	23	0.499466901645	-0.336457499382	0.179232220132	-0.924484809165	-1.90517020226	1.0289607048	-5.28469991684
9	23	0.499971499667	0.307508676782	-0.244254544717	0.919661965664	1.74429631233	-1.39265930653	5.26389694214
10	23	0.49915041402	-0.230989703484	0.311998204247	-0.921575215287	-1.3237375021	1.75707650185	-5.26681184769
11	23	0.498280357569	0.18273213891	-0.192116539392	0.964209624875	1.04996919632	-1.11751878262	5.51511383057
12	23	0.468305315822	-0.226970573129	0.300389116262	-0.92641823048	-1.2105152607	1.61326396465	-5.00581407547
13	23	0.498936926946	0.148279750921	-0.30374333848	0.94114456902	0.856604814529	-1.73189210892	5.38211011887
14	23	0.499282278121	-0.170368493767	0.308566361751	-0.93582123118	-0.978208243847	1.76401281357	-5.34567451477
15	23	0.444729199633	0.235626809826	-0.201553237345	0.950713573589	1.19518649578	-1.04648208618	4.8628692627
16	23	0.232898238115	0.287232306254	-0.288233578656	0.913465383241	0.748428225517	-0.790421426296	2.5628323555
17	23	0.445201026276	0.175294709656	-0.250250811653	0.952179760357	0.903531610966	-1.28329527378	4.87403440475
18	23	0.499684870243	-0.275784811584	0.213426651583	-0.937225587622	-1.55961823463	1.19744503498	-5.3702507019
19	23	0.499961603433	0.269192922515	-0.0436612127956	0.962096080943	1.53141188622	-0.271774679422	5.50133180618
20	23	0.499999566004	-0.272480684386	0.158892896851	-0.948950643588	-1.54462504387	0.914406895638	-5.42826557159
21	23	0.499999633059	0.275371877912	-0.233500179141	0.932549191837	1.57484459877	-1.31261003017	5.33706760406
22	23	0.499999899417	-0.300740832506	0.181923068367	-0.936193862861	-1.72008633614	1.03725790977	-5.35245704651
23	23	0.499999364838	0.300979631009	-0.0639820706401	0.951481768798	1.71378946304	-0.381127655506	5.4407043457
24	23	0.499990066513	-0.270232967343	0.105984340083	-0.95694381393	-1.54792928696	0.589280366898	-5.47210407257
25	23	0.499989360571	0.342168701602	0.0902577949156	0.93529359567	1.93131399155	0.483556628227	5.3605890274
26	23	0.499962745234	-0.226203029619	0.0551436077618	-0.972518057372	-1.30578684807	0.302056163549	-5.5574464798
27	23	0.499989463016	0.294751851542	-0.0491268348483	0.954310169762	1.66712546349	-0.290997564793	5.46084499359
28	23	0.499984169379	-0.230453118582	0.116963907615	-0.966028366277	-1.32124137878	0.677918493748	-5.52073192596
29	23	0.499996365979	0.190578640055	-0.196051495589	0.961895832735	1.09725999832	-1.11734342575	5.49827957153
0	24	0.499962830916	0.333190418297	-0.171627403327	0.927107426128	1.87610507011	-0.986967802048	5.30946540833
1	24	0.499983098358	-0.178874249968	0.180313619264	-0.967207837751	-1.03395986557	1.04007673264	-5.526055336
2	24	0.499953739345	0.224718400015	-0.239029234278	0.944651610836	1.26520645618	-1.3630259037	5.40640735626
3	24	0.499105749652	-0.0133712142439	0.257294961355	-0.9662404015	-0.120008133352	1.47453713417	-5.5137090683
4	24	0.497292021289	0.111202364177	-0.215727108045	0.970100947869	0.6527338624	-1.25910675526	5.53411054611
5	24	0.416973570362	-0.302225235153	0.310899174971	-0.90111131956	-1.46584272385	1.51034927368	-4.37739372253
6	24	0.3060693359	-0.335104539354	0.279745744594	-0.8996928732	-1.22299957275	1.00605523586	-3.30455350876
7	24	0.468153622001	-0.281647318919	0.161272466891	-0.945867844452	-1.52133512497	0.879793643951	-5.10116481781
8	24	0.499781765044	0.356518399274	-0.211231390142	0.91009666014	2.01312255859	-1.2114007473	5.21237468719
9	24	0.499170301482	-0.212694269059	0.311841358957	-0.926021659981	-1.21873784065	1.76106929779	-5.29186439514
10	24	0.498185008764	0.246694570275	-0.262929677125	0.932743144646	1.40275478363	-1.50901460648	5.33759021759
11	24	0.417478065006	-0.162178498396	0.237674332572	-0.957710314393	-0.784663796425	1.16099846363	-4.64818048477
12	24	0.305474736262	-0.031557467137	0.259732278305	-0.965164892583	-0.129491984844	0.933814108372	-3.53299593925
13	24	0.467959424481	-0.137776939885	0.248174447278	-0.958867539629	-0.734362900257	1.3428838253	-5.1720199585
14	24	0.499029133469	0.122015587445	-0.392532248026	0.911608814503	0.687684714794	-2.21203184128	5.21746778488
15	24	0.498106840998	0.0268714985748	0.273491815848	-0.961498907554	0.122689574957	1.57057893276	-5.50401258469
16	24	0.446531669237	0.0182485843735	-0.157330039567	0.987377459647	0.121065482497	-0.824697911739	5.0677614212
17	24	0.498236831278	-0.0781707694046	0.0738724446441	-0.994199272145	-0.448127686977	0.433000385761	-5.69135665894
18	24	0.49923865404	0.136888557914	-0.0732498434549	0.987874477424	0.781964540482	-0.435378670692	5.63839149475
19	24	0.499991042539	-0.156825763147	0.0390322210377	-0.98685468319	-0.902023553848	0.247125193477	-5.64054250717
20	24	0.499995971099	0.112149082208	-0.222033003918	0.968567978271	0.668658733368	-1.2469009161	5.54009962082
21	24	0.499999366701	-0.172028911234	0.129497888426	-0.97654306131	-0.998674631119	0.753345072269	-5.57874393463
22	24	0.500000117347	0.274639258246	-0.179002906996	0.944738713675	1.5698530674	-1.0028938055	5.40554952621
23	24	0.499990288168	-0.284675053304	0.113832819727	-0.951841480069	-1.62473773956	0.64881002903	-5.44250679016
24	24	0.499972615391	0.186753040448	-0.0879185642389	0.978464934449	1.07959151268	-0.500367283821	5.59203195572
25	24	0.499350884929	-0.183707150054	-0.0380343581203	-0.982244913767	-1.05792212486	-0.19036231935	-5.60862350464
26	24	0.499730626121	0.214456167553	-0.0491082499448	0.975498299325	1.22477698326	-0.274553894997	5.57781362534
27	24	0.499240916222	-0.220473127799	0.0749176499725	-0.97251166864	-1.26826334	0.4369340837	-5.54850149155
28	24	0.499963706359	0.299468749178	-0.208100818352	0.931135069508	1.70119357109	-1.17601561546	5.33016014099
29	24	0.499975295737	-0.25040552173	0.244579296152	-0.936737979683	-1.4354159832	1.3938741684	-5.35539674759
0	25	0.499680362642	-0.204135313909	0.142268490041	-0.96854966334	-1.17435598373	0.837108850479	-5.53397369385
1	25	0.499236091971	0.170289336768	-0.130530355108	0.976710483295	0.986156582832	-0.754200339317	5.57141590118
2	25	0.499956725165	-0.258410489629	0.182472203266	-0.948645304571	-1.4668751955	1.04776263237	-5.42580652237
3	25	0.499275056645	0.200814412613	-0.326432802151	0.923642353602	1.14314317703	-1.84516572952	5.28186607361
4	25	0.497181847692	-0.272235264198	0.445941147632	-0.852657289757	-1.54060542583	2.51932048798	-4.89291810989
5	25	0.444852182642	0.249549480906	-0.204037257966	0.946622339659	1.29509723186	-1.06277370453	4.86784553528
6	25	0.467139380053	-0.19412526687	0.28300089394	-0.939268797944	-1.05482435226	1.53206133842	-5.0869679451
7	25	0.498088296503	0.197874101851	-0.268771578163	0.942659895502	1.14005219936	-1.52330839634	5.38197422028
8	25	0.49910422042	-0.207393868301	0.232736101991	-0.950169295558	-1.18069684505	1.33190429211	-5.42306852341
9	25	0.498010851443	0.00943969593115	-0.22100334508	0.975227365082	0.0891896933317	-1.27271485329	5.57858896255
10	25	0.417890140787	-0.160698416519	0.209259476324	-0.964565441272	-0.770795345306	1.02455043793	-4.68735599518
11	25	0.365758089349	-0.20220745435	0.298938437815	-0.93260278565	-0.872943401337	1.29751312733	-4.09236621857
12	25	0.418017686345	0.0225550345759	0.115559341727	-0.993044464742	0.095689214766	0.583495914936	-4.82480096817
13	25	0.498268384486	-0.00822728509989	-0.107409599163	0.994180813428	-0.0248621217906	-0.636058092117	5.68973255157
14	25	0.499456962571	-0.0649397254591	0.270896994181	-0.960415353168	-0.38114091754	1.54178929329	-5.48659610748
15	25	0.499263007194	0.153969804252	-0.235701978681	0.959550872348	0.851393818855	-1.35434412956	5.48014593124
16	25	0.499631538987	-0.044302910843	0.277726370675	-0.959638116752	-0.263683021069	1.56543755531	-5.49318599701
17	25	0.499258155003	-0.037979972758	-0.112665943203	0.992906796689	-0.186098963022	-0.665332615376	5.66757059097
18	25	0.49996724911	-0.0306780872065	0.231274383744	-0.972404758518	-0.193542703986	1.30472397804	-5.56400585175
19	25	0.499948404729	0.177044773565	-0.156922651136	0.971612283637	0.999721348286	-0.901483118534	5.55610179901
20	25	0.499988598749	-0.250383880982	0.202272178798	-0.946780797138	-1.41065621376	1.15604305267	-5.41882753372
21	25	0.499986127019	0.231280880422	-0.0930944700618	0.968422724844	1.3237786293	-0.550478756428	5.53525590897
22	25	0.499988924712	-0.324332014046	-0.0382491227861	-0.945169693373	-1.84225559235	-0.174427568913	-5.41055822372
23	25	0.499974163249	0.337809784292	-0.0977133453921	0.936128544469	1.91211056709	-0.556095421314	5.35956382751
24	25	0.499161301181	-0.169509699006	0.13177801089	-0.976678564211	-0.983286201954	0.750900626183	-5.572245121
25	25	0.497833941132	0.114260883213	-0.188568328008	0.975390401962	0.667987108231	-1.05250597	5.58512639999
26	25	0.451811566018	-0.170499616652	-0.0147790792223	-0.985246902831	-0.896861076355	-0.0610329210758	-5.12147808075
27	25	0.498564919457	0.220964459961	-0.134465304896	0.965967799263	1.27539849281	-0.76580375433	5.52741098404
28	25	0.49921874702	-0.329600830264	0.17246715797	-0.928234007194	-1.86552894115	0.999076545238	-5.30214071274
29	25	0.49923472479	0.240233520446	-0.357204201087	0.90260346464	1.37443983555	-2.00105428696	5.16772222519
0	26	0.445599518716	0.156109986314	-0.298661248488	0.941504716305	0.807974159718	-1.52464663982	4.82608556747
1	26	0.498121103272	-0.238919263702	0.150569056777	-0.959294816296	-1.36500275135	0.864731311798	-5.49143600464
2	26	0.499196767807	0.288923564912	-0.102627426748	0.951835482065	1.63256788254	-0.592437207699	5.437084198
3	26	0.499368838966	-0.182118387744	0.119992636618	-0.975927589529	-1.06111776829	0.710009872913	-5.57201385498
4	26	0.444640230387	0.357821746492	-0.367871119696	0.85827410367	1.81704831123	-1.86094522476	4.40431976318
5	26	0.232660992071	0.307603743522	-0.273527141917	0.911352203929	0.851616382599	-0.764445841312	2.53637194633
6	26	0.445633498952	0.300595497974	-0.273541579727	0.91368339744	1.54139518738	-1.39830744267	4.68726015091
7	26	0.499246215448	-0.28408945822	0.18319128739	-0.941134491958	-1.61695337296	1.06306648254	-5.37534236908
8	26	0.499777274206	0.207499385123	-0.27776997101	0.937970067954	1.19608449936	-1.575496912	5.36348438263
9	26	0.468635492027	-0.194265777266	0.209909459891	-0.958226918027	-1.03706598282	1.1420443058	-5.17561912537
10	26	0.306545522064	0.0487833617125	0.264160896904	-0.963244104143	0.15023073554	0.967891097069	-3.53633713722
11	26	0.417162191123	0.0412592423874	0.328786838836	-0.943502458675	0.190222501755	1.58707916737	-4.58070135117
12	26	0.497928641737	0.131653621504	-0.209593526162	0.968884862992	0.747003257275	-1.19124603271	5.54347848892
13	26	0.499163687229	-0.159954835809	0.139576832029	-0.977206609915	-0.89848959446	0.807157993317	-5.57872867584
14	26	0.499966179952	0.158546351834	-0.263530181417	0.951532919978	0.887326478958	-1.49237716198	5.44736862183
15	26	0.499982088804	-0.0930038187299	0.241370732637	-0.965966075558	-0.548529982567	1.37222969532	-5.52258634567
16	26	0.49994857423	0.168811659528	-0.20819217132	0.963409904147	0.941113650799	-1.19260239601	5.5110578537
17	26	0.499967386946	-0.142812771026	0.20548673946	-0.968183718278	-0.796653807163	1.17000198364	-5.54001331329
18	26	0.499225283042	0.110725077188	-0.305288489534	0.945800663692	0.625930190086	-1.71996223927	5.4066619873
19	26	0.499689791352	-0.0742592919936	0.200657121869	-0.976843015533	-0.442179322243	1.16534006596	-5.58104705811
20	26	0.4992624484	0.157740720907	-0.336412117991	0.928409797361	0.905418515205	-1.89018154144	5.31066560745
21	26	0.499964583665	-0.195883999402	0.332334288007	-0.922596000313	-1.12252438068	1.86463189125	-5.28801727295
22	26	0.499963607639	0.258422298383	-0.131924853339	0.956981582252	1.48442566395	-0.761627078056	5.46906852722
23	26	0.499115690589	-0.275518731661	0.123749567191	-0.953297158878	-1.57185339928	0.707861363888	-5.44015979767
24	26	0.497905952856	0.268307384593	-0.134863783394	0.953846375105	1.52655410767	-0.764320731163	5.46146535873
25	26	0.41890505515	-0.174903085956	-0.018065075781	-0.984419912212	-0.862098276615	-0.0771134495735	-4.79527711868
26	26	0.269035301637	-0.293817629593	0.0767851587444	-0.952772396712	-0.934193491936	0.265485882759	-3.06863069534
27	26	0.452043958008	-0.344124857822	0.171468304416	-0.923134173785	-1.78040027618	0.8904941082	-4.80654573441
28	26	0.498992213979	0.313156973679	-0.22060921449	0.923723056072	1.77826857567	-1.26455593109	5.27566766739
29	26	0.498285809532	-0.196557176762	0.26587010369	-0.943757577044	-1.13618278503	1.52743971348	-5.39981842041
0	27	0.232931314968	0.209791404234	-0.347185111815	0.914029575475	0.579513907433	-0.945947349072	2.55530667305
1	27	0.445058515295	0.235230874548	-0.333184043273	0.913047002606	1.20069587231	-1.69326090813	4.68043518066
2	27	0.499570747837	-0.222699140631	0.0423068381449	-0.973968800429	-1.28272151947	0.280240952969	-5.56570911407
3	27	0.499201532453	0.23049790224	-0.120991411237	0.965521514763	1.32194948196	-0.695170938969	5.50907611847
4	27	0.498110104352	-0.38834177621	0.206575116324	-0.89806313039	-2.19816708565	1.17491424084	-5.1541929245
5	27	0.445171773434	0.259319685556	-0.278399449866	0.924795678514	1.33696711063	-1.4252256155	4.73250198364
6	27	0.498038385063	-0.425609123523	0.305463530529	-0.851791585713	-2.42137551308	1.73322582245	-4.88792896271
7	27	0.499263551086	0.337137067032	-0.180940204057	0.923904346017	1.91636252403	-1.04151511192	5.27643442154
8	27	0.499585751444	-0.305124478493	0.281881652673	-0.909638272343	-1.72340345383	1.59286737442	-5.20921564102
9	27	0.498988023028	0.147610610876	-0.289554839067	0.945710898071	0.854952216148	-1.65211009979	5.40813779831
10	27	0.468179762363	-0.0465953528022	0.28330063931	-0.957898544139	-0.261899530888	1.52095532417	-5.17081975937
11	27	0.498100053519	0.136620042558	-0.224189091133	0.964921870095	0.780568122864	-1.27876794338	5.5228934288
12	27	0.49913569726	-0.141646920504	0.134574370218	-0.980727224458	-0.804065644741	0.783882379532	-5.59580945969
13	27	0.499975318089	0.142426228143	-0.125111528017	0.981866526109	0.80501306057	-0.724165201187	5.61357545853
14	27	0.499989485368	-0.0105098163584	0.188466519118	-0.982023377997	-0.0932033360004	1.08271467686	-5.61359453201
15	27	0.499995924532	0.18385955387	-0.135526246281	0.973564738998	1.0234181881	-0.786266326904	5.56993484497
16	27	0.499990612268	-0.0242350675071	0.15828999255	-0.987095202988	-0.170027077198	0.906737565994	-5.64289569855
17	27	0.499233979732	0.0203044292645	-0.102267753226	0.994549665327	0.139204263687	-0.60095846653	5.67544412613
18	27	0.498260939494	-0.106682867526	0.249545879679	-0.962468503231	-0.608085691929	1.42249250412	-5.51311635971
19	27	0.445283649489	0.115948909434	-0.319162004956	0.940580387311	0.601363897324	-1.6175570488	4.82171535492
20	27	0.498268702999	-0.175642708622	0.153938005118	-0.972343935801	-1.00250053406	0.903935313225	-5.56459712982
21	27	0.499210130423	0.138358066291	-0.226395419479	0.96415878336	0.813729643822	-1.28744697571	5.50192499161
22	27	0.499110344797	-0.348218625135	0.216127691798	-0.912158215414	-1.95003414154	1.22137522697	-5.22410774231
23	27	0.498044155538	0.231537982728	-0.151892242209	0.960894848207	1.33576583862	-0.859860062599	5.49795007706
24	27	0.404158242978	-0.227325121678	0.0104562060875	-0.973762782616	-1.06941664219	0.0465529486537	-4.57160425186
25	27	0.31680729147	-0.236445873473	0.117602077964	-0.96450147754	-0.899982094765	0.447662949562	-3.65829443932
26	27	0.42009107396	-0.354765912474	0.315342706341	-0.880170508995	-1.72536373138	1.51472043991	-4.31311130524
27	27	0.498062316328	0.246942905558	-0.258337778483	0.933959738748	1.41616213322	-1.4780356884	5.34492731094
28	27	0.498941313475	-0.250059532209	0.323007444996	-0.912763069382	-1.42756724358	1.82399392128	-5.21879482269
29	27	0.445938589051	0.141607083662	-0.244140313321	0.9593450585	0.737389028072	-1.26565670967	4.91541481018
0	28	0.445394003764	0.208545727362	-0.382797779218	0.899985855347	1.06790041924	-1.94660258293	4.61701822281
1	28	0.498268714175	-0.223248519715	0.235660986152	-0.94584565234	-1.27734565735	1.36633348465	-5.41188335419
2	28	0.499255362898	0.277119798218	-0.259932962612	0.925007822877	1.56271195412	-1.46852648258	5.2912402153
3	28	0.499965306371	-0.212620242354	0.171272812517	-0.962007409657	-1.21887135506	0.989855766296	-5.49766206741
4	28	0.499229146168	0.220160660453	-0.13015608751	0.966741266562	1.27003145218	-0.759216308594	5.51324701309
5	28	0.4996957127	-0.248480458403	0.209810331195	-0.945641098259	-1.42691648006	1.1990250349	-5.40588569641
6	28	0.499247599393	0.381455837898	-0.228125535693	0.895795838179	2.14810371399	-1.29359292984	5.13006591797
7	28	0.499967211857	-0.19223589349	0.0677906201517	-0.979004490834	-1.12018465996	0.415001690388	-5.59216451645
8	28	0.499973395839	0.216633183905	-0.0977866143309	0.971343318137	1.24116170406	-0.583060622215	5.55087137222
9	28	0.499601973221	-0.20427805188	0.303463063481	-0.930688265008	-1.15673542023	1.70309376717	-5.32956933975
10	28	0.499806644395	0.164381689642	-0.156241933858	0.973944104256	0.935483455658	-0.91870033741	5.56484031677
11	28	0.499457167462	-0.208773258328	0.201153426641	-0.957053303405	-1.17164802551	1.15017044544	-5.46975326538
12	28	0.499977843836	0.0714260895488	-0.223371827022	0.972112822992	0.435814738274	-1.27228081226	5.55753040314
13	28	0.499988650903	-0.112567686673	0.14121530366	-0.983558210748	-0.647063434124	0.830850720406	-5.61957025528
14	28	0.499999003485	0.0613595451753	-0.312351776702	0.947982791936	0.365324795246	-1.74742662907	5.43248414993
15	28	0.499999843538	-0.154975576944	0.101771493762	-0.982662268334	-0.887737512589	0.610497117043	-5.6151714325
16	28	0.499962706119	0.204553398301	-0.203949023319	0.957372813031	1.15534675121	-1.14949762821	5.48019886017
17	28	0.499676182866	-0.148409706416	0.0312105157205	-0.988433337535	-0.852878570557	0.209220796824	-5.65102291107
18	28	0.445617116988	0.247546113161	-0.0868526856452	0.964975405311	1.25764167309	-0.467111974955	4.94664001465
19	28	0.232360234484	0.189901664517	-0.29432643695	0.936647909476	0.524326503277	-0.784982919693	2.61307287216
20	28	0.445724043995	0.146202860855	-0.19163901573	0.970514920611	0.755444705486	-0.988607406616	4.97278165817
21	28	0.499122530222	-0.203624194344	0.126503463115	-0.97084193425	-1.14798307419	0.744555354118	-5.54573059082
22	28	0.498181082308	0.161823962858	-0.156885746025	0.974268888828	0.945275723934	-0.89353621006	5.5716509819
23	28	0.416917458177	-0.202698331945	-0.0521269072042	-0.977852837482	-0.98800265789	-0.263280272484	-4.7399930954
24	28	0.3297306858	-0.264526184602	-0.16144643185	-0.950768608707	-1.04068446159	-0.602680683136	-3.76148986816
25	28	0.403697781265	-0.262148759182	0.0951647478507	-0.960323746882	-1.2317789793	0.437202125788	-4.50529909134
26	28	0.497931692749	0.238109065421	-0.177344607828	0.954909924045	1.36386168003	-1.02896142006	5.46141862869
27	28	0.499152468517	-0.225783207254	0.246672750513	-0.94243010217	-1.29767870903	1.40663170815	-5.37712478638
28	28	0.499235646799	0.262955773543	-0.231551862871	0.936609841909	1.48877000809	-1.32958984375	5.34826469421
29	28	0.498204309493	-0.194546716877	0.182806707358	-0.963708089982	-1.11975884438	1.05441057682	-5.51439094543
0	29	0.499694751576	-0.201171148333	0.276087818469	-0.939843436734	-1.14394187927	1.58349573612	-5.37431240082
1	29	0.499256595969	0.165122291492	-0.371987308593	0.913433123495	0.950071811676	-2.10361671448	5.2210521698
2	29	0.499974580482	-0.142867038673	0.33271803031	-0.93214147079	-0.826230049133	1.90323233604	-5.32749271393
3	29	0.499974809587	0.161203315725	-0.336710237626	0.927706692267	0.926351189613	-1.90453195572	5.31058311462
4	29	0.499990917742	-0.231813956978	0.170778187331	-0.957651867895	-1.32260084152	0.997372806072	-5.47236061096
5	29	0.499962667003	0.227366390563	-0.207888715816	0.951360502795	1.29606080055	-1.18555808067	5.43966960907
6	29	0.499991213903	-0.170251577609	0.168424857146	-0.970900338766	-0.98332452774	0.972567379475	-5.54788637161
7	29	0.499987397343	0.142194458728	-0.159398607848	0.976920068236	0.824219942093	-0.907254159451	5.58379030228
8	29	0.499993974343	-0.20545080657	0.0906036041341	-0.974464444194	-1.16103219986	0.538191318512	-5.57211971283
9	29	0.499994708225	0.115631588232	-0.178643763149	0.977095564257	0.678489565849	-1.02625322342	5.58337640762
10	29	0.499982280657	-0.117624042386	0.245386059997	-0.96226309615	-0.683450222015	1.38668465614	-5.50380039215
11	29	0.499993933365	0.133466436076	-0.21285127321	0.967926157273	0.776867032051	-1.22706139088	5.52959060669
12	29	0.499991185963	-0.241413357054	0.329691819959	-0.912700879198	-1.36376726627	1.86062073708	-5.23166370392
13	29	0.500000046566	0.21341686266	-0.26093426213	0.941470420979	1.2175809145	-1.49025046825	5.38379955292
14	29	0.499999405816	-0.158006741293	0.203207312159	-0.966302570622	-0.906246721745	1.17150831223	-5.52174806595
15	29	0.499998277053	0.20341860663	-0.191268602528	0.960227677253	1.15825402737	-1.08893227577	5.49151659012
16	29	0.499990798533	-0.26553528984	0.257701786203	-0.929021420225	-1.50317382812	1.45137608051	-5.32178258896
17	29	0.499260960147	0.210539259136	-0.179688874239	0.960929304807	1.20232415199	-1.02162647247	5.48649358749
18	29	0.498178873211	-0.290291300864	0.228225058159	-0.929324638364	-1.64427351952	1.30485868454	-5.32606506348
19	29	0.445579338819	0.214029947051	-0.198831944916	0.956377038331	1.09359502792	-1.01897144318	4.9012465477
20	29	0.498304395005	-0.167401751194	0.167922273279	-0.971482765588	-0.955639123917	0.983995318413	-5.55997228622
21	29	0.498306114227	0.0961909043118	-0.267132596904	0.958846956297	0.576079845428	-1.5053498745	5.46847820282
22	29	0.464030040428	-0.262355402058	0.181318732789	-0.947783287545	-1.39276361465	0.97636538744	-5.08849143982
23	29	0.320603840053	-0.229769733353	-0.39151358106	-0.891023560564	-0.877987265587	-1.49381399155	-3.38849973679
24	29	0.397744234651	-0.235119003064	-0.357342156376	-0.903894704971	-1.09537959099	-1.65639388561	-4.19614076614
25	29	0.496221266687	0.330849182845	-0.320947334878	0.887429786769	1.87490308285	-1.81937885284	5.0759472847
26	29	0.499148834497	-0.20682840961	0.291118361908	-0.93406215443	-1.19927740097	1.66190421581	-5.32721328735
27	29	0.499961130321	0.309870997773	-0.29186174254	0.904873851971	1.744120121	-1.67109632492	5.182056427
28	29	0.499966999516	-0.180577409628	0.305188624901	-0.93501427923	-1.04060471058	1.72571802139	-5.35084056854
29	29	0.499221196398	0.223490013519	-0.148016109177	0.96340201644	1.25666689873	-0.870884656906	5.50042963028
