0	0	0.499599501491	-0.20728224226	-0.977621400632	-0.0359230993828	-1.20318865776	-5.61414051056	-0.0888442993164
1	0	0.49997420609	-0.317052481275	0.920386311578	-0.228837849966	-1.77466368675	5.29112958908	-1.27797794342
2	0	0.499995037913	0.267074747886	-0.944720175934	-0.190196919598	1.49239063263	-5.4302778244	-1.0329079628
3	0	0.499999567866	0.155627922077	0.971412125213	-0.17927195224	0.806186676025	5.5809135437	-0.98642373085
4	0	0.499999970198	0.105507878495	-0.97627256603	0.189103052311	0.587898135185	-5.5795507431	1.10683989525
5	0	0.499999701977	-0.197681520904	0.870147675864	-0.451403409913	-1.1541261673	4.9499912262	-2.64114332199
6	0	0.499998316169	0.212133787897	-0.642941408356	0.735952173347	1.32032680511	-3.69832897186	4.18265342712
7	0	0.499998226762	-0.75009785329	0.576465925582	-0.324099131644	-4.28193378448	3.29189229012	-1.94349122047
8	0	0.499999254942	0.779199905661	-0.583894951907	0.227846861194	4.49660491943	-3.2816286087	1.41839957237
9	0	0.49999974668	-0.703594193068	0.252774550977	-0.664123661572	-4.10332679749	1.41209697723	-3.76896953583
10	0	0.499999642372	0.885501059514	0.0788770503278	0.457893311297	5.0915927887	0.392870396376	2.59495949745
11	0	0.499999791384	-0.90698580136	-0.223609965229	-0.356896819237	-5.23155355453	-1.17501688004	-2.03388500214
12	0	0.499999523163	0.955255324762	-0.0344227345297	-0.293772598894	5.5302157402	-0.310125648975	-1.5716958046
13	0	0.499999985099	-0.782059137287	0.54921420578	-0.294528881361	-4.50411653519	3.10948348045	-1.7022087574
14	0	0.499999888241	0.658392818163	-0.544501062984	0.519651315211	3.80785489082	-3.04909014702	3.00933790207
15	0	0.499998785555	-0.60797846122	0.314655328447	-0.728940474231	-3.52024650574	1.77399992943	-4.15880012512
16	0	0.499997481704	0.636188635524	-0.259195873701	0.726692176294	3.62296295166	-1.43503189087	4.20638036728
17	0	0.499955296516	-0.379113860005	-0.133858142598	-0.91561710273	-2.29706406593	-0.725556015968	-5.21425390244
18	0	0.4938287884	0.679462223088	0.666879792778	0.305945141128	3.92383480072	3.69861793518	1.8794066906
19	0	0.478722350672	-0.083995653862	0.240563189175	-0.966992286498	-0.504339933395	1.31488144398	-5.35040330887
20	0	0.479213237762	0.287584633176	-0.774787411984	0.563027126337	1.60325956345	-4.27604579926	3.17316794395
21	0	0.45684055239	0.105047345978	-0.779813325252	-0.617135506078	0.562986254692	-4.16820907593	-3.32817029953
22	0	0.423528924584	0.821895212204	0.48980668482	0.290822405709	4.09630250931	2.39690995216	1.45217633247
23	0	0.480247564614	0.102178845634	-0.545824239946	-0.831646188347	0.476079881191	-3.07051491737	-4.63753223419
24	0	0.483007654548	0.735697512116	0.676837385708	0.0253046235816	4.1298160553	3.76927995682	0.268327713013
25	0	0.385965839028	-0.0296251598901	0.976742073568	0.212361182007	-0.144381850958	4.44679355621	0.967708349228
26	0	0.374492965639	-0.306732534802	0.791481969228	-0.528650588273	-1.37364268303	3.48871707916	-2.28536701202
27	0	0.49626006186	0.676481472628	-0.554590554207	0.484563859956	3.89646482468	-3.15531849861	2.74547696114
28	0	0.498979523778	-0.875899040549	0.482486427502	-0.00277813634528	-5.07765865326	2.67808389664	-0.0524544715881
29	0	0.499529778957	0.855516355339	0.467153722405	-0.223291659923	4.92330360413	2.65754270554	-1.27552700043
0	1	0.499994590878	0.0495846621279	0.923639714954	-0.380040837598	0.376966834068	5.30187416077	-2.14509487152
1	1	0.499995440245	-0.0413362381086	-0.994513231614	0.0960975939492	-0.181866541505	-5.69538021088	0.543118238449
2	1	0.499999046326	-0.267058553851	0.856557168822	0.441576205603	-1.50540995598	4.95547008514	2.44198513031
3	1	0.500000283122	0.266938943844	-0.962738612496	0.0433354850951	1.52447211742	-5.51254606247	0.269403457642
4	1	0.500000014901	-0.273265777154	0.931013322786	-0.241950424328	-1.60055565834	5.31373071671	-1.457208395
5	1	0.499999880791	0.601428634081	-0.393522365075	0.695286808658	3.46224975586	-2.29604911804	3.96850156784
6	1	0.49999769032	-0.949658011779	0.267073207762	-0.163772898735	-5.45935058594	1.49827551842	-1.04637956619
7	1	0.49999640882	0.837728752672	0.24064506724	0.490204537473	4.83014917374	1.32626903057	2.78570389748
8	1	0.49999794364	-0.591649088764	-0.57055187788	-0.569580468777	-3.50663280487	-3.25461673737	-3.20159101486
9	1	0.499999627471	0.583859973863	0.791798654026	-0.179338848004	3.48369550705	4.50346374512	-0.899983644485
10	1	0.499999582767	-0.983447825542	-0.0381406370854	0.17713177648	-5.67188167572	-0.301510751247	0.899488449097
11	1	0.499999880791	0.689506456485	-0.239820944409	0.683422827457	4.0823597908	-1.30745208263	3.84402227402
12	1	0.50000025332	-0.816150515785	0.552355063378	0.169712166754	-4.80268621445	3.06959867477	0.876014471054
13	1	0.5	0.946363294012	-0.0398878670217	0.320632926898	5.43972396851	-0.263961404562	1.7764043808
14	1	0.499998763204	-0.933263540441	-0.126935472679	-0.336015698827	-5.35995864868	-0.711444616318	-1.90100932121
15	1	0.499995216727	0.948428144635	0.300500377728	0.100913712887	5.43311834335	1.70021343231	0.684183835983
16	1	0.499992772937	-0.703196197407	-0.525673345788	-0.478730238737	-4.0832657814	-2.93217134476	-2.7562687397
17	1	0.499978587031	0.902381412736	-0.0258272929616	0.430163616415	5.14170837402	-0.0790680125356	2.5311665535
18	1	0.49993903935	-0.696214817182	0.237259797113	-0.67749001248	-4.01896190643	1.26430654526	-3.8787214756
19	1	0.499414805323	0.44329240457	-0.254813016589	0.859396399008	2.62695932388	-1.49080717564	4.89887285233
20	1	0.495902240276	-0.650285326116	0.578119099333	-0.492856268727	-3.71745538712	3.28379201889	-2.81910848618
21	1	0.420341603458	0.815546387086	-0.0394810388369	0.577343345058	4.00661706924	-0.192999362946	2.82494902611
22	1	0.354607075453	0.650129610233	0.335709501404	0.681638188898	2.75370502472	1.46078705788	2.85491514206
23	1	0.47151260078	0.48212769571	0.698651230829	0.528620225389	2.65374803543	3.81680107117	2.86052012444
24	1	0.498116634786	-0.761274214715	-0.36674010334	-0.534755333411	-4.35028266907	-2.10453701019	-3.05934739113
25	1	0.456366954371	0.337431555551	0.0649244533894	0.939108492492	1.85558760166	0.382927298546	4.96710920334
26	1	0.436083838344	-0.325044942227	0.938560728478	0.115972171193	-1.64919114113	4.78777313232	0.602830410004
27	1	0.491285189986	-0.72888187954	0.390728841986	-0.562194074781	-4.21568965912	2.11754202843	-3.19264292717
28	1	0.499855145812	0.77213429944	0.585848162122	0.24615148703	4.5060300827	3.30043101311	1.38036799431
29	1	0.499990224838	-0.789986333144	-0.531454303092	0.30574158561	-4.49300146103	-3.10662174225	1.73344612122
0	2	0.49999922514	-0.561204749518	-0.715229996429	0.416527647733	-3.12654352188	-4.17866373062	2.37100362778
1	2	0.499999508262	-0.221885422277	0.972074048764	-0.0764127155698	-1.19987571239	5.58616304398	-0.463921546936
2	2	0.500000029802	0.0869592913839	-0.930781154877	-0.355083825833	0.580178976059	-5.35583686829	-1.96523833275
3	2	0.500000014901	-0.504413515599	0.727826435783	-0.464581192749	-2.86218261719	4.22866725922	-2.61266875267
4	2	0.499999277294	0.407403353464	-0.313302268695	0.857825271262	2.3574347496	-1.79307794571	4.93701648712
5	2	0.499999411404	-0.476588162826	-0.339947507973	-0.810740041491	-2.78853845596	-1.90018236637	-4.64317178726
6	2	0.49999448657	0.682480722145	0.730871458817	-0.00685380094899	3.99647521973	4.14012479782	0.0890219211578
7	2	0.499985396862	-0.932002258327	-0.284420281913	-0.22467063384	-5.31849384308	-1.68864107132	-1.27757334709
8	2	0.499967217445	0.713301809816	0.635849184336	-0.294781856449	4.16438388824	3.6425549984	-1.53608369827
9	2	0.499983817339	-0.680003979882	-0.554323660202	-0.479916520954	-3.91829776764	-3.24225497246	-2.63655328751
10	2	0.499993652105	0.703020210536	0.669392171069	0.240159748689	4.04846668243	3.80858755112	1.36716461182
11	2	0.499999493361	-0.634197993717	-0.688455843313	-0.35188273128	-3.63662695885	-3.91997766495	-2.06150269508
12	2	0.499999687076	0.523920369673	0.756550012274	0.391330455204	3.0994887352	4.31631565094	2.23377513885
13	2	0.499998986721	-0.934903676362	-0.218023856548	0.280036986666	-5.38080072403	-1.36242008209	1.51326727867
14	2	0.499995961785	0.839793689645	0.511628704032	-0.181611200211	4.84367036819	2.88445258141	-0.990917205811
15	2	0.49990029633	-0.853207614807	-0.366905240614	-0.370698409014	-4.89644622803	-2.09670042992	-2.093572855
16	2	0.499898418784	0.684487245218	0.559717868437	0.467111463022	3.95728754997	3.14919376373	2.67026329041
17	2	0.499887600541	-0.787524647029	-0.509780474964	-0.34630737455	-4.50538110733	-2.89632987976	-2.01240921021
18	2	0.499883458018	0.732687854132	0.207340729034	0.6482116402	4.30532360077	1.21248555183	3.62633013725
19	2	0.499479837716	-0.691772889334	-0.0817177286485	0.71747646819	-4.13364982605	-0.458839416504	4.01994228363
20	2	0.488750949502	0.929527021648	-0.327662016432	-0.169165951106	5.27580881119	-1.83382451534	-0.932789087296
21	2	0.418842151761	0.946941249711	0.230809653457	-0.223672022091	4.69670200348	1.20232737064	-1.0992205143
22	2	0.418262660503	0.323185820081	0.943085681235	0.0783602166171	1.64905750751	4.61360883713	0.419168233871
23	2	0.487014576793	-0.74486347285	-0.453824520503	0.489102966055	-4.3095202446	-2.56697535515	2.64574480057
24	2	0.498656272888	0.822392370512	-0.0946821676535	0.560986698642	4.77174949646	-0.502235472202	3.1268157959
25	2	0.498376756907	-0.989713008063	0.142310887886	-0.0146892089515	-5.65988063812	0.852012634277	-0.167378664017
26	2	0.49674333632	0.920184154242	-0.382061768487	-0.0853810713322	5.26713180542	-2.27137827873	-0.443951845169
27	2	0.498684763908	0.898017190392	0.420507202978	-0.129378584028	5.16098022461	2.52743959427	-0.744631290436
28	2	0.499922648072	-0.579178937621	-0.810166105718	0.0904579425037	-3.34752559662	-4.61141967773	0.565679788589
29	2	0.499993681908	0.446639206716	0.781846877271	-0.435004459202	2.59962320328	4.45850086212	-2.4626660347
0	3	0.49999986589	0.224952767307	0.937577397051	-0.265226086615	1.31647479534	5.34101200104	-1.58264088631
1	3	0.499999538064	0.133266433173	-0.842557238506	0.521859519057	0.742359817028	-4.88293743134	2.92101097107
2	3	0.500000104308	-0.564017229729	0.761967819232	0.318260281881	-3.19013118744	4.4370880127	1.73206853867
3	3	0.4999987185	0.357495653377	-0.925771540947	0.123060602103	2.07026529312	-5.33396530151	0.781918525696
4	3	0.499993853271	0.0637171882038	-0.730184657964	-0.680272361045	0.325207561255	-4.14097690582	-4.04972982407
5	3	0.49999461323	0.564927181225	0.294283406787	0.770879080274	3.17392253876	1.81524538994	4.44326114655
6	3	0.499967031181	-0.437336183985	-0.65867825653	-0.612274461783	-2.57566165924	-3.76981067657	-3.45692539215
7	3	0.499248147011	0.844352388823	0.356671565501	0.399818005912	4.82302570343	2.05269503593	2.27064204216
8	3	0.499188676476	-0.929602206317	-0.321376143158	-0.180435896148	-5.30184841156	-1.90973806381	-0.991552352905
9	3	0.49958448112	0.552802980801	0.823006897972	0.130646508976	3.20162987709	4.68039655685	0.751527309418
10	3	0.499979838729	-0.633485918153	-0.770464546726	-0.0712739345065	-3.60192251205	-4.43023443222	-0.432257175446
11	3	0.499991677701	0.167534304249	0.781159792141	0.601432985496	1.04332208633	4.52520751953	3.37511301041
12	3	0.499998629093	0.0222338411188	-0.760382799702	-0.649094487904	0.047192517668	-4.38601350784	-3.67400479317
13	3	0.499993264675	0.138745126918	0.981149766044	0.134517383067	0.901630759239	5.63807678223	0.731879711151
14	3	0.499872133136	-0.810381825895	-0.406523401845	0.421924187515	-4.67629098892	-2.45000553131	2.31935691833
15	3	0.496509976685	0.841366858307	-0.0378065246367	0.539140497864	4.84352684021	-0.141744583845	3.01651525497
16	3	0.493103079498	-0.826407638481	0.0811890602563	-0.557188255041	-4.73005962372	0.321158498526	-3.17263364792
17	3	0.498327344656	0.494274320041	0.84963213363	0.183897074613	2.93889832497	4.80232334137	1.05027103424
18	3	0.498584121466	-0.859819417866	-0.420177577458	0.290105794603	-4.9452791214	-2.39865612984	1.6335515976
19	3	0.499493017793	0.759935787918	0.265585508675	-0.593263799522	4.42719888687	1.53060686588	-3.30078792572
20	3	0.496641978621	-0.907297694986	-0.32883864079	-0.262061139806	-5.22788906097	-1.85627639294	-1.41066980362
21	3	0.421545878053	0.213623754923	0.948739256145	0.232935002053	1.09811890125	4.69712686539	1.17111515999
22	3	0.376911815256	0.402809967506	0.578496201294	0.70928575001	1.82291042805	2.56709480286	3.18665599823
23	3	0.457308139652	0.383707406999	-0.306834113788	0.87098877859	2.14374017715	-1.62593364716	4.63168907166
24	3	0.498273774981	-0.92015580238	0.306411152055	-0.243773471163	-5.23102474213	1.80877196789	-1.44613933563
25	3	0.499798670411	0.819177729873	-0.570427877319	0.0596647606021	4.70476770401	-3.24558591843	0.433523416519
26	3	0.499816089869	-0.700558507484	0.565740728944	-0.4349197687	-4.01659107208	3.24413490295	-2.47739720345
27	3	0.499909646809	0.0860420049727	-0.842636183281	0.53156470538	0.445478439331	-4.82202482224	3.09270000458
28	3	0.499991282821	0.320103350499	0.621673950828	-0.714881349498	1.83694338799	3.60350346565	-4.05563259125
29	3	0.499998986721	-0.520008113777	-0.702773438806	0.485490530612	-2.93215417862	-4.05035686493	2.77715969086
0	4	0.499999970198	-0.348236416279	-0.755093517471	0.555486433903	-1.98453044891	-4.36168813705	3.1254658699
1	4	0.499999247491	0.42723261223	0.7177080967	-0.549879425855	2.3580698967	4.20501184464	-3.12504816055
2	4	0.499999761581	0.679004145317	-0.73053157859	-0.072642847729	3.79031538963	-4.32744503021	-0.365429878235
3	4	0.499997407198	0.201532155494	0.875927314892	-0.438333354113	1.12654531002	5.08833456039	-2.48806333542
4	4	0.499979391694	-0.744861410182	0.450747990949	0.491942809966	-4.34057664871	2.56062340736	2.85698533058
5	4	0.499908715487	0.601999811242	-0.795569073418	0.0683086867574	3.3819231987	-4.68290948868	0.328719615936
6	4	0.499851569533	0.486241828592	0.851805068736	0.194928214999	2.78098225594	4.91265296936	1.10647153854
7	4	0.49535036087	-0.906028821513	-0.240609028651	-0.34816529109	-5.15900421143	-1.43772685528	-1.98283398151
8	4	0.470929190516	0.881560901715	0.296110921061	-0.367652959999	4.7940325737	1.6958322525	-1.93291425705
9	4	0.498440846801	-0.366422965941	-0.922038422946	0.124817293041	-2.13388061523	-5.26772880554	0.710382223129
10	4	0.499593392015	0.476093419812	0.811455484771	-0.338932223088	2.69617128372	4.6735458374	-1.89481759071
11	4	0.499992474914	-0.462325373726	-0.810851200919	0.358853143746	-2.62504386902	-4.73313331604	1.9418194294
12	4	0.49997972697	0.132992958711	0.657659704607	0.741482694248	0.774591445923	3.9414768219	4.14597129822
13	4	0.49989028275	-0.11224458879	-0.944170376287	0.309747401652	-0.658088862896	-5.44486522675	1.67346286774
14	4	0.497379049659	-0.0491414051335	0.966736257094	0.251010221945	-0.168736591935	5.58014774323	1.33871364594
15	4	0.453562811017	-0.821705438366	-0.537335136433	-0.189923994575	-4.3471698761	-2.8136920929	-1.02346920967
16	4	0.436207324266	-0.498648705778	0.814531456124	-0.296459061609	-2.57624483109	4.18370437622	-1.51950037479
17	4	0.478617161512	-0.704902417337	-0.676516651175	0.213161447535	-3.9261841774	-3.73724365234	1.19644498825
18	4	0.466019935906	0.584672500365	-0.41987477041	-0.694163701507	3.24740839005	-2.20221042633	-3.74406051636
19	4	0.489078760147	-0.915078161615	-0.163007495405	-0.368863815759	-5.2223072052	-0.920812606812	-1.96915054321
20	4	0.490341499448	0.984105153205	0.103064492994	-0.144619354583	5.599173069	0.568262934685	-0.840710639954
21	4	0.433993205428	0.469498331962	0.874771243646	0.119777241471	2.36543607712	4.46903467178	0.674111843109
22	4	0.403886657208	0.476455758564	0.00991572661568	0.879142530252	2.28123378754	0.109693922102	4.17950248718
23	4	0.462446212769	-0.477761397051	0.314690963409	0.820191224677	-2.6269698143	1.76422083378	4.38535308838
24	4	0.497429937124	0.206037928664	-0.95039051238	0.233037005495	1.30226826668	-5.42098903656	1.35483837128
25	4	0.499848045409	-0.230420911033	0.494037135886	-0.838351663757	-1.41414618492	2.8818192482	-4.75661945343
26	4	0.499982662499	0.701784843202	-0.153915886679	0.695563033578	3.96686649323	-1.0096322298	4.02173233032
27	4	0.49999864772	0.00110463048873	0.525647905615	-0.850701509999	-0.0655839070678	3.04447960854	-4.85674095154
28	4	0.499998643994	-0.151625941673	-0.489674619858	0.85862002101	-0.880399823189	-2.84020519257	4.88746833801
29	4	0.499999538064	0.352854837486	0.827616888473	-0.436513172284	2.00020313263	4.71839618683	-2.54634261131
0	5	0.499999523163	0.238569102784	0.971119327839	-0.00346904793654	1.33438944817	5.57216453552	-0.114489555359
1	5	0.499997332692	-0.311260828189	-0.929758315632	0.19663715658	-1.73393940926	-5.33524799347	1.13861751556
2	5	0.499995604157	0.145106337375	0.987167582246	0.0666656989523	0.756406903267	5.66671800613	0.395825862885
3	5	0.499990776181	-0.124045777553	-0.95020068168	-0.285886882536	-0.73463088274	-5.44705915451	-1.59220266342
4	5	0.499813497066	0.583939087091	0.74445636784	0.323728063273	3.39988040924	4.30907344818	1.87903833389
5	5	0.499383330345	0.257659381529	0.75463849635	-0.603433826476	1.36795341969	4.358959198	-3.52776956558
6	5	0.495196051896	-0.253061645978	-0.759949001363	0.598696349298	-1.44717299938	-4.34934568405	3.37588953972
7	5	0.399876266718	0.616009715788	0.719028067477	0.321761819107	2.83211612701	3.38187718391	1.47771000862
8	5	0.299566209316	0.0859411163444	0.987253832087	0.133955199787	0.358990550041	3.50193858147	0.409107446671
9	5	0.457858815789	0.0865061772143	0.986161116581	0.141431727163	0.461118817329	5.22456455231	0.680143594742
10	5	0.499430984259	0.0676366371063	-0.958111394104	0.278294523498	0.352967917919	-5.48734855652	1.58056950569
11	5	0.499968186021	0.0503997182916	0.983269352737	-0.17504641774	0.263473123312	5.61797142029	-1.04853177071
12	5	0.499985083938	0.20816467412	-0.884913779795	0.416647417822	1.16635417938	-5.12583494186	2.31945776939
13	5	0.499491080642	0.287020940816	0.794867704439	-0.534606689047	1.58533263206	4.57944965363	-3.02301192284
14	5	0.48825327307	-0.0746443795084	-0.760018358989	0.64560073622	-0.444801360369	-4.35501623154	3.58111572266
15	5	0.38158762455	-0.93725448898	0.336657006948	-0.0906426089655	-4.21582889557	1.46898126602	-0.454372406006
16	5	0.395446375012	-0.884624842831	-0.152580443197	-0.440633743374	-4.09840869904	-0.625534713268	-2.06575298309
17	5	0.454490281641	0.27510974291	-0.721069423628	-0.635903699992	1.51545596123	-3.79198741913	-3.38196897507
18	5	0.380508802831	0.888527676161	0.20707416381	-0.40943724718	4.0163640976	0.944824099541	-1.81634366512
19	5	0.429190449417	0.859652489421	0.164585477883	-0.48364162135	4.3213391304	0.833494067192	-2.41900873184
20	5	0.475613234565	0.274104310063	0.21312617329	0.937786788915	1.45334029198	1.18089032173	5.23440122604
21	5	0.481912825257	-0.197102732344	-0.359368873404	-0.912142820906	-1.09122097492	-2.05544304848	-5.08842229843
22	5	0.493569493294	-0.636881502742	0.76856146481	0.0607883728491	-3.6083214283	4.39390945435	0.346750259399
23	5	0.499162048101	0.768094564091	-0.626468199785	-0.132545596954	4.38888025284	-3.59717702866	-0.741822242737
24	5	0.499722197652	-0.726245253725	0.584827787418	-0.361309134269	-4.14684915543	3.38570952415	-2.0439517498
25	5	0.499956402928	0.273400603617	-0.513443976404	0.813404814982	1.654920578	-2.99310898781	4.60370731354
26	5	0.499997794628	-0.366261566662	0.726944623417	-0.580864854567	-2.12165760994	4.12986278534	-3.34177851677
27	5	0.499999776483	0.487762310037	-0.721666620197	0.491207917485	2.70806026459	-4.14152479172	2.89379954338
28	5	0.499999530613	0.161406086239	0.381479617364	-0.910176563564	0.847644090652	2.27962255478	-5.19357395172
29	5	0.499999165535	-0.0275912991323	-0.870210907929	0.49190618611	-0.211936354637	-4.9713807106	2.83488702774
0	6	0.499940603971	0.369290409257	-0.920601475886	0.126954780246	2.03220963478	-5.30048131943	0.786459207535
1	6	0.499851822853	-0.301540540335	0.844654223856	-0.442303679225	-1.68610286713	4.89260625839	-2.46621918678
2	6	0.499821811914	0.439924042596	-0.828798472608	-0.345774389665	2.42092728615	-4.83112621307	-1.94465255737
3	6	0.499918296933	-0.108150725559	0.890663755246	0.441612381678	-0.593940258026	5.11145114899	2.49425125122
4	6	0.499805450439	-0.242594168588	-0.969098889163	0.0446700390582	-1.40735602379	-5.61139774323	0.0886306762695
5	6	0.499433249235	0.275071725563	-0.606349282836	0.746107293223	1.58315181732	-3.4188952446	4.37636184692
6	6	0.49921997264	-0.0765730287095	0.523203843844	-0.848760454464	-0.476992845535	2.97362017632	-4.87545871735
7	6	0.457459565252	0.297139475771	0.352391509962	0.887427943917	1.57716965675	1.87362408638	4.70829439163
8	6	0.438607394695	-0.413765570258	0.737193559405	-0.534175728427	-2.08398294449	3.79998588562	-2.66173839569
9	6	0.497646465898	0.113282263517	-0.741522763093	0.661295032938	0.696482777596	-4.27630281448	3.75245523453
10	6	0.49947142601	-0.319637766916	0.881801742407	-0.346781465838	-1.81485199928	5.03087234497	-2.01215291023
11	6	0.499984562397	0.372470056846	-0.848311556466	0.376342344042	2.13786625862	-4.86016464233	2.13390111923
12	6	0.499975517392	-0.684757240301	0.723382653987	-0.088459356577	-3.83481836319	4.22843551636	-0.599862575531
13	6	0.499618589878	-0.282949646997	-0.902535841508	0.32460522494	-1.56439852715	-5.22284603119	1.80203390121
14	6	0.494742177427	0.336835021395	0.623654427316	0.705405786516	1.92042446136	3.69196271896	3.95285987854
15	6	0.445627387613	-0.149507061288	0.496365378	-0.855142707475	-0.858653962612	2.52781128883	-4.48320960999
16	6	0.474359832704	0.708536578736	-0.455986784231	-0.538564730742	3.88292312622	-2.48935127258	-2.99799513817
17	6	0.488920584321	-0.252486827741	0.289507931273	0.92327436851	-1.49336862564	1.68065607548	5.20498037338
18	6	0.416387274861	0.543711986623	0.681059988306	0.490443236197	2.71178269386	3.33820080757	2.35465669632
19	6	0.398216307163	0.622323390451	0.649666372024	0.436631655698	2.96315956116	3.05738210678	2.04612779617
20	6	0.389274962246	0.73756483212	0.0227513096034	0.674892951757	3.43219327927	0.0951549559832	3.1119890213
21	6	0.404858723283	0.930789520865	-0.286957717613	-0.226464425793	4.47533035278	-1.33430182934	-1.04515969753
22	6	0.487477853894	0.344886450468	-0.892891363251	0.289479446102	2.02430295944	-5.02243328094	1.58993959427
23	6	0.499604597688	-0.715536559528	0.681273368414	-0.154512230803	-4.11459493637	3.89123535156	-0.818908929825
24	6	0.499973356724	0.930240358131	-0.357371564752	-0.0832973037376	5.30225849152	-2.11246109009	-0.460646152496
25	6	0.500000715256	-0.821127093957	0.570693441464	-0.00770009354561	-4.70496177673	3.30001473427	-0.0766162872314
26	6	0.499999493361	0.313933157995	-0.834029688203	0.453696431006	1.85047960281	-4.79262924194	2.54773950577
27	6	0.499999508262	-0.0651435651259	0.875807685031	-0.47824388628	-0.453708529472	5.00817632675	-2.73719406128
28	6	0.499998729676	0.386215497742	-0.477607918694	0.789131335903	2.16862893105	-2.85516023636	4.50527667999
29	6	0.499994747341	0.231940374429	0.732600493294	-0.639922010823	1.2468637228	4.2503452301	-3.63634872437
0	7	0.499813497066	-0.209047295547	0.956876481134	-0.201709266215	-1.19327449799	5.46848917007	-1.20363306999
1	7	0.496336221695	-0.0526208300985	-0.86453722979	0.499806389062	-0.314706504345	-4.9815826416	2.76073074341
2	7	0.495284751058	0.500953969669	0.781697097953	0.37147646941	2.78614974022	4.50864887238	2.13288378716
3	7	0.49853605032	0.050279444881	-0.824831777398	-0.563138097111	0.237612783909	-4.69963979721	-3.24295473099
4	7	0.499778807163	-0.370608729582	0.51250600693	0.774588124372	-1.98137032986	3.0300385952	4.48426294327
5	7	0.499930981547	-0.337544512136	-0.398584592172	-0.852756721	-1.96970665455	-2.19244623184	-4.93664216995
6	7	0.499975185841	0.529767101901	-0.293741731201	0.795652319229	3.02675628662	-1.59197568893	4.61198425293
7	7	0.496848091483	-0.23382280869	-0.777380109341	-0.583958097587	-1.42008388042	-4.33275127411	-3.49996590614
8	7	0.499471001327	0.607389911001	-0.316542103589	0.728614158982	3.48326873779	-1.77660417557	4.19657421112
9	7	0.499429583549	-0.61891810632	0.521504305402	-0.587344564217	-3.52321028709	2.96829032898	-3.3956964016
10	7	0.499973729253	0.502045371057	-0.720838228737	0.47785216688	2.87760233879	-4.10669374466	2.74568581581
11	7	0.499985545874	-0.587588184357	0.679650846997	-0.439106879678	-3.3104724884	3.90536165237	-2.56910610199
12	7	0.499980591238	0.469056720369	-0.691993895571	0.548753352216	2.64508008957	-4.02409934998	3.14145231247
13	7	0.499944597483	0.0155307895201	0.999857676317	-0.00658951338876	0.11404235661	5.72581768036	-0.130728960037
14	7	0.498596414924	-0.0107980144855	-0.942694009774	0.333483742963	-0.147538423538	-5.4335694313	1.82369208336
15	7	0.491619810462	0.0626462910268	0.997024669202	0.0449138199576	0.453927159309	5.66441202164	0.259436368942
16	7	0.49924492836	-0.916621061007	-0.177011445792	0.358430995559	-5.27177715302	-1.05400109291	2.07129025459
17	7	0.492208227515	0.725451223441	-0.552404104947	-0.410573047392	4.1532907486	-3.07341599464	-2.37102031708
18	7	0.458129137754	-0.959022450787	0.281760461857	0.0297822265908	-5.14512825012	1.48194730282	0.16695857048
19	7	0.456536278129	-0.404409118115	0.826553498511	0.391487648954	-2.16157245636	4.44171142578	2.08044028282
20	7	0.410556133837	0.59569519965	0.0365694107483	0.802377658781	2.9180188179	0.171160966158	3.85493969917
21	7	0.409950479865	0.999400267062	-0.0282548592087	-0.0200192189406	4.81198835373	-0.175580948591	-0.0654296875
22	7	0.496681779623	-0.978583518374	-0.102687101958	0.178408678766	-5.65271759033	-0.500565648079	1.08773040771
23	7	0.499580189586	0.763631397276	-0.441815198719	-0.470814633667	4.38335752487	-2.58045196533	-2.64563679695
24	7	0.499978110194	-0.705716974047	0.421272304998	0.569643044005	-4.1059422493	2.3789203167	3.20628666878
25	7	0.499997548759	0.707888575328	-0.250848890729	-0.660279182573	4.08471441269	-1.50774240494	-3.72506570816
26	7	0.499999284744	-0.500244472438	0.789114699895	0.356445589403	-2.90468096733	4.52715826035	2.00018119812
27	7	0.499999508262	0.244938315561	-0.969535920206	-0.00230672929201	1.43571305275	-5.54389810562	-0.0564768314362
28	7	0.499985583127	-0.480296009533	0.671655267096	0.564087710741	-2.74404239655	4.02132701874	3.10693693161
29	7	0.499914810061	-0.280734981283	-0.910717717177	0.302953973242	-1.50175130367	-5.26583147049	1.72960805893
0	8	0.493779107928	0.702472874735	-0.466887983958	0.53716614813	3.90703582764	-2.82615709305	3.05002951622
1	8	0.481158345938	0.576730816319	0.770877131456	0.270425615848	3.16910409927	4.37260723114	1.44195246696
2	8	0.439288571477	-0.530005750097	0.271020833897	-0.80351827139	-2.72718763351	1.33612966537	-4.0968670845
3	8	0.492337733507	0.564481385394	0.333337835232	0.755146775896	3.19698810577	1.89106357098	4.29484701157
4	8	0.49934052676	-0.815844366175	-0.0914330363898	-0.570997346786	-4.63742256165	-0.550281822681	-3.32954335213
5	8	0.499969437718	0.892941502866	-0.0345983449932	0.44884120464	5.10374212265	-0.180150806904	2.60590982437
6	8	0.49998999387	-0.69316443873	0.0822003378301	-0.716076926971	-3.95447659492	0.496100574732	-4.10464096069
7	8	0.499884348363	0.0962700073554	-0.456309820658	0.88459789354	0.659463882446	-2.52854442596	5.1207485199
8	8	0.499943517148	-0.650591883064	0.0286695966408	-0.758886194314	-3.67003488541	0.199079841375	-4.38868379593
9	8	0.499956838787	0.679082956526	0.215402257995	0.701746539291	3.89816617966	1.08636105061	4.07054519653
10	8	0.499993517995	-0.588818146716	0.54481636975	-0.597049674106	-3.33616685867	3.08415555954	-3.50477361679
11	8	0.499995885417	-0.0864566885313	-0.294700308672	0.951670620055	-0.415540575981	-1.74088072777	5.45673370361
12	8	0.49999140203	0.6130637694	0.167813780186	-0.772004760237	3.4452419281	1.12073266506	-4.48069667816
13	8	0.499990582466	-0.542310398857	-0.807520073666	0.231971467898	-3.1251039505	-4.61680173874	1.34151983261
14	8	0.499887779355	0.874452794874	0.389962635251	-0.288550606732	4.98596191406	2.39339113235	-1.59202480316
15	8	0.499624460936	-0.454969129291	-0.859429077318	-0.233205386842	-2.632188797	-4.91519784927	-1.29600286484
16	8	0.496576055884	0.434212010777	0.895623287902	-0.0965342212095	2.54439210892	5.08623790741	-0.549883127213
17	8	0.416392698884	-0.946828369227	-0.312570235153	-0.0762619651129	-4.60141420364	-1.53373885155	-0.324692249298
18	8	0.366350524127	-0.687046389504	-0.594006970989	0.418476973184	-3.01506614685	-2.56642532349	1.80714809895
19	8	0.474362954497	0.0359332877934	-0.923053980267	0.382988444137	0.157485857606	-5.07106971741	2.12788319588
20	8	0.479695402086	0.623716895017	0.605549852578	-0.494253589682	3.40348815918	3.40204191208	-2.82217407227
21	8	0.471247062087	0.824427594787	0.343070901294	0.450134977134	4.48810005188	1.84903073311	2.5639424324
22	8	0.499418877065	-0.761509619146	-0.187866172445	-0.620330074396	-4.34886884689	-1.17587506771	-3.69022750854
23	8	0.499789580703	0.0852191918684	0.996317631363	0.00942691743839	0.351614415646	5.79736566544	0.149887800217
24	8	0.499988004565	0.973445688241	0.224612223275	0.044190962883	5.66110754013	1.1449007988	0.136040449142
25	8	0.499998725951	-0.793638883534	0.129065876244	0.594541270336	-4.55607700348	0.737919747829	3.40028381348
26	8	0.499983012676	0.852106648222	-0.45763383348	-0.253940021482	4.83285093307	-2.69610881805	-1.55589151382
27	8	0.49997100234	-0.252272461454	0.921709029833	0.294637182848	-1.489762187	5.26550388336	1.67978644371
28	8	0.499871179461	0.169746616389	-0.983905060886	-0.0558293595487	0.991774320602	-5.62573766708	-0.340798139572
29	8	0.499667853117	-0.262756462337	0.857119003881	-0.443064391128	-1.50613439083	4.93719577789	-2.48024606705
0	9	0.491616204381	0.119779879957	0.89216890484	-0.435531199334	0.671632409096	5.10875606537	-2.39659070969
1	9	0.435454294086	-0.766773712449	-0.0563910842449	-0.639435782167	-3.88595056534	-0.310853660107	-3.24310493469
2	9	0.301656849682	-0.698771736439	-0.0829394746074	-0.710520305062	-2.49693155289	-0.288272440434	-2.57283210754
3	9	0.455209091306	-0.251667024469	0.615684354941	-0.74672383374	-1.40975725651	3.18115496635	-3.95728302002
4	9	0.498697496951	0.748192590008	-0.192238672311	0.635021370605	4.34547948837	-1.11704516411	3.56731176376
5	9	0.49993044138	-0.9274161581	0.247134167969	0.280756073341	-5.38617324829	1.40247118473	1.43442034721
6	9	0.499996192753	0.832152177012	0.0462736466191	0.552613340341	4.76014852524	0.191777795553	3.20607447624
7	9	0.499990604818	-0.183648707252	0.493654876103	-0.850045890305	-1.1261408329	2.77237391472	-4.88942289352
8	9	0.499999106862	0.0719242060806	-0.0141682257194	0.997309465492	0.488201260567	-0.174586355686	5.70767068863
9	9	0.499999076128	-0.344065695128	0.447437907828	-0.82548053646	-1.9712574482	2.4908041954	-4.76473426819
10	9	0.499998886138	0.134760043316	-0.261296461974	0.955805361821	0.817842841148	-1.55767869949	5.44815540314
11	9	0.499999653548	-0.3902234401	0.133172164118	-0.911038331521	-2.11848115921	0.859549164772	-5.27156496048
12	9	0.499999880791	-0.0664925526611	-0.788370078071	0.611597384267	-0.474563658237	-4.50617074966	3.54822206497
13	9	0.499999389052	0.56534412232	0.809526279408	0.158282109871	3.26525735855	4.64174842834	0.841374158859
14	9	0.499991297722	-0.608646985162	-0.564337914204	-0.557737900851	-3.51471614838	-3.2625079155	-3.13389921188
15	9	0.499702364206	0.568179501829	0.572796374703	0.590826850124	3.25006055832	3.34623765945	3.31753635406
16	9	0.48822773993	-0.460411370943	-0.879146502591	0.122974779885	-2.59785509109	-4.96390247345	0.632047891617
17	9	0.398096904159	-0.869106187167	-0.273994435076	0.4118027258	-4.11845397949	-1.27156209946	1.92708849907
18	9	0.419390484691	-0.646432723997	-0.562970548625	0.514964945144	-3.13758587837	-2.76681685448	2.53123807907
19	9	0.495329948142	0.162618463642	0.322227213566	-0.932590402117	0.931880950928	1.86223196983	-5.30533885956
20	9	0.499479681253	-0.11397119254	-0.530765685856	0.839820429609	-0.682174324989	-2.99072217941	4.83015632629
21	9	0.499131501652	-0.136735165783	-0.0013986456643	-0.990606651617	-0.755138933659	0.0482561960816	-5.68848228455
22	9	0.499832503498	-0.766782508458	-0.165161199073	0.620295383703	-4.34944057465	-0.865409195423	3.71894311905
23	9	0.499976679683	0.883245895434	-0.435277738948	-0.174384569774	5.038854599	-2.54170799255	-1.09179592133
24	9	0.499998152256	-0.901729360802	0.226235185826	0.368377253045	-5.16588783264	1.263002038	2.13369584084
25	9	0.49999224022	0.194854480163	0.218151177	-0.956264500823	1.22044229507	1.15758228302	-5.49377632141
26	9	0.499912232161	0.0933564999924	0.423701845649	0.90097797415	0.430391848087	2.51160335541	5.16613864899
27	9	0.499486289918	0.36445902958	-0.73069975434	-0.577275917361	1.99163150787	-4.26911306381	-3.28534412384
28	9	0.497264683247	0.116731616379	0.987032667532	0.110182770711	0.577746212482	5.64380931854	0.702761650085
29	9	0.49686448276	0.368081400263	-0.925159467443	-0.0927148455257	2.01175141335	-5.32070016861	-0.484335660934
0	10	0.49804662168	-0.552717031837	-0.746738904858	-0.369979581448	-3.15140676498	-4.31653404236	-2.05382061005
1	10	0.492639288306	0.605701640271	0.760004223577	0.235624920408	3.43351459503	4.3048915863	1.38207745552
2	10	0.446554297581	-0.36670432896	-0.175806957274	-0.913575311015	-1.95298612118	-0.939069807529	-4.71387434006
3	10	0.487298697233	0.926231107023	-0.37622225719	0.023510626935	5.24504852295	-2.05816435814	0.127640485764
4	10	0.498950183392	-0.944203594724	0.191815858537	0.267742876889	-5.44687700272	1.08412361145	1.40440607071
5	10	0.499982044101	0.953918218654	-0.258469082325	0.152426262834	5.48227882385	-1.43989086151	0.866208553314
6	10	0.499997574836	-0.457490800226	0.111631134578	-0.882179492791	-2.74541068077	0.675948798656	-4.99010324478
7	10	0.499996550381	0.664760518873	-0.387109326196	0.638936477375	3.73501014709	-2.20985937119	3.73335790634
8	10	0.499998874962	-0.148316460224	0.4919552277	-0.85789409694	-0.907456159592	2.79338645935	-4.91445827484
9	10	0.499999783933	0.343281008547	-0.352927389028	0.87040243982	1.91357851028	-2.07601952553	4.97655487061
10	10	0.499999776483	0.108464134134	0.761352829698	-0.639200594741	0.59607064724	4.29620933533	-3.75417399406
11	10	0.499999426305	-0.667814311724	-0.365419005672	0.648454312462	-3.7476234436	-2.13438463211	3.79203128815
12	10	0.499999880791	0.690287279981	0.5098977135	-0.513330101264	3.93062853813	2.93477702141	-2.94925546646
13	10	0.499999701977	-0.891536831914	-0.430212803295	0.141700463024	-5.0801153183	-2.54968881607	0.767839193344
14	10	0.499992713332	0.5285398832	0.546092222954	0.649945286848	3.08022594452	3.19118261337	3.6386256218
15	10	0.499874278903	-0.418325310914	-0.743655991604	-0.521516730699	-2.44050693512	-4.27403116226	-2.93078494072
16	10	0.499113097787	0.390804959746	0.92039376698	0.0121159870143	2.23083376884	5.27191352844	0.044261932373
17	10	0.491660393775	0.30905562488	-0.800519107767	0.513472276594	1.68433392048	-4.57094526291	2.90827393532
18	10	0.498670041561	0.0909532974456	0.683088592658	-0.72464989634	0.56101089716	3.90599250793	-4.16247749329
19	10	0.498808081262	-0.113868939293	0.00921414056335	0.993453050867	-0.728116095066	-0.0249905399978	5.683842659
20	10	0.499924978241	0.284294085077	0.272452501824	-0.919209718965	1.58239674568	1.56876707077	-5.26593017578
21	10	0.499939106405	0.135506926681	-0.479850329317	0.866822665991	0.741768240929	-2.64610624313	5.02940130234
22	10	0.499982766807	-0.0384975385563	-0.397761415722	-0.916680858144	-0.163109824061	-2.20311760902	-5.30510234833
23	10	0.499983564019	-0.231679543187	0.702684799167	0.672724804276	-1.39528489113	3.9777765274	3.91091632843
24	10	0.499980598688	0.921151754645	-0.119240255367	-0.370487795229	5.23638629913	-0.739037156105	-2.27248954773
25	10	0.499993601814	-0.355001198895	-0.10169528639	0.929318146551	-2.09966444969	-0.471874892712	5.34364461899
26	10	0.499849840999	-0.0621888010321	-0.998063896931	-0.00100532045485	-0.354966342449	-5.76604795456	-0.173477649689
27	10	0.491132572293	0.665815923557	0.71742438753	-0.204918042436	3.69951105118	4.20053482056	-1.06715917587
28	10	0.452995695174	0.174430774924	-0.138205642289	-0.974922102118	0.937469959259	-0.758961677551	-5.16618537903
29	10	0.455072276294	0.408190177888	0.730062906239	0.548077486866	2.18128657341	3.87346744537	2.83582091331
0	11	0.46872150898	0.422381987539	0.90634636144	0.0113898949907	2.3163125515	4.88282871246	0.106863498688
1	11	0.498975381255	-0.453782723135	-0.779060433924	-0.432603837799	-2.63636064529	-4.4661898613	-2.40494680405
2	11	0.498045191169	0.31183790496	0.931412354166	0.187691628842	1.89226341248	5.29847335815	1.08223557472
3	11	0.498986035585	-0.664952307417	-0.625043694473	0.40885059479	-3.92471075058	-3.55676150322	2.24377202988
4	11	0.499918907881	0.821600722006	0.399345215747	0.406811568493	4.79613113403	2.26160955429	2.20421457291
5	11	0.499973490834	-0.945086206786	-0.319861878648	0.067085321271	-5.44191360474	-1.7735786438	0.299293041229
6	11	0.499979928136	0.824278441279	-0.291998496609	0.485079301992	4.75213861465	-1.62966346741	2.77855324745
7	11	0.499925583601	-0.453942809611	0.227177677943	-0.861583558482	-2.66201782227	1.30938494205	-4.90168714523
8	11	0.499989084899	0.346485021211	-0.67775550566	0.648533425988	1.97987675667	-3.83541059494	3.75450658798
9	11	0.499996997416	-0.110734949366	0.519123671419	-0.847495359729	-0.678618788719	3.01017618179	-4.82290077209
10	11	0.499977525324	0.205626988423	-0.416134616514	0.885748001731	1.08369278908	-2.46023130417	5.0699300766
11	11	0.499997440726	0.361242743923	0.20898665077	-0.908750933844	2.09508228302	1.28425896168	-5.17762899399
12	11	0.499988332391	-0.620376121165	-0.480494498839	0.619885880525	-3.56263256073	-2.77676343918	3.52079057693
13	11	0.499997705221	0.672532546227	0.740013045208	-0.00898149137954	3.86718702316	4.21672344208	-0.100390195847
14	11	0.499998822808	-0.483112218755	-0.866582214787	0.125051385858	-2.85531902313	-4.94033813477	0.629865407944
15	11	0.49998909235	0.622630094264	0.759403586029	-0.188780187633	3.5801243782	4.35518264771	-1.01487922668
16	11	0.499861299992	-0.566673151845	-0.77799246097	0.271310282982	-3.23486065865	-4.4597029686	1.54611039162
17	11	0.499640405178	0.11736771535	0.796873791505	-0.592635621445	0.699541449547	4.56554794312	-3.38131570816
18	11	0.499751985073	-0.581400692349	-0.748199889721	0.319640673191	-3.3169054985	-4.27155065536	1.91507649422
19	11	0.499881535769	0.941905598392	-0.211041742496	-0.261295286299	5.43282079697	-1.06826603413	-1.67018175125
20	11	0.499994721264	-0.279273470108	-0.253254075952	0.926212017795	-1.65610408783	-1.43187820911	5.2983288765
21	11	0.499995877966	-0.114423939901	0.138756685168	-0.98369392816	-0.622526586056	0.851167559624	-5.62354469299
22	11	0.49992232956	0.143151080429	-0.15646298636	0.977254880812	0.801815629005	-0.852368712425	5.59940624237
23	11	0.499845230952	-0.186392524406	-0.146999042371	-0.971416032597	-1.0385684967	-0.851116776466	-5.56256151199
24	11	0.499797988683	0.133020800587	0.235935523621	0.962621366533	0.619396805763	1.38839554787	5.54081249237
25	11	0.499920494854	0.591726683966	-0.458004865417	-0.663393604685	3.29838037491	-2.6099691391	-3.88965439796
26	11	0.499099098146	-0.237414072943	0.625052676673	0.743601848675	-1.40663635731	3.65317821503	4.17963123322
27	11	0.484283402562	0.328114136378	-0.940330483862	-0.090109348173	1.790350914	-5.27021980286	-0.536995887756
28	11	0.384756073356	0.920219487205	0.335380739905	-0.201781700532	4.14937114716	1.48689365387	-0.927932977676
29	11	0.327261060476	0.910113183388	0.400248105699	0.107216823813	3.49141120911	1.64764428139	0.420237421989
0	12	0.492049723864	-0.903308317896	-0.428883464269	0.00964660031428	-5.07176065445	-2.52305793762	0.0534765720367
1	12	0.499595656991	0.896776332362	0.43820197071	0.0614104435818	5.10088443756	2.56145477295	0.366904020309
2	12	0.499855205417	-0.861539078359	-0.501189922046	0.0809881380196	-4.93768930435	-2.86745643616	0.445059537888
3	12	0.499986305833	0.998695819362	-0.0264769677735	0.0436535286891	5.72742843628	-0.0827800184488	0.185332536697
4	12	0.499974280596	-0.997104690492	-0.0192540784135	0.0735630115225	-5.70605754852	-0.169328704476	0.374097585678
5	12	0.499855428934	0.923626741053	0.381546799076	0.0365470016145	5.30491399765	2.1370549202	0.164879798889
6	12	0.498173117638	-0.934267459455	0.211577453674	0.287017935502	-5.41479730606	1.13351464272	1.51528787613
7	12	0.49720607698	0.605049280822	0.506356418981	0.614425377678	3.57529211044	2.74228715897	3.59108734131
8	12	0.499986380339	-0.476294087903	0.690007590869	-0.545007767258	-2.73694443703	3.96393656731	-3.1271853447
9	12	0.499942570925	0.247911404757	-0.948005723455	0.199562230114	1.34585595131	-5.44657039642	1.22626137733
10	12	0.499672472477	0.415053000386	0.885379908005	-0.209364336435	2.36521482468	5.06961727142	-1.32261657715
11	12	0.499718092382	-0.494370869607	-0.672768198277	0.550436549178	-2.88435006142	-3.82365179062	3.14730167389
12	12	0.499882146716	0.653200736023	0.633686531479	-0.414451659764	3.75229644775	3.6347694397	-2.33541679382
13	12	0.499985530972	-0.724987615434	-0.687342742662	-0.0441917591568	-4.19715690613	-3.89679980278	-0.281550884247
14	12	0.499998480082	0.862093174141	0.125494002313	0.49096498295	4.96805334091	0.853175461292	2.74676823616
15	12	0.499997541308	-0.903240012444	-0.398623887523	-0.15892286247	-5.15642118454	-2.32167124748	-0.889068126678
16	12	0.49999012053	0.857230951927	0.494993018136	-0.141904922588	4.89053344727	2.87723207474	-0.879093408585
17	12	0.499995872378	0.110324165759	-0.531886822354	0.839598110203	0.537536025047	-3.12479066849	4.79280471802
18	12	0.499995842576	0.444715404987	0.715617587224	-0.538627586949	2.50159502029	4.11813497543	-3.0870115757
19	12	0.49999807775	-0.409019660428	-0.801973492569	0.435363566	-2.43651080132	-4.52624416351	2.5448076725
20	12	0.499996557832	0.677322324278	0.24654459064	-0.69314517517	3.81207489967	1.4460670948	-4.03797483444
21	12	0.499906040728	0.0254915399214	-0.565225198384	0.82454269538	0.111269384623	-3.18904542923	4.75447177887
22	12	0.499658502638	0.0180054420992	0.320549059644	-0.947060771237	0.0938899368048	1.83255910873	-5.41622257233
23	12	0.491942755878	0.360595694287	-0.130934389365	0.923486291692	2.00001883507	-0.716457307339	5.26964235306
24	12	0.498797938228	0.491541405162	-0.416709600244	-0.764683042885	2.74778032303	-2.3600897789	-4.45086145401
25	12	0.49933546409	0.0046677924007	0.434294451088	0.900758869769	-0.117044851184	2.53855276108	5.13479423523
26	12	0.499668449163	0.643604996975	-0.709779895179	-0.286330417994	3.60805678368	-4.1046872139	-1.73033833504
27	12	0.498447746038	-0.2857415812	0.919878469092	0.268654705663	-1.65638208389	5.25846624374	1.48810577393
28	12	0.488964304328	0.276163066817	-0.873623890964	0.400643554375	1.5633866787	-4.95582723618	2.20326042175
29	12	0.47117972374	-0.104354408204	0.972166182385	-0.209769090465	-0.449780076742	5.32159519196	-1.10338020325
0	13	0.499857932329	0.392887199092	0.918740111706	-0.03944940979	2.30482578278	5.24462747574	-0.153501272202
1	13	0.499940320849	-0.694634738295	-0.702451449706	-0.155063023188	-3.97283172607	-4.04084968567	-0.850388526917
2	13	0.499989286065	0.883592100737	0.360431220845	-0.298921953952	5.06365203857	2.10231018066	-1.67509937286
3	13	0.499986961484	-0.893808249432	0.311074931148	0.323015789797	-5.19649410248	1.63684225082	1.83029079437
4	13	0.499867126346	0.981527952316	0.18651746612	0.0425924131164	5.62181663513	1.04546737671	0.222836017609
5	13	0.495345488191	-0.770864351092	-0.59915479063	0.21629075126	-4.47141361237	-3.32804679871	1.19840073586
6	13	0.470132902265	0.977390444208	0.130608957011	0.166280545825	5.32741546631	0.697809815407	0.840809345245
7	13	0.467244312167	-0.345406337558	0.782928844146	-0.517413651713	-1.91212272644	4.22886419296	-2.82986855507
8	13	0.49843776226	0.321813456259	-0.942586008723	0.0892620609787	1.80757820606	-5.40555715561	0.564625740051
9	13	0.499378368258	0.588448563822	0.800368814355	-0.114621327612	3.31979131699	4.64999580383	-0.667417526245
10	13	0.497895114124	-0.734680735493	-0.111945168464	0.669113216244	-4.2423825264	-0.757629513741	3.77226805687
11	13	0.494247928262	0.985743570415	0.000836858998862	-0.168252527627	5.60940694809	0.0639009401202	-1.00340843201
12	13	0.496617019176	-0.720426813578	-0.683676597319	-0.116496852132	-4.19330692291	-3.82397508621	-0.637806415558
13	13	0.49987705797	0.821356742871	0.0833331051365	0.564294864879	4.75057983398	0.544505655766	3.17327237129
14	13	0.499989941716	-0.832618570003	-0.404453941376	-0.37836929869	-4.78047370911	-2.25865149498	-2.19693136215
15	13	0.499999001622	0.758770028195	0.628395716579	0.17142598315	4.38771390915	3.54817247391	0.948044300079
16	13	0.499998852611	-0.855823016912	-0.27015117541	0.441118245087	-4.93304824829	-1.64255189896	2.48563051224
17	13	0.499998174608	-0.383857045153	0.536549893688	-0.751510465975	-2.10026216507	3.10660219193	-4.36167240143
18	13	0.499997571111	-0.0301095169845	-0.923240797192	0.383040268624	-0.209841951728	-5.25148963928	2.29414129257
19	13	0.499999761581	0.621186918288	0.644025653103	-0.446494983951	3.50332450867	3.7171690464	-2.68281745911
20	13	0.499995566905	-0.336971517472	0.399524028079	0.85254369237	-1.95210528374	2.14971709251	4.97894668579
21	13	0.499905899167	-0.187546338832	0.633363433913	-0.750784344118	-1.0050791502	3.54191350937	-4.42540645599
22	13	0.489200890064	-0.464419857184	-0.360654922973	0.808852411005	-2.56214666367	-2.0619904995	4.59825944901
23	13	0.413729667664	-0.727268063436	0.174777658686	0.66372730389	-3.6088078022	0.842101812363	3.21983361244
24	13	0.446192525327	-0.891737161669	0.0338604840206	0.451285167184	-4.62023210526	0.195149630308	2.37322616577
25	13	0.49842196703	0.459239482226	-0.530624758945	-0.7124159341	2.63607764244	-3.0704190731	-4.05155944824
26	13	0.499808847904	-0.31686804588	0.86180850933	0.396081727357	-1.81637382507	4.93408203125	2.2576918602
27	13	0.499869734049	0.0982819041908	-0.98281495759	-0.156254364566	0.601185917854	-5.61932659149	-0.879360198975
28	13	0.49983677268	-0.180750948602	0.980299642819	-0.0796348219621	-1.00591254234	5.62526226044	-0.408029556274
29	13	0.497732818127	-0.497392521593	-0.687584746481	-0.528987614098	-2.76971006393	-4.06468868256	-2.93607854843
0	14	0.499953404069	-0.119263132316	-0.941154310764	-0.316235463855	-0.667925536633	-5.39185142517	-1.78728795052
1	14	0.499997705221	0.120450837928	0.967090534349	0.224114912523	0.789571404457	5.53071737289	1.27747511864
2	14	0.499998167157	-0.536385095494	-0.812502054974	0.228323104382	-3.08858537674	-4.64352369308	1.29230117798
3	14	0.499931275845	0.558231604688	0.748223055311	-0.358524385542	3.28543186188	4.26330757141	-2.03757143021
4	14	0.499335363507	-0.884189710687	0.0216458604666	-0.466626201837	-5.14421319962	0.0404006652534	-2.57046055794
5	14	0.473679542542	0.817933534878	-0.550268515386	-0.167896675065	4.55420303345	-2.93686676025	-0.904684066772
6	14	0.356150535867	0.515302001125	-0.154817397515	-0.842908904368	2.22854757309	-0.617611765862	-3.53956866264
7	14	0.380440425128	0.409505732384	0.460142110184	-0.78776537978	1.84543275833	2.07622408867	-3.50583648682
8	14	0.4770655334	-0.450387773526	0.892810574085	0.00633500273085	-2.40873241425	4.97832202911	0.0565247535706
9	14	0.489607542753	-0.369787519345	-0.700376277114	-0.6105163888	-2.13336229324	-4.05811405182	-3.33896660805
10	14	0.46417209506	0.889097560793	0.216900154736	-0.403063084723	4.78271961212	1.21196818352	-2.18172001839
11	14	0.42187987268	-0.172788076099	0.984854187038	0.0143704916758	-0.887853980064	4.85278606415	0.0736920833588
12	14	0.478985548019	0.995459682765	-0.0634569497858	-0.0709452994376	5.52891349792	-0.368463397026	-0.364821910858
13	14	0.499814122915	-0.832591475069	0.48476109314	-0.267951708748	-4.78019380569	2.74167013168	-1.61621665955
14	14	0.499948382378	0.679310524306	-0.293765352596	0.672487270646	3.97027516365	-1.65709137917	3.81569910049
15	14	0.499998524785	-0.826827989637	-0.560382673423	0.0482362403301	-4.82755088806	-3.12710952759	0.161372900009
16	14	0.500001370907	0.809822357162	0.195926454873	0.552992381612	4.77312898636	1.15883493423	3.0743329525
17	14	0.500000188127	0.383489401263	0.0327892153404	0.92296302552	2.17507886887	0.117469102144	5.35933160782
18	14	0.499997600913	0.0239840814109	0.512407306223	-0.85840754678	0.0501877069473	2.90737366676	-4.94329929352
19	14	0.499998532236	0.637810418517	-0.100962105934	0.763547328721	3.54641580582	-0.644441127777	4.49407529831
20	14	0.499990215525	-0.11841631813	-0.248709730575	-0.961312147805	-0.697570443153	-1.42483508587	-5.49597263336
21	14	0.499277845025	0.186420171017	0.474160555579	0.860476198027	1.02512776852	2.62256884575	4.99346971512
22	14	0.491595983505	0.498096911477	-0.0329766018174	-0.866494091445	2.74469304085	-0.201934799552	-4.97363758087
23	14	0.394411563873	-0.782588437321	-0.618853186441	-0.0676466658742	-3.65101861954	-2.83593678474	-0.298365116119
24	14	0.391317494214	-0.722501077868	-0.578610249754	-0.37842089181	-3.34818077087	-2.67171239853	-1.7235481739
25	14	0.492612063885	-0.619804373667	0.782812412423	0.0552020410828	-3.49458265305	4.49028778076	0.312192678452
26	14	0.499755516648	0.0209755148892	-0.983620037511	-0.179029744965	0.176739022136	-5.63805675507	-0.983806848526
27	14	0.499537691474	-0.152714705361	0.962672299568	-0.223473180518	-0.877709805965	5.52591753006	-1.18691921234
28	14	0.499768868089	0.284904659385	-0.942628032757	-0.174016455892	1.57080435753	-5.4178519249	-0.946312427521
29	14	0.499949797988	-0.0688488346084	0.956976540005	0.281878945389	-0.369205236435	5.48356342316	1.59996581078
0	15	0.499979048967	-0.313285092645	0.857996315194	0.407056229335	-1.72258424759	4.96243906021	2.29911279678
1	15	0.499995589256	-0.556310812126	-0.683174116807	-0.473065964149	-3.09800100327	-4.02916526794	-2.68640756607
2	15	0.499999076128	0.60673252312	0.770518066875	-0.195390772576	3.41492891312	4.47406959534	-1.10934901237
3	15	0.499965175986	-0.185291922511	-0.835758506417	0.516889371532	-1.14448058605	-4.81927442551	2.88746953011
4	15	0.499310001731	0.740863804037	0.670589037529	0.0378307627947	4.24932479858	3.8499956131	0.183702230453
5	15	0.495905295014	-0.92920091997	-0.247125105915	0.274799622185	-5.28920555115	-1.43482720852	1.57846617699
6	15	0.458261042833	0.776712403341	-0.216507406015	-0.59147475486	4.11750411987	-1.09268283844	-3.17118310928
7	15	0.459369458258	0.00245213746856	0.881570096885	0.472046768128	0.0862354487181	4.72904682159	2.52019643784
8	15	0.483484596014	-0.909634011291	-0.309122765721	0.277505101241	-5.09955501556	-1.77438235283	1.54473757744
9	15	0.479378908873	0.454454268619	0.541621674522	-0.707189705399	2.61902952194	2.9894554615	-3.93207788467
10	15	0.418315321207	-0.376016489318	0.462250518966	-0.803079110347	-1.85343766212	2.35350608826	-3.8898973465
11	15	0.343397974968	-0.494294363384	0.859635633543	0.129227163823	-2.0068795681	3.5272693634	0.445948243141
12	15	0.458039030433	0.198050915612	0.969802713949	0.142332465878	0.999235391617	5.18099689484	0.702865600586
13	15	0.49818539992	-0.0297291067953	-0.570200236771	0.8209676426	-0.102096788585	-3.38179445267	4.63508701324
14	15	0.499960914254	-0.351774532068	0.81683462078	-0.457204419144	-2.04169487953	4.6313958168	-2.70299220085
15	15	0.499996766448	0.861425667105	-0.468736885803	0.195528903082	4.95747661591	-2.65840792656	1.21047258377
16	15	0.499999701977	-0.920359400642	0.196080772742	-0.338365045789	-5.31008243561	1.18074989319	-1.92485189438
17	15	0.499993588775	-0.546176449499	-0.310445257305	-0.778019940766	-3.07987189293	-1.83995461464	-4.55516147614
18	15	0.499995511025	0.274383083716	-0.20287329452	0.939976781491	1.53813695908	-1.12435686588	5.39982700348
19	15	0.499998858199	-0.175448070276	0.298476528076	-0.938152299376	-1.05862927437	1.60528683662	-5.40217018127
20	15	0.499986119568	0.324577144961	0.298576120437	0.897497619648	1.82033967972	1.71160888672	5.15301132202
21	15	0.499893905595	-0.0603005156323	-0.358089043517	-0.931738206111	-0.423075795174	-2.03565001488	-5.3278875351
22	15	0.498139962554	0.656049822379	0.253103970515	0.71101125917	3.69884061813	1.41548418999	4.14284563065
23	15	0.461626403034	-0.686697737912	0.41735203393	-0.595200383502	-3.69736242294	2.21227049828	-3.20853495598
24	15	0.446444485337	-0.581744374	0.224674490163	-0.781725563602	-3.02647209167	1.1461943388	-4.12124109268
25	15	0.496496386826	0.420105329324	-0.220247715925	0.880342237941	2.42252230644	-1.33634960651	5.02142095566
26	15	0.478438228369	0.184537631977	0.955637051045	-0.229572840411	0.991005599499	5.30103158951	-1.29674983025
27	15	0.473997429013	0.182833089166	-0.980262014805	-0.0752226284899	1.00008440018	-5.3681435585	-0.385944604874
28	15	0.498125523329	0.217247602137	0.968698451975	-0.120111566916	1.12789702415	5.57202959061	-0.668548345566
29	15	0.49977697432	0.211487332801	-0.966272164213	0.146939486632	1.20143079758	-5.5457072258	0.755660295486
0	16	0.499960631132	0.392034738677	-0.897537582775	-0.201829262438	2.22375917435	-5.14368391037	-1.15177750587
1	16	0.499997362494	-0.304583476797	0.812079853766	0.497750154967	-1.68844151497	4.7104382515	2.80238080025
2	16	0.499999418855	0.253625383549	-0.935408483902	0.24634352653	1.3954359293	-5.39101028442	1.37866902351
3	16	0.499981731176	-0.100083877654	0.991001442942	-0.0888783298658	-0.54001057148	5.66832923889	-0.581223487854
4	16	0.499844044447	-0.229520116259	-0.973291588523	0.00489897369541	-1.3702480793	-5.58255815506	0.129664897919
5	16	0.499333620071	0.583303915059	0.692884924376	-0.423871471379	3.30495834351	3.98016548157	-2.46490740776
6	16	0.49815498665	-0.19282940335	-0.44548271822	0.874277970082	-1.12850081921	-2.5532169342	4.99308252335
7	16	0.497985940427	-0.345295639049	0.466687409426	-0.814232020702	-1.94239962101	2.67391347885	-4.69547462463
8	16	0.498435541987	0.622401034315	-0.729798313766	0.282862817825	3.5729765892	-4.19819402695	1.61375570297
9	16	0.498373806477	-0.166724931961	0.868197536164	0.467371196441	-1.02908587456	4.98477983475	2.66620016098
10	16	0.487316653132	0.18586912228	-0.818789178323	-0.543173039504	1.03245460987	-4.65012073517	-2.99937295914
11	16	0.477049559355	0.289180309807	0.948058624485	-0.132512614343	1.52762103081	5.23997592926	-0.729800701141
12	16	0.497358009219	0.211865572457	-0.94917427357	0.232768506462	1.10470426083	-5.4482383728	1.33453226089
13	16	0.499815955758	0.149077628499	0.971994290147	-0.181667169856	0.839164376259	5.55135917664	-1.15706324577
14	16	0.499960497022	-0.155603177153	-0.360479451121	0.919696806877	-0.866485953331	-2.2004635334	5.24234676361
15	16	0.499988695607	-0.188435606778	0.187060274311	-0.964106050117	-1.17120718956	1.17245256901	-5.50276613235
16	16	0.499985426664	0.765053782023	-0.553165753774	0.329697375578	4.36870956421	-3.19745016098	1.90158867836
17	16	0.499955058098	-0.160263621213	0.982672213821	0.0931176240048	-0.97617483139	5.65266036987	0.623600006104
18	16	0.499970115721	0.272707098551	-0.191404692282	-0.942865357393	1.52710080147	-1.21255922318	-5.41602182388
19	16	0.499993573874	0.209091689835	0.579448478399	0.787730998579	1.16096282005	3.29316711426	4.54916667938
20	16	0.499995097518	-0.186394431365	-0.791531465623	-0.582009497246	-1.08453464508	-4.47207069397	-3.41253614426
21	16	0.499986004084	0.253858665542	0.11262493966	0.960661959742	1.52210950851	0.743943810463	5.48140239716
22	16	0.499456174672	-0.641872408652	-0.091439088189	-0.761340071297	-3.72076511383	-0.548309445381	-4.37255859375
23	16	0.498926103115	0.698141981055	-0.595122581454	0.398028751891	4.09272384644	-3.34820508957	2.27147197723
24	16	0.486740171909	-0.755208223364	0.646550918593	0.10785383178	-4.30587768555	3.65134263039	0.720351934433
25	16	0.471493801102	-0.412725004907	0.148580600428	-0.898655593373	-2.22430491447	0.846673429012	-4.94088363647
26	16	0.386584982276	0.494375924393	0.276405319859	-0.824131387907	2.31242728233	1.1988786459	-3.72578907013
27	16	0.358137995005	0.733455919131	-0.670138787662	0.113826270967	3.17702651024	-2.79429578781	0.395362615585
28	16	0.471757814288	0.644883572704	-0.711277079681	0.279660675779	3.49523544312	-3.91309690475	1.52256298065
29	16	0.499353155494	-0.445806340578	0.873442993506	0.195841884682	-2.55436015129	5.00627088547	1.04858517647
0	17	0.499990135431	-0.183489159992	0.90542275051	-0.382807224363	-1.06714010239	5.23145675659	-2.09541988373
1	17	0.49999833107	0.0375572892692	-0.848341640765	-0.528115432995	0.249487906694	-4.97920513153	-2.88742160797
2	17	0.499991759658	-0.185525005725	0.847513151513	-0.497294611134	-1.0448602438	4.88377952576	-2.81679797173
3	17	0.499989271164	0.138427543934	-0.778796775885	0.611811569809	0.788038611412	-4.48809051514	3.47541999817
4	17	0.49998000823	0.169295388109	0.147142703004	-0.974519418235	0.967659711838	0.982227087021	-5.58698320389
5	17	0.499931968749	0.0327355167081	-0.725155116065	0.687806981348	0.110304310918	-4.10052013397	4.00113487244
6	17	0.499931652099	0.148728296445	0.43139838675	-0.889817580039	0.851449012756	2.53267383575	-5.05607795715
7	17	0.499937407672	-0.239985684386	-0.609734255662	0.755401223696	-1.33137583733	-3.52092576027	4.3193602562
8	17	0.499875992537	-0.192670150538	0.860273115037	-0.472025826239	-1.12640702724	4.9258275032	-2.70009946823
9	17	0.499788582325	0.250562841225	-0.957753865752	-0.141158758975	1.43306529522	-5.4925160408	-0.742842435837
10	17	0.499866992235	-0.134015743004	0.988245550934	-0.0735561804806	-0.739806115627	5.6635761261	-0.377754688263
11	17	0.499638110399	-0.0312811462248	-0.960258365221	0.277354217407	-0.230087846518	-5.49512004852	1.56960344315
12	17	0.499790504575	0.64177671962	0.640340765088	-0.422002780464	3.55878448486	3.8084859848	-2.41461467743
13	17	0.499970093369	-0.267004580752	-0.893960571149	0.359920895598	-1.54321908951	-5.12123250961	2.02346253395
14	17	0.499988645315	0.500685721864	0.852187490165	-0.15195489307	2.803576231	4.92029428482	-0.989867210388
15	17	0.499900177121	0.358112266098	-0.490585206916	0.794406545558	2.04885292053	-2.89610290527	4.52486133575
16	17	0.499672681093	-0.778055649867	0.62813702852	-0.00856032195651	-4.43633842468	3.61796665192	-0.14119887352
17	17	0.499449849129	0.574219592521	-0.817600412079	-0.0424432059811	3.27225422859	-4.68224000931	-0.252859592438
18	17	0.499564230442	-0.401319964929	0.773277794949	0.490900944783	-2.30280303955	4.43316364288	2.80715560913
19	17	0.499970316887	-0.0294954193184	-0.771256921861	-0.635840216344	-0.151122257113	-4.4184961319	-3.62879514694
20	17	0.499992586672	0.0843395436008	0.846856893244	0.525090700498	0.561572551727	4.83617019653	3.01471805573
21	17	0.499996602535	-0.811818896049	-0.501082613353	-0.299777074862	-4.63549804688	-2.95503234863	-1.73916935921
22	17	0.499872840941	-0.0231657360359	0.66257992001	-0.748632886183	0.0624360218644	3.91685819626	-4.27895927429
23	17	0.499862506986	-0.667524759036	-0.516723714053	0.536103814023	-3.82152032852	-2.95165109634	3.14158916473
24	17	0.498788245022	0.16543940907	0.678250952323	-0.715964697174	1.07640480995	3.85016536713	-4.1535320282
25	17	0.490903869271	-0.178403925352	-0.950451827756	0.254584686371	-1.00338101387	-5.34796047211	1.55354881287
26	17	0.450520988554	-0.396326624532	0.497909407803	-0.771369838864	-2.00930023193	2.64899420738	-4.05354881287
27	17	0.442739024758	0.996079380976	-0.0283484757461	-0.083798751291	5.14056444168	-0.215331852436	-0.422837495804
28	17	0.495002530515	-0.637875229061	0.129862013548	-0.759112013861	-3.65158843994	0.845497846603	-4.31247425079
29	17	0.499829784036	0.557267832479	-0.814184517914	0.162960527962	3.16053915024	-4.68323802948	0.998921632767
0	18	0.499994456768	-0.159323909761	-0.949110875138	0.271669723144	-0.880429923534	-5.42005872726	1.59451532364
1	18	0.499994441867	0.0766001192111	0.81450428538	-0.575078421465	0.455817192793	4.73377895355	-3.21918749809
2	18	0.499942202121	-0.100277587718	-0.528517959888	0.842978749126	-0.536388039589	-3.1522231102	4.75924825668
3	18	0.499181315303	-0.320063874277	0.946395227629	0.0435337742914	-1.76626002789	5.50636911392	0.041778087616
4	18	0.499463981017	-0.276072574361	0.181071901209	0.943926321425	-1.5456533432	0.907280445099	5.46436071396
5	18	0.499720936641	0.11830025632	0.303406698674	-0.945488987008	0.727673947811	1.77862894535	-5.39877271652
6	18	0.499968461692	-0.132545876566	-0.834521707943	0.534794455448	-0.808193445206	-4.73176717758	3.1258687973
7	18	0.499994173646	0.635288976886	0.71362794821	-0.295200046378	3.53640174866	4.15561056137	-1.79695057869
8	18	0.499993532896	0.411502921668	-0.603920492368	0.682601922321	2.27489113808	-3.53823781013	3.90255379677
9	18	0.499992087483	-0.384929343401	0.836817957526	-0.389313635197	-2.16048455238	4.82449913025	-2.21491384506
10	18	0.499984532595	-0.331475128292	-0.943298701603	-0.0176578276729	-1.77517437935	-5.45498752594	-0.0479290485382
11	18	0.499974817038	0.206583536022	0.964725521714	-0.163180606688	1.10208725929	5.55233287811	-0.919573783875
12	18	0.499979585409	0.128707447289	-0.958454480811	0.254557265119	0.698613703251	-5.5046749115	1.44156336784
13	18	0.499996244907	0.0414169705487	0.999007761976	0.0163745553267	0.246467337012	5.71770191193	0.0159766674042
14	18	0.499921411276	-0.323447205263	-0.942936178999	0.0790776058209	-1.80561494827	-5.41312837601	0.522315979004
15	18	0.499782294035	-0.37352264819	0.801827278612	-0.466426678657	-2.11400508881	4.58953952789	-2.71247816086
16	18	0.49618037045	0.76413750871	-0.57301908604	0.296214440593	4.34085988998	-3.30596399307	1.66962718964
17	18	0.474874094129	-0.564152788709	0.74108564477	-0.364038044863	-3.12438821793	4.06574440002	-1.93318009377
18	18	0.498153552413	0.616555955671	-0.78530062805	0.056228792543	3.50861644745	-4.5264248848	0.251102924347
19	18	0.499452859163	-0.0439743276378	0.863907611531	0.501726915012	-0.273141860962	4.94393920898	2.87831020355
20	18	0.499978840351	-0.442983941406	-0.784334814361	-0.434262739178	-2.50887298584	-4.50242376328	-2.4963927269
21	18	0.499996006489	0.889425685655	0.443181065667	0.11185925412	5.06438493729	2.62432861328	0.599869251251
22	18	0.499984100461	-0.592651227143	-0.664364103706	0.455395279591	-3.3780374527	-3.79227495193	2.6656897068
23	18	0.49993481487	0.253854022337	0.104238207019	-0.961609344558	1.55231690407	0.62069439888	-5.48349952698
24	18	0.496897414327	-0.543295308474	0.429232648943	0.721518912345	-3.09547042847	2.28312659264	4.26533079147
25	18	0.493395701051	0.385557881526	0.729187005125	-0.565359559528	2.21588468552	4.13518047333	-3.23951554298
26	18	0.458801433444	-0.602581494109	-0.775688132315	0.187625862669	-3.15805244446	-4.14624977112	1.02969455719
27	18	0.490615516901	0.198980729305	0.96533504152	-0.168922843273	1.08065891266	5.47857713699	-1.02937579155
28	18	0.499252770096	0.107034075862	-0.488960921875	0.865714111866	0.623584210873	-2.87257933617	4.91745376587
29	18	0.499954879284	0.00239482570507	0.838461375604	-0.544955765571	-0.020370863378	4.80687236786	-3.112885952
0	19	0.499997705221	0.294150060636	0.925126713615	-0.240033967561	1.67967832088	5.29624176025	-1.36978316307
1	19	0.499937042594	-0.280098709367	-0.949922390773	-0.138535787862	-1.60153508186	-5.46506214142	-0.657172203064
2	19	0.499260783195	0.12077495016	0.798484797244	-0.589775753981	0.744769215584	4.55520820618	-3.38395929337
3	19	0.494816467166	-0.549764915371	-0.65261709873	0.521391849066	-3.08759880066	-3.75607466698	2.99671649933
4	19	0.491116428748	0.0223435623914	-0.00955733663122	-0.999704667657	0.224102631211	-0.0299813188612	-5.66910362244
5	19	0.497970178723	-0.754604067981	-0.211934202669	0.62101255569	-4.28338813782	-1.25903654099	3.61402988434
6	19	0.499681279063	0.292031331347	0.685104089224	-0.667345553998	1.68547654152	3.98532986641	-3.77242326736
7	19	0.499961510301	-0.281116775204	-0.898248173918	0.337821812131	-1.56843209267	-5.14234447479	1.98836445808
8	19	0.499987635761	-0.090374111881	0.529873887016	-0.843247403649	-0.51325404644	3.16137814522	-4.76833868027
9	19	0.499998264015	0.313939721028	-0.782133888016	0.538245699265	1.78880286217	-4.48136425018	3.06941413879
10	19	0.499999463558	-0.445579318545	0.887141574891	-0.120161961474	-2.52838754654	5.09608411789	-0.694653511047
11	19	0.499998211861	0.773294482705	-0.580145785639	-0.255825155963	4.38481473923	-3.45790958405	-1.37131643295
12	19	0.499998420477	-0.685497762547	0.728068677864	-0.00296948750641	-3.86061525345	4.23492431641	-0.0590696334839
13	19	0.499993264675	0.18801045689	-0.899975579592	0.393314154638	1.0533118248	-5.18791532516	2.19700479507
14	19	0.499861158431	0.289130606323	0.758521898865	-0.583993168992	1.60495519638	4.35026741028	-3.36565852165
15	19	0.493024604395	-0.0142242066291	-0.372954229927	0.927740704251	-0.015756521374	-2.21324110031	5.24589014053
16	19	0.444870106876	-0.52248616281	0.433516695927	0.734214875921	-2.79533171654	2.33676481247	3.72543954849
17	19	0.328559458256	-0.8508596019	0.466888252454	-0.240942519233	-3.31737422943	1.8742005825	-0.881438493729
18	19	0.446474686265	-0.863953025997	0.395680869144	0.311483255832	-4.47459030151	2.09305644035	1.58994460106
19	19	0.499098777771	0.332560975995	-0.546434165423	-0.768643545543	1.84316110611	-3.18961501122	-4.39131641388
20	19	0.499920614064	0.233286438727	0.782643919158	0.577101319796	1.31499350071	4.54825592041	3.26287555695
21	19	0.499996483326	-0.56880012474	-0.626074374245	0.533382879374	-3.26520299911	-3.68496108055	2.97865486145
22	19	0.499986283481	0.391466393139	0.63505342446	-0.665928833378	2.25610303879	3.60435009003	-3.83809375763
23	19	0.499435536563	-0.503738964558	0.216637731123	0.83625064965	-2.8347671032	1.07977473736	4.89017724991
24	19	0.492349732667	-0.241891663692	0.435904145165	-0.866877153502	-1.29897391796	2.40828371048	-4.98349046707
25	19	0.412723124027	-0.218303479612	-0.969535737185	-0.111103758305	-1.04385972023	-4.66603946686	-0.497368812561
26	19	0.300637431443	-0.157076583294	-0.911729768517	0.379573149974	-0.610547065735	-3.27760744095	1.33414912224
27	19	0.463495850563	-0.480309443929	-0.662825658284	0.57442578702	-2.53132796288	-3.59331822395	3.05557513237
28	19	0.499296568334	-0.0316455949219	0.675492353149	-0.736687611651	-0.124588564038	3.89032936096	-4.19218349457
29	19	0.49996933341	-0.000658016400277	-0.848931844844	0.528501929821	-0.0361377522349	-4.85384511948	3.02502632141
0	20	0.499997183681	-0.651579570366	-0.753462554737	0.0879672785171	-3.65377426147	-4.37299203873	0.573949337006
1	20	0.499825298786	0.338923948958	0.93476303472	-0.106529928866	1.99563395977	5.33953809738	-0.71257853508
2	20	0.495953995734	-0.32339713809	-0.244439238304	0.914146459739	-1.84898793697	-1.46592485905	5.22951078415
3	20	0.42926222086	0.979765828738	-0.19254727363	0.0546302869747	4.93805217743	-0.919338703156	0.220025539398
4	20	0.364813536406	0.974770253148	0.132662511609	0.17950936352	4.19994544983	0.595383524895	0.775008916855
5	20	0.452209196985	0.840092256706	-0.0654861479784	0.538476150489	4.46750831604	-0.282643318176	2.81374692917
6	20	0.494999751449	0.157948746606	-0.891448147208	-0.42470271283	0.825155735016	-5.13658046722	-2.38084363937
7	20	0.499558761716	-0.496745928961	0.862134170409	-0.0998406443968	-2.76596021652	4.99241065979	-0.577078819275
8	20	0.499875307083	-0.285889640052	-0.936164854677	-0.204603222305	-1.53654718399	-5.46577215195	-1.00535297394
9	20	0.499995782971	-0.215493984295	0.745360519166	-0.630872442892	-1.25159811974	4.34052562714	-3.53018760681
10	20	0.499999582767	0.416745371255	-0.894448269163	0.162128311315	2.37462711334	-5.1166100502	0.951097726822
11	20	0.499999940395	-0.406009969954	0.79567585722	-0.449506211898	-2.33495903015	4.60522890091	-2.48488855362
12	20	0.499999016523	0.334768201382	-0.912755101057	0.234111889568	1.93934559822	-5.21410083771	1.34544706345
13	20	0.499965399504	0.0573299674839	0.979515409997	0.193035842286	0.285458683968	5.69040584564	0.916429758072
14	20	0.499842731282	-0.13773309477	-0.358461860405	0.923328050717	-0.758992433548	-2.14378380775	5.27682685852
15	20	0.498828899115	-0.444470247624	0.19966976257	-0.87325722722	-2.43900990486	1.18284606934	-5.03292560577
16	20	0.482183825225	0.393977280375	-0.195273039328	0.898137151364	2.19670534134	-1.09631335735	5.01305437088
17	20	0.405507132411	-0.608896477719	0.642525453759	-0.465194712667	-2.90297293663	3.04463624954	-2.17386841774
18	20	0.457066031173	-0.126905761123	0.377712882612	-0.917184772062	-0.692224979401	1.96743774414	-4.88862276077
19	20	0.498155787587	0.422061795965	0.453632201683	0.784908699138	2.31256103516	2.7075073719	4.53204679489
20	20	0.499813377857	0.45258975677	-0.887614703445	-0.085455545725	2.47997570038	-5.157081604	-0.537488937378
21	20	0.499989882112	-0.045636243412	0.996432653839	-0.0709880246962	-0.227927684784	5.71850204468	-0.526291370392
22	20	0.499996434897	0.0818174793688	-0.526441410359	0.84626552661	0.463416397572	-3.07720112801	4.81268978119
23	20	0.499917246401	-0.188615309288	0.802987680433	-0.565362759805	-1.1098960638	4.52066898346	-3.40075731277
24	20	0.497034311295	0.596003285232	0.182943965218	0.781864175917	3.35271191597	0.948511898518	4.53465461731
25	20	0.459815092385	0.0180986376062	-0.299068098565	-0.954060119561	0.0486669316888	-1.56567287445	-5.10629796982
26	20	0.435632660985	-0.368463153678	-0.918091576726	0.146091618949	-1.83393669128	-4.63666057587	0.746879577637
27	20	0.496036306024	0.0831624318751	0.996246950774	0.0240004791313	0.531705975533	5.68384885788	0.0826539993286
28	20	0.499797746539	-0.464453975478	-0.791448301713	0.397356377046	-2.5844745636	-4.56072950363	2.30242133141
29	20	0.499986052513	0.175826588154	0.796005173021	-0.579189757698	1.06188380718	4.58072471619	-3.26615834236
0	21	0.499993339181	0.302108680564	0.87135817781	-0.386607386235	1.78709244728	4.96005725861	-2.22976088524
1	21	0.499950923026	-0.521365899972	-0.259093694809	0.813048618261	-2.91793394089	-1.58096456528	4.72100114822
2	21	0.49908824265	-0.631545511363	-0.280510665774	-0.722816735739	-3.56284475327	-1.55360019207	-4.2560133934
3	21	0.448016837239	0.529117178694	0.68936048929	0.494789982737	2.77863311768	3.55557847023	2.6014456749
4	21	0.386497870088	0.660373623933	0.74718352517	0.07498970948	3.0463347435	3.37883877754	0.320732355118
5	21	0.46199661307	0.262293475065	0.222398274038	-0.939010724456	1.44844770432	1.1973733902	-5.06272983551
6	21	0.492870531976	0.455307835841	0.669589002187	0.586809460363	2.51951789856	3.87493228912	3.36301159859
7	21	0.49613853544	0.697590655605	-0.466173375951	0.544104457589	3.94368767738	-2.77796697617	3.10263681412
8	21	0.499532088637	-0.152339580833	0.845739989674	-0.511386861367	-0.901071667671	4.84394550323	-2.92661070824
9	21	0.499907210469	0.499416781205	-0.82442329078	0.266287657	2.77811837196	-4.76920890808	1.58826589584
10	21	0.49999320507	-0.376774097506	0.903194449243	0.205623603475	-2.09999418259	5.24415683746	1.08445882797
11	21	0.499999627471	-0.0179533671755	-0.999832221793	0.00363385086599	-0.0558201521635	-5.74597454071	0.11428809166
12	21	0.49999216944	-0.550771222537	0.557368634794	-0.621281953201	-3.05946850777	3.30759096146	-3.57243990898
13	21	0.499949470162	0.111828805063	-0.442528816208	0.889754216165	0.640474319458	-2.58379507065	5.08715343475
14	21	0.499423859641	0.021530077931	0.322709952191	-0.946253001317	0.116121381521	1.83998227119	-5.40246725082
15	21	0.496857002378	-0.222935917601	-0.373799821167	0.900318427191	-1.21041762829	-2.11869192123	5.17566490173
16	21	0.467663854361	-0.32240889415	0.507081746359	-0.799325094991	-1.69208478928	2.74592852592	-4.34838008881
17	21	0.485206350684	-0.625564805766	-0.742191461693	0.24045895279	-3.51224756241	-4.2196893692	1.3386900425
18	21	0.492898479104	-0.363808974409	-0.315321793207	0.876478862762	-2.08762836456	-1.69682598114	5.12494754791
19	21	0.499504446983	0.40243059031	-0.909002928255	0.108458731352	2.33603835106	-5.25830984116	0.559087276459
20	21	0.499985158443	-0.0754197209077	0.954078929934	-0.289905607317	-0.467500269413	5.45662498474	-1.65786266327
21	21	0.499997064471	-0.345893956304	-0.639836886968	0.686269720349	-1.87704348564	-3.78623557091	3.90513134003
22	21	0.499998804182	-0.403121759552	0.256454386094	-0.878478226725	-2.23959469795	1.57855820656	-5.0534954071
23	21	0.499981995672	0.605161423669	-0.00674455723855	0.796074219059	3.38341569901	-0.140668347478	4.64722490311
24	21	0.499778239056	-0.299978486244	0.13946663369	-0.943695907524	-1.71345925331	0.757634997368	-5.4091296196
25	21	0.499525353312	0.282821585944	-0.259713384612	0.923342248778	1.58489155769	-1.51102495193	5.31121826172
26	21	0.499138057232	0.183992449923	0.979430863253	0.0828369632435	1.08324384689	5.63041782379	0.367091417313
27	21	0.499315053225	-0.280996519207	-0.95952725951	0.0186653274935	-1.63831686974	-5.4858379364	0.172308444977
28	21	0.499971657991	0.265497272742	0.770834131345	-0.579073346063	1.60255408287	4.44922494888	-3.24457263947
29	21	0.499994814396	-0.402936376315	-0.857076896861	0.321031882388	-2.29248523712	-4.89559030533	1.86185145378
0	22	0.499993905425	-0.444212358459	-0.824578821022	0.350350037126	-2.49757671356	-4.72729873657	2.08207559586
1	22	0.4999735374	-0.224263842939	0.220950401574	-0.94915048796	-1.28195750713	1.33340835571	-5.44529724121
2	22	0.499389223754	0.598848496809	-0.290028764734	0.746501033821	3.42940163612	-1.58062148094	4.29363965988
3	22	0.497983671725	-0.75572095272	-0.249853716842	-0.605358539876	-4.2951259613	-1.37565255165	-3.51858139038
4	22	0.48650560528	0.21389765932	-0.0548627374064	0.975314242376	1.28880095482	-0.290757477283	5.47944879532
5	22	0.465882897377	-0.879192803508	-0.37510353892	-0.293798143885	-4.78463363647	-2.00918626785	-1.61526489258
6	22	0.438307754695	-0.124551251589	-0.888178769127	-0.442295670113	-0.652609944344	-4.51735258102	-2.32766056061
7	22	0.452926308848	-0.211436638879	-0.118013431458	-0.970240886448	-1.1195704937	-0.589152097702	-5.13413906097
8	22	0.498866615817	0.0216433656667	-0.40254393792	0.915144766016	0.0534531325102	-2.32460236549	5.24702596664
9	22	0.499793387949	0.548884112976	0.41475315496	-0.725745169446	3.12036991119	2.43734169006	-4.16275215149
10	22	0.49999473989	-0.808540213599	-0.489717606794	0.326250499752	-4.61277008057	-2.86643695831	1.89344525337
11	22	0.499999269843	0.62482796935	0.590368226513	-0.510935774675	3.57530736923	3.42560720444	-2.88309884071
12	22	0.499986186624	-0.459802299839	-0.690815754191	0.557992328644	-2.60735273361	-3.93226218224	3.27303218842
13	22	0.499879279174	0.133513930876	0.0851792667181	-0.987379624452	0.773379385471	0.566891431808	-5.65006780624
14	22	0.498148694634	0.259285670525	0.0350325038456	0.965165097139	1.39821314812	0.155465379357	5.54317092896
15	22	0.442560508847	0.3313219712	-0.590455623359	-0.735926564437	1.67623972893	-2.98566174507	-3.82138943672
16	22	0.347292264923	0.0420495909649	0.0589151405391	-0.997376978938	0.265312045813	0.141583770514	-4.08479309082
17	22	0.483635947108	0.76230054923	0.638728916682	-0.104514322642	4.23332214355	3.56378269196	-0.642023086548
18	22	0.498921185732	-0.625069737346	-0.742420145009	0.241039730625	-3.56082773209	-4.34759378433	1.38656449318
19	22	0.499816782773	-0.72504286843	0.345102411145	-0.596000977147	-4.08416652679	2.1581838131	-3.44421339035
20	22	0.49999730289	0.256406293293	-0.882635324385	0.393967888167	1.52064180374	-5.03758239746	2.27213287354
21	22	0.499997869134	-0.201534147426	0.974001470333	0.10346556534	-1.12413489819	5.61495542526	0.445310354233
22	22	0.499977990985	-0.360251765679	-0.915381576997	0.179708747197	-1.9890255928	-5.2876958847	1.16482639313
23	22	0.499885365367	0.619537849427	0.290605697275	-0.729192143292	3.47812652588	1.71943366528	-4.25879335403
24	22	0.499450605363	-0.453571468438	0.306380698469	0.836901302798	-2.52790784836	1.65720295906	4.87520217896
25	22	0.498208758421	-0.136435537457	0.158712432577	-0.977852600275	-0.729247808456	0.903543233871	-5.61335754395
26	22	0.498295545578	-0.554756649205	-0.784067699827	0.278357507983	-3.19000911713	-4.45944261551	1.70508766174
27	22	0.499945305288	0.768020059601	0.258638536408	-0.585876519017	4.43941879272	1.56537914276	-3.29111599922
28	22	0.499983876944	-0.942632575291	-0.333811293425	-0.00372134137415	-5.37694311142	-2.00361680984	0.0717296600342
29	22	0.499998435378	0.557772379451	0.820136492305	-0.127538647915	3.19735956192	4.68475532532	-0.78621840477
0	23	0.499986477196	0.0708819552248	0.713487719595	-0.697073182967	0.373891800642	4.10474061966	-3.99366378784
1	23	0.499927952886	0.856213620129	-0.127553199085	0.500628023695	4.8394408226	-0.834249734879	2.99700307846
2	23	0.499291099608	-0.654740362271	0.133711848295	-0.743932926841	-3.72868323326	0.791852712631	-4.2512960434
3	23	0.495682448149	0.615321547508	-0.144666964757	0.774887645069	3.52621722221	-0.788069665432	4.4028468132
4	23	0.467259116471	-0.736017535702	0.192290532987	-0.649078221837	-3.97934150696	1.00516307354	-3.56009292603
5	23	0.406407490373	-0.0814824581731	0.994959973825	0.0584402215659	-0.421408951283	4.7734246254	0.237646341324
6	23	0.402813866735	-0.363120972288	0.688229674545	-0.628078876066	-1.75099182129	3.21575593948	-2.96911787987
7	23	0.445650972426	-0.55568853575	-0.390034080764	-0.734223172529	-2.96978259087	-1.99334859848	-3.79542636871
8	23	0.495546862483	0.867463753841	0.0053784372878	-0.497471313931	4.96577692032	0.0964747667313	-2.82554197311
9	23	0.499928861856	-0.793775503211	-0.273792545157	0.54310044441	-4.55886220932	-1.54274296761	3.09066867828
10	23	0.499994069338	0.978430267481	0.163244585522	-0.126591535952	5.57867002487	1.00010967255	-0.79469537735
11	23	0.499988093972	-0.859803991936	-0.484729163375	0.160545113987	-4.93466663361	-2.74285984039	0.948231458664
12	23	0.499840058386	0.699573349642	0.307951450983	-0.644796892291	3.96083974838	1.8370102644	-3.72127103806
13	23	0.498606476933	-0.505963393791	-0.312227354988	0.804061641257	-2.83283615112	-1.81982910633	4.61822652817
14	23	0.497846387327	0.067619446307	0.510234762552	-0.857372787978	0.405677229166	2.92814230919	-4.90067958832
15	23	0.447411071509	0.180154778219	-0.548628383875	0.816425840044	0.945152699947	-2.87729668617	4.22516012192
16	23	0.375235930085	0.518551879417	-0.833094330818	-0.192503985185	2.26717996597	-3.65744662285	-0.91805100441
17	23	0.485453188419	-0.595315911227	-0.694890957611	0.403392517123	-3.297924757	-3.93115615845	2.24214863777
18	23	0.499097913504	0.316775493943	0.912831742641	-0.257665473169	1.80476975441	5.20052051544	-1.54404234886
19	23	0.499954618514	0.21214164706	-0.596835864112	0.773810618234	1.2319675684	-3.47397065163	4.39738941193
20	23	0.499995328486	-0.666415647616	0.279272801747	-0.691300865628	-3.79859685898	1.74574184418	-3.9353158474
21	23	0.499998509884	0.448541027284	-0.722788287027	0.525726201534	2.5821082592	-4.14000368118	2.99536371231
22	23	0.499972686172	-0.47868939368	0.579651110594	-0.659439955088	-2.69289970398	3.38421726227	-3.76717758179
23	23	0.499335996807	-0.0591845872421	-0.70784756365	0.703881390056	-0.309024333954	-4.00603914261	4.09176063538
24	23	0.492606444284	0.137522385698	-0.0742461442354	-0.987712054952	0.739353179932	-0.434559226036	-5.61079025269
25	23	0.473183430731	0.410712089873	0.551838311558	0.725803042932	2.18078613281	2.9629573822	4.05036592484
26	23	0.495592247695	0.603663325309	-0.0889648687518	-0.792259958476	3.487606287	-0.47007638216	-4.51461648941
27	23	0.499329969287	-0.934155498946	0.193709709917	0.299716619614	-5.37933635712	0.981255054474	1.74221014977
28	23	0.499954879284	0.895344370908	0.441519054687	-0.0584754805949	5.11921739578	2.57051181793	-0.375069379807
29	23	0.499992646277	-0.313021778958	-0.762285941748	0.566513467546	-1.84697890282	-4.37884044647	3.20159292221
0	24	0.499923534691	0.221327885601	-0.672999943934	0.705751402776	1.21594309807	-3.89035511017	4.01627063751
1	24	0.499455817044	-0.267052410621	0.69423020436	-0.668376715135	-1.57697725296	3.93383359909	-3.84257912636
2	24	0.49484404549	0.33965590257	-0.342381684756	0.876018635528	1.9557749033	-1.94540977478	4.97581100464
3	24	0.43002268672	-0.469722041119	-0.692310562126	-0.547783980832	-2.37958168983	-3.40555620193	-2.79951572418
4	24	0.393969841301	-0.595044851425	0.105589525471	-0.796726099047	-2.79422187805	0.577408492565	-3.67980957031
5	24	0.396675243974	-0.557303253835	0.811093209045	0.177597549265	-2.63239598274	3.82242751122	0.809592485428
6	24	0.44909388572	-0.436086053923	0.571868450618	0.694834821207	-2.32750558853	3.02881979942	3.62783765793
7	24	0.496359601617	0.934374344577	0.264482065296	0.238733787582	5.35667896271	1.48498022556	1.36833071709
8	24	0.499634116888	-0.988366450877	-0.15195163327	-0.0065161282683	-5.65209197998	-0.861772119999	0.0176773071289
9	24	0.499955192208	0.898051117774	0.0187027898119	-0.439493339561	5.14234447479	0.149649187922	-2.50218105316
10	24	0.499926015735	-0.804895382192	-0.349756400015	0.479389074108	-4.67909669876	-1.92916536331	2.68866062164
11	24	0.499396428466	0.922445685826	0.0956072661356	0.37410320416	5.39313840866	0.57474219799	2.05423331261
12	24	0.498219184577	0.401981740633	-0.498054557727	0.76834389288	2.21702003479	-2.90351939201	4.49499702454
13	24	0.475667156279	0.0138048510117	0.781338635007	-0.623954616565	0.0542435124516	4.26152706146	-3.48273849487
14	24	0.467125952244	-0.384627058163	-0.919505193409	0.081069263123	-2.11988854408	-4.96596240997	0.505753040314
15	24	0.487006366253	0.734623443957	0.142249270229	-0.663395463285	4.11803817749	0.934551894665	-3.75939846039
16	24	0.472859039903	-0.0762402912669	-0.986419706954	0.145477076272	-0.446183770895	-5.38265037537	0.868908166885
17	24	0.49862344563	0.168437415931	0.838310494185	-0.518521313211	0.930546760559	4.81586837769	-2.93904995918
18	24	0.499748937786	-0.0953415002303	-0.805182997554	0.585312172079	-0.54920566082	-4.6486287117	3.28552651405
19	24	0.499985679984	0.189097667344	0.950054535198	-0.248270925312	0.975279986858	5.46234083176	-1.47229886055
20	24	0.499996364117	0.72659898904	-0.682231193787	-0.0813296216025	4.12643814087	-3.99079561234	-0.336600065231
21	24	0.499997630715	-0.510380260588	0.741498491513	-0.435536424064	-2.94399738312	4.22477054596	-2.49484205246
22	24	0.499983236194	0.77054742725	-0.413509682114	0.48504268385	4.34074401855	-2.45333337784	2.81921648979
23	24	0.498338833451	-0.5293814324	0.584907934892	-0.614522584395	-3.0464193821	3.30134677887	-3.55170369148
24	24	0.481188490987	0.699733171464	0.646162210042	0.304709512596	3.90050649643	3.54532003403	1.85604476929
25	24	0.346073184162	-0.427608892324	-0.292119045706	0.855463089994	-1.75450897217	-1.11161780357	3.50837111473
26	24	0.419021129608	-0.564189483478	0.165487836533	0.808890599953	-2.7568693161	0.787027716637	3.93904304504
27	24	0.493537351489	0.741917177924	0.649718590596	0.165603907369	4.24084711075	3.69844102859	0.865777015686
28	24	0.499693527818	-0.308840943965	-0.938045308443	-0.157125015957	-1.84461236	-5.38398694992	-0.795508623123
29	24	0.499950706959	0.388751235155	0.825929510972	-0.408304935154	2.18007230759	4.7364487648	-2.37501382828
0	25	0.499696806073	-0.204876979146	0.865565422971	-0.456970373189	-1.1818215847	4.91886615753	-2.67641663551
1	25	0.499569751322	0.340637468134	-0.728298554534	0.594598461793	1.90153694153	-4.18283700943	3.40837836266
2	25	0.483600383624	-0.239416713525	0.347619190422	-0.906554210037	-1.32703387737	2.00531125069	-5.06049442291
3	25	0.413729228079	-0.58540798481	0.456377583646	-0.670087302122	-2.86844015121	2.22148990631	-3.23506593704
4	25	0.429156452417	-0.115688935533	0.968977992368	0.218398078065	-0.621158361435	4.87661314011	1.01860976219
5	25	0.424071028829	-0.957973871238	0.166908081791	0.233297565907	-4.79343318939	0.810732007027	1.19745230675
6	25	0.438739538193	-0.364365504161	-0.927128953147	0.0875767298702	-1.87945604324	-4.77355623245	0.377810001373
7	25	0.471440717578	-0.716569027096	0.0874558732102	-0.692011777102	-3.98956131935	0.449012607336	-3.73867321014
8	25	0.499209344387	0.981478849206	0.146245610745	-0.123739605219	5.6200428009	0.829929113388	-0.704631328583
9	25	0.499891340733	-0.868654642548	0.0178317388286	0.495097102668	-4.98131990433	0.123549312353	2.80272889137
10	25	0.499565914273	0.826035335675	-0.238797091758	-0.510530678005	4.78034353256	-1.39943003654	-2.86343550682
11	25	0.493718236685	-0.256881418554	0.94124166536	-0.219262546261	-1.54271829128	5.37369346619	-1.24765872955
12	25	0.466917999089	-0.427972518203	-0.368760385669	-0.825139564937	-2.29987692833	-1.97330355644	-4.49104118347
13	25	0.343086607754	-0.81211435497	-0.086935667422	-0.57698567069	-3.27118873596	-0.352812469006	-2.38590145111
14	25	0.361123859882	-0.854535587426	-0.443894219617	-0.269679164217	-3.64714860916	-1.89666819572	-1.12516236305
15	25	0.485943675041	0.250071601096	-0.745521674396	0.617787687909	1.31770253181	-4.1910161972	3.4865489006
16	25	0.499149620533	-0.0794371217925	0.910863077551	-0.404991601932	-0.497866392136	5.1949005127	-2.32288455963
17	25	0.499441221356	0.501267025767	-0.809272945552	0.306282008084	2.80393028259	-4.6570725441	1.7945098877
18	25	0.499971345067	-0.180303127604	0.963902344237	-0.195915933376	-1.02894711494	5.50545358658	-1.16784572601
19	25	0.49998062849	0.1962705938	-0.965793599499	0.169471464195	1.11520159245	-5.51733589172	0.999945402145
20	25	0.499987617135	-0.285961161721	0.916279883612	-0.280459246371	-1.67756688595	5.23839521408	-1.58637905121
21	25	0.499991670251	0.357436445383	-0.630750000901	0.688762385642	2.06108188629	-3.64111232758	3.90410017967
22	25	0.499933861196	-0.107157673276	0.8152016364	-0.569177937968	-0.745757520199	4.63306760788	-3.2939684391
23	25	0.499353580177	0.480346018149	-0.474673696953	0.737531412395	2.77108931541	-2.7553062439	4.18044090271
24	25	0.4885321334	-0.646678925212	0.0739137904737	-0.75917265445	-3.65747952461	0.437311649323	-4.2688627243
25	25	0.398813560605	-0.850005496066	0.0442644085984	0.524910772217	-3.94575738907	0.21747687459	2.46912574768
26	25	0.43381293118	-0.69842098224	0.694436070664	-0.173108853985	-3.52458524704	3.53277039528	-0.857841014862
27	25	0.496331065893	-0.501870129327	-0.828739089449	0.247624503854	-2.82675528526	-4.76976537704	1.39961338043
28	25	0.499656550586	-0.150027234569	0.618341763465	-0.77145660438	-0.775135040283	3.6754450798	-4.35765600204
29	25	0.499367393553	-0.20409473566	-0.528479790568	0.824047601681	-1.1778408289	-3.10588932037	4.67083930969
0	26	0.469086542726	0.664715188589	-0.598325484935	0.447392816367	3.55678939819	-3.31719732285	2.46129751205
1	26	0.498768702149	0.222517834969	0.953052565589	-0.205369472766	1.1839568615	5.46725559235	-1.22164225578
2	26	0.498752072453	-0.219905231296	-0.966540388567	0.132065765881	-1.28784418106	-5.5218667984	0.840163707733
3	26	0.487677082419	0.86682224959	0.479531561397	-0.136633338682	4.8364238739	2.79538321495	-0.735355377197
4	26	0.477319478989	0.487889976135	-0.871868452338	0.0425296720445	2.6393237114	-4.87652301788	0.267017364502
5	26	0.417458534241	-0.516649895748	-0.655801578368	-0.550451791744	-2.5308599472	-3.17500519753	-2.74254226685
6	26	0.367814186029	0.0559519568983	-0.0441018981456	-0.997458972138	0.185933709145	-0.282970488071	-4.33592271805
7	26	0.43581024278	-0.111212728177	0.171792683983	-0.978835534102	-0.499352306128	0.916684389114	-4.99916267395
8	26	0.497224777937	-0.859272992282	-0.311677719022	0.405594531769	-4.90867090225	-1.74730634689	2.3438744545
9	26	0.499855101109	0.808982060518	-0.360410303364	-0.464383934896	4.69178676605	-1.97371482849	-2.64671230316
10	26	0.499719962478	-0.822699847109	0.466142098955	-0.325386700941	-4.81402873993	2.66874599457	-1.80208563805
11	26	0.496327096596	-0.0870351231058	-0.348331478132	0.933322060539	-0.423143953085	-2.11108517647	5.41534852982
12	26	0.497552942485	0.189336985843	0.226222689418	0.955497148392	1.07495629787	1.32043910027	5.51716327667
13	26	0.460907233879	-0.234325785761	0.180062255457	-0.955337118659	-1.247433424	0.961522817612	-5.10785293579
14	26	0.467203460634	-0.657319191935	-0.539924141334	0.525750322415	-3.54782247543	-2.92058849335	2.854596138
15	26	0.499118238688	0.332909446692	0.581614718758	-0.742223429452	1.86043930054	3.38046169281	-4.23403072357
16	26	0.4997587502	0.338181404029	-0.790756202873	0.510233246258	1.89182519913	-4.50970649719	2.9970536232
17	26	0.499912381172	-0.704906415827	0.442825677474	-0.554086964561	-3.95192575455	2.67209649086	-3.19224405289
18	26	0.499866068363	0.0449284831171	-0.93108861803	0.362015768689	0.292134106159	-5.33022356033	2.08786725998
19	26	0.49975669384	-0.345179793129	0.852245045482	-0.393102140502	-1.9187117815	4.9161939621	-2.21202135086
20	26	0.499215468764	0.362318785298	-0.91977491499	-0.150795237243	2.14177131653	-5.28073120117	-0.706951856613
21	26	0.499788336456	-0.562385468923	0.315174449594	-0.764452516948	-3.2270128727	1.93687129021	-4.33057451248
22	26	0.499867677689	0.695514884936	-0.544238200272	0.469109610003	3.94995832443	-3.15292024612	2.68832111359
23	26	0.498759508133	-0.638612653638	0.768995071711	0.0286436432248	-3.68089914322	4.38704776764	0.0327930450439
24	26	0.496033892035	0.727503338478	-0.267717605587	0.631716848091	4.14710330963	-1.55201864243	3.611566782
25	26	0.46871538274	0.319044840714	-0.0251993597799	-0.947404550274	1.68337845802	-0.11477778852	-5.19356393814
26	26	0.479818046093	0.281262010018	-0.862069379114	0.421578067876	1.53647685051	-4.82677507401	2.31629347801
27	26	0.493725463748	0.391856953627	0.800952704754	0.452684098066	2.23065781593	4.66020298004	2.46269416809
28	26	0.494823738933	0.209074184891	-0.971054865655	-0.115500792637	1.06601333618	-5.59081745148	-0.597007751465
29	26	0.466455370188	0.841411358325	0.503006833565	-0.197512155243	4.54071331024	2.78214073181	-1.10854244232
0	27	0.377315293998	0.180308417518	0.269464349718	0.945979830019	0.867690324783	1.10775113106	4.22849464417
1	27	0.493542224169	0.0158923840491	-0.994158903491	0.106749738819	0.0611152164638	-5.64593362808	0.646925449371
2	27	0.499479614198	0.293475211711	0.782739453692	-0.548808935556	1.71206080914	4.54429149628	-3.03768897057
3	27	0.499569937587	-0.74962787738	-0.632329783115	-0.195491920141	-4.24818515778	-3.70747804642	-1.06570100784
4	27	0.495426088572	0.552003079862	0.833610038984	0.019669843101	3.0636973381	4.80792951584	0.0953340530396
5	27	0.484673976898	0.585655376901	-0.766497564112	0.263608163223	3.20792579651	-4.35486125946	1.51402378082
6	27	0.472974233329	0.0968717810929	0.59517041895	-0.797739324864	0.51693212986	3.27526187897	-4.35506534576
7	27	0.494308546185	-0.343129207712	-0.894408584765	0.28687214977	-1.97281050682	-5.05645656586	1.73039150238
8	27	0.499389365315	0.792233052335	0.482335177322	-0.373790807145	4.48774719238	2.81611180305	-2.16060781479
9	27	0.499973140657	-0.709816197581	-0.379972213085	0.593112200967	-4.04266643524	-2.22000479698	3.43675327301
10	27	0.499939262867	0.265043335129	0.706898081309	-0.655779790132	1.5678627491	4.07780265808	-3.77837848663
11	27	0.499185331166	-0.230611882009	-0.750591406598	0.619217813228	-1.31593751907	-4.36149787903	3.5568189621
12	27	0.499452456832	0.500030259125	0.306083336089	-0.810112789263	2.78597426414	1.82692694664	-4.67200994492
13	27	0.4995097965	-0.471530913198	-0.484175118602	0.737043453553	-2.66651821136	-2.75128817558	4.24927520752
14	27	0.499362029135	0.702604144642	0.339459390844	-0.625391667597	3.96652936935	2.01879024506	-3.59508275986
15	27	0.499682046473	-0.294699826265	-0.722080951406	0.625900241265	-1.70366215706	-4.07432937622	3.63951349258
16	27	0.499918762594	0.0637171187334	0.110425407926	-0.991839885296	0.355706214905	0.812997758389	-5.67699050903
17	27	0.499703191221	-0.00800793257185	-0.746725064773	0.66508461917	-0.0600591078401	-4.27982902527	3.81984949112
18	27	0.498737454414	0.539494810701	0.795124792932	-0.276987207091	3.00566196442	4.59358739853	-1.61012125015
19	27	0.487021505833	-0.248478174205	-0.876414250881	0.412500494298	-1.34506881237	-4.93811225891	2.3191781044
20	27	0.488141193986	-0.76073861358	0.362187216907	-0.538606704114	-4.24311447144	2.13857340813	-3.05810499191
21	27	0.498200915754	0.335486253715	-0.766694012889	0.54738401892	1.98477697372	-4.35589933395	3.12729525566
22	27	0.491664782166	-0.711577335014	0.576950332582	-0.400981308827	-4.00929641724	3.28024959564	-2.27397298813
23	27	0.495303347707	0.487371475837	-0.872814900415	0.0257525562584	2.83373451233	-4.94602632523	0.171071052551
24	27	0.447694502771	-0.863117557665	0.0697151286089	-0.500167854319	-4.49815559387	0.391528367996	-2.63366174698
25	27	0.370022341609	-0.377953689099	-0.605075423725	-0.700738710577	-1.68627262115	-2.67730808258	-3.03086209297
26	27	0.415465131402	-0.843227996766	-0.537094731171	-0.0222664594853	-4.0996465683	-2.65281534195	-0.151213884354
27	27	0.485620994121	-0.340232456318	0.370693650869	0.864192162006	-2.00440812111	2.03311061859	4.87804460526
28	27	0.48720215261	0.769776880812	0.491971316538	-0.406703549864	4.36772537231	2.74666213989	-2.32572650909
29	27	0.379862695932	0.50848898996	-0.501606422825	0.699878520652	2.29008054733	-2.17291045189	3.13921642303
0	28	0.425661437213	0.852450522348	-0.106743953043	0.511794720017	4.18403482437	-0.581078529358	2.61175584793
1	28	0.496298328042	-0.104719311629	0.93035597272	-0.351385301053	-0.606990456581	5.31107330322	-2.00632929802
2	28	0.499614492059	-0.510302838141	-0.843625458497	0.166994308769	-2.81729269028	-4.89896154404	0.963852643967
3	28	0.499913305044	-0.194387948611	0.889797921237	0.412883742471	-0.980515241623	5.18512868881	2.28578543663
4	28	0.49985678494	-0.319963369511	-0.938948223034	0.126489828177	-1.79792571068	-5.38816785812	0.720718622208
5	28	0.499668121338	0.0607172906213	0.798781157884	-0.598549974881	0.316854298115	4.58449935913	-3.41616034508
6	28	0.499594263732	-0.0131752152495	-0.680178432235	0.732928177945	-0.0760855823755	-3.87879562378	4.19779253006
7	28	0.499819647521	0.247713681197	0.533558965149	-0.808673458732	1.38643538952	3.14166426659	-4.58308124542
8	28	0.499919697642	-0.17600361772	-0.952174021924	0.249774615448	-0.97945356369	-5.45197916031	1.5568523407
9	28	0.499993942678	-0.515304815639	0.679928945147	-0.521687240145	-2.89711666107	3.94310045242	-3.02554941177
10	28	0.499981939793	0.733636590216	-0.63134225878	0.251364885723	4.14217805862	-3.67280316353	1.49919891357
11	28	0.499940529466	-0.53636561538	0.834935781447	-0.123264623865	-3.05220651627	4.78869533539	-0.771104097366
12	28	0.499978214502	0.273303063174	-0.920844175102	0.278121270023	1.52397727966	-5.27530097961	1.69052147865
13	28	0.49996477738	0.271890134398	0.524194194814	-0.807029244167	1.50744831562	3.07052707672	-4.60067129135
14	28	0.499952062964	-0.358653273029	-0.693380818415	0.624972695724	-2.02644848824	-3.92938756943	3.65331959724
15	28	0.499988302588	0.261711815604	0.590813647347	-0.763181603344	1.45199847221	3.39061331749	-4.379758358
16	28	0.499942138791	-0.0347761745832	-0.689156479616	0.723777565475	-0.233685344458	-3.91346788406	4.16959571838
17	28	0.498744577169	0.355099220099	0.865953122001	-0.352178554687	1.95478498936	4.97433423996	-2.06431365013
18	28	0.488368913531	-0.447700855666	-0.862987071888	-0.234130855697	-2.51743984222	-4.90296459198	-1.24048233032
19	28	0.405808527023	0.0313467799023	0.50137773217	0.864660481966	0.100751750171	2.4114921093	4.08597278595
20	28	0.440667260438	-0.526387957434	0.299821478052	0.79562729941	-2.65584564209	1.60368013382	4.14139795303
21	28	0.447596102953	-0.301981719778	0.948185879779	0.0987450166255	-1.54258370399	4.9753704071	0.465284585953
22	28	0.388073213398	0.207462734021	0.70233581168	0.680943185313	0.962725460529	3.20244550705	3.12458610535
23	28	0.453192681074	-0.709553511075	0.626135093771	0.323247056088	-3.71024107933	3.32502865791	1.72359132767
24	28	0.436644021422	-0.640007853558	0.246128861126	-0.727880849525	-3.29898333549	1.25909686089	-3.77480578423
25	28	0.429454118013	-0.190349775811	-0.980671771256	-0.0452751577649	-0.993740558624	-4.91051149368	-0.288922786713
26	28	0.454008281231	-0.677398039793	0.0193816749593	0.735361303279	-3.58249187469	0.107742011547	3.9081029892
27	28	0.49713011086	0.81081647395	-0.431259320384	-0.395717126435	4.64842033386	-2.47876191139	-2.23281526566
28	28	0.498646497726	-0.834707679772	0.550670995115	-0.00495423753483	-4.80976247787	3.13276481628	0.00659990310669
29	28	0.42252355814	0.350510203965	-0.900118620647	0.258706524234	1.80834841728	-4.40887928009	1.27142643929
0	29	0.4966320768	0.142764675626	0.56284151612	-0.814142294151	0.812498927116	3.28142261505	-4.64640808105
1	29	0.499809920788	0.5716054638	-0.702171016131	0.424526863532	3.16893577576	-4.10841941833	2.44368910789
2	29	0.499970883131	0.0294210952725	0.988585487363	-0.147760391609	0.135543450713	5.6652097702	-0.838860988617
3	29	0.499996766448	0.0758462503753	-0.997113708334	-0.00340572401955	0.399884015322	-5.70497179031	-0.0107398033142
4	29	0.499985769391	0.223969033339	0.958316789458	-0.177388847303	1.23468339443	5.49549484253	-1.0505566597
5	29	0.49999210611	0.0563155473154	-0.52726390685	0.847833315967	0.326147019863	-3.11737847328	4.80101156235
6	29	0.499964788556	-0.324249910897	0.552937877564	-0.767542636495	-1.79818487167	3.1869199276	-4.39280986786
7	29	0.499994784594	0.120858660007	-0.627942125639	0.768818490379	0.753940463066	-3.59377026558	4.39734220505
8	29	0.499996967614	-0.54235120221	0.433140483198	-0.71989200251	-3.08450675011	2.55952596664	-4.10408067703
9	29	0.499999023974	0.618445449962	-0.389770237865	0.682352099063	3.54475784302	-2.26391434669	3.87336397171
10	29	0.49999897182	-0.723219266077	0.620025448036	-0.304174846039	-4.16872596741	3.50400352478	-1.77113509178
11	29	0.499996036291	0.811242164182	-0.570923650652	0.126223358294	4.63565444946	-3.28325366974	0.779165029526
12	29	0.499998509884	-0.297090691257	0.84507961828	-0.444496974045	-1.81231498718	4.83417749405	-2.51979732513
13	29	0.49999935925	0.406335859005	-0.674471969676	0.616424149274	2.32414388657	-3.84987473488	3.55456256866
14	29	0.499999321997	-0.429139402946	0.0728191970767	-0.90029813805	-2.45453333855	0.546261250973	-5.16425275803
15	29	0.499997947365	0.456788979599	-0.201499424713	0.866453582114	2.56127262115	-1.20548987389	4.98146677017
16	29	0.499948009849	0.0641779413485	0.416234221536	-0.906989671753	0.242494463921	2.41632556915	-5.19708347321
17	29	0.499042764306	0.64934605931	-0.602443798946	0.464124082946	3.67247009277	-3.45937776566	2.7483394146
18	29	0.471365839243	-0.894340714552	0.333440878387	-0.29828152292	-4.88942718506	1.84528112411	-1.62043166161
19	29	0.389317542315	0.0394256730732	0.991151882462	0.126742109006	0.202275723219	4.51401662827	0.571026325226
20	29	0.43890979141	0.763742125015	0.120825022474	-0.63411298711	3.89806413651	0.752870500088	-3.24651813507
21	29	0.424816701561	0.425833460793	0.160371100822	-0.890475700786	2.16261529922	0.867314338684	-4.43281078339
22	29	0.367472633719	0.697747753808	0.407993285133	0.588803491279	3.04716777802	1.81110656261	2.52136325836
23	29	0.458063721657	0.870216462747	-0.253844747735	0.422239448669	4.61788797379	-1.26527869701	2.32032346725
24	29	0.492490872741	-0.611029151182	-0.266685473722	-0.745333639728	-3.51823282242	-1.56866812706	-4.22030353546
25	29	0.465883225203	0.503876422025	0.435895718678	0.745723456628	2.72255325317	2.38994789124	4.02362585068
26	29	0.434654064476	-0.763595993103	0.354383217372	-0.539753364568	-3.88548564911	1.86093592644	-2.76865816116
27	29	0.491778157651	-0.56223640253	0.491737859568	-0.664894055574	-3.27096748352	2.83754658699	-3.71334934235
28	29	0.499566718936	0.854571426236	-0.51507890812	0.0663430167499	4.89975214005	-2.92105984688	0.38408613205
29	29	0.496451362967	-0.949803371922	0.0234090241269	0.311970466992	-5.44173431396	0.129253432155	1.79632639885
