0	0	0.499974362552	-0.459644140978	-0.679182933834	0.57222181543	-2.65567064285	-3.97215223312	3.17331576347
1	0	0.499932482839	0.406785769099	0.910387406738	-0.0756313936866	2.29630184174	5.22091293335	-0.51615190506
2	0	0.499995663762	-0.0616636192775	-0.814479242851	0.576906544445	-0.359232932329	-4.69594144821	3.25133776665
3	0	0.499999403954	-0.186162280054	0.878246684099	-0.440484241891	-1.06359875202	5.00607013702	-2.5586104393
4	0	0.499999344349	0.259533196568	-0.646899934933	0.717051597908	1.48543119431	-3.70989918709	4.0952038765
5	0	0.499999724329	-0.299788266269	0.600459266639	-0.741333706582	-1.73888731003	3.46642041206	-4.21048021317
6	0	0.49999973923	0.576941889304	-0.618381035805	0.533613109774	3.24517822266	-3.53565454483	3.1269724369
7	0	0.499999471009	-0.454786378488	0.279015140599	-0.84576586669	-2.67126727104	1.60768175125	-4.81170988083
8	0	0.499999701977	0.686237058717	0.240156230866	0.686588438601	3.97647571564	1.23970711231	3.94484710693
9	0	0.499999701977	-0.837431626681	0.175401610554	-0.517631669868	-4.74410057068	1.02376413345	-3.04541540146
10	0	0.500000074506	0.581767371549	-0.298874121711	0.756452896599	3.3160610199	-1.73381471634	4.32767486572
11	0	0.499999701977	-0.364731516711	0.747929776687	-0.554591714563	-2.18283009529	4.18092632294	-3.30113983154
12	0	0.499999869615	0.206311157993	-0.0956894880239	0.973796296958	1.25784051418	-0.550283432007	5.56253623962
13	0	0.499999880791	-0.496309729693	-0.0745452122354	-0.864939109732	-2.8896009922	-0.439249277115	-4.92293405533
14	0	0.499999433756	0.799095317254	0.368142685059	0.47530793953	4.57151317596	2.02366113663	2.8036813736
15	0	0.499998994172	-0.710889063022	-0.39746789295	-0.580220659878	-4.09702301025	-2.20920801163	-3.33289861679
16	0	0.499975845218	0.776898007678	0.380213023008	0.501864068051	4.45153903961	2.12976622581	2.88690090179
17	0	0.499866276979	-0.8509100329	-0.1509137682	-0.50316711983	-4.83183383942	-0.8593968153	-2.96211957932
18	0	0.494676349685	0.0532713355441	-0.408918082768	0.911014910084	0.44731771946	-2.28324484825	5.21341991425
19	0	0.48343584314	-0.476620147665	-0.22040076242	-0.85103274835	-2.70491123199	-1.1458029747	-4.7293844223
20	0	0.491473734379	0.823640146771	-0.32366789558	0.465678002485	4.66142702103	-1.77151417732	2.69452953339
21	0	0.481215804815	-0.339348222878	-0.90752208248	-0.247480208179	-1.96603703499	-5.0468082428	-1.41059565544
22	0	0.428450033069	0.823969910643	0.178947379554	0.537635026487	4.14859485626	0.928730607033	2.66275787354
23	0	0.476988196373	0.101631470638	-0.95713867369	-0.271213206726	0.546066522598	-5.29703140259	-1.52383232117
24	0	0.486376002431	-0.126898090571	0.664373200546	0.736549472205	-0.637261807919	3.72387838364	4.18014526367
25	0	0.41643948853	0.123705379873	0.975067896922	-0.184226967033	0.553787529469	4.76142549515	-0.91272687912
26	0	0.385461874306	-0.751746103529	0.46496861861	-0.467634450759	-3.39116549492	2.15730381012	-2.07522988319
27	0	0.488642424345	0.952720506651	0.0466446691905	-0.300246417202	5.42262363434	0.38386964798	-1.63872647285
28	0	0.499525502324	-0.535059379424	-0.711314377046	-0.45578867636	-3.18967723846	-4.06851387024	-2.4889588356
29	0	0.499935537577	0.723195711204	0.689102547311	-0.0461046915687	4.13088226318	3.95916175842	-0.243687868118
0	1	0.499995872378	0.429365102053	0.853749872719	0.294545011792	2.43585467339	4.93169593811	1.61857175827
1	1	0.499998316169	0.0333096653829	-0.996078884152	0.0819592748786	0.10652525723	-5.7063498497	0.476987838745
2	1	0.499998517334	0.0855551590365	0.83024174242	-0.55079847849	0.415733456612	4.77527952194	-3.13413763046
3	1	0.500000014901	0.506108305332	-0.679763309856	0.530825984525	2.84642505646	-3.91906714439	3.05722022057
4	1	0.500000249594	-0.461210765146	0.270333681096	-0.845106106344	-2.67493438721	1.63080024719	-4.79759311676
5	1	0.500000193715	0.465468296074	-0.437109869771	0.769593546685	2.67084312439	-2.48160004616	4.41640233994
6	1	0.499998481944	-0.0349888627626	0.373244931349	-0.927072813055	-0.320107638836	2.12275981903	-5.31643104553
7	1	0.499997209758	0.525306082751	0.0734400113929	0.847738216758	3.00801181793	0.372800529003	4.86124515533
8	1	0.499997332692	-0.907147760938	0.153359401201	-0.391872216274	-5.15213108063	0.82003903389	-2.40290307999
9	1	0.499996364117	0.276199321558	-0.191313121118	0.941866882558	1.72606754303	-1.04856443405	5.3769030571
10	1	0.499998990446	-0.389765749706	0.0481788992832	-0.919652898663	-2.3035402298	0.249512702227	-5.23905038834
11	1	0.500000044703	0.856375761976	0.381911663714	0.347511201862	4.9204454422	2.09306097031	2.14115381241
12	1	0.499999992549	-0.272928537957	-0.265326575513	-0.924722564608	-1.66352713108	-1.47687065601	-5.28445529938
13	1	0.499998778105	0.683083524955	0.247234600909	0.687220452292	3.87785720825	1.35401546955	3.98750734329
14	1	0.499997869134	-0.721281099132	0.245881907809	-0.647530434379	-4.13050270081	1.30376291275	-3.748939991
15	1	0.499997809529	0.636130373785	0.0740764788719	0.768017462579	3.68759322166	0.420688122511	4.35426712036
16	1	0.499991342425	-0.825562798147	-0.0193960870169	-0.563976824102	-4.7038769722	-0.164423048496	-3.2523021698
17	1	0.499930739403	0.543674253088	0.343373249993	0.765841444241	3.20626831055	1.89946269989	4.34701776505
18	1	0.499924197793	-0.756446678533	-0.165715032344	-0.632713956375	-4.33365917206	-0.875529527664	-3.65156507492
19	1	0.499106004834	0.794436788105	-0.378737401424	0.474792765813	4.51573371887	-2.09851241112	2.81925606728
20	1	0.498403929174	-0.653773400715	0.177647199235	-0.735541850014	-3.79489135742	0.989373326302	-4.15249204636
21	1	0.457768961787	0.845102752954	0.188274954047	0.500353753487	4.4708609581	1.02304017544	2.70040869713
22	1	0.336862951517	0.570954650543	0.722677371989	0.389548717156	2.31940841675	2.86567926407	1.6202173233
23	1	0.43530742079	0.688790009178	0.469292107724	0.552569670615	3.49468755722	2.3849902153	2.79046821594
24	1	0.497036129236	-0.90590038761	-0.0121706488079	-0.423315913988	-5.16440200806	-0.0615335069597	-2.49251747131
25	1	0.489631414413	0.40239395269	-0.543335982186	0.736793809217	2.3024456501	-3.07368612289	4.13875484467
26	1	0.475842952728	-0.0529383030976	0.998506736034	0.0134845896848	-0.302594423294	5.50709724426	0.00210809707642
27	1	0.495743870735	0.179972449228	-0.845272542531	-0.503114545966	0.923421740532	-4.95968294144	-2.79806470871
28	1	0.499858558178	0.834620624998	0.549111485428	-0.0434164588387	4.724193573	3.25815153122	-0.182114839554
29	1	0.499990344048	-0.462397855678	-0.766202271259	-0.446231220985	-2.69580936432	-4.41041040421	-2.46471357346
0	2	0.499999910593	-0.117628065381	-0.975625868815	-0.185250647324	-0.73179936409	-5.5849647522	-1.01368522644
1	2	0.499999657273	0.27508255237	0.961320914816	0.0138451478428	1.51091504097	5.52463626862	0.0425026416779
2	2	0.499999977648	0.399184414863	-0.746116199372	0.532881243773	2.18974924088	-4.3476896286	3.03645706177
3	2	0.499999776483	-0.429943598568	0.845318503128	-0.317151588867	-2.52107977867	4.78614711761	-1.86954951286
4	2	0.499999627471	0.878487412892	-0.384315184343	0.283833938199	5.04108333588	-2.17264389992	1.67934274673
5	2	0.499999299645	-0.910061356524	-0.0381020036694	-0.412718505374	-5.20670938492	-0.196752041578	-2.42209482193
6	2	0.499989589676	0.280784629322	-0.0475513162448	0.95859212612	1.7041580677	-0.213536381721	5.49331569672
7	2	0.499916143715	-0.392709242945	-0.329801385606	-0.858493154637	-2.25358271599	-1.89242744446	-4.91175174713
8	2	0.499919030815	0.249789306921	0.331187315875	0.90990123857	1.53994452953	1.93440449238	5.17998552322
9	2	0.499972954392	-0.757480953935	-0.505104043684	-0.413633303156	-4.30384778976	-2.87749052048	-2.47584748268
10	2	0.499989427626	0.598986610509	0.378280050627	0.705775632711	3.47666788101	2.1440217495	4.01751613617
11	2	0.499998196959	-0.885167980095	0.103549064313	-0.453602511341	-5.06207799911	0.523113369942	-2.62496447563
12	2	0.499999254942	0.584493547853	-0.237065811132	0.77599426139	3.41682243347	-1.31230306625	4.42853116989
13	2	0.499993581325	-0.477608288308	0.11704686479	-0.870741267187	-2.76443195343	0.65643799305	-4.96091842651
14	2	0.499947823584	0.380252104596	0.0431801607602	0.923874347878	2.26481032372	0.208216264844	5.25462675095
15	2	0.499808356166	-0.875388003932	-0.00542122136225	-0.483390580102	-4.98351478577	-0.0797849446535	-2.81737089157
16	2	0.499539487064	0.842793982585	0.110267934578	0.52681997449	4.81714677811	0.651894748211	3.01382875443
17	2	0.499837085605	-0.904491367773	0.0919488377431	-0.416462215406	-5.16855621338	0.487072825432	-2.40224289894
18	2	0.499906092882	0.969504360624	-0.141483753071	0.200109076127	5.54052829742	-0.802318930626	1.24241185188
19	2	0.499523166567	-0.157954643875	0.363838996508	-0.917971413007	-1.13783383369	2.03749704361	-5.28132915497
20	2	0.497348800302	0.87862986762	0.371536430939	0.299950389582	5.05066490173	2.09044909477	1.82488703728
21	2	0.463487952948	0.774963669746	-0.103913295895	-0.623404633854	4.19841480255	-0.580316603184	-3.44247531891
22	2	0.393090106547	0.433021613287	0.576008244909	0.693330212974	2.0457098484	2.69454503059	3.18501329422
23	2	0.453052192926	-0.351886943338	0.555417181599	0.753450286013	-1.88804769516	2.98531961441	3.95487809181
24	2	0.498356163502	0.821681438659	-0.532958822697	0.201976500297	4.69245100021	-3.07846403122	1.15574169159
25	2	0.499490819871	-0.380661682529	0.655079305338	-0.65266207732	-2.21144604683	3.7079436779	-3.75631809235
26	2	0.497757731006	0.00778418259136	-0.122632682291	0.992421599793	0.100432187319	-0.842545747757	5.6649518013
27	2	0.499695306644	-0.0706544158455	0.244731213536	-0.967013229818	-0.38034337759	1.52798819542	-5.54389190674
28	2	0.49999602139	-0.504650481856	-0.753043838275	0.422200034105	-2.87481641769	-4.32946777344	2.43075942993
29	2	0.499997973442	0.404885302104	0.911313635227	0.0746682689558	2.30644750595	5.22619724274	0.400022983551
0	3	0.499999806285	0.240684634888	0.898964455056	-0.365969691471	1.354180336	5.17375183105	-2.03604841232
1	3	0.500000491738	-0.24707134942	-0.968884757135	0.0147673859066	-1.3989918232	-5.5476026535	0.158343076706
2	3	0.499999709427	0.365848920525	0.750533019684	-0.550322408879	2.00960159302	4.35393333435	-3.166867733
3	3	0.499999441206	0.719984320968	-0.428171199454	0.54616114977	4.09384441376	-2.54626631737	3.16905784607
4	3	0.499998643994	-0.932252045158	-0.361333279727	-0.0185576199968	-5.39339065552	-2.0743355751	-0.190829277039
5	3	0.499996006489	0.783661064653	0.620161107792	-0.0357146486465	4.50661277771	3.53562307358	-0.209956884384
6	3	0.499978259206	-0.673709940799	-0.737716871242	-0.0434595622776	-3.87268400192	-4.23269557953	-0.299025297165
7	3	0.499414175749	0.343469750649	0.889810390256	0.300443005878	1.99575924873	5.0587310791	1.78066968918
8	3	0.499167591333	-0.29350892656	-0.822839114724	-0.486608981945	-1.70896303654	-4.71288299561	-2.76534199715
9	3	0.499539136887	0.558264451811	0.778309031454	0.287360145812	3.21400117874	4.42754125595	1.65385913849
10	3	0.499957382679	-0.729918072131	-0.61945441511	-0.288956459657	-4.18094015121	-3.52924585342	-1.68618392944
11	3	0.499987393618	0.978753814833	0.135499005713	0.153886287241	5.60332393646	0.822374761105	0.880581140518
12	3	0.499996840954	-0.918248034019	0.0670934533154	0.39028068943	-5.36161994934	0.374445468187	2.08941078186
13	3	0.499959163368	0.605746860892	-0.303414224635	0.735534192821	3.56223773956	-1.70795738697	4.17231750488
14	3	0.49921085313	-0.571605083859	0.147196093654	-0.807218023906	-3.30407857895	0.81464266777	-4.59839916229
15	3	0.498406171799	0.809975122026	0.534510955861	0.24132621027	4.66663122177	3.00504040718	1.45924663544
16	3	0.49082711339	-0.420737327624	-0.789908022713	-0.446122647707	-2.48475289345	-4.43013095856	-2.53483009338
17	3	0.496387511492	0.929877436951	-0.104795157523	0.352627178772	5.32982635498	-0.507356345654	1.98564970493
18	3	0.497248321772	-0.995603886706	0.0760696056813	-0.0546471945086	-5.69184780121	0.368399918079	-0.324719429016
19	3	0.49899981916	0.842238906987	0.390582656482	0.371589574684	4.88050556183	2.20479941368	2.08331823349
20	3	0.4894348979	-0.898763010704	-0.2066149091	0.386697982833	-5.11463737488	-1.17454385757	2.08953237534
21	3	0.398860014975	0.0481925395771	0.837462962179	0.544365011833	0.260067433119	3.90391373634	2.55170488358
22	3	0.36374014616	0.443630854836	0.251421891875	0.860220144453	1.91493940353	1.11777353287	3.67275810242
23	3	0.484482303262	-0.162867963564	-0.979038559531	0.122300962367	-0.835788965225	-5.50900793076	0.657842636108
24	3	0.498973280191	-0.596974013494	0.80225338032	0.00339720138004	-3.43161058426	4.5860710144	-0.0348033905029
25	3	0.499862812459	0.532725862721	-0.439509059964	0.723211546782	3.09012031555	-2.59479141235	4.08035087585
26	3	0.499965794384	-0.305593374815	0.594373229201	-0.743863666056	-1.73122930527	3.38500571251	-4.27671909332
27	3	0.499994572252	0.123846357084	-0.433578767109	0.892564581725	0.711773693562	-2.52760148048	5.08437585831
28	3	0.499997958541	0.183078164489	0.788758623096	-0.586806799704	1.03679668903	4.51998472214	-3.35687327385
29	3	0.499999582767	-0.179607009856	-0.944205390703	0.276075174867	-1.03586280346	-5.39315795898	1.61476778984
0	4	0.49999974668	-0.00914605351901	-0.941359341031	0.337281693484	-0.0519631281495	-5.36866569519	1.99042963982
1	4	0.499999552965	-0.164889615971	0.961787913602	-0.21857589939	-0.872027635574	5.51287317276	-1.30823588371
2	4	0.499999389052	-0.571538737545	-0.564734610547	0.595330405015	-3.18721485138	-3.34279918671	3.39335012436
3	4	0.499997980893	0.314525094019	0.796402644899	-0.516543117687	1.8215739727	4.55048084259	-3.03554296494
4	4	0.499984562397	-0.625604382468	0.670451209491	0.398891379111	-3.67119550705	3.956407547	2.28224658966
5	4	0.499935001135	-0.254672999694	-0.613565259214	0.747448550679	-1.46261310577	-3.59575295448	4.28743934631
6	4	0.499663352966	0.651945373135	0.664459856625	-0.365322226784	3.69017362595	3.87104797363	-2.09017658234
7	4	0.488933742046	-0.287387064471	-0.782941153735	-0.551735285226	-1.6620336771	-4.45751476288	-3.05437850952
8	4	0.457678467035	0.169563050535	0.947335631821	-0.271668129481	0.956304788589	5.01935768127	-1.39999556541
9	4	0.497538849711	-0.701773227482	-0.712290906212	0.0124900807664	-3.98107147217	-4.099152565	0.0390160083771
10	4	0.499510794878	0.525540513138	0.733018286321	0.431846455317	3.07399106026	4.20414733887	2.37470674515
11	4	0.499985828996	-0.725773409886	-0.685295372043	-0.0601931105643	-4.18488788605	-3.89335227013	-0.352963685989
12	4	0.499968022108	0.891599990918	0.375003518294	-0.253814533591	5.12671518326	2.11463904381	-1.41398954391
13	4	0.499857887626	-0.995918324498	0.087255215774	-0.0230915189901	-5.72151613235	0.471438199282	-0.243515253067
14	4	0.491610892117	0.651883859032	-0.37552428606	0.658808731661	3.76408243179	-2.09421253204	3.68176603317
15	4	0.428108975291	-0.988335086781	0.125043700383	0.0869357764807	-4.94127368927	0.607555389404	0.37557554245
16	4	0.407240882516	-0.862755070658	0.363478870605	-0.351478020192	-4.14611625671	1.80190491676	-1.66266751289
17	4	0.480708748102	-0.681135208954	-0.601156745196	0.417929892241	-3.81531333923	-3.34882116318	2.3212146759
18	4	0.469852656126	0.250637016234	0.659758224837	-0.708449130745	1.45949292183	3.56665182114	-3.84344220161
19	4	0.496527120471	-0.616709754401	-0.664265101307	0.42239904594	-3.6083278656	-3.75944805145	2.38395476341
20	4	0.498002156615	0.931924258694	-0.261871208886	-0.250879744129	5.34885501862	-1.50632107258	-1.48136925697
21	4	0.434076398611	-0.289877887943	0.956443632241	0.0344439897267	-1.46811366081	4.83300590515	0.232279777527
22	4	0.4029520154	0.844927128694	0.368601372153	0.387596666194	3.97747850418	1.76646566391	1.87991535664
23	4	0.48723077774	0.111223067785	0.991928774964	0.0608829581269	0.529220402241	5.6053686142	0.357528686523
24	4	0.499552637339	0.85639908062	-0.461888607564	-0.230736925774	4.85860013962	-2.74512386322	-1.30696415901
25	4	0.499962195754	-0.890925848966	0.409770556638	0.195804041216	-5.09562015533	2.45291996002	1.04017424583
26	4	0.499993011355	0.105791557525	-0.876466514113	0.469696280584	0.725825607777	-5.00367164612	2.71983146667
27	4	0.499999508262	-0.3711127751	0.620523091397	-0.690815750545	-2.045794487	3.59042572975	-3.9618434906
28	4	0.499999806285	0.0252506953557	-0.851750362151	0.523339013412	0.160633280873	-4.85419559479	3.02061104774
29	4	0.499999590218	-0.0323153997146	0.715972167036	-0.697380506589	-0.159723997116	4.14514875412	-3.94198513031
0	5	0.499997146428	-0.0519016027468	0.484809093785	-0.873078671264	-0.27052462101	2.87025642395	-4.95183467865
1	5	0.499988652766	0.311592525955	-0.76825447406	0.559191524306	1.68495583534	-4.46061897278	3.19308137894
2	5	0.499993398786	0.114848280266	0.922494488089	-0.368529228103	0.714056551456	5.25382518768	-2.16195034981
3	5	0.499996483326	-0.313147722216	-0.831646212698	0.458588138722	-1.89508330822	-4.80183601379	2.56045675278
4	5	0.499989576638	0.645908828683	0.088971631437	0.758212261724	3.8143029213	0.51051145792	4.31141376495
5	5	0.499291095883	-0.518680026689	-0.260173774395	-0.814420430141	-2.97824072838	-1.37619435787	-4.71284294128
6	5	0.492534436285	0.124420416143	-0.646357689204	0.752822221812	0.700673341751	-3.62636446953	4.33022928238
7	5	0.417162120342	0.773009692731	0.587628347519	-0.239058445021	3.70817804337	2.89214158058	-1.16093313694
8	5	0.3055588305	0.440649052928	0.840505098073	-0.315245289048	1.58660173416	3.09134912491	-1.08123636246
9	5	0.466093093157	0.565904060224	0.798058938944	-0.207013343999	3.02002954483	4.30521631241	-1.11048936844
10	5	0.499804988503	-0.652845041222	-0.693306454991	0.305154897749	-3.72440242767	-4.01521015167	1.67081928253
11	5	0.499965667725	0.608568391372	0.790127242894	0.0730989265297	3.53805494308	4.49106645584	0.339045524597
12	5	0.499965503812	-0.915994362408	-0.35054437065	0.195122966978	-5.24299955368	-2.0552649498	1.04898881912
13	5	0.498385407031	0.610659758859	0.463005817263	0.642433087637	3.66980314255	2.6476457119	3.55502080917
14	5	0.480162650347	-0.919702436128	0.224907024987	0.321814013199	-5.16446590424	1.19714450836	1.70292615891
15	5	0.380172073841	-0.842774989238	0.0410461022808	-0.536698737656	-3.7986998558	0.226682722569	-2.3900885582
16	5	0.406338408589	-0.721619751508	0.674604818639	-0.155477563983	-3.47909545898	3.1790060997	-0.802581787109
17	5	0.46412127465	0.150738286614	-0.182926694671	-0.971501823635	0.866903066635	-0.971205949783	-5.2462849617
18	5	0.348572991788	0.816641337385	0.496864997714	-0.293635999361	3.38138866425	2.02907061577	-1.2175590992
19	5	0.422770425677	0.741215525963	0.424883101503	-0.519686342064	3.68384552002	2.09818387032	-2.5332069397
20	5	0.483383759856	-0.155440997865	0.926844959169	0.341755055334	-0.975026965141	5.1785531044	1.96315169334
21	5	0.483638085425	0.519072354736	-0.448218142859	-0.727780452445	2.87334346771	-2.58844661713	-4.04955005646
22	5	0.492643788457	-0.698825752915	0.65672098164	0.283478604725	-3.9459528923	3.72714686394	1.63296365738
23	5	0.499516889453	0.452059024362	-0.886687352107	-0.0970988058999	2.61037111282	-5.05565929413	-0.596881866455
24	5	0.499902099371	-0.627749090578	0.705775949688	0.328346445268	-3.59265446663	4.06202697754	1.8220770359
25	5	0.499998643994	0.602820311266	-0.744012265713	-0.288189904044	3.47953367233	-4.27860736847	-1.56595349312
26	5	0.499998852611	-0.563960270209	0.641266426251	-0.520313544115	-3.19062232971	3.73849081993	-2.9561984539
27	5	0.499999210238	-0.15037139846	-0.639360823699	0.754059798454	-0.738978862762	-3.72853946686	4.2933139801
28	5	0.499999508262	-0.180746299215	0.882801451893	-0.433580871183	-0.960370063782	5.04204511642	-2.53385448456
29	5	0.499999456108	-0.102118307383	-0.682525194997	0.723692759043	-0.540050387383	-3.93695306778	4.11605739594
0	6	0.499974526465	-0.401535711379	-0.593155653476	0.697807597577	-2.27371764183	-3.47586107254	3.95437479019
1	6	0.499913454056	0.544136824294	0.838318652474	-0.0337187390336	3.09298276901	4.82427453995	-0.315363883972
2	6	0.499764382839	-0.602893555533	-0.588916895879	0.538234382444	-3.47866392136	-3.46480250359	2.97868442535
3	6	0.4999756217	0.895367599597	0.330261956059	0.298737178758	5.15979766846	1.94867229462	1.62366628647
4	6	0.499968364835	-0.858730320235	0.288595506592	-0.423432250406	-4.94350910187	1.57476902008	-2.42882943153
5	6	0.499655485153	0.849690391219	0.190479683072	0.491674414026	4.85406017303	1.03799962997	2.85324954987
6	6	0.495471589267	-0.544094669165	-0.356408568408	-0.759561665273	-3.1357793808	-1.93072021008	-4.34764289856
7	6	0.462960567325	0.326055099077	-0.108487353175	0.939105194623	1.80082762241	-0.583547174931	5.03527832031
8	6	0.434245936573	-0.241671464241	0.853875607236	0.460967841328	-1.13910353184	4.37843894958	2.25193762779
9	6	0.495438277721	-0.14161973071	-0.896558229143	0.41967510485	-0.837267398834	-5.12058067322	2.35971879959
10	6	0.499506860971	0.427980178264	0.884720409474	-0.184669337125	2.47325658798	5.03062200546	-1.14090132713
11	6	0.49997061491	-0.627532735179	-0.534394692811	0.566237563726	-3.62899494171	-3.12849068642	3.1485221386
12	6	0.499998807907	0.95703383351	0.288931973163	-0.0245877286639	5.45674514771	1.72216701508	-0.239941596985
13	6	0.499892532825	-0.689275644008	-0.613610690664	0.385202553055	-4.02330970764	-3.48755979538	2.12467861176
14	6	0.496884733438	0.939005383771	0.254950262634	-0.230801327624	5.36538600922	1.50882875919	-1.30367398262
15	6	0.463293172419	0.226500384778	-0.722785710282	-0.652899986757	1.11200404167	-3.95399999619	-3.56782388687
16	6	0.484605640173	0.515229291349	-0.445681698734	-0.732056419103	2.93266820908	-2.49103045464	-4.11374950409
17	6	0.489112094045	-0.370191424064	0.788896355305	0.490510805321	-2.13059306145	4.41051101685	2.82816290855
18	6	0.4124661237	0.851366468082	0.133136569248	0.507395103401	4.12281370163	0.667679190636	2.41994094849
19	6	0.39586083591	0.689242472753	0.164090278436	0.705704750073	3.26999664307	0.769778072834	3.27259635925
20	6	0.386161155999	0.859511846333	-0.220286096792	0.461208652968	3.9277317524	-0.969511151314	2.11607837677
21	6	0.406103432178	0.864314017259	0.491005220586	-0.108973175264	4.16426372528	2.32701396942	-0.469576120377
22	6	0.490443304181	0.230051490096	-0.588069176306	-0.775403737277	1.38426184654	-3.33358955383	-4.36254692078
23	6	0.499469786882	-0.747487338905	0.578957230082	0.325685744104	-4.26263093948	3.36563158035	1.82863020897
24	6	0.499976992607	0.441164187895	-0.86927389568	0.223018056686	2.57325315475	-4.96820068359	1.22521162033
25	6	0.499998822808	-0.319929785182	0.917949796999	-0.234548721468	-1.8861604929	5.23494768143	-1.36170458794
26	6	0.499999567866	0.591082025257	-0.724092501083	0.355404121099	3.31751966476	-4.18574094772	2.05139946938
27	6	0.500000044703	-0.279134149748	0.864230673856	-0.418556410548	-1.56359195709	4.94558238983	-2.4245095253
28	6	0.499999344349	-0.31288852004	-0.879528421057	0.358511548741	-1.70955300331	-5.0453915596	2.10740303993
29	6	0.49999640882	-0.0865056349748	0.92421454338	-0.371946572671	-0.431734263897	5.271484375	-2.19211483002
0	7	0.49975451827	0.518025085049	0.799938400258	-0.302900259249	2.96244859695	4.57948684692	-1.75308585167
1	7	0.498874992132	-0.556402782945	-0.816759577172	0.152708009706	-3.18902564049	-4.65719985962	0.866915464401
2	7	0.496587797999	0.459214418914	0.843185165279	0.279572699873	2.6902589798	4.7981505394	1.54582023621
3	7	0.499044790864	-0.868981972645	-0.492477796359	0.0483316802124	-5.01454162598	-2.79010915756	0.176278352737
4	7	0.499823302031	0.853961342709	-0.518041573625	-0.0488155011692	4.96053981781	-2.89869213104	-0.167961597443
5	7	0.499952912331	-0.877897279127	0.391163816706	-0.276201440623	-5.03070354462	2.19669747353	-1.65158891678
6	7	0.499963060021	0.801730246063	-0.124300289911	0.584617867051	4.60160732269	-0.75045311451	3.3345952034
7	7	0.497132748365	-0.599702048965	0.799594674984	-0.0317144794007	-3.49105739594	4.53783655167	-0.331559896469
8	7	0.495417356491	0.0564643778754	-0.75382572943	0.654643829635	0.363612920046	-4.35584926605	3.65057659149
9	7	0.499383568764	0.0895424404064	0.94600580548	-0.311536783326	0.564305186272	5.38370275497	-1.84644460678
10	7	0.499834001064	-0.464469656591	-0.524707832534	0.713407056724	-2.65982985497	-3.12027454376	4.00600671768
11	7	0.499996945262	0.550294090726	0.811322609393	-0.197312030046	3.16014957428	4.61500120163	-1.21848773956
12	7	0.49999062717	-0.734356539707	-0.42510234046	0.529158268125	-4.21369361877	-2.53714561462	2.96792507172
13	7	0.499967724085	0.760699457986	0.554269212878	-0.337819440345	4.34024000168	3.18221330643	-1.93695282936
14	7	0.499706208706	-0.935422499634	-0.352947532061	0.0203171550677	-5.33592700958	-2.07838344574	0.120366096497
15	7	0.49731773138	0.840940915355	0.231793959819	0.488968237285	4.8376121521	1.41623592377	2.71839189529
16	7	0.499007314444	-0.923072501565	-0.255930089883	0.287118348328	-5.30410480499	-1.427693367	1.64529895782
17	7	0.490014635026	0.658175114772	-0.0799092202684	-0.748612072312	3.77470254898	-0.475407660007	-4.19860935211
18	7	0.466979429126	-0.928941314288	0.0515495252088	-0.366620622797	-5.07180213928	0.251450866461	-1.97225856781
19	7	0.4524596259	-0.188607911537	0.841637063177	0.506037656298	-0.986525595188	4.47074365616	2.6930232048
20	7	0.400376528502	0.606847288092	-0.299545529877	0.736212499531	2.87079572678	-1.38734197617	3.4595823288
21	7	0.423350229859	0.967839415345	-0.0967257075383	0.232230496718	4.79273414612	-0.486391425133	1.11852955818
22	7	0.491432748735	-0.512995450153	-0.286451073166	0.809185671403	-2.9671061039	-1.61078703403	4.57910442352
23	7	0.499858096242	0.949740083951	-0.277041587687	0.14574543433	5.45951414108	-1.61303424835	0.788266658783
24	7	0.499980941415	-0.550424011373	0.735997899604	-0.394132591247	-3.15542006493	4.21789646149	-2.24844551086
25	7	0.499998312443	0.280359724587	-0.507065634638	0.815035500453	1.61628222466	-3.05246162415	4.59049987793
26	7	0.499997034669	-0.0809393912723	0.915452257917	-0.394202966014	-0.530033767223	5.21997642517	-2.2872877121
27	7	0.499995201826	0.367063900149	-0.818555010907	0.441850412839	2.01127767563	-4.71936798096	2.55292463303
28	7	0.499972894788	0.411843649517	0.479574652082	-0.774850283238	2.26101732254	2.90761971474	-4.41524839401
29	7	0.499960690737	0.184973760582	-0.856533343546	0.481804254123	0.945869207382	-4.94257068634	2.75324487686
0	8	0.499259859324	-0.92874223013	-0.37072317734	-0.00148180826245	-5.28012800217	-2.28130269051	0.0116319656372
1	8	0.471464827657	0.824712012359	0.474825786978	-0.307230481384	4.50157260895	2.62178826332	-1.65369677544
2	8	0.433321703225	-0.126358885701	-0.0837636654156	-0.988441743534	-0.659914731979	-0.464488267899	-4.97529315948
3	8	0.497527353466	0.530156847349	0.11888064506	0.839524335227	3.07383871078	0.695495724678	4.7891535759
4	8	0.499306954443	-0.597865513947	0.187360982599	-0.779392513072	-3.44969558716	1.08174967766	-4.43399715424
5	8	0.499989502132	0.43222246652	-0.219338464406	0.874685301962	2.54143619537	-1.25874257088	4.97745227814
6	8	0.499987840652	-0.795527549922	0.163338177177	-0.583486552708	-4.52889633179	0.95173484087	-3.35887050629
7	8	0.499846577644	0.905624958164	-0.181356811061	0.383344678106	5.16264104843	-1.11817622185	2.23390078545
8	8	0.499924987555	-0.296894548783	0.813121475448	-0.500686621619	-1.69651222229	4.64994382858	-2.90721106529
9	8	0.499919131398	-0.565602845779	-0.765836784551	0.305920643754	-3.1474571228	-4.43409156799	1.82744383812
10	8	0.499995276332	0.422534294015	0.819029125027	-0.388144383882	2.42539310455	4.66411495209	-2.25001740456
11	8	0.499997884035	-0.288062113718	-0.900544000542	0.325638943814	-1.67556142807	-5.15764093399	1.82293844223
12	8	0.499996900558	-0.165338280043	0.977069896775	0.134155394851	-0.784611403942	5.68242025375	0.630191802979
13	8	0.49999755621	-0.335404954346	-0.813645193741	0.474852624824	-1.9504430294	-4.67589664459	2.68578767776
14	8	0.49997267127	0.326631239596	0.944933690694	0.0203064894037	1.95185446739	5.39956569672	0.0157897472382
15	8	0.499767586589	-0.66765393776	-0.703955261749	0.242250302063	-3.85912799835	-4.02551460266	1.32635045052
16	8	0.496354043484	0.903260814695	0.369058753816	0.218896178287	5.15747022629	2.15430212021	1.17207312584
17	8	0.410753011703	-0.789984583094	-0.562043382251	0.245013458694	-3.80437994003	-2.66544246674	1.15283119678
18	8	0.373327165842	-0.763459328278	-0.57024888872	0.303226085583	-3.36701488495	-2.52871179581	1.3717148304
19	8	0.477631192654	0.228318919463	-0.524883566266	0.819980312495	1.22292208672	-2.90255665779	4.57158374786
20	8	0.491412404925	0.32376764043	-0.478501642537	-0.816217307523	1.81390738487	-2.66802740097	-4.67463779449
21	8	0.497125595808	-0.703095405282	0.58326228403	0.406770155123	-4.05515146255	3.26780796051	2.46598958969
22	8	0.496925026178	0.0394044681617	0.889737177281	-0.454769219773	0.333618819714	5.09369850159	-2.72610473633
23	8	0.499663636088	-0.896177292524	-0.0173108901369	-0.443358312707	-5.24665260315	-0.019127741456	-2.48251271248
24	8	0.499962493777	0.281537130181	-0.94611416929	0.160015071161	1.66424107552	-5.42324018478	0.909031629562
25	8	0.499996870756	0.103015277819	0.993620891338	-0.0458843854862	0.492956846952	5.70828485489	-0.394512653351
26	8	0.499993041158	0.124898236966	-0.934740351304	0.332657340287	0.664004802704	-5.34820365906	1.91035413742
27	8	0.499813169241	0.109407936101	0.961882534982	-0.25062300855	0.550711274147	5.49635314941	-1.48786330223
28	8	0.499820634723	0.225305688383	-0.923773433543	0.309644942253	1.19745850563	-5.31229352951	1.78117656708
29	8	0.499493524432	0.231218199097	0.969833360132	0.0772100898975	1.32699418068	5.56850147247	0.345264196396
0	9	0.492079943419	-0.0878772012018	0.955471108312	0.28169586204	-0.406387746334	5.44008827209	1.58568358421
1	9	0.416874721646	-0.38755084189	0.0903328579929	-0.91741175037	-1.86316466331	0.380277633667	-4.48101234436
2	9	0.297955824994	-0.230495004501	-0.288386340939	-0.929357504548	-0.891598463058	-1.01540732384	-3.29536914825
3	9	0.459932027385	-0.267863502322	-0.260727056059	-0.927507706902	-1.47863101959	-1.36231589317	-4.92722940445
4	9	0.499268688262	0.685926169942	-0.237820040956	0.687711362061	3.87756490707	-1.34795331955	3.98649191856
5	9	0.499988058582	-0.171601981434	0.0447252012151	-0.984150606535	-1.11090278625	0.314001530409	-5.6149315834
6	9	0.49999781698	0.580500966214	-0.327470030157	0.745507885655	3.36718583107	-1.83840990067	4.25388860703
7	9	0.499994955957	-0.825613407564	-0.0540892399673	-0.561637654873	-4.70056724548	-0.212996393442	-3.2717795372
8	9	0.499995075166	0.387353589852	-0.587206397687	0.710736127508	2.22093153	-3.33289957047	4.10561180115
9	9	0.49999582395	0.184267934293	0.556305451134	-0.810289808297	1.07046723366	3.20951199532	-4.62469625473
10	9	0.499998576939	-0.47496697355	-0.612494539619	0.631867717939	-2.70361542702	-3.53678297997	3.60168647766
11	9	0.500000029802	0.577999928564	0.816036760671	0.000296333199556	3.30358839035	4.68452835083	-0.136649370193
12	9	0.499999329448	-0.692861897177	-0.531422262873	0.487373337353	-3.92338991165	-3.14037799835	2.77435183525
13	9	0.499998927116	0.499433506055	0.37043226383	-0.783164166024	2.85045719147	2.23169088364	-4.43790483475
14	9	0.499979034066	-0.130618062995	-0.699563630571	0.702530887863	-0.86075592041	-4.00792789459	4.01407432556
15	9	0.499646604061	0.58591249714	0.6241279686	-0.516885697719	3.33708381653	3.59542751312	-2.94057154655
16	9	0.485850766301	-0.583625121401	-0.810357315856	0.0519878669414	-3.30885076523	-4.52118968964	0.329485416412
17	9	0.386748194695	-0.926202783783	-0.192411886642	0.324231505551	-4.25613737106	-0.911468446255	1.51325082779
18	9	0.431583024561	-0.35422919692	-0.658718602174	0.663785717833	-1.81837499142	-3.28031945229	3.33306360245
19	9	0.497872989625	0.249310219686	0.385827799724	-0.888246206477	1.4061409235	2.19615936279	-5.09201049805
20	9	0.499664962292	0.0525971779189	0.188393951325	0.98068407552	0.241687193513	1.04267024994	5.62106895447
21	9	0.499436063692	0.148510815295	0.0965844613498	-0.984182899448	0.825166463852	0.464641392231	-5.65526294708
22	9	0.499516081065	0.628359733158	0.00469299059484	0.777908748881	3.49274611473	0.00520967319608	4.58559799194
23	9	0.499982528389	0.274188642932	-0.766150638111	-0.581234709742	1.58496594429	-4.38253641129	-3.40364170074
24	9	0.499993927777	-0.0878049505063	0.773883671161	0.627211570506	-0.543382823467	4.5355181694	3.50034713745
25	9	0.49997882545	0.467376522717	-0.410019605867	0.783226090486	2.60846948624	-2.58259320259	4.49352216721
26	9	0.499812558293	0.269113399825	0.755092041645	-0.597841104876	1.44297373295	4.38838005066	-3.40158033371
27	9	0.498370021582	0.102843217114	-0.769636027901	0.630145742865	0.56218791008	-4.44320678711	3.5439043045
28	9	0.482549309731	-0.100968802764	0.986276429365	-0.130629651103	-0.544461011887	5.48756980896	-0.779360294342
29	9	0.494787827134	-0.209588462545	-0.891350085402	0.401954850228	-1.17820215225	-5.12150001526	2.21027970314
0	10	0.489866092801	0.0106336924485	-0.9766397141	-0.214620114219	0.0373046882451	-5.50759267807	-1.21112585068
1	10	0.489090949297	0.256489031078	0.933739630896	0.249687161526	1.45902132988	5.25812292099	1.43286561966
2	10	0.459493346512	-0.595090183158	-0.519478657993	-0.613196214762	-3.17020225525	-2.72654628754	-3.27332830429
3	10	0.494091942906	0.958738015619	-0.0240161945369	0.283274848524	5.43871116638	-0.203318014741	1.6893658638
4	10	0.499344721437	-0.538594616177	0.590075938693	-0.601436801335	-3.16413879395	3.32412624359	-3.42241811752
5	10	0.499986775219	0.718357521615	-0.186533898579	0.6701996537	4.0998749733	-1.15321755409	3.83961343765
6	10	0.49999755621	-0.881502513165	0.417450426897	-0.220654617826	-5.02845668793	2.36609888077	-1.41701316833
7	10	0.499996289611	0.478101961221	-0.120703449486	0.869970799486	2.80664110184	-0.723527371883	4.94020318985
8	10	0.499999918044	-0.398114565831	0.084912453741	-0.91339732191	-2.24006319046	0.533172488213	-5.24391746521
9	10	0.499998819083	-0.279103135165	-0.304664352641	0.910648709531	-1.55864846706	-1.7761194706	5.21474266052
10	10	0.499999664724	0.298493313388	0.474318429096	-0.828205149515	1.75415861607	2.73016929626	-4.71282100677
11	10	0.500000014901	-0.33558621189	-0.705431155917	0.624298629385	-1.9775172472	-4.05812835693	3.5262773037
12	10	0.499999284744	0.430358352149	0.774872707122	-0.462994575015	2.50007152557	4.40614795685	-2.65163516998
13	10	0.499999582767	-0.396097674897	-0.830426875851	0.391787998547	-2.35535860062	-4.68744802475	2.32709240913
14	10	0.49999191612	0.628945275862	0.167551827462	-0.759179968838	3.60516929626	1.08028328419	-4.32851886749
15	10	0.499850712717	-0.486308404119	-0.527038697827	0.696946444913	-2.86610841751	-3.00706911087	3.94168710709
16	10	0.499345704913	0.802240913246	0.497179682452	-0.330487337838	4.5474562645	2.87431001663	-1.94663667679
17	10	0.48657515645	-0.506147386389	-0.368672228667	0.779676606717	-2.86359167099	-2.10434055328	4.34694910049
18	10	0.49839900434	0.519795097698	0.409896631882	-0.749531725534	2.91695308685	2.35866212845	-4.32287502289
19	10	0.499148022383	-0.314173839251	-0.51104296022	0.800081178094	-1.7396171093	-2.87880682945	4.63932275772
20	10	0.499935540371	-0.0530913462049	-0.146297727775	-0.987814903616	-0.28400939703	-0.798606514931	-5.660779953
21	10	0.499986108392	-0.00782395149307	0.305850149301	0.952047515598	-0.0623995885253	1.67470514774	5.46939849854
22	10	0.499985286035	0.029816831481	0.167127313262	-0.985484356914	0.141723677516	0.861375510693	-5.66117763519
23	10	0.499986596406	-0.237958525343	0.21302252747	0.947627111794	-1.3412207365	1.32116734982	5.42516040802
24	10	0.499990776181	-0.273676190471	-0.917313783823	-0.289200215729	-1.53488588333	-5.25647640228	-1.72292280197
25	10	0.499933257699	0.739625106453	0.666027442455	-0.0967581924279	4.14773273468	3.96101975441	-0.556623220444
26	10	0.499441981316	0.0244622636596	-0.954279772177	-0.297912259015	0.0573768690228	-5.52825069427	-1.56900501251
27	10	0.481785342097	-0.340580619274	0.86903033236	-0.358874801585	-1.84637725353	4.85333871841	-1.99387121201
28	10	0.363601051271	0.48309812293	0.719016811378	-0.499630892337	2.12548780441	3.05011153221	-2.18811988831
29	10	0.399244681001	0.966154906626	0.117491649398	-0.229652800384	4.50320768356	0.638641953468	-1.0615837574
0	11	0.486683309078	0.0983527115932	0.925047466833	0.366897708127	0.551292479038	5.19469738007	2.07337117195
1	11	0.499093815684	-0.632997911369	-0.728862742701	-0.260907543979	-3.56854295731	-4.21083402634	-1.52987146378
2	11	0.499035589397	0.842655461529	0.111882855239	0.526701053596	4.82925128937	0.684086918831	3.0140247345
3	11	0.498711615801	-0.589788101894	0.765250486066	-0.257956756919	-3.52637243271	4.28398895264	-1.5046544075
4	11	0.499880939722	0.724106809933	-0.688955353805	0.0317781099439	4.15310811996	-3.93242549896	0.261697530746
5	11	0.499978721142	-0.436995066541	0.825526876784	-0.357128390816	-2.5927529335	4.66730308533	-2.08691215515
6	11	0.499970532954	0.689267915165	-0.259822766947	0.676314919915	3.94576907158	-1.57953572273	3.83559560776
7	11	0.499988093972	-0.64818820999	0.412686299814	-0.63995473463	-3.66778659821	2.36925983429	-3.72634124756
8	11	0.499985434115	0.213237670011	0.070838494526	0.974428860298	1.21212482452	0.285326659679	5.60377788544
9	11	0.499994158745	0.325154059153	0.468428374813	-0.821492358751	1.85406982899	2.61372375488	-4.75117826462
10	11	0.499993599951	-0.724046121522	-0.347331755509	0.595917666733	-4.10868310928	-2.01243662834	3.45312452316
11	11	0.499984577298	0.656598750353	0.744467622974	-0.121020822084	3.80076169968	4.22136926651	-0.819373130798
12	11	0.499995499849	-0.75806019682	-0.555121368321	0.34232295341	-4.35600423813	-3.15406274796	1.96873164177
13	11	0.499999165535	0.900645269841	0.0945056303078	-0.424154198085	5.1460313797	0.625461101532	-2.44478082657
14	11	0.499998137355	-0.90731841511	-0.287529065328	0.306757771203	-5.18053293228	-1.62910044193	1.79596376419
15	11	0.499978691339	0.93929346566	0.330211316144	-0.093210900964	5.35406398773	1.94068944454	-0.652078390121
16	11	0.499865740538	-0.585040840255	-0.592672276718	0.553594425228	-3.41218137741	-3.36891317368	3.11852765083
17	11	0.499837949872	0.705464057361	0.54004337361	-0.458991958962	4.00384950638	3.08497166634	-2.70912623405
18	11	0.499841691926	0.293019658657	-0.27638454788	0.915287420067	1.56435132027	-1.61963009834	5.29294538498
19	11	0.499971926212	-0.634641834792	0.296071981842	-0.713842505809	-3.54446458817	1.66892886162	-4.19998168945
20	11	0.499992749654	0.174652355658	0.0098472844322	0.984580918794	0.995172321796	0.0678540617228	5.63602399826
21	11	0.499983759597	0.235191884557	-0.103255518133	-0.966448692592	1.27760899067	-0.622973740101	-5.54184246063
22	11	0.499923959374	0.0310710919191	0.287884653101	0.957160913199	0.121850900352	1.61862123013	5.48795986176
23	11	0.4996669963	0.361350931827	-0.553432907625	-0.750424893527	1.98950362206	-3.17854404449	-4.32946872711
24	11	0.49976156652	-0.0672406536732	0.919510694739	0.38727093456	-0.361856490374	5.2616815567	2.22389698029
25	11	0.499914929271	-0.271420875073	-0.962120032526	0.025607647027	-1.56195092201	-5.50563335419	0.131690263748
26	11	0.499516934156	0.510945602969	0.827815551313	-0.23163765629	2.84444665909	4.79630374908	-1.28658151627
27	11	0.496591255069	-0.114476423886	-0.881608519019	0.457888160546	-0.678981721401	-5.05031633377	2.58123373985
28	11	0.42409620434	0.477290289821	0.174331309224	-0.861279614218	2.4025387764	0.974771857262	-4.21360301971
29	11	0.40250466764	0.834126336402	0.414204391911	0.364236155045	4.02270364761	1.92862057686	1.64561390877
0	12	0.499249994755	0.313227791585	-0.665721300265	-0.677276532114	1.72264158726	-3.89512753487	-3.82055854797
1	12	0.499942198396	-0.0219783643389	0.977882498516	0.207997044682	-0.0235938429832	5.60036802292	1.27130246162
2	12	0.499971166253	-0.748238119887	-0.503637951748	-0.431843176984	-4.26503562927	-2.94036960602	-2.46348285675
3	12	0.499940440059	0.883487121114	0.466957993983	0.0374264436006	5.11151790619	2.62696743011	0.288309574127
4	12	0.499986186624	-0.982902238725	0.177759494676	-0.0480078239646	-5.63511180878	1.02628540993	-0.295672178268
5	12	0.499644383788	0.61315227145	-0.662906341734	0.429650409174	3.55382752419	-3.7932472229	2.40743231773
6	12	0.499767810106	-0.495927322484	0.643848849041	-0.582678942816	-2.85702133179	3.70454907417	-3.3070731163
7	12	0.499184146523	-0.15799075225	-0.946434510183	0.281603693402	-0.810480952263	-5.41257286072	1.7352616787
8	12	0.499708019197	0.194587809871	0.600312374734	-0.775732323028	1.06915020943	3.40067243576	-4.49266529083
9	12	0.499731121585	-0.216923783092	0.0913480502195	0.971905142517	-1.27639484406	0.416394621134	5.56824398041
10	12	0.499925211072	0.606776801734	-0.146699825759	-0.781217686692	3.48688411713	-0.733998954296	-4.49508190155
11	12	0.499885059893	-0.75994280342	-0.035936242506	0.648995779651	-4.37192821503	-0.238371759653	3.69277477264
12	12	0.499924778938	0.967325480877	0.0112424801733	-0.253288414037	5.51723003387	0.0787640437484	-1.5418305397
13	12	0.499985530972	-0.795284006745	0.0726797752971	0.601864601782	-4.58686494827	0.403651446104	3.39666652679
14	12	0.499996617436	0.876075300418	0.183186810889	-0.446020919143	5.00992774963	1.02627635002	-2.56444239616
15	12	0.49999807775	-0.714978625889	-0.466086628399	0.521122652885	-4.17740440369	-2.60665297508	2.94964694977
16	12	0.499996975064	0.754701934461	0.540795998601	-0.371435967588	4.33157730103	3.05301141739	-2.14654541016
17	12	0.499991059303	-0.831165676589	-0.347187536097	0.43430914432	-4.75569486618	-1.99182128906	2.50002336502
18	12	0.499988989905	0.353280867276	-0.0321255296418	-0.934965549719	1.97717809677	-0.208082377911	-5.3967294693
19	12	0.499997470528	0.369700698093	0.321166871243	0.87187913993	2.05966615677	1.81826233864	5.03633546829
20	12	0.499992547557	-0.164383331128	-0.245011775337	-0.955482783934	-0.916436314583	-1.37285351753	-5.47599315643
21	12	0.499960344285	-0.0479100739989	0.316159136371	0.947495659778	-0.31931707263	1.78930044174	5.42763137817
22	12	0.49922490865	0.160938488125	-0.0736909642134	-0.984209553313	0.863512277603	-0.463727027178	-5.63376712799
23	12	0.489181064069	0.254489801922	0.612804780338	0.748134507901	1.38232970238	3.44583368301	4.25498962402
24	12	0.496811464429	0.119900118833	-0.879345514838	-0.460842084708	0.676743268967	-5.01387310028	-2.64174962044
25	12	0.499357402325	-0.0191896921103	0.999422936525	0.0280276589074	-0.107710659504	5.71313858032	0.174386501312
26	12	0.499892666936	-0.231973252761	-0.971540206843	0.0479378398731	-1.29947888851	-5.56374597549	0.275551319122
27	12	0.499210596085	0.175013874722	0.98207146383	-0.0700412991467	0.97229039669	5.6159787178	-0.405972480774
28	12	0.495380714536	-0.25806244847	-0.96180623181	-0.0912827757123	-1.42111074924	-5.49852085114	-0.51078748703
29	12	0.489890247583	-0.100408632868	0.885615315147	0.45343535374	-0.595566093922	5.02361679077	2.52408266068
0	13	0.499904572964	-0.0769264917835	0.870609278981	0.485923654717	-0.436412632465	5.00051641464	2.75463366508
1	13	0.499991297722	-0.377025231298	-0.835366687488	-0.400018090091	-2.10899043083	-4.80740404129	-2.27312135696
2	13	0.499994233251	0.25788548232	0.886922748768	0.383227237714	1.55805945396	5.04545211792	2.20474886894
3	13	0.499973252416	-0.436666346577	-0.787215498493	-0.435447196225	-2.60564517975	-4.49062538147	-2.4398047924
4	13	0.499802216887	0.974429931446	0.209060073886	-0.0823419346881	5.60232686996	1.21659815311	-0.479777097702
5	13	0.498953565955	-0.726830230907	0.598135068329	0.337568149377	-4.23160362244	3.40413284302	1.90136742592
6	13	0.471867203712	0.772838497968	-0.605918079172	0.18863705201	4.23544406891	-3.30446767807	0.998425960541
7	13	0.465443253517	-0.0539409856528	0.826917749195	-0.5597297617	-0.276053726673	4.45357894897	-3.01076459885
8	13	0.49049962312	0.238572325112	-0.453104159253	0.85894113102	1.2876149416	-2.60933685303	4.84675455093
9	13	0.498402910307	0.149452376525	0.320034337928	-0.935543697375	0.819519281387	1.87057721615	-5.33811187744
10	13	0.496062345803	-0.35276655287	-0.782992723017	0.512326219199	-2.06550598145	-4.37326049805	3.04344296455
11	13	0.49445412308	0.726052192118	-0.0536252637213	-0.685545436431	4.12926864624	-0.299010396004	-3.90491676331
12	13	0.498822711408	-0.675732209864	0.287209772272	0.678893605261	-3.94321346283	1.62268638611	3.81983327866
13	13	0.499843120575	0.806759452667	-0.427929934909	-0.407449575214	4.63482666016	-2.40808153152	-2.33659005165
14	13	0.499985307455	-0.830407743567	0.24561337568	0.500097039694	-4.77706670761	1.45386981964	2.81088113785
15	13	0.499999269843	0.794410015287	-0.602968302137	-0.0730886737481	4.62317085266	-3.38393592834	-0.494844198227
16	13	0.499999403954	-0.935615819423	-0.164763968029	0.312211263867	-5.38702964783	-0.878813624382	1.78960561752
17	13	0.499999463558	0.944074704537	0.232225658742	0.234081600464	5.52490758896	1.25079035759	1.19750547409
18	13	0.499999947846	0.0935356191816	0.767740015496	0.633897749286	0.382412135601	4.40150117874	3.72313070297
19	13	0.499999575317	0.114454535255	-0.722159953429	-0.682191440157	0.660484552383	-4.08625793457	-3.97259426117
20	13	0.49997475557	-0.16311418391	-0.185139552371	0.969080548332	-0.989158272743	-0.919722080231	5.58711767197
21	13	0.499149739742	0.687780055319	-0.464445956246	-0.5578965399	3.87041139603	-2.59698867798	-3.36414384842
22	13	0.49281049706	0.198859990177	-0.315182937235	0.927962510225	1.0611975193	-1.71711444855	5.32652282715
23	13	0.410991832614	-0.76090473163	0.593951045514	0.261239631211	-3.71251344681	2.84575867653	1.26302814484
24	13	0.450019709766	-0.487711427184	0.0693972181875	0.870242259318	-2.58116292953	0.435186803341	4.55059289932
25	13	0.496730580926	0.434467316579	-0.896904421961	0.0824658031655	2.43362140656	-5.1564655304	0.383792638779
26	13	0.499887660146	-0.118959198368	0.990182146939	0.0734031675516	-0.712571918964	5.66074800491	0.393229484558
27	13	0.499819755554	0.357618433107	-0.933810915232	-0.0103068373018	1.99857366085	-5.36160564423	-0.0928268432617
28	13	0.499650388956	-0.205926019072	0.957447992506	0.202207359698	-1.16674780846	5.48185253143	1.12418437004
29	13	0.499838113785	0.393044373765	-0.918993853056	0.0310872690397	2.18609571457	-5.29137659073	0.0901384353638
0	14	0.499994903803	-0.0592088047817	-0.940088598901	-0.33574952517	-0.364390611649	-5.39113235474	-1.88403987885
1	14	0.499999314547	0.503715862355	0.849017250879	0.159499334548	2.82432866096	4.89907455444	0.934293270111
2	14	0.49999769032	-0.609198104588	-0.688517951764	-0.393472615902	-3.44929981232	-3.99834179878	-2.21086406708
3	14	0.499895453453	0.738163920422	0.637798227062	0.219835047576	4.19367218018	3.69636106491	1.23261117935
4	14	0.498584195971	-0.376128290782	-0.792185761635	0.480592579986	-2.27174329758	-4.4928483963	2.74529910088
5	14	0.464628797024	0.451797623606	0.0569846443752	-0.890298633948	2.46463465691	0.340337902308	-4.77807235718
6	14	0.346283763647	0.609764549144	0.269152578908	-0.745482450413	2.48768615723	1.10332047939	-3.06169486046
7	14	0.372507449239	0.227160880857	0.6854324527	-0.691794974681	1.00749731064	3.01459312439	-2.99877047539
8	14	0.458418481052	0.0869202858725	0.868321173167	0.488326943894	0.46786648035	4.67660713196	2.54733419418
9	14	0.489361748099	0.457903291973	-0.628444734658	0.628793917497	2.51415300369	-3.61867809296	3.562073946
10	14	0.46373366192	0.336671073547	0.229746478336	-0.913164357566	1.78994178772	1.31661009789	-4.90812969208
11	14	0.41368432343	-0.0269815220053	0.99738224321	0.0670869465653	-0.149760678411	4.8379573822	0.272386312485
12	14	0.478310987353	0.954394042741	-0.199800356776	0.221837392278	5.29370307922	-1.14515399933	1.19624686241
13	14	0.499385029078	-0.919035507266	0.371817441709	-0.130864534632	-5.24148368835	2.20173597336	-0.718320131302
14	14	0.499961227179	0.663549165011	-0.748054994048	0.010781071051	3.83988571167	-4.25201320648	0.0709066390991
15	14	0.49999986589	-0.542834838596	0.839637349843	-0.0184244065388	-3.15317487717	4.78055286407	-0.0901246070862
16	14	0.500001959503	0.443525359267	-0.64952473327	-0.617578235171	2.65586400032	-3.70556735992	-3.48692917824
17	14	0.499999448657	-0.531574854559	0.72623692022	0.43589919673	-3.18180155754	4.09214639664	2.50977802277
18	14	0.50000038743	0.670527848303	-0.408810347435	-0.619085215847	3.78719711304	-2.45100140572	-3.52657151222
19	14	0.499999724329	-0.64007261498	0.567747057746	0.517658503236	-3.62991642952	3.24916124344	3.00482296944
20	14	0.499989688396	0.619819384497	-0.165630927395	-0.767066050932	3.50438117981	-1.00604104996	-4.42199420929
21	14	0.499899938703	-0.478656841059	0.213974272749	0.851529587923	-2.70364141464	1.27585113049	4.88046216965
22	14	0.492621880025	0.0446953898764	-0.430284718114	-0.901586037759	0.276586413383	-2.40594172478	-5.13666343689
23	14	0.395067840815	-0.885895106141	-0.367485607014	0.283097491252	-4.1123380661	-1.71151995659	1.27341461182
24	14	0.429168954492	-0.582308662325	-0.799556499259	-0.147057901097	-2.93857216835	-3.98050904274	-0.727349042892
25	14	0.498165339231	0.0619416736028	0.902141327351	0.426971023087	0.341052234173	5.22836923599	2.34769082069
26	14	0.498729005456	0.422615435274	-0.903851676779	0.0666958788256	2.34941101074	-5.2121591568	0.337038993835
27	14	0.499113112688	-0.47699299478	0.796594134773	0.371369717903	-2.6976313591	4.59746742249	2.07673311234
28	14	0.499700501561	0.12960429573	-0.975195222203	-0.179435239349	0.805260419846	-5.57060050964	-1.0219874382
29	14	0.499966531992	-0.0815342791503	0.99396857372	0.0733391831153	-0.487060129642	5.67921829224	0.45170378685
0	15	0.499997183681	0.335167525625	0.942122613735	-0.00822863632796	1.81234717369	5.43624830246	-0.0391688346863
1	15	0.500000506639	0.228324634994	-0.934137873061	0.274325163206	1.17430782318	-5.4071598053	1.51686239243
2	15	0.499993681908	0.16870739873	0.982687725289	0.0765679318036	1.04050624371	5.62232732773	0.425085544586
3	15	0.499946430326	-0.724076822203	-0.678655604719	-0.123041967358	-4.13245487213	-3.92578935623	-0.626529693604
4	15	0.499681651592	0.624047653114	0.484711379719	-0.612877969104	3.54646778107	2.83956599236	-3.48936605453
5	15	0.494074329734	-0.251844566826	-0.830152075852	0.49741516374	-1.45555150509	-4.65640211105	2.92634320259
6	15	0.472876273096	-0.121668324171	0.0805223906212	-0.989299228496	-0.616196513176	0.517048835754	-5.40381002426
7	15	0.489345594309	-0.179664278242	0.172083130875	0.968559829433	-0.96334707737	0.942207813263	5.50677347183
8	15	0.490734837949	-0.723745395949	0.285549402703	-0.628215043165	-4.10098743439	1.51489973068	-3.63396239281
9	15	0.483837857842	0.165355938185	0.949684970062	0.265999758166	0.995115637779	5.35070943832	1.56643557549
10	15	0.423796460032	-0.715495122007	0.609982838344	-0.340569621823	-3.52085971832	3.02541351318	-1.73509049416
11	15	0.327676221728	-0.323475847742	0.824983861279	-0.463427453391	-1.26954853535	3.23532390594	-1.76271247864
12	15	0.456879101694	0.438275565537	0.654417178227	-0.616159626635	2.24410581589	3.52163410187	-3.2657160759
13	15	0.498323693871	0.202665884746	-0.96973733339	0.13614713875	1.2082836628	-5.53859853745	0.892896413803
14	15	0.499948650599	-0.600111380925	0.601206506942	-0.527652410678	-3.40881061554	3.52251815796	-2.95990085602
15	15	0.500000230968	0.554430683749	-0.602435369128	0.574176142784	3.25254893303	-3.50424289703	3.17999076843
16	15	0.50000025332	-0.867656116819	0.300039833977	0.396420182348	-5.00952863693	1.77599978447	2.20259714127
17	15	0.500000178814	0.847736538561	0.527819680376	0.0524323010813	5.05025053024	2.85463643074	0.227662324905
18	15	0.499998822808	-0.24682823859	0.952784141593	0.176856439419	-1.56328773499	5.44319391251	1.07218527794
19	15	0.499998271465	0.527634548947	-0.735415412338	-0.425165795958	2.96983456612	-4.22679615021	-2.46097040176
20	15	0.499989338219	-0.145349172087	0.737374232046	0.659661170669	-0.866277098656	4.18032741547	3.82199764252
21	15	0.49967494607	-0.116291374856	-0.471268213447	-0.874289761537	-0.62693297863	-2.75224256516	-4.98494911194
22	15	0.49807062	0.110063582284	0.576911746942	0.809357055999	0.636729419231	3.27314329147	4.63312387466
23	15	0.445910452865	-0.171724877392	-0.0267292073723	-0.9847822683	-0.93640434742	-0.206293493509	-5.11280345917
24	15	0.447024606168	-0.374375873486	0.642453964741	-0.668652083329	-1.93081283569	3.37006831169	-3.51414203644
25	15	0.490958362818	-0.411516416602	-0.710374946536	0.570983076982	-2.28086423874	-4.09369945526	3.21033573151
26	15	0.449957035482	0.368999876291	0.800135116648	-0.472887815876	1.90970134735	4.1789894104	-2.47316813469
27	15	0.447412721813	0.325052585327	-0.777493990609	-0.538371536524	1.73393058777	-4.01794195175	-2.7777864933
28	15	0.497550725937	-0.671297119089	0.739105886174	-0.0555217698462	-3.77393198013	4.29509687424	-0.270742893219
29	15	0.499778494239	0.164373751319	-0.941356315947	-0.294668553299	0.945105791092	-5.42000865936	-1.60050296783
0	16	0.499973937869	0.187534969608	-0.953816941803	0.234656934061	1.02063322067	-5.47253990173	1.32539987564
1	16	0.499998793006	0.286156365008	0.912459672661	-0.292458339824	1.56832385063	5.24225568771	-1.68966221809
2	16	0.499998539686	-0.522438749917	-0.838415872051	0.155295132181	-2.95018649101	-4.82234096527	0.884374141693
3	16	0.499994814396	0.625975173947	0.662461402711	-0.411460777621	3.57815480232	3.80769467354	-2.34427404404
4	16	0.499937783927	-0.296996208981	-0.285960127836	0.911054365633	-1.75097501278	-1.7604650259	5.18130111694
5	16	0.499873470515	0.0868641324295	0.37562266632	-0.92269292565	0.546571910381	2.21368169785	-5.24785709381
6	16	0.499281018972	-0.0920580612081	-0.577601654232	0.811111362511	-0.500465393066	-3.26438331604	4.66219758987
7	16	0.499643232673	-0.0467626599705	0.418243652617	-0.907130365867	-0.31596082449	2.39835929871	-5.1950044632
8	16	0.499643266201	0.687710774768	-0.363056142775	0.62868444188	3.86478281021	-2.12590646744	3.64309501648
9	16	0.499152943492	-0.195659878601	0.624081718121	-0.756464950287	-1.24429988861	3.54947853088	-4.36143445969
10	16	0.497684389353	0.781313434433	-0.508260772875	0.362243431867	4.41404151917	-2.97089147568	2.13825511932
11	16	0.474309355021	-0.0977481337795	0.57146848349	-0.814781611673	-0.581764698029	3.16771101952	-4.437541008
12	16	0.498765297234	-0.0965677596141	-0.577721265562	0.810501577494	-0.52150452137	-3.33051252365	4.62605190277
13	16	0.499756872654	0.0578225835595	0.462326673004	-0.884822352939	0.286907941103	2.7772424221	-5.01085424423
14	16	0.499972254038	0.188101962027	-0.964484317025	0.185439084593	1.15281879902	-5.50442886353	1.17277240753
15	16	0.499994307756	-0.714233353399	0.691495596117	0.108187603004	-4.04291200638	4.0380616188	0.514149904251
16	16	0.499990612268	0.669819536451	-0.734130486776	0.111329317673	3.86452150345	-4.18317174911	0.616050720215
17	16	0.499981567264	-0.92843738025	0.37126721391	-0.0128330366327	-5.30648994446	2.17869257927	-0.0709149837494
18	16	0.499992057681	0.560637617421	-0.81864665825	-0.124511488898	3.18915081024	-4.6984910965	-0.74277305603
19	16	0.499994345009	-0.124870887711	0.797076520222	0.590826778603	-0.766206026077	4.56823444366	3.36795711517
20	16	0.49999820441	0.00287083196051	-0.463482307625	-0.886101522876	-0.0165127702057	-2.76380968094	-5.02338838577
21	16	0.499941691756	0.350174481518	0.893168344802	0.282184585577	1.96862888336	5.08847904205	1.76860666275
22	16	0.499415718019	-0.193883949657	-0.69495306281	-0.692422742662	-1.16726124287	-4.00962400436	-3.94260406494
23	16	0.480019398034	0.5038933816	0.589974983364	-0.630889038567	2.90794467926	3.37537574768	-3.39054584503
24	16	0.478747829795	-0.573292296546	-0.35692917744	-0.737521189535	-3.18659591675	-2.11840248108	-4.0639538765
25	16	0.479841187596	-0.65047658852	0.744824107164	0.148718718304	-3.52061605453	4.23650026321	0.800597667694
26	16	0.362998720258	0.716624731614	0.173997553501	-0.6754064298	3.03984069824	0.808200538158	-2.86466360092
27	16	0.347388476133	0.743770309111	-0.220025941603	-0.63118484797	3.05360746384	-0.935755133629	-2.54703760147
28	16	0.482254996896	0.27059848379	-0.882902919444	0.383743267574	1.53525602818	-4.91476011276	2.07842516899
29	16	0.499807521701	-0.171422720303	0.928659227362	-0.328947245616	-0.989514648914	5.32303667068	-1.8439116478
0	17	0.499983519316	-0.299293319469	0.952720591728	0.0524116687332	-1.70674681664	5.46479415894	0.187543392181
1	17	0.499999120831	0.190867102615	-0.694679686671	0.693534340942	1.05642354488	-4.12504386902	3.86701488495
2	17	0.499998450279	0.301535691321	0.938193846188	0.169907427249	1.75353336334	5.39472150803	0.866780757904
3	17	0.499995797873	-0.634185721424	-0.673122212284	0.380414192785	-3.60354137421	-3.90164494514	2.14439678192
4	17	0.499977782369	0.141391688313	0.98974742317	0.0202096215576	0.904372930527	5.68052768707	-0.0143556594849
5	17	0.499958567321	-0.420992481518	-0.589919260853	0.689028733929	-2.33673214912	-3.45220994949	3.93953466415
6	17	0.499965704978	-0.0101854523459	0.667321907277	-0.744699757371	-0.0566156283021	3.82022428513	-4.25800704956
7	17	0.499991551042	0.460913767443	-0.671070165774	0.580709334857	2.60775542259	-3.82128810883	3.37383842468
8	17	0.499972425401	-0.362011554369	0.715386607253	-0.597636709603	-2.1022298336	4.09635162354	-3.39706230164
9	17	0.49998895824	0.55475873632	-0.70061884837	0.448749344049	3.12564682961	-4.02534484863	2.59201741219
10	17	0.499509826303	-0.340294855412	0.831324633509	-0.439430045743	-2.0350716114	4.7211098671	-2.50560069084
11	17	0.49935375154	0.439558391459	-0.851540484877	0.285774776904	2.49259543419	-4.85169315338	1.71129393578
12	17	0.499695956707	-0.371867292635	0.788292569819	-0.490213770753	-2.07479286194	4.51105117798	-2.84039926529
13	17	0.499986626208	0.0977586588923	-0.788872692831	0.606731504965	0.564534306526	-4.47308158875	3.52743625641
14	17	0.499986167997	-0.379491443695	0.420841741288	-0.823940818841	-2.12042236328	2.54918336868	-4.68294811249
15	17	0.499962776899	-0.0406767481683	-0.947277075836	0.317823132818	-0.147344172001	-5.42512750626	1.86431932449
16	17	0.499663993716	-0.230712611438	0.831328927036	-0.505632184494	-1.3536721468	4.78173112869	-2.84442305565
17	17	0.499662712216	0.609545096135	-0.792643929636	-0.013052838395	3.4926302433	-4.53995656967	-0.0621862411499
18	17	0.499646872282	-0.282799161841	0.953301073733	0.106026868678	-1.63883495331	5.44129753113	0.639287471771
19	17	0.499978482723	0.188053964093	-0.857110953617	-0.479579523935	1.02471709251	-4.9302945137	-2.72767496109
20	17	0.49999216944	0.484078413538	0.695777174643	0.530624361288	2.67799568176	4.03236579895	3.06966924667
21	17	0.499992623925	-0.208081415195	-0.697143963652	-0.686070272344	-1.22679591179	-4.01931667328	-3.89265990257
22	17	0.499803334475	0.416143813071	0.222072441847	0.881764230061	2.43751597404	1.40232038498	5.00146245956
23	17	0.499475106597	-0.867491654468	-0.44214407625	-0.227962376863	-4.92693138123	-2.63970160484	-1.33728671074
24	17	0.499506831169	0.385322532524	0.909255481186	0.157419871242	2.22894096375	5.20152235031	0.939929008484
25	17	0.493344083428	-0.216096014265	-0.878164097918	0.426767301637	-1.15899729729	-5.03180789948	2.34574317932
26	17	0.482633501291	-0.376773396463	0.926304097019	-0.00158983161696	-2.03867030144	5.1962594986	-0.0642156600952
27	17	0.476241461933	0.530376323538	-0.261545399539	0.806408680144	2.96003031731	-1.52497959137	4.41082715988
28	17	0.495262503624	-0.424606331066	0.875069518798	0.232298947241	-2.39863443375	5.03610992432	1.19856548309
29	17	0.499921664596	0.136663846666	-0.889175876314	0.436679807176	0.835433959961	-5.12348127365	2.41606402397
0	18	0.499997347593	0.462599401283	-0.866871705678	0.185836594423	2.60136508942	-4.98016452789	1.06178236008
1	18	0.499998569489	-0.218628221421	0.975676903661	0.0160087620215	-1.22386538982	5.60373497009	0.00192928314209
2	18	0.499983504415	-0.332390035876	-0.924787692727	-0.185160977075	-1.92634677887	-5.31465578079	-0.976616382599
3	18	0.499882772565	0.717380975713	0.40084094505	-0.569816700752	4.10245323181	2.44175004959	-3.19427895546
4	18	0.499505981803	-0.370957806894	-0.913817392966	-0.165312061923	-2.10909986496	-5.26547431946	-0.832432031631
5	18	0.499909743667	-0.0391249403115	0.909654791758	-0.413518317463	-0.163117498159	5.2198381424	-2.3572883606
6	18	0.499917514622	-0.000109734840408	-0.730563351517	0.682844914588	0.0776722058654	-4.19574260712	3.90217208862
7	18	0.499975055456	-0.780959125688	0.236337194966	-0.578141482926	-4.43316459656	1.52269470692	-3.33303713799
8	18	0.499997794628	0.114335747773	-0.98141769083	0.154099490289	0.783832848072	-5.60794258118	0.956630945206
9	18	0.499999061227	-0.433533730463	0.837675724046	-0.332186522747	-2.51449942589	4.78211784363	-1.8872013092
10	18	0.499970436096	0.857687445942	-0.402113523416	0.320432456782	4.84013700485	-2.43558335304	1.88294029236
11	18	0.499987646937	-0.460051072915	0.716242817879	-0.524737302034	-2.61157941818	4.11527919769	-3.00553441048
12	18	0.499995946884	0.18387167372	-0.775315653813	0.60421589234	1.01111888885	-4.43785953522	3.48305034637
13	18	0.499995302409	0.269522279865	0.455242425737	-0.848594175366	1.4703271389	2.69489908218	-4.83577632904
14	18	0.49996650219	0.0935781592841	-0.606291073218	0.789717837358	0.502284765244	-3.51221942902	4.49619626999
15	18	0.499646246433	0.180965316711	0.904314980728	-0.386608289846	1.00669777393	5.17193365097	-2.22889637947
16	18	0.492691226304	-0.0207566734105	-0.784746475393	0.619469232381	-0.0879475697875	-4.50157546997	3.46584510803
17	18	0.464931622148	-0.794518920195	0.536175327785	0.285053860397	-4.24474859238	2.96878290176	1.51338028908
18	18	0.49740216136	0.0237045766942	-0.962828421535	-0.269071595917	0.197157949209	-5.49882221222	-1.53393983841
19	18	0.49971203506	0.0796654081167	0.972364297816	0.219456362594	0.435669720173	5.56528663635	1.24220848083
20	18	0.499989926815	-0.179256039267	-0.95222502597	-0.247254468723	-1.05642569065	-5.45042419434	-1.39796090126
21	18	0.499996557832	-0.00191110783155	0.993663391682	0.112380655353	0.100969523191	5.68989133835	0.720841646194
22	18	0.499988585711	-0.752120033428	-0.594324567838	-0.284769667241	-4.23248147964	-3.49635958672	-1.68484258652
23	18	0.499953731894	0.102599634499	0.874931423106	0.473252913211	0.708079338074	5.01245355606	2.69859337807
24	18	0.499181263149	0.113537985389	-0.830327272538	-0.545587524008	0.575562596321	-4.82235765457	-3.03607273102
25	18	0.497853651643	-0.0914165954204	0.928875486229	-0.358933611081	-0.49607411027	5.3563747406	-1.9947707653
26	18	0.441923305392	-0.0907736988755	-0.994002885809	-0.0609786732812	-0.460275381804	-5.0750079155	-0.290246725082
27	18	0.486004065722	0.126373508507	0.560330153254	-0.81857183906	0.678649067879	3.20692443848	-4.57006835938
28	18	0.499704092741	-0.167572638677	-0.985803573576	0.0105225990981	-0.887402236462	-5.66658306122	0.107215166092
29	18	0.499935105443	-0.427292322011	0.877248378002	-0.218761410772	-2.3656668663	5.06401824951	-1.24406576157
0	19	0.499996945262	-0.253265995878	0.845489078001	-0.470111214834	-1.42634916306	4.86674404144	-2.65389084816
1	19	0.499995954335	0.0117496672229	-0.78324772249	0.621598705383	0.0486351773143	-4.53059768677	3.51200580597
2	19	0.499948099256	0.591256516096	0.786169801537	-0.179868772516	3.34419536591	4.52102184296	-1.0687379837
3	19	0.499695360661	-0.562168897546	-0.674122784667	0.479087259093	-3.21596479416	-3.86294031143	2.77311372757
4	19	0.492832630873	0.0121989422655	0.984747705684	-0.17356019693	0.116336904466	5.58953428268	-0.995174884796
5	19	0.491336494684	-0.0601486855994	-0.998185185686	-0.00291044614295	-0.32123541832	-5.65346002579	0.0696194171906
6	19	0.499226763844	-0.370629520973	0.787261826575	-0.492800745334	-2.10520172119	4.51926136017	-2.80464911461
7	19	0.499729856849	0.712526979352	-0.652189977037	0.258753816491	4.03277635574	-3.76463460922	1.53944015503
8	19	0.49998433888	-0.630202497613	0.776405515985	-0.00626791439128	-3.61134409904	4.44811248779	-0.11735534668
9	19	0.499998047948	0.590863115243	-0.805987907049	0.0355566131147	3.35961675644	-4.61977624893	0.265105009079
10	19	0.499999448657	-0.373879684233	0.827108227524	-0.419649808388	-2.16766262054	4.72484111786	-2.4047267437
11	19	0.499999590218	-0.0888132823532	-0.729304748328	0.67840016579	-0.466029584408	-4.22775840759	3.84514737129
12	19	0.499998994172	0.591983186754	0.602280430838	-0.535550361059	3.2688703537	3.52768421173	-3.12635183334
13	19	0.499998494983	-0.229502989377	-0.735310536812	0.637688632736	-1.31385159492	-4.1890411377	3.66909193993
14	19	0.499900117517	0.0863471571683	0.905459316041	-0.415556970155	0.51788008213	5.17383956909	-2.39515781403
15	19	0.499297276139	-0.311710065557	-0.94638060602	-0.084856252453	-1.76624643803	-5.43027162552	-0.408962488174
16	19	0.449779510498	0.330202416079	0.871032925405	0.36368668834	1.70067894459	4.58035898209	1.88803398609
17	19	0.348194099963	-0.565775527415	0.643667214106	0.515354800175	-2.3606698513	2.68189716339	2.07788538933
18	19	0.468723610044	-0.399778471845	0.828323902245	0.392500555947	-2.18817639351	4.50657653809	2.0836892128
19	19	0.499093487859	0.00663284396557	-0.930137847836	0.367150635847	-0.0116027072072	-5.36362075806	2.01981210709
20	19	0.499935492873	0.565115945754	0.777786874187	-0.275120966482	3.21360826492	4.50142240524	-1.51276755333
21	19	0.499998316169	-0.483067687546	-0.82639453955	-0.289340066793	-2.7650949955	-4.75872850418	-1.57874703407
22	19	0.499997377396	0.374062323527	0.919956007373	0.117295876381	2.2366669178	5.22640323639	0.693168640137
23	19	0.499874591827	-0.601619724492	-0.767743302112	-0.220508342618	-3.42061281204	-4.423620224	-1.24538230896
24	19	0.498202651739	0.231053259261	0.954348383845	0.189297526761	1.39035928249	5.45984363556	1.07863044739
25	19	0.444208711386	-0.0880540724157	-0.945755695148	0.312718156534	-0.464735895395	-4.85876178741	1.56936442852
26	19	0.264361396432	-0.197742073661	-0.979533930892	0.0375679455948	-0.636685371399	-3.08631491661	0.193526506424
27	19	0.444805860519	-0.511452657324	-0.853116597049	-0.102996364768	-2.5886118412	-4.40451478958	-0.497764587402
28	19	0.499044165015	0.144909225643	0.984003109975	0.10363009159	0.840784311295	5.62089824677	0.566806077957
29	19	0.49992325902	-0.146841316725	-0.988046774693	0.0469169342737	-0.776698350906	-5.66519546509	0.299003839493
0	20	0.499995484948	0.293821202109	-0.890130396573	0.348334578084	1.61189842224	-5.10779237747	2.02338385582
1	20	0.499980330467	0.120391966088	0.633764243478	-0.764099900661	0.674046576023	3.73758244514	-4.30545330048
2	20	0.499268457294	-0.639771227397	-0.740167961102	0.206988323229	-3.62260651588	-4.27424478531	1.2977874279
3	20	0.493206335232	0.193917208535	-0.360501310839	-0.91237871584	1.1776150465	-1.94208836555	-5.25533676147
4	20	0.410669907928	0.962683250609	-0.0119537356161	0.270366542313	4.66269636154	-0.0714303180575	1.26918196678
5	20	0.411046184599	0.70044480982	-0.173838232694	-0.692211916431	3.43408226967	-0.729337275028	-3.30555438995
6	20	0.483541622758	0.403704109825	-0.70108440763	0.587795581039	2.1886818409	-3.94889211655	3.2863368988
7	20	0.499654322863	0.0740610758841	0.790137266516	-0.608439033184	0.314180254936	4.53078556061	-3.512393713
8	20	0.49992929399	0.717338506791	-0.117231764984	0.686791220061	4.09516572952	-0.866097927094	3.96292877197
9	20	0.499997735023	-0.510208565511	0.831092843362	-0.221295967863	-2.92270755768	4.7480635643	-1.36125230789
10	20	0.50000025332	0.409911258795	-0.773394324655	0.483563830849	2.29318094254	-4.46340608597	2.76749873161
11	20	0.499999940395	-0.00682386278998	0.995385373108	-0.0957151706858	-0.0762766599655	5.69228887558	-0.69686293602
12	20	0.499999329448	0.0654757206036	-0.78109959121	0.620964055821	0.298712253571	-4.49308633804	3.54397916794
13	20	0.499997664243	-0.014214666047	0.43323886251	-0.901167038501	-0.0307400226593	2.60330343246	-5.10864591599
14	20	0.499960705638	-0.218102485537	-0.904718734277	0.365944418801	-1.22544586658	-5.16019439697	2.15157079697
15	20	0.499150246382	0.338810894014	0.885945888732	-0.316712898911	1.93063735962	5.0589838028	-1.87002301216
16	20	0.464406967163	-0.289702443509	-0.0288958113774	0.95668047242	-1.61366701126	-0.224504828453	5.16172122955
17	20	0.393353417516	-0.970598544451	0.0753382123426	-0.228610190652	-4.4907541275	0.382333248854	-0.988468170166
18	20	0.467479586601	0.199263486092	-0.616639685301	-0.761609848691	0.977413773537	-3.40836191177	-4.15001058578
19	20	0.497895792127	0.418542670233	0.88099969245	-0.220593687801	2.40297269821	5.04301166534	-1.22507333755
20	20	0.499916493893	-0.864871868845	-0.480837920139	0.144192735726	-4.89475345612	-2.87025213242	0.812069177628
21	20	0.499998912215	0.703547675096	0.698589381479	-0.130359291773	4.01862764359	4.02234601974	-0.707173585892
22	20	0.49999897182	-0.935512102772	-0.350648620319	0.0431584364273	-5.3222784996	-2.13778972626	0.243216514587
23	20	0.499991104007	0.894165522934	0.335047980833	-0.297003144993	5.12786102295	1.92498469353	-1.65227675438
24	20	0.499563530087	-0.98452804474	0.0814996664339	0.155120383866	-5.68245172501	0.324639469385	0.995678901672
25	20	0.487800523639	-0.141986707344	0.232477462608	-0.962181897729	-0.681671261787	1.31893992424	-5.46401262283
26	20	0.445174217224	-0.307181028933	-0.836701397972	0.453398925998	-1.59680235386	-4.3091506958	2.32003498077
27	20	0.497945383191	0.497909652901	0.856323459896	-0.13709890437	2.81454968452	4.92637491226	-0.788979768753
28	20	0.499194815755	-0.129048223037	-0.990962629858	-0.0366008518398	-0.768010675907	-5.65489673615	-0.189827442169
29	20	0.499985083938	0.101010607613	0.994003447297	-0.0418808298868	0.556752979755	5.68662452698	-0.261273145676
0	21	0.499999150634	0.0140546868728	0.875184005626	-0.483586002768	0.0410060733557	5.03440141678	-2.72399306297
1	21	0.499986752868	0.235080986344	-0.97030591565	-0.0569505040714	1.31189715862	-5.57830667496	-0.187646150589
2	21	0.499518811703	-0.104533173811	0.970105857961	-0.219014702528	-0.546382308006	5.5667848587	-1.36675643921
3	21	0.492324147373	-0.304725139496	0.2122753688	0.92848357937	-1.6956127882	1.09553384781	5.34244775772
4	21	0.394518449903	0.942524520345	0.333831772878	-0.014278514147	4.35540151596	1.58873915672	-0.0781598091125
5	21	0.380552127957	0.398266345975	0.8678034703	-0.297154933662	1.86680698395	3.84135746956	-1.37077450752
6	21	0.46964392066	0.698405872546	0.594269392748	-0.398839724748	3.75439786911	3.29724979401	-2.17880821228
7	21	0.499621741474	-0.40758972095	-0.699749018739	0.586704295322	-2.25327348709	-4.0671081543	3.37077498436
8	21	0.499930802733	-0.0454438861257	0.610907051597	-0.790397006271	-0.237463250756	3.50891304016	-4.5212635994
9	21	0.499999038875	-0.123259171928	-0.559019817928	0.819941473338	-0.666164338589	-3.24420166016	4.67292976379
10	21	0.500000331551	0.337616501495	0.48089939786	-0.809166773327	1.81508481503	2.84869813919	-4.63729000092
11	21	0.499999754131	0.27775008976	-0.655269621119	0.702478904507	1.48552298546	-3.82353925705	4.00904750824
12	21	0.499997958541	0.398498354844	0.860372297017	-0.317739786165	2.18137168884	4.94289875031	-1.92108607292
13	21	0.499977633357	-0.302936102953	-0.787158065425	0.537226114	-1.67500770092	-4.5122461319	3.09704613686
14	21	0.499845422804	0.00141685783334	0.818837039729	-0.574024298163	0.0798618867993	4.67913913727	-3.28357601166
15	21	0.49872187525	-0.127523089239	-0.691918833827	0.7106238028	-0.71020680666	-3.98589706421	4.04454469681
16	21	0.480087950826	0.144591666069	0.922460858937	-0.357993315345	0.838963747025	5.09229898453	-2.03536748886
17	21	0.473359838128	-0.815340354706	-0.518536604611	0.257565323106	-4.49127864838	-2.82189321518	1.42382073402
18	21	0.482323527336	0.721153005891	-0.581862468258	-0.375997885802	4.17387914658	-3.13635420799	-2.11519861221
19	21	0.499044731259	-0.61273588653	-0.734306773233	0.29214430705	-3.57380032539	-4.20420074463	1.60713720322
20	21	0.499912038445	0.31005163484	0.882881458059	0.352687276137	1.82790219784	5.0887928009	1.90922904015
21	21	0.499998018146	-0.048924405114	-0.998033680115	-0.0391813213187	-0.339746892452	-5.71881389618	-0.203496932983
22	21	0.499996572733	0.205085579635	0.950663822429	0.232762114078	1.24842977524	5.50439357758	1.24007987976
23	21	0.499977350235	-0.926678212131	-0.106888591809	0.360336398527	-5.31709194183	-0.733341097832	2.14346003532
24	21	0.499931044877	0.620515177861	0.436736656337	-0.651323273848	3.58513736725	2.44887638092	-3.74807691574
25	21	0.49884211272	-0.61087244319	0.0868588948526	0.786950055935	-3.45970106125	0.401716709137	4.53282165527
26	21	0.498544849455	0.58673799104	0.10587394596	-0.802825782743	3.32896757126	0.70729547739	-4.6093711853
27	21	0.499660208821	-0.314457870715	-0.831566343688	0.457835847866	-1.81357133389	-4.76870965958	2.60787940025
28	21	0.49997895956	0.257478157081	0.965480009294	-0.0394125649916	1.42270934582	5.53952789307	-0.271031141281
29	21	0.499988347292	-0.0867399662778	-0.993405945741	0.074972029559	-0.495009273291	-5.68303108215	0.498563528061
0	22	0.499997034669	0.137780414665	-0.722371881263	0.677639596316	0.756078839302	-4.16077804565	3.85227704048
1	22	0.499964609742	-0.300045954265	0.892282266206	-0.337349644648	-1.65480303764	5.11472558975	-2.00684380531
2	22	0.499733310193	0.106005499254	-0.446320085475	0.888572571842	0.661629855633	-2.66426801682	5.02882957458
3	22	0.497726589441	-0.44462477775	0.647980686354	-0.618409117917	-2.50718951225	3.64240074158	-3.62019777298
4	22	0.482342779636	0.468211463164	-0.552973682892	0.689201082262	2.61419987679	-3.08320641518	3.85449528694
5	22	0.465025514364	-0.947782374849	0.190267795081	0.255942837524	-5.14194202423	1.08716952801	1.33947968483
6	22	0.482801288366	-0.106997092564	-0.899410229576	-0.423807575578	-0.564923882484	-5.0626206398	-2.33340930939
7	22	0.499391287565	-0.720099181599	0.676827243996	0.152846493078	-4.0264081955	4.06253623962	0.819719076157
8	22	0.499973058701	-0.44100283801	-0.721650598004	0.533607450536	-2.42272233963	-4.18546676636	3.10334968567
9	22	0.499996989965	0.105203417893	0.660711479961	-0.74323117609	0.639240443707	3.79195022583	-4.23661422729
10	22	0.49999961257	0.192488613361	-0.823513311559	0.5336421642	1.00310945511	-4.68396759033	3.15468454361
11	22	0.499997474253	0.064834016233	0.718091142737	-0.692922550551	0.324263423681	4.10406112671	-3.96414351463
12	22	0.499993056059	0.202374449895	-0.733735512034	0.648596007088	1.1065363884	-4.20664453506	3.72671246529
13	22	0.499888569117	-0.167405106131	0.85228114096	-0.495572786991	-0.901491165161	4.86632347107	-2.87619590759
14	22	0.4984344244	-0.507857294107	-0.679291042821	0.529759047081	-2.77178955078	-3.93384289742	3.11810445786
15	22	0.478223264217	-0.533181421824	0.138834754452	-0.834531295026	-2.86072492599	0.831460356712	-4.67853832245
16	22	0.350098513067	0.702968345275	-0.410842245447	-0.580555040369	2.86277747154	-1.6597083807	-2.43645334244
17	22	0.45422001183	0.898966518768	0.30015849907	-0.319004817473	4.72093963623	1.57442307472	-1.68580389023
18	22	0.499063938856	-0.790874638352	-0.607757472849	0.0717506836755	-4.57717990875	-3.44122767448	0.422724246979
19	22	0.499700449407	0.806702780043	0.176413140009	0.564011550151	4.68612623215	1.22156381607	3.13929796219
20	22	0.49997343123	-0.173671486417	-0.974682882192	0.140824337267	-1.03284907341	-5.60122346878	0.750216722488
21	22	0.499994516373	-0.236145572678	0.783562131109	-0.574687441307	-1.3385989666	4.53346014023	-3.24161458015
22	22	0.499973632395	0.61417237822	-0.474153362982	0.630849330826	3.4567899704	-2.81330037117	3.62984371185
23	22	0.499775271863	-0.563777253007	0.136683402606	-0.814538431533	-3.16597700119	0.849302053452	-4.73080682755
24	22	0.498869381845	0.170572897027	-0.520774761332	0.836479847193	0.916452288628	-2.93508720398	4.83537340164
25	22	0.49856043607	0.516749106884	0.369767514204	-0.772167304394	2.92599439621	2.0738966465	-4.46255207062
26	22	0.499184135348	-0.0834307733362	-0.365293155191	0.927146275854	-0.531569421291	-2.12880444527	5.2875919342
27	22	0.49992531538	-0.0391132272033	0.943337509021	-0.329521622252	-0.230129063129	5.3885512352	-1.93093800545
28	22	0.499983400106	0.399115089982	-0.877062614528	0.267335585259	2.18352437019	-5.05662298203	1.60386347771
29	22	0.499998383224	-0.0222456418207	0.670794445321	-0.741309613823	-0.130699545145	3.91766166687	-4.18082857132
0	23	0.499988749623	0.227984008966	0.681024454826	-0.695865636157	1.31137061119	3.89540624619	-3.97886800766
1	23	0.499575145543	-0.527467580729	-0.605958271004	0.595476720856	-2.90077018738	-3.52659273148	3.4780330658
2	23	0.498521454632	-0.385403192958	0.560104305937	-0.73331272001	-2.14290523529	3.18833065033	-4.23253440857
3	23	0.492960073054	0.603676843735	-0.197319590989	0.772424266417	3.41734266281	-1.17678010464	4.37419176102
4	23	0.444196105003	-0.649985408864	0.182403019956	-0.737731730763	-3.36965608597	0.95188575983	-3.79695820808
5	23	0.36560343951	-0.05063905797	0.552286754719	-0.832114791582	-0.30174189806	2.45198392868	-3.55794167519
6	23	0.423531554639	-0.484265690278	0.673128651479	-0.558913731964	-2.35982990265	3.35439133644	-2.76363492012
7	23	0.496739849448	0.207629242695	-0.97089520554	-0.119384242833	1.16638374329	-5.59721755981	-0.593468666077
8	23	0.499834530056	0.236802069683	0.664674188801	-0.708613436604	1.40738296509	3.85217666626	-4.00614595413
9	23	0.499986216426	-0.594247800103	-0.545088566148	0.591394967114	-3.36589694023	-3.11244750023	3.43038892746
10	23	0.4999958314	0.374391976636	0.219014788262	-0.90103450009	2.17880940437	1.32565188408	-5.15124082565
11	23	0.499993428588	-0.122466313896	-0.600557845283	0.790146996723	-0.715733528137	-3.37485194206	4.61062097549
12	23	0.499946542084	-0.216472252868	0.240232642022	-0.946270596312	-1.23263812065	1.42282819748	-5.42068052292
13	23	0.496683008969	0.343826018015	-0.710700828805	0.613749135455	1.91539311409	-4.01623916626	3.5615477562
14	23	0.4991953969	-0.0983107203934	0.63412672086	-0.766953912662	-0.578296303749	3.66369342804	-4.35288906097
15	23	0.479956507683	0.0705053178064	-0.660130035465	0.747835099763	0.460512161255	-3.67260217667	4.13566303253
16	23	0.347121182829	0.283350392187	-0.683831353624	-0.672374326583	1.17680847645	-2.82933068275	-2.69009613991
17	23	0.446124196053	-0.42548351019	-0.817656929558	-0.387815585171	-2.13936305046	-4.27608585358	-2.00004339218
18	23	0.498744651675	0.253336373633	0.940120629279	-0.228021674845	1.48323011398	5.37447786331	-1.26773238182
19	23	0.499884799123	-0.379184549254	-0.921413175061	0.0849519772089	-2.15617251396	-5.3042640686	0.4822473526
20	23	0.499988481402	0.126820501864	0.970398937339	0.205529712493	0.725614309311	5.60550403595	1.03187656403
21	23	0.499993428588	0.28887462938	-0.805658844897	0.517170449794	1.62671935558	-4.62835216522	2.95315074921
22	23	0.49987912178	-0.114593810438	0.73098668716	-0.672701064221	-0.727402567863	4.14831829071	-3.88176631927
23	23	0.498571142554	0.494909260793	-0.0824849558273	0.865020841161	2.7776889801	-0.528584957123	4.96575450897
24	23	0.484701896086	-0.227925787664	-0.0897992536964	-0.969528715074	-1.26727819443	-0.467800855637	-5.43433332443
25	23	0.446570016444	-0.752108463958	0.440324983856	0.490353716246	-3.89210748672	2.25396823883	2.59744143486
26	23	0.491506556049	0.0752114622487	0.336380155053	-0.938718076545	0.429957300425	1.94919419289	-5.31799793243
27	23	0.498232766986	0.319092533758	-0.946962464387	0.0379742799992	1.75540423393	-5.46711492538	0.417151451111
28	23	0.499940719455	0.0700733850419	0.576189760091	-0.814306503152	0.386159688234	3.38554906845	-4.61566925049
29	23	0.499990046024	-0.272977161859	-0.822656981129	0.498717315223	-1.53426539898	-4.67272424698	2.92341184616
0	24	0.499934285879	-0.375998119946	-0.416963830086	0.827506240579	-2.13031625748	-2.42035126686	4.72288799286
1	24	0.498869415373	0.14562663382	0.443161330232	-0.884534294931	0.835296392441	2.53709602356	-5.04822063446
2	24	0.488030645996	0.297874501936	-0.35777306532	0.885024979776	1.6570956707	-2.03800177574	4.97310113907
3	24	0.400636762381	-0.972028059082	-0.115292949627	0.204619129416	-4.57517623901	-0.483029723167	0.902741193771
4	24	0.41091196239	-0.977819204665	0.168248961557	-0.124747304275	-4.73160839081	0.861346840858	-0.630546569824
5	24	0.391400828958	-0.221706987049	0.97063537561	0.0933433420661	-1.05925452709	4.50203800201	0.383231401443
6	24	0.417020946741	-0.276688943607	0.948902276331	0.151748800522	-1.41309940815	4.65141439438	0.736503839493
7	24	0.489462152123	0.89508911571	0.208157167988	-0.394317217926	5.06465959549	1.28145492077	-2.24238014221
8	24	0.49957510829	-0.70993026031	-0.544591393261	0.446563813897	-4.05511331558	-3.08492326736	2.5882267952
9	24	0.499926403165	0.835746235227	0.25858350237	-0.484420068335	4.79593515396	1.49499511719	-2.74967765808
10	24	0.499884054065	-0.918340205183	0.331824580414	0.215739925323	-5.282122612	1.86731076241	1.31160449982
11	24	0.499629840255	0.231637801867	-0.897289677106	-0.375786061616	1.42719864845	-5.13389968872	-2.24203562737
12	24	0.493416789919	0.18104483834	0.581120310339	0.793424193872	1.01149082184	3.29277777672	4.54271888733
13	24	0.446558189578	0.130599317864	-0.0645714546919	-0.989330250934	0.580821037292	-0.273505419493	-5.13735055923
14	24	0.495780706406	0.619285481962	-0.720892690712	0.31112573071	3.54678869247	-4.10028266907	1.83650398254
15	24	0.496443063021	-0.91074549248	0.144086043374	-0.387016614671	-5.1487865448	0.952764391899	-2.27527952194
16	24	0.482355080545	0.634333428452	-0.50587131295	0.584564210573	3.50648474693	-2.83546733856	3.25818395615
17	24	0.498235091567	-0.103626131715	0.869924364858	-0.482175511875	-0.584957718849	4.98370742798	-2.76457452774
18	24	0.499448597431	0.053201821456	-0.933310697473	0.355106615224	0.311932623386	-5.31702470779	2.07599473
19	24	0.499915316701	-0.436770942418	0.655032919501	-0.616573611363	-2.41675019264	3.81823062897	-3.53593420982
20	24	0.499993827194	-0.0712103128538	-0.509083688283	0.857766220871	-0.310148328543	-3.02243471146	4.8810172081
21	24	0.499993555248	-0.404446017778	0.647613256996	-0.645771235088	-2.28478956223	3.7174654007	-3.70337104797
22	24	0.499854903668	0.08511524385	-0.611095169237	0.786967654608	0.551429390907	-3.48698568344	4.50650262833
23	24	0.496026640758	0.00579482826258	0.288053491809	-0.95759678666	-0.0101220449433	1.64304757118	-5.4603266716
24	24	0.427408277988	-0.694078123823	0.550425677258	0.4639904437	-3.45210790634	2.73144865036	2.37413406372
25	24	0.318543624133	-0.52070688091	0.486901994099	0.70127797079	-1.98613166809	1.73108434677	2.7293920517
26	24	0.44135819003	-0.592351447339	-0.00127474677952	0.80567868152	-3.04837846756	0.0129305580631	4.13439035416
27	24	0.499289438128	0.494416314483	0.161235074525	-0.854140362421	2.82132506371	1.05275011063	-4.90126609802
28	24	0.499901279807	-0.356796219502	-0.3584132247	0.86269138057	-2.08562111855	-2.113717556	4.90644359589
29	24	0.499959275126	0.359461753105	0.624554890318	-0.693338616432	2.06450271606	3.56616258621	-3.96515774727
0	25	0.499121583998	0.429974686689	0.384661947496	-0.81679676478	2.41380405426	2.21530342102	-4.68950176239
1	25	0.499136637896	0.02295573946	-0.32358980978	0.945918954791	0.128414750099	-1.86950063705	5.40058708191
2	25	0.469846583903	-0.512333733608	0.490509905305	-0.704921398601	-2.77294397354	2.65378952026	-3.83360481262
3	25	0.343279346824	-0.646170505881	0.614812348634	-0.452182986518	-2.61050891876	2.47485589981	-1.87408471107
4	25	0.433666825294	0.518552644392	0.53757609027	-0.664917364913	2.529296875	2.76693868637	-3.4196228981
5	25	0.363712772727	-0.997121823496	0.0718510244412	-0.0241970947562	-4.26886415482	0.293257057667	-0.132996320724
6	25	0.362512931228	-0.860384314133	-0.4747253367	-0.185404117238	-3.64192700386	-2.02234745026	-0.800363302231
7	25	0.452534556389	-0.196629239158	-0.888659002555	-0.414273001156	-1.09490346909	-4.7028837204	-2.11353540421
8	25	0.495759800076	0.661134835925	0.372315574559	-0.651369205342	3.78747081757	2.22335290909	-3.6423330307
9	25	0.49984318018	-0.938501573365	-0.344192774409	0.027315395599	-5.37138128281	-2.01350665092	0.24228143692
10	25	0.499459758401	0.981385395106	0.0566675949749	0.183497929011	5.62318515778	0.320704758167	1.02857851982
11	25	0.48402620852	-0.809300941211	0.569795317299	-0.142706982799	-4.50961399078	3.26115226746	-0.76297545433
12	25	0.428231481463	-0.567707909166	0.0845623679311	-0.818875409205	-2.79512000084	0.398469060659	-4.09916114807
13	25	0.283602153882	-0.475933961467	0.0471423859047	-0.878216636015	-1.63039422035	0.172066673636	-2.94008755684
14	25	0.457406178117	-0.895529944972	0.444915601092	0.00873072522674	-4.7351360321	2.36377167702	-0.0892822742462
15	25	0.497514873743	0.448312634517	-0.556772109974	0.699300078141	2.61455869675	-3.14264345169	3.98162174225
16	25	0.499600380659	-0.272208009412	0.405612395873	-0.87257170704	-1.56660926342	2.38033151627	-4.96122026443
17	25	0.499601922929	-0.109086758146	-0.702274499255	0.70349883219	-0.582800805569	-4.03032112122	4.0140209198
18	25	0.499945305288	-0.0648103096513	0.713010012148	-0.698152093988	-0.409839510918	4.10660552979	-3.9660577774
19	25	0.499975077808	0.462458635374	-0.575569560811	0.674426935432	2.6198015213	-3.33254241943	3.84021162987
20	25	0.499996192753	-0.554869863253	0.542370429278	-0.630835756991	-3.14563083649	3.11911249161	-3.62164878845
21	25	0.49999563396	0.721827536788	-0.590582677181	0.360800649316	4.0971364975	-3.39844965935	2.10681891441
22	25	0.499869450927	-0.708808501756	0.367549855103	-0.602077745687	-4.00891685486	2.17988157272	-3.46149969101
23	25	0.499199181795	0.457974773447	-0.455073112241	0.763654090149	2.60987472534	-2.58221387863	4.37745714188
24	25	0.486844666302	-0.583791175409	0.509036282154	-0.632510811737	-3.26157259941	2.83736133575	-3.60516858101
25	25	0.451649758965	-0.148524140405	-0.544591542574	0.825445716855	-0.7872787714	-2.79448223114	4.38681507111
26	25	0.470628887415	-0.282089953815	0.850838277941	0.443282621752	-1.50730967522	4.73833703995	2.34931492805
27	25	0.499236136675	-0.357904659371	-0.889668215369	0.283539629262	-2.13864016533	-5.08265209198	1.65668439865
28	25	0.499810561538	0.823562560411	0.520301053114	0.225901578608	4.77697753906	3.06650686264	1.09720540047
29	25	0.498565793037	-0.494895759393	-0.716992360951	0.490917652639	-2.87253236771	-4.05540704727	2.82454919815
0	26	0.457774034701	0.0488618618395	-0.0503600710091	0.997535153118	0.265999704599	-0.329137653112	5.27462148666
1	26	0.49823153764	-0.14084005456	0.180567999781	-0.973426564506	-0.843186378479	1.10140681267	-5.56350517273
2	26	0.495846688747	0.536854065813	-0.695007499848	0.478280552788	3.02576780319	-3.95353126526	2.78453636169
3	26	0.459853738546	-0.0666404726613	0.255304802445	-0.964561301967	-0.423349380493	1.43196177483	-5.11048221588
4	26	0.480594873428	0.850840929736	-0.194464350778	0.488112004116	4.70859384537	-1.07531368732	2.76126027107
5	26	0.444674521685	-0.877884912481	-0.345069666985	-0.332031633081	-4.53267383575	-1.74314212799	-1.74970829487
6	26	0.457395151258	0.634466508149	-0.736677657338	-0.234004870069	3.33198523521	-3.96467733383	-1.22031784058
7	26	0.493451863527	-0.476421288538	0.749802742803	-0.459149869555	-2.67310118675	4.29706096649	-2.59585285187
8	26	0.499776914716	-0.167907936576	-0.919581715575	0.35521316588	-0.918151140213	-5.2583231926	2.11908602715
9	26	0.499918550253	0.130886439891	0.891588662915	-0.433518622454	0.84223985672	5.13919591904	-2.42391490936
10	26	0.499653935432	-0.634353417074	-0.629093380143	-0.449263020186	-3.69579219818	-3.67559576035	-2.5512509346
11	26	0.497650742531	-0.458456900797	-0.814375666721	0.355822348321	-2.69581842422	-4.76392745972	2.08119416237
12	26	0.497591666877	0.633238475657	-0.00574671792839	0.773935403106	3.67487311363	0.0333494544029	4.42777252197
13	26	0.442258268595	-0.530129036408	-0.193355320666	-0.825576722496	-2.75408315659	-0.933122813702	-4.21263790131
14	26	0.485614225268	0.0664993347384	-0.94960623853	0.306310023056	0.466336280107	-5.31362438202	1.82017946243
15	26	0.499589420855	-0.454674882033	0.356042521795	-0.816397252765	-2.58629059792	2.1183412075	-4.64564561844
16	26	0.499927707016	0.17983321014	-0.592641105015	0.785134725495	1.04083192348	-3.40799474716	4.48052215576
17	26	0.499869197607	0.317880446428	0.832911679364	-0.453001276111	1.68901705742	4.7962770462	-2.65981054306
18	26	0.499909102917	0.42291571979	-0.80704645727	0.412090171882	2.38078927994	-4.62579965591	2.39495611191
19	26	0.499528288841	-0.354289307124	0.860710741486	-0.365590079663	-2.0697760582	4.90479755402	-2.10330438614
20	26	0.499907448888	0.509032006448	-0.490429774006	0.707364865667	2.94345355034	-2.91665625572	3.9675347805
21	26	0.499771073461	-0.525620970094	0.85067923611	0.00821176276135	-3.04482722282	4.85120105743	-0.0484340190887
22	26	0.499849081039	0.499062750727	-0.773014089678	0.391644721651	2.88977169991	-4.39362335205	2.27114415169
23	26	0.499017795548	-0.27598380794	0.238190085899	-0.931181196511	-1.68731713295	1.43313336372	-5.28721618652
24	26	0.498578228056	0.48685758923	-0.188423032682	0.852916437035	2.79500436783	-1.07668554783	4.87566947937
25	26	0.476392799988	-0.304529927647	-0.316357766689	-0.898431570362	-1.67838871479	-1.67704260349	-4.99720907211
26	26	0.488397806883	0.198410652178	-0.629562961228	0.75118818611	1.11003577709	-3.55922484398	4.27372312546
27	26	0.498695939779	0.791367485781	-0.10038218532	-0.603043049308	4.53950786591	-0.499324411154	-3.50301980972
28	26	0.497733358294	-0.329809798262	0.23908582366	0.913270751692	-2.0682182312	1.30811679363	5.20819282532
29	26	0.479699999094	0.719779587163	0.234875739297	-0.653261611449	3.98464012146	1.3212608099	-3.63174915314
0	27	0.302600862458	0.257399752799	-0.541903380203	0.800053806805	0.910837054253	-1.885607481	2.92430210114
1	27	0.461506135762	0.527882718927	-0.695718710659	0.487150193161	2.7609064579	-3.71418642998	2.64781951904
2	27	0.49888060987	-0.266839003898	0.942150417058	-0.202853488104	-1.60361123085	5.34881353378	-1.19632840157
3	27	0.496553182602	0.701911043312	-0.706416763006	0.0910837209397	3.95325279236	-4.09734153748	0.68661403656
4	27	0.499145150185	-0.288921628339	0.277955652898	-0.916114047322	-1.73622393608	1.68076467514	-5.19765758514
5	27	0.496346190572	0.308261619621	-0.43105937019	0.848034547197	1.81372511387	-2.45004749298	4.81478071213
6	27	0.498956404626	-0.68180684954	0.361304202425	-0.636080728548	-3.88609361649	2.1530725956	-3.61707925797
7	27	0.499045431614	0.648769145386	-0.494843560019	0.578124940737	3.69403910637	-2.83607339859	3.29776525497
8	27	0.499885089695	-0.596706510543	0.311606464858	-0.739488168488	-3.38764429092	1.92325222492	-4.22445964813
9	27	0.49998806417	0.0219828090942	-0.968222290251	0.249123167862	0.12816080451	-5.52559995651	1.5172150135
10	27	0.499971821904	0.227111270048	0.89823356812	-0.376293672708	1.28288531303	5.16441631317	-2.13144755363
11	27	0.499431043863	0.378087939994	-0.900812548747	0.213509394761	2.23235678673	-5.1830329895	1.33478546143
12	27	0.499160088599	-0.770623042787	-0.115575984915	-0.626723477809	-4.41805267334	-0.556645750999	-3.59811162949
13	27	0.497872158885	0.903822910048	-0.325459825562	0.277812975249	5.15827417374	-1.7798820734	1.69966602325
14	27	0.499658204615	-0.731079744735	0.0349726613989	-0.681395127509	-4.20992279053	0.315540552139	-3.88389396667
15	27	0.499928981066	0.622925546721	-0.422528863947	0.658356379459	3.57033395767	-2.38507270813	3.78756666183
16	27	0.499932982028	-0.350498196384	0.776356214764	-0.523853073036	-2.05356144905	4.39619731903	-3.03529310226
17	27	0.499684095383	0.45096795922	-0.802318942077	0.391039914767	2.59004259109	-4.57073020935	2.31552505493
18	27	0.496966972947	-0.726516339997	0.494386646109	-0.477237730975	-4.13585853577	2.90073609352	-2.64940690994
19	27	0.49647796154	0.464129609089	-0.800171369416	-0.379880883349	2.68808221817	-4.60248470306	-2.06499052048
20	27	0.496327102184	-0.524466983586	0.848355109674	0.0723048478192	-3.01581144333	4.84698343277	0.34440779686
21	27	0.498070582747	0.605612069342	-0.791761980891	-0.0796679802874	3.43222856522	-4.54323244095	-0.425867795944
22	27	0.496266871691	-0.650268592732	0.711724796642	-0.265703916325	-3.7302365303	4.03998422623	-1.52239727974
23	27	0.49732349813	0.940271171546	-0.321080514253	0.113125714699	5.37748861313	-1.87476038933	0.711871385574
24	27	0.448233500123	-0.839997733353	0.0899151194701	-0.535087917312	-4.38904953003	0.456297338009	-2.77791309357
25	27	0.364916861057	-0.560525916034	-0.82560605347	-0.0646942186561	-2.46620392799	-3.5465118885	-0.345638751984
26	27	0.429003626108	-0.676328162326	-0.433878581117	-0.595255906055	-3.41312122345	-2.22093057632	-2.98228645325
27	27	0.490305796266	-0.926709634653	0.321087306041	-0.195223448746	-5.28263759613	1.79523801804	-1.00959610939
28	27	0.478953912854	0.996532270759	-0.0615637182778	0.0559762621769	5.52292108536	-0.342562764883	0.24587726593
29	27	0.390436403453	0.651909076234	-0.27672188637	0.706002516941	2.96594619751	-1.28779602051	3.23550605774
0	28	0.461042022333	-0.371201030104	0.206868713607	0.905215516096	-1.9327583313	0.971305131912	4.89530849457
1	28	0.495136722922	-0.0292774081163	0.881204158122	-0.47182842759	-0.176314353943	5.02637958527	-2.6946747303
2	28	0.499305978417	0.562201099112	-0.810121039845	0.166234247247	3.10522842407	-4.71030902863	1.03754043579
3	28	0.49974784255	0.398300219809	0.507780894017	-0.763881861659	2.13358426094	3.0821993351	-4.38335084915
4	28	0.499906092882	0.334575669748	-0.808705783146	0.483791357425	1.85535669327	-4.60716724396	2.85312533379
5	28	0.499786093831	-0.249596886508	0.740748959669	-0.623692530815	-1.44711840153	4.25447416306	-3.53972196579
6	28	0.499932870269	0.405249000974	-0.846076991868	0.346304737249	2.34893774986	-4.80654144287	2.03618144989
7	28	0.499983489513	-0.703860246875	0.606763793	-0.369348686707	-4.0055565834	3.48031282425	-2.13565015793
8	28	0.499990321696	0.662323797791	-0.465601275049	0.586977546038	3.75432944298	-2.7115650177	3.36748218536
9	28	0.499997273088	0.0932659306865	0.754052095965	-0.650159136477	0.446830540895	4.33254337311	-3.73169159889
10	28	0.499991722405	-0.255138187529	-0.60175347283	0.756833709081	-1.39476275444	-3.47790241241	4.32961845398
11	28	0.499986611307	0.0798301440385	0.426001173952	-0.901193734939	0.355753570795	2.46757006645	-5.17692327499
12	28	0.499986011535	0.605636593657	0.0366216651858	0.794898213649	3.46132493019	0.179065674543	4.55785560608
13	28	0.499965913594	-0.737817934813	-0.0705152692102	-0.671306406849	-4.25272274017	-0.352172791958	-3.81273651123
14	28	0.499967068434	0.893662196557	-0.244626803024	0.37619889113	5.09298849106	-1.34423434734	2.24073076248
15	28	0.4999865219	-0.744336515616	-0.263968009066	-0.613419955422	-4.3076415062	-1.36665821075	-3.53000020981
16	28	0.499934576452	0.72018462249	-0.388479842091	0.574819555876	4.14301395416	-2.14672374725	3.3368768692
17	28	0.496215257794	-0.55774964142	-0.277214743456	-0.782347316418	-3.28355669975	-1.44503259659	-4.45957660675
18	28	0.485251739621	0.823956818032	-0.523293632958	-0.217391204338	4.67015075684	-2.90647053719	-1.1075668335
19	28	0.395093277097	0.18684328506	0.755290073741	0.628193036682	0.887011349201	3.47976446152	2.86714029312
20	28	0.434362185188	0.248600594456	0.0655558369605	0.966385107851	1.240883708	0.398404896259	4.93019485474
21	28	0.439039930701	0.0990503042969	0.994288757451	0.0397354253173	0.485375881195	5.09546470642	0.201528787613
22	28	0.411640357226	0.37096971504	0.215603854117	0.903269864776	1.84755325317	1.08452963829	4.33748006821
23	28	0.450823109597	-0.490625728831	0.347931923505	0.798892840634	-2.57274246216	1.87201237679	4.1898932457
24	28	0.426491722465	-0.664569932013	0.220944455388	-0.713813948517	-3.34914445877	1.11658620834	-3.57246637344
25	28	0.411080062389	-0.651500606846	-0.757025069162	0.0495984267824	-3.15527272224	-3.63548231125	0.232090234756
26	28	0.433488629758	-0.798409964636	0.362497945758	0.480766853778	-4.09819173813	1.79151558876	2.41313457489
27	28	0.49597235024	0.955113019331	0.268311534982	-0.125570858487	5.45895957947	1.50349354744	-0.671000003815
28	28	0.496559873223	-0.951110106764	-0.287950914071	-0.111686328154	-5.44299697876	-1.61852622032	-0.555465459824
29	28	0.488929919899	0.378089409938	-0.286787316474	-0.880228057495	2.27646350861	-1.57919359207	-4.95764923096
0	29	0.497012913227	0.210911142669	0.886229975823	-0.412447475263	1.30669951439	5.02029085159	-2.39762306213
1	29	0.499449372292	-0.473595095963	-0.822054891003	0.316122509888	-2.63349056244	-4.73706817627	1.81650924683
2	29	0.499958649278	0.0632801734816	0.946300826572	-0.317033697378	0.346261620522	5.4099817276	-1.83740448952
3	29	0.499992400408	0.00753397230429	-0.909469300985	0.415702814313	0.029868632555	-5.18369102478	2.41713094711
4	29	0.499994583428	-0.0163811913089	0.783607389205	-0.62104034986	-0.139813065529	4.50780725479	-3.52090835571
5	29	0.499989509583	0.166887757253	-0.97433106266	0.151087579947	0.979582607746	-5.55969667435	0.994517326355
6	29	0.499998986721	-0.285703348124	0.838240721967	-0.464463226647	-1.68779492378	4.79219198227	-2.63219046593
7	29	0.499996438622	0.708845679171	-0.678957418003	0.191192645411	4.0358300209	-3.88827037811	1.19626998901
8	29	0.499999344349	-0.607668484332	0.644297875025	-0.464348211353	-3.5084939003	3.6418762207	-2.69127202034
9	29	0.499999530613	0.534034563479	-0.597631703566	0.59803296891	3.04373788834	-3.41679167747	3.44262385368
10	29	0.499999776483	-0.351224138526	0.554411676735	-0.754499368599	-2.01794719696	3.14822173119	-4.33798885345
11	29	0.499998915941	0.500255234349	-0.0500049040259	0.864432883502	2.8399643898	-0.389712899923	4.96381855011
12	29	0.499996941537	-0.607582385087	0.000497573267225	-0.79425650627	-3.46172428131	0.0148420780897	-4.5522236824
13	29	0.499996475875	0.843222948852	0.00156534619737	0.537561725033	4.78115367889	0.00112380529754	3.14367508888
14	29	0.49999897927	-0.642798332929	0.260281849606	-0.720460728943	-3.74637174606	1.43554091454	-4.08497667313
15	29	0.499997362494	0.791817285841	-0.311422086461	0.525396678622	4.55389356613	-1.66921401024	3.05287647247
16	29	0.499925971031	-0.804433684857	-0.30625829039	-0.509011106199	-4.61557865143	-1.67179763317	-2.94796228409
17	29	0.49865308404	0.714510578632	0.133222471775	0.686823416926	4.10269355774	0.73388260603	3.90574002266
18	29	0.471850708127	-0.623269793013	0.709284966408	-0.32931687103	-3.40218114853	3.85229110718	-1.84985494614
19	29	0.376601889729	0.378359389229	0.86121996688	-0.339329251952	1.57901322842	3.84710359573	-1.48245477676
20	29	0.453885249794	-0.768638986459	0.0823338595124	-0.634362076478	-4.06029081345	0.553946137428	-3.33597278595
21	29	0.409806203097	-0.00170383139039	0.602664869397	-0.797992576502	0.0299744307995	2.93204164505	-3.82398462296
22	29	0.357116729021	0.815979368818	0.575361053772	-0.056011851115	3.42551136017	2.46386766434	-0.198035955429
23	29	0.433353334665	0.645826105649	0.646444840367	-0.406223718689	3.25559139252	3.32058572769	-1.98545229435
24	29	0.472205806524	0.214460896774	-0.508563420473	-0.833888344511	1.19102859497	-2.85475277901	-4.54051685333
25	29	0.437532618642	0.641131323643	0.703257039484	0.307213545047	3.23093104362	3.61635351181	1.60132288933
26	29	0.382481582463	-0.727610726916	0.56053811808	0.395448667031	-3.2539036274	2.58681082726	1.73782038689
27	29	0.488111034036	-0.823561804894	-0.494186756825	-0.278433839357	-4.67154884338	-2.75131797791	-1.51190662384
28	29	0.499633863568	0.853857060278	0.479756123024	-0.201896466124	4.89798879623	2.75421786308	-1.06706619263
29	29	0.49922542274	-0.897110149991	-0.423019029959	0.127468737636	-5.11780309677	-2.4644048214	0.806594133377
