0	0	0.499983951449	-0.241162259057	-0.969140420985	0.051064755163	-1.45065248013	-5.5419626236	0.466778278351
1	0	0.499985583127	0.376156235706	0.616813727009	-0.691409656074	2.09399080276	3.58337211609	-3.94605016708
2	0	0.499997772276	0.112873736182	-0.722176607905	0.68243715218	0.588764429092	-4.09187698364	3.9612865448
3	0	0.499998649582	-0.178445568942	0.311797416423	-0.933241421089	-1.09228253365	1.83848571777	-5.31723022461
4	0	0.500001251698	0.766707818352	-0.452285579447	0.455628001666	4.35641479492	-2.55274295807	2.71430206299
5	0	0.499999694526	-0.662214842455	0.0414595495232	-0.748166163486	-3.82651424408	0.261182129383	-4.24603271484
6	0	0.499999605119	0.685633306601	-0.0178026637421	0.727729368682	3.92733573914	-0.105739764869	4.15805625916
7	0	0.499999769032	-0.53759333736	0.302470630878	-0.787086349191	-3.05840992928	1.71904563904	-4.52085208893
8	0	0.499999478459	0.15580096051	-0.651502715943	0.742475771877	0.914832949638	-3.65958595276	4.30865049362
9	0	0.499999426305	0.131861356273	0.50758180615	-0.851453635137	0.642480015755	2.87777137756	-4.91754388809
10	0	0.49999954924	0.228576887318	-0.125357033486	0.965421265945	1.32501578331	-0.721725702286	5.52528238297
11	0	0.499999698251	-0.266691230974	-0.507516894469	-0.819330451741	-1.5733897686	-2.77757382393	-4.7745923996
12	0	0.499999590218	0.68586989246	0.20841953787	0.697240121372	3.89320278168	1.17766296864	4.0228433609
13	0	0.499999523163	-0.648484799726	-0.139276720868	-0.748377885529	-3.69982767105	-0.771072387695	-4.2908449173
14	0	0.499999087304	0.58429643018	-0.0896255014999	0.806576066567	3.38760280609	-0.459495484829	4.59348630905
15	0	0.500000558794	-0.715602304932	0.338970823859	-0.610747183169	-4.10241651535	1.88027620316	-3.52484989166
16	0	0.499976560473	0.550882575186	-0.568609747134	0.610910258402	3.23293495178	-3.19393634796	3.48190784454
17	0	0.49987976253	-0.799676200546	0.422066868891	-0.427056825802	-4.58904695511	2.43385219574	-2.39992260933
18	0	0.49813747406	0.925931959522	-0.244460385277	-0.287904717513	5.37387132645	-1.37115037441	-1.50704956055
19	0	0.492918759584	-0.718995883311	-0.683290616394	-0.127117478463	-4.10496139526	-3.86823248863	-0.683603048325
20	0	0.497220218182	0.735980646272	0.503053703514	-0.45306672764	4.20651102066	2.92751216888	-2.50987815857
21	0	0.496548578143	-0.636318973766	-0.638625605462	0.432730285136	-3.65665340424	-3.6572136879	2.45551800728
22	0	0.45324228704	0.986044879945	-0.00595608178561	-0.166373134324	5.21915626526	0.0429258607328	-0.879870653152
23	0	0.48533629626	-0.381317214612	-0.734137800864	-0.561817471411	-2.10251712799	-4.13222789764	-3.21330738068
24	0	0.493662320077	-0.343398669766	-0.192782008272	0.919191193871	-1.90506327152	-1.12581717968	5.26690816879
25	0	0.442054882646	0.12134311793	0.838383098048	-0.531403451851	0.621789515018	4.30236148834	-2.71059942245
26	0	0.434065625072	-0.94782350583	0.13835455208	0.287208321112	-4.7798576355	0.742846608162	1.49384689331
27	0	0.492199388333	-0.0805304085771	0.101648596677	-0.991555553707	-0.426503241062	0.630651712418	-5.62239027023
28	0	0.499657697976	0.27057214645	-0.584582506538	0.764888231453	1.4692388773	-3.34586668015	4.41017150879
29	0	0.499985717237	0.276185692379	0.667938997335	-0.691070878538	1.50958824158	3.88800191879	-3.93269252777
0	1	0.499997854233	0.395776700575	0.376196264564	-0.837757228444	2.20184421539	2.25881695747	-4.79496097565
1	1	0.499999128282	-0.302813108413	-0.555550771176	0.774382051716	-1.71783542633	-3.17207860947	4.43456935883
2	1	0.499999389052	0.15294135309	0.6673691983	-0.728853411651	0.841795086861	3.79532527924	-4.19689273834
3	1	0.499999713153	0.13163772236	-0.416925047477	0.899358112677	0.758195638657	-2.40115094185	5.13823986053
4	1	0.499999903142	-0.499275846899	0.562549430951	-0.658985406849	-2.88565278053	3.1602897644	-3.81262254715
5	1	0.499999657273	0.85289079247	-0.218652064625	0.474097638419	4.85817050934	-1.23211932182	2.76630234718
6	1	0.499999791384	-0.907875440192	-0.186296238743	-0.375574089264	-5.18918085098	-1.00088000298	-2.21501064301
7	1	0.499997522682	0.51376535178	-0.30907730525	0.800322674107	2.98833465576	-1.70586061478	4.58348178864
8	1	0.499995848164	-0.171328905392	0.10674629317	-0.979413924279	-1.08084487915	0.66637223959	-5.58927774429
9	1	0.499996580184	0.635401852795	-0.101963104421	0.765420153119	3.58097314835	-0.636885643005	4.42736530304
10	1	0.499997064471	-0.662436361405	0.184581759552	-0.726021791084	-3.73557949066	1.04789340496	-4.20790290833
11	1	0.499998970889	0.0427478571333	-0.163279080543	0.985653368364	0.390409708023	-0.88058412075	5.66143226624
12	1	0.499999761581	-0.754281727892	0.0879399062102	-0.65063480376	-4.28211688995	0.476758599281	-3.77508425713
13	1	0.499998997897	0.517075058939	-0.231049284312	0.824166009759	3.02720332146	-1.24742126465	4.69820022583
14	1	0.499995350838	-0.586068938537	-0.291945409135	-0.755837996774	-3.39457988739	-1.57639527321	-4.3335852623
15	1	0.499986872077	0.698605302846	-0.0075355540833	0.715467571774	3.99737596512	-0.0403210297227	4.0899477005
16	1	0.499983921647	-0.77843118208	0.0863772434232	-0.621758688387	-4.46404886246	0.526307344437	-3.54519295692
17	1	0.49996741116	0.878799585069	-0.433833971832	0.198744494685	5.06783819199	-2.39083909988	1.22459793091
18	1	0.499958619475	-0.885410509365	-0.162948889489	-0.435311255679	-5.11475658417	-0.935134649277	-2.42494630814
19	1	0.499862268567	0.722593964734	0.689724688019	0.046236531725	4.13570404053	3.95140981674	0.264107942581
20	1	0.499245941639	-0.238335667365	-0.969691348497	-0.0538033299296	-1.48748457432	-5.52416229248	-0.289377450943
21	1	0.468283176422	0.743151533195	0.665109167482	-0.0731819242846	4.01313018799	3.65947437286	-0.399868965149
22	1	0.356321129948	0.570409275131	0.199628973039	0.796731781698	2.43431282043	0.881108999252	3.34929990768
23	1	0.402584180236	0.494108128797	0.54876122492	0.674328017423	2.34799528122	2.54556274414	3.19508051872
24	1	0.485825434327	-0.122499100054	0.93231844188	-0.340259156256	-0.650574326515	5.20152950287	-2.00035834312
25	1	0.498575083911	-0.166544412367	-0.790563687334	0.589297900028	-0.927868902683	-4.5503783226	3.33252859116
26	1	0.498270131648	0.574068920114	0.569208194234	-0.588597406192	3.24549365044	3.29904341698	-3.4072432518
27	1	0.498786970973	0.249723543087	0.041278392809	0.967436946945	1.40975737572	0.0879206135869	5.57870721817
28	1	0.499963525683	-0.284785280229	0.449660332612	-0.846583090689	-1.63712358475	2.60537147522	-4.82814645767
29	1	0.499992519617	0.254833353501	-0.601438559594	0.757186648705	1.3732022047	-3.43922495842	4.36548042297
0	2	0.499999180436	0.109969810755	-0.557487477807	0.822869584327	0.564542233944	-3.19730806351	4.71260309219
1	2	0.499999448657	0.141741675113	0.382359229134	-0.913077607562	0.780861258507	2.2383184433	-5.20593929291
2	2	0.500000204891	-0.0175656030859	-0.568228988864	0.822682967979	-0.112531736493	-3.23884320259	4.71257257462
3	2	0.500000074506	0.0166774117075	0.272490439066	-0.962013941976	0.0759690999985	1.56447482109	-5.50341510773
4	2	0.499999592081	0.368752744159	0.0860308762034	0.925537736678	2.11334824562	0.376386344433	5.31749820709
5	2	0.499993979931	-0.682557052268	0.114803110091	-0.721759043111	-3.93973302841	0.600813269615	-4.11515760422
6	2	0.499984249473	0.960052380433	0.200716831105	0.194967126807	5.47861194611	1.13985157013	1.20798134804
7	2	0.4999852404	-0.796358803846	-0.168494341474	-0.580880635266	-4.55281114578	-0.932148635387	-3.34296989441
8	2	0.499863617122	0.738873354095	-0.140974197063	0.658932805657	4.21848869324	-0.767470002174	3.79834365845
9	2	0.499880954623	-0.580163167957	0.350421372084	-0.735265639434	-3.35014533997	1.9395468235	-4.20831108093
10	2	0.499974265695	0.68479900791	-0.173907328646	0.707676875282	3.91964149475	-0.984540224075	4.04733848572
11	2	0.499995905906	-0.564620975557	-0.132216426831	-0.814691334455	-3.24107551575	-0.732750713825	-4.66062545776
12	2	0.499999672174	0.827423651041	0.237544629693	0.50886407871	4.71107006073	1.29380655289	2.98832035065
13	2	0.499995484948	-0.864045014995	0.0392926715209	-0.501878768258	-4.93206596375	0.228147894144	-2.88830828667
14	2	0.499963834882	0.869671114428	-0.0731625470703	0.488179674336	4.95823860168	-0.381362140179	2.83084225655
15	2	0.499775543809	-0.619496153861	-0.195259256327	-0.760327783374	-3.58134555817	-1.0650049448	-4.3293595314
16	2	0.499697744846	0.827399971804	0.152850607763	0.54041278516	4.74479198456	0.888728320599	3.07361125946
17	2	0.499855935574	-0.795551740435	-0.378608979469	-0.473025019377	-4.60321187973	-2.14153146744	-2.6648683548
18	2	0.499922245741	0.827300818628	0.448454005653	0.338322864008	4.73778152466	2.58784294128	1.90630984306
19	2	0.499836176634	-0.567200898311	-0.677777972227	0.46786767501	-3.36612176895	-3.90075659752	2.55472660065
20	2	0.49560983479	0.46092258738	0.812874197985	0.356070086771	2.65502023697	4.66712474823	2.01535606384
21	2	0.443102821708	0.954239677045	-0.247739343594	-0.16748688423	4.97981977463	-1.35626900196	-0.84890294075
22	2	0.376575179398	0.597449560659	0.277046575643	0.752528549221	2.70010089874	1.23816418648	3.35060024261
23	2	0.432970263064	0.153605259227	0.766029715784	0.624182584564	0.767917633057	3.89825677872	3.1496181488
24	2	0.494872964919	-8.9072433331e-05	-0.731016249843	0.682360047578	0.0165172256529	-4.25349521637	3.79948043823
25	2	0.499660804868	-0.280764932938	0.944950567636	-0.168046056656	-1.52186322212	5.42801809311	-1.00633239746
26	2	0.499838799238	-0.0140125145317	-0.990758482335	-0.134912116273	-0.055657312274	-5.68964338303	-0.697725772858
27	2	0.4998832196	-0.343113697114	0.937455643693	0.0587359086148	-1.94564843178	5.40465831757	0.259989976883
28	2	0.49999217689	0.430106647789	-0.873603869905	0.22765006043	2.43019533157	-5.00504159927	1.38963913918
29	2	0.499999895692	0.0374430284994	0.504365676415	-0.862677972404	0.151864737272	2.97194314003	-4.89889955521
0	3	0.499999925494	0.0418300666892	0.850572691365	-0.524191131387	0.223376721144	4.84129238129	-3.04155278206
1	3	0.500000085682	0.162037938235	-0.511547444346	0.843838206504	0.843928098679	-2.9921541214	4.81676387787
2	3	0.499999657273	-0.0573863736849	0.736862593551	-0.673602495795	-0.282109975815	4.17036008835	-3.9119515419
3	3	0.500000230968	-0.26035234447	-0.104338427977	0.959859442406	-1.49808335304	-0.662130594254	5.50335979462
4	3	0.499993126839	0.00515965354651	0.574138049872	-0.818742253499	0.00343805062585	3.16461086273	-4.8322558403
5	3	0.499977082014	0.681958570324	0.437659132244	0.585992314221	3.91850924492	2.44245815277	3.40530014038
6	3	0.49983112514	-0.868366130875	-0.362194903724	-0.338755242713	-4.95365142822	-2.13770246506	-1.97616004944
7	3	0.499433755875	0.604581163928	0.323714203245	0.727798551002	3.50621843338	1.92131388187	4.11623954773
8	3	0.497430562973	-0.842261069468	-0.401148305973	-0.360105994776	-4.78537940979	-2.26911258698	-2.13772392273
9	3	0.498191818595	0.656157573579	0.0176849257355	0.754416650159	3.81230831146	0.113182097673	4.25453853607
10	3	0.499759122729	-0.907980692998	0.159095684052	-0.387633363449	-5.17303228378	0.860973238945	-2.29490923882
11	3	0.499980434775	0.600224897328	0.277768654102	0.7500497633	3.49184656143	1.49306917191	4.2969417572
12	3	0.49999004975	-0.349732673752	0.139054791581	-0.92647224559	-2.12935638428	0.772461533546	-5.27180862427
13	3	0.499989405274	0.944847411959	-0.147893393881	0.292217234539	5.38662147522	-0.861805200577	1.74899888039
14	3	0.499772176147	-0.931771072004	0.0964214769061	-0.350007954435	-5.31810712814	0.58087849617	-2.03346920013
15	3	0.493657972664	0.477040736539	-0.141112497192	0.867478759866	2.83069849014	-0.778816580772	4.88363218307
16	3	0.487562939525	-0.918426279977	-0.337052345809	0.207096316801	-5.19749355316	-1.9204428196	1.08512449265
17	3	0.49901497364	0.736937485057	0.635842202318	-0.229407578056	4.26239204407	3.61232042313	-1.23826217651
18	3	0.499319031835	-0.611930842405	-0.712765783886	-0.342790871284	-3.58619165421	-4.04419994354	-1.90666270256
19	3	0.498764127493	0.993406143158	-0.104623125218	-0.0468853538581	5.71328353882	-0.542167901993	-0.274091482162
20	3	0.492797538638	-0.816727487004	0.371566020404	-0.441469030005	-4.68826818466	2.03614187241	-2.48850226402
21	3	0.40993030183	0.233776227553	0.271052868367	0.933744621393	1.16891014576	1.3271458149	4.44407653809
22	3	0.352635100484	0.743837845617	0.418479424262	0.521133601773	3.07085084915	1.74331104755	2.19894933701
23	3	0.48975084722	0.293990625823	-0.820100638284	-0.490922045762	1.65935134888	-4.67946529388	-2.7225856781
24	3	0.499437168241	-0.0211262146092	0.994584073552	-0.101765434664	-0.115995302796	5.69131422043	-0.615577697754
25	3	0.499950021505	-0.153350853342	-0.981858550224	0.11152265748	-0.824609994888	-5.62581443787	0.645372152328
26	3	0.499993443489	-0.325423012205	0.938432486025	0.115949697282	-1.77636885643	5.40571880341	0.627868652344
27	3	0.499994561076	-0.118346137916	-0.981808066717	-0.148482698556	-0.578902721405	-5.63996744156	-0.806509017944
28	3	0.499999448657	-0.316358528659	0.884998528795	-0.341606330993	-1.75359642506	5.10063266754	-1.92003774643
29	3	0.499999955297	0.0703192898958	-0.901496022106	0.427036438254	0.403530061245	-5.15288448334	2.45888185501
0	4	0.500000238419	-0.190885146338	-0.828678701202	0.526169621968	-1.11302697659	-4.78608989716	2.9499104023
1	4	0.500000089407	0.592840079292	0.669532798612	-0.447511421047	3.35420465469	3.85028409958	-2.60885047913
2	4	0.500000305474	-0.250396582649	-0.750749732423	0.611290757876	-1.56955695152	-4.28816747665	3.51972031593
3	4	0.499999001622	0.908219908221	-0.290504211148	-0.301237284572	5.19800853729	-1.65314888954	-1.85751199722
4	4	0.499985359609	-0.431319535202	0.680340014651	0.59253769755	-2.45865082741	3.90072822571	3.46362543106
5	4	0.499759465456	-0.673223241923	-0.513023397217	-0.532519915537	-3.76084542274	-3.09037542343	-3.10102510452
6	4	0.498914390802	-0.271820417474	0.951998447785	-0.140757294873	-1.4332242012	5.52150726318	-0.755259513855
7	4	0.49783551693	0.131765807952	-0.991209396391	-0.0119039640764	0.70937037468	-5.69857263565	-0.100211620331
8	4	0.442754969001	0.202624331129	0.942536295402	0.265647722153	1.06713199615	4.82220172882	1.3311984539
9	4	0.488334268332	-0.88197037452	-0.435437265827	-0.180340361537	-4.97280359268	-2.42125153542	-1.07106947899
10	4	0.498485580087	0.933165030145	0.100342094786	0.345158645449	5.33380413055	0.544751644135	1.95353007317
11	4	0.499811157584	-0.86507364072	0.421460968178	-0.272062949396	-4.97215652466	2.33459997177	-1.64478135109
12	4	0.499982826412	0.520568595209	-0.368554811376	0.770178997827	3.07111144066	-2.12308287621	4.35275936127
13	4	0.499738782644	-0.792390707188	0.47009914535	-0.388746396385	-4.5602722168	2.6854557991	-2.18956422806
14	4	0.49868491292	0.899311177325	-0.435890049499	0.0352032823063	5.14998054504	-2.47835731506	0.252125263214
15	4	0.432892560959	-0.90586168128	0.422999528226	-0.022045714078	-4.56910610199	2.14991044998	-0.132814884186
16	4	0.395438209176	-0.6446390715	0.764154336906	-0.0225525360709	-3.04156446457	3.55982875824	-0.153630495071
17	4	0.483080804348	-0.862202763753	-0.370248435517	0.345720248428	-4.82579135895	-2.11780619621	1.91826224327
18	4	0.453376293182	0.614643297372	0.756327698583	0.224013457972	3.26050615311	3.9686923027	1.13304042816
19	4	0.463327609003	-0.596923731569	0.495937921461	0.630656512491	-3.27886772156	2.66342735291	3.34919977188
20	4	0.497829332948	0.896960654198	-0.432775666341	0.0903703903087	5.11659574509	-2.50518584251	0.52158665657
21	4	0.46021348238	-0.720536977852	0.68944487226	0.0741095922402	-3.84356164932	3.67214584351	0.403128147125
22	4	0.402139134705	0.642732858393	0.656106324566	0.395498373708	3.03617191315	3.0804233551	1.87675011158
23	4	0.488372728229	-0.445798366238	0.811298969221	-0.378229823255	-2.50086712837	4.60319805145	-2.09682321548
24	4	0.498965419829	-0.211638249097	-0.813020573896	0.542408331371	-1.14151239395	-4.70548582077	3.04390525818
25	4	0.499963447452	0.385918484009	0.871915596695	-0.301380350952	2.11955022812	5.02324867249	-1.75398397446
26	4	0.499998524785	0.14296640273	-0.957805818723	0.249336361791	0.78969335556	-5.50199079514	1.36871027946
27	4	0.499999508262	-0.115696230692	0.988482200125	0.0975567641887	-0.646362185478	5.65903282166	0.518568277359
28	4	0.499999761581	-0.118477477133	-0.978280842579	0.170087273056	-0.613969326019	-5.60536003113	0.967047691345
29	4	0.499999850988	-0.0483388398003	0.995774003425	-0.0780864307609	-0.236082524061	5.6952457428	-0.504066705704
0	5	0.499998927116	0.336377494482	0.892654579628	0.300029969628	1.98698437214	5.14864015579	1.60103940964
1	5	0.499998435378	-0.954205649056	-0.234967678565	0.185153367078	-5.4515542984	-1.45856845379	1.05188250542
2	5	0.49999448657	0.983606321277	0.112287214092	0.141103459541	5.66725349426	0.659076571465	0.71358537674
3	5	0.499987855554	-0.731361095426	0.613348960624	0.298184507643	-4.25968456268	3.46267318726	1.67399573326
4	5	0.499992221594	0.274360046608	-0.913811154942	-0.29945907555	1.70201992989	-5.20143795013	-1.73420071602
5	5	0.499770998955	-0.518570427495	0.770410949156	0.370879604654	-2.91926670074	4.51934814453	2.05767035484
6	5	0.498917013407	0.080665787129	-0.862202579655	0.500099732476	0.523900866508	-4.96716594696	2.78291654587
7	5	0.466804638505	-0.174150831876	0.714199837191	-0.677930734156	-0.883935749531	3.91342592239	-3.59283018112
8	5	0.276946894825	0.468973690646	0.858787766481	0.206269846619	1.54021406174	2.84124755859	0.609503388405
9	5	0.429267063737	0.244239358571	0.968456483677	0.0493880041031	1.26491844654	4.80626249313	0.26819729805
10	5	0.496207877994	-0.982439079072	-0.163898868041	-0.0891662322163	-5.5892791748	-0.951086997986	-0.539893865585
11	5	0.499865487218	0.931945778013	-0.138852440245	0.334958305884	5.345038414	-0.800493001938	1.87018632889
12	5	0.499989151955	-0.92232340609	0.385028907966	-0.0327456044325	-5.29808282852	2.18561697006	-0.241528987885
13	5	0.499792903662	0.707962368642	-0.618813683019	-0.340380537481	4.14245414734	-3.50693893433	-1.8431892395
14	5	0.486595407128	-0.903740476876	0.39078617505	-0.174755016656	-5.10573101044	2.18553495407	-0.91547703743
15	5	0.407493337989	-0.783115775916	0.571325014605	-0.245596028465	-3.76071453094	2.73214483261	-1.23114275932
16	5	0.369209244847	-0.691270027329	0.393827620322	-0.60584284661	-3.01489257812	1.78641951084	-2.62491846085
17	5	0.438541103154	-0.0150031320121	0.384211173097	-0.923123328975	-0.0418230891228	1.98975813389	-4.75378513336
18	5	0.3455420807	0.727411832711	0.591682694712	-0.347539371021	3.00365066528	2.42455196381	-1.36835849285
19	5	0.394422844052	0.488335593387	0.858721117781	0.155326720522	2.30851912498	3.94587922096	0.71010017395
20	5	0.486374802887	-0.635834241661	0.439575084134	-0.634419862977	-3.63224029541	2.47423171997	-3.52042627335
21	5	0.495147943497	0.817425836571	-0.52348205467	0.240377911101	4.62897872925	-3.04937911034	1.36052656174
22	5	0.491627469659	-0.744865913079	0.639748063733	0.189465528481	-4.24458217621	3.58660626411	1.02332043648
23	5	0.499328806996	0.710739457274	-0.688972975145	-0.1420058569	4.02101993561	-3.99915552139	-0.766050100327
24	5	0.49992595613	-0.209549010579	0.948557038399	-0.237336800916	-1.22334754467	5.42760467529	-1.37404870987
25	5	0.499988779426	0.141946901136	-0.719304366209	0.680038459215	0.798588871956	-4.22505569458	3.79902791977
26	5	0.499998286366	-0.0449434728999	0.99311779237	0.108153292696	-0.271900117397	5.70224666595	0.508846282959
27	5	0.499999850988	0.274877161826	-0.958251171743	-0.0787225365357	1.51922607422	-5.50533294678	-0.393413305283
28	5	0.499999538064	-0.0667377955769	0.969325036436	-0.236548177713	-0.365235418081	5.55111885071	-1.33526873589
29	5	0.499999642372	-0.208524312076	-0.977312363415	0.0371235180156	-1.18165779114	-5.59344339371	0.233777046204
0	6	0.499993413687	-0.461015126066	-0.875346867358	0.145715185706	-2.64571046829	-5.00209522247	0.837852478027
1	6	0.499913364649	0.685644379045	0.649557059629	-0.32858394935	3.98052477837	3.68665027618	-1.83816170692
2	6	0.499870628119	-0.993826443098	-0.0904307374838	-0.0642750551784	-5.6858625412	-0.535986840725	-0.373653411865
3	6	0.499930143356	0.986536543169	-0.0464165540101	0.156815664095	5.64647388458	-0.306184113026	0.886643886566
4	6	0.499978706241	-0.992400800111	-0.0241041264545	-0.120663345829	-5.71385002136	-0.0395562872291	-0.761723279953
5	6	0.499943546951	0.412358422961	-0.655894843436	0.632267732347	2.45956325531	-3.77499675751	3.574903965
6	6	0.499707072973	-0.350010614156	0.920927333076	-0.17142175233	-1.98559463024	5.26101207733	-1.14495539665
7	6	0.493234239519	-0.0242284415627	-0.445806262147	0.894801519473	-0.135990291834	-2.59404993057	5.06737565994
8	6	0.433543100953	0.816090150266	0.544336885084	0.194149999165	4.0736618042	2.80281376839	0.939431667328
9	6	0.490455657244	-0.762464431376	-0.347945701	0.545510568223	-4.34641075134	-1.99809837341	3.0357632637
10	6	0.499393880367	0.970752946149	0.232308700112	0.0605919581738	5.55123329163	1.34081280231	0.314821958542
11	6	0.499934777617	-0.991317080965	0.0338970493204	-0.127048947398	-5.66828918457	0.158020168543	-0.733191728592
12	6	0.500002086163	0.967854513609	0.19739451171	0.155862270079	5.56560325623	1.04384255409	0.851067066193
13	6	0.499977886677	-0.955024891562	0.267733339156	0.127461035621	-5.48418092728	1.4784296751	0.725629091263
14	6	0.499445855618	0.943700405527	0.183692131499	-0.275112241519	5.42845153809	1.02831339836	-1.64142179489
15	6	0.496757499874	0.627547462907	-0.166546988262	0.760556561013	3.50526881218	-0.96163892746	4.49730968475
16	6	0.483832620084	0.265070893673	-0.0293604283314	-0.963781814819	1.52655291557	-0.143986329436	-5.40262460709
17	6	0.490962415934	-0.982962257236	0.15456865093	-0.0994672458597	-5.61113166809	0.848966538906	-0.478408575058
18	6	0.442410737276	0.951889233755	-0.298356205114	0.0699318348908	4.92777347565	-1.47314167023	0.348890781403
19	6	0.39747326076	0.874702207256	-0.187007218425	0.447129006975	4.1139922142	-0.835865557194	2.11899828911
20	6	0.381327524781	0.983427547669	0.0487017298087	0.174637911116	4.39940595627	0.232354089618	0.792142152786
21	6	0.437091767788	0.572211086652	0.810427764045	-0.125623690352	2.9143819809	4.18209266663	-0.648284196854
22	6	0.494112074375	0.91003141439	-0.408717451737	-0.0692305530077	5.12512683868	-2.46430826187	-0.429062604904
23	6	0.499791219831	-0.426830702223	0.879137338875	0.211974269748	-2.48559713364	5.01249742508	1.19770336151
24	6	0.49998922646	0.449289732623	-0.893368033817	-0.00568263269185	2.53880238533	-5.12572956085	-0.0349006652832
25	6	0.499998375773	-0.336647008496	0.921973986971	-0.191396862618	-1.87220191956	5.29182052612	-1.12961053848
26	6	0.499998942018	-0.17573454453	-0.874750053572	0.451585776607	-0.941016674042	-5.03528499603	2.55770421028
27	6	0.499996647239	-0.00186172226211	0.884381226172	-0.466761588805	-0.00144635268953	5.06911993027	-2.65943336487
28	6	0.499996095896	0.0744423533791	-0.867011094732	0.492696760325	0.388238668442	-4.98935699463	2.77150630951
29	6	0.499996319413	0.367525156007	0.847541762551	-0.382881470475	2.09990859032	4.8696141243	-2.15692162514
0	7	0.499853402376	0.421247973103	0.887374584688	-0.187393947625	2.4402756691	5.06137752533	-1.08158278465
1	7	0.499555870891	-0.796613370918	-0.534627091878	0.282101063282	-4.55944728851	-3.09164643288	1.58934140205
2	7	0.496718972921	0.91575188189	-0.0771200667255	0.394272730636	5.2483215332	-0.377934217453	2.22926950455
3	7	0.499074831605	-0.834915201764	0.274865141412	-0.476828858083	-4.79363107681	1.51129424572	-2.72215175629
4	7	0.499951764941	0.532798790408	0.272112663739	0.801299037297	3.16851329803	1.48102116585	4.54952907562
5	7	0.499971870333	-0.581311989014	0.0873299441145	-0.808980749023	-3.33308887482	0.550098836422	-4.6268248558
6	7	0.499943848699	0.17695344364	-0.420476512599	0.889880318434	1.04494452477	-2.45465278625	5.07665300369
7	7	0.499140255153	0.241690485881	0.362927238535	-0.89992751295	1.35588026047	2.13579583168	-5.12397384644
8	7	0.497486516833	-0.353996206417	-0.79403493033	0.494161122771	-2.05584526062	-4.52102947235	2.81673717499
9	7	0.499657958746	0.728016354858	0.647649616764	-0.224815837885	4.1386346817	3.72453761101	-1.34930109978
10	7	0.499945431948	-0.804867083412	-0.591862394588	-0.0434497861034	-4.63664913177	-3.34899950027	-0.209647655487
11	7	0.499989271164	0.986333997308	0.125359523455	0.106912280088	5.6507730484	0.734146237373	0.558647155762
12	7	0.499997809529	-0.988575031712	-0.104502486014	0.108621531438	-5.66168880463	-0.56902807951	0.593741416931
13	7	0.499995186925	0.988645208398	0.102665414147	0.109729051077	5.68063259125	0.578008532524	0.518646001816
14	7	0.499963007867	-0.618212044603	-0.432298751156	0.656453850363	-3.64202260971	-2.38905715942	3.73691511154
15	7	0.499487694353	0.484531581135	-0.105808577802	-0.8683511339	2.77580666542	-0.527575969696	-4.99017000198
16	7	0.49877370894	-0.68793438944	-0.156615011391	0.708673418461	-3.9260225296	-0.860238194466	4.06094169617
17	7	0.4963773489	0.925308329271	0.345961384968	-0.155290746317	5.2940120697	1.94670760632	-0.892310142517
18	7	0.4762115255	-0.796011533154	-0.335137975588	-0.504031920025	-4.41912746429	-1.84462285042	-2.76278424263
19	7	0.43979473412	-0.388258291235	0.424585401366	0.817913648397	-1.94821250439	2.18195772171	4.25573015213
20	7	0.390933871269	0.797446343605	-0.276461997932	0.53632834418	3.64077377319	-1.25001561642	2.47416687012
21	7	0.450501516461	0.807193391461	-0.580800466961	0.105402307179	4.23863124847	-3.02486658096	0.507151126862
22	7	0.497328430414	-0.170080842785	0.899839969282	0.401697070688	-1.06956899166	5.17645359039	2.21416187286
23	7	0.499742493033	0.216462331546	-0.919679155056	-0.327619155083	1.25192320347	-5.23963928223	-1.92159056664
24	7	0.499991893768	-0.295825467217	0.898550914959	0.324181347661	-1.66817474365	5.17781257629	1.7788939476
25	7	0.499996110797	-0.0296314950818	-0.99447808019	0.100674338939	-0.129614725709	-5.69735527039	0.641177654266
26	7	0.499986924231	0.031177361177	0.765481998959	-0.642701549258	0.218243718147	4.39375734329	-3.66467118263
27	7	0.499983109534	-0.319869666114	-0.626395752536	0.710852838431	-1.7688857317	-3.65509486198	4.04188108444
28	7	0.499846473336	-0.0809569468448	0.994738742216	-0.0627758511865	-0.356156945229	5.71824169159	-0.496779203415
29	7	0.499976053834	-0.735316225436	-0.632458740476	0.243528212342	-4.13171958923	-3.71239614487	1.41155982018
0	8	0.498385518789	0.00224217797194	-0.99124526333	0.132014395292	-0.126455679536	-5.68001651764	0.768105506897
1	8	0.470188632607	0.526049173978	0.731978078684	-0.432990021691	2.86656713486	4.00222396851	-2.34618020058
2	8	0.422288455069	-0.198621790043	-0.585304742349	-0.786109243747	-1.00655674934	-2.830555439	-3.8903336525
3	8	0.49041070044	0.896473092296	-0.200094212719	0.395345799048	5.05910539627	-1.09680247307	2.26618123055
4	8	0.499613687396	-0.906878872702	-0.0874183811316	-0.412224134285	-5.16697454453	-0.476246148348	-2.40340614319
5	8	0.499971792102	0.882727588954	-0.167197448452	0.439132117853	5.02636909485	-0.989518046379	2.56606221199
6	8	0.499985411763	-0.34612635333	0.673148392315	-0.653504238283	-1.98286581039	3.81590557098	-3.79449057579
7	8	0.499966576695	-0.382683354705	-0.537771995624	0.751235469579	-2.116740942	-3.15275382996	4.29581356049
8	8	0.499896898866	0.196400260121	0.88082223151	-0.430788967247	1.14187669754	5.00068330765	-2.52815771103
9	8	0.499918058515	-0.0428674275321	-0.706517625654	0.706395943007	-0.358980298042	-4.10509443283	3.99326705933
10	8	0.499996051192	0.752163501189	0.606337181431	-0.258080006768	4.29724788666	3.47513866425	-1.53257060051
11	8	0.499998167157	-0.883230574646	-0.0475392111463	0.466523070613	-5.07936763763	-0.306411683559	2.637414217
12	8	0.499999389052	0.841927098695	-0.46093440425	-0.280532057814	4.89534473419	-2.50630497932	-1.65460348129
13	8	0.499998688698	-0.915218784644	0.0458653248587	0.400338541999	-5.26541280746	0.245917052031	2.24240159988
14	8	0.499981567264	0.868760909543	-0.217496446151	-0.444915472828	4.97447443008	-1.15320277214	-2.58902144432
15	8	0.499805018306	-0.688785098076	-0.155594358918	0.708071665964	-3.96151614189	-0.834693968296	4.03985071182
16	8	0.495221883059	0.69562437237	-0.210064124118	-0.687007857542	3.96732234955	-1.11792492867	-3.93860030174
17	8	0.416283488274	-0.880482773656	-0.473438178225	0.0246247171264	-4.25524139404	-2.31799840927	0.167922496796
18	8	0.383443713188	-0.341382674522	-0.650954369442	0.678023803742	-1.60371851921	-2.92643356323	3.07595872879
19	8	0.468846622854	0.33510652758	-0.273196966543	0.901702297128	1.8123395443	-1.49201381207	4.92269134521
20	8	0.491687003523	-0.039027348079	0.0775987693306	-0.996220506264	-0.140444278717	0.422664225101	-5.66085767746
21	8	0.49662040174	-0.944929041434	-0.0114283373221	0.32707567895	-5.43781089783	0.0157265905291	1.86478996277
22	8	0.499861504883	0.160195108235	-0.563985434377	0.81009749852	1.04529964924	-3.43436694145	4.59765291214
23	8	0.4999388	-0.00608865360105	0.142359396889	0.989796307537	-0.0818528681993	1.07046687603	5.72401809692
24	8	0.49999563396	0.0705365286306	-0.977234064149	0.200095432219	0.381415426731	-5.64181947708	1.08752918243
25	8	0.499986410141	0.0533393357025	0.65710205413	-0.751912099733	0.349638432264	3.86291599274	-4.23902606964
26	8	0.499853972346	-0.255723243249	-0.420744053306	0.870390753897	-1.43241465092	-2.49073219299	4.94696569443
27	8	0.499047685415	0.170815168501	0.535082271235	-0.827350676086	1.00197994709	3.07326316833	-4.70404148102
28	8	0.497908875346	-0.432672522056	-0.523117739909	0.734263112821	-2.46966028214	-3.06304550171	4.14659166336
29	8	0.499617904425	0.576853250786	0.713995590695	-0.396800483274	3.29671144485	4.10313987732	-2.24661231041
0	9	0.493896514177	0.666199399821	0.534202617645	0.520390164184	3.756316185	3.11954307556	2.91648340225
1	9	0.425413262099	0.184129052473	-0.318055991766	-0.930019826744	0.85723221302	-1.57666659355	-4.61055040359
2	9	0.290963148698	-0.184027362738	-0.313030781664	-0.931743344218	-0.681180536747	-1.15033710003	-3.20659971237
3	9	0.462000407279	-0.681947993818	-0.460750956829	-0.568027718962	-3.62284255028	-2.43764567375	-3.05911803246
4	9	0.499608643353	0.787873421825	0.135470408767	0.600752228069	4.51010322571	0.779754400253	3.44234275818
5	9	0.499961495399	-0.850163573696	0.404043722676	-0.337595272665	-4.85227775574	2.27164292336	-2.03206777573
6	9	0.4999961555	0.43586568053	-0.409398521399	0.801507304528	2.48684263229	-2.41836500168	4.56601285934
7	9	0.499995857477	0.079185241071	0.94645999402	-0.312958746989	0.444791793823	5.38844394684	-1.91641926765
8	9	0.499998517334	-0.225249001621	-0.693169885716	0.684673934662	-1.26547169685	-4.04235839844	3.84884810448
9	9	0.499998643994	0.109278202335	0.907713341462	-0.405110804875	0.677772819996	5.15967321396	-2.3801612854
10	9	0.499999158084	-0.512894212307	-0.659385507985	0.549681979731	-2.96019935608	-3.76927709579	3.13013720512
11	9	0.499999716878	0.730857558482	0.308481084476	-0.608840414009	4.18833255768	1.77708792686	-3.4669034481
12	9	0.499999545515	-0.608220970254	-0.535564894658	0.585864741176	-3.59167575836	-2.99362015724	3.33482933044
13	9	0.499998897314	0.799602956089	0.594048936398	0.0879828038786	4.67555952072	3.34273552895	0.336101770401
14	9	0.499985784292	-0.85900610454	-0.0387620188976	0.510495855276	-4.93070459366	-0.28020709753	2.8958940506
15	9	0.499286070466	0.871954427118	0.207528653352	-0.443426809143	4.94556474686	1.18120014668	-2.62073636055
16	9	0.480928465724	-0.209263511088	-0.357876367617	0.910018290161	-1.26396036148	-1.95099020004	5.05867290497
17	9	0.370475523174	-0.753664597527	-0.550912578871	0.358448050455	-3.33466029167	-2.40388607979	1.58630776405
18	9	0.421314720064	-0.473364920602	-0.324062765402	0.819090334471	-2.31056237221	-1.61060714722	4.01210308075
19	9	0.497943541035	0.234669584059	0.0581627872227	-0.970333590318	1.33447599411	0.302184760571	-5.56103420258
20	9	0.498657159507	-0.463968843064	0.0584879710954	0.883918587825	-2.64561104774	0.333539903164	5.0500459671
21	9	0.499733611941	0.856856430313	-0.31642656744	-0.407027376535	4.88340997696	-1.85281133652	-2.38186907768
22	9	0.499983131886	-0.334196933797	0.935935884107	-0.111069484023	-1.96038103104	5.36353206635	-0.583517789841
23	9	0.49999551475	0.185994631084	-0.829652884945	-0.526385873396	1.00513982773	-4.80964946747	-2.97711205482
24	9	0.499994128942	0.423344548268	0.889228483582	-0.173355407872	2.35897612572	5.14223909378	-0.912693023682
25	9	0.499984756112	-0.618785192347	-0.770900258674	-0.151055211454	-3.48638033867	-4.52742290497	-0.707610845566
26	9	0.499563127756	0.191563223799	0.786568885214	-0.587037409456	1.12566804886	4.48121261597	-3.3836774826
27	9	0.492504715919	-0.138165085066	-0.732511980704	0.666585783973	-0.806036174297	-4.14262485504	3.77632379532
28	9	0.452713608742	0.808706219092	0.551956731754	-0.203317528691	4.17340517044	2.91772556305	-1.1437830925
29	9	0.493557229638	-0.812342907429	-0.582649776107	-0.0248644153688	-4.60022926331	-3.33768987656	-0.133968114853
0	10	0.492669537663	-0.461401925862	-0.873487499009	-0.155331425941	-2.60804033279	-4.94393062592	-0.907248020172
1	10	0.496204763651	0.0407987807154	0.741514894225	0.669694797005	0.259350031614	4.24698257446	3.81517314911
2	10	0.460258129984	-0.477061461625	-0.311549962347	-0.821796192978	-2.50405144691	-1.72124290466	-4.36862516403
3	10	0.49734621495	0.331425182138	0.699944988431	0.632640784186	1.88874042034	3.98407125473	3.63101601601
4	10	0.499602917582	-0.364843233286	-0.475624438471	-0.800419145607	-2.15139341354	-2.69509196281	-4.5748295784
5	10	0.499985747039	0.60131641587	-0.314060825626	0.734700187704	3.43958115578	-1.75542640686	4.23776197433
6	10	0.499996323138	-0.160241680997	0.431282223522	-0.887872877919	-0.972081542015	2.51781988144	-5.04987049103
7	10	0.499997481704	0.0177988939264	-0.788837863573	0.614343571928	0.0983735769987	-4.52774620056	3.49698328972
8	10	0.499999195337	0.0508244982321	0.978595440588	-0.199418740441	0.345496088266	5.58064508438	-1.24932384491
9	10	0.499999552965	-0.353557829044	-0.757838803965	0.548340413181	-2.00577259064	-4.34871959686	3.13730955124
10	10	0.499999940395	0.663772353122	0.579049207051	-0.473400759447	3.77379584312	3.30733585358	-2.75601553917
11	10	0.499999627471	-0.846875551352	-0.15262406637	0.509418977745	-4.82720184326	-0.881511330605	2.94836091995
12	10	0.49999961257	0.887219704436	-0.0274923719229	-0.460527269059	5.04448366165	-0.11903090775	-2.70641136169
13	10	0.499999441206	-0.617969463671	0.130710983186	0.775260202026	-3.6248395443	0.649315595627	4.40186977386
14	10	0.499986246228	0.735834881134	0.458658361535	-0.498176208887	4.21622753143	2.533182621	-2.94308185577
15	10	0.499849796295	-0.619911307925	-0.136983770474	0.772622428443	-3.57234096527	-0.765736222267	4.40448284149
16	10	0.498778916895	0.631433191347	-0.126398151322	-0.765059234443	3.57827758789	-0.688404202461	-4.4023065567
17	10	0.484520092607	-0.377486377596	-0.0338106738479	0.925397683736	-2.14162302017	-0.137067690492	5.16486644745
18	10	0.498490992934	0.472366050739	-0.0306570378958	-0.880869150406	2.70144152641	-0.228479653597	-5.049243927
19	10	0.498768076301	0.0538688423551	0.540278677065	0.839760143691	0.153640791774	3.01975536346	4.87909126282
20	10	0.499924726784	0.53684007788	0.0974242429715	-0.838040122944	3.03140640259	0.429463028908	-4.84831905365
21	10	0.499986447394	-0.31626837896	0.497607195767	0.807688919815	-1.87242650986	2.85448384285	4.60761880875
22	10	0.499987497926	0.439325614904	-0.866576965215	-0.236722131303	2.44305825233	-5.00003910065	-1.40848851204
23	10	0.499984905124	0.408034937937	0.909074865439	0.0842043849739	2.22824120522	5.25495767593	0.55708861351
24	10	0.499979749322	-0.051582374497	-0.980010545004	-0.192142109705	-0.345155775547	-5.62079620361	-1.04194140434
25	10	0.499909281731	-0.233654202512	0.845200983891	-0.480667255466	-1.24641513824	4.91138505936	-2.71473550797
26	10	0.4976699166	-0.143064983661	-0.37074010175	0.917651452025	-0.79892206192	-2.27403569221	5.19354438782
27	10	0.448916718364	0.447977457187	0.8553273469	-0.260252430338	2.28565406799	4.42162036896	-1.41406726837
28	10	0.266198482364	0.085391700891	0.716073334624	-0.692782243465	0.38465988636	2.28696084023	-2.15559148788
29	10	0.430227078497	0.552758354679	0.271104814856	-0.788010393773	2.73359298706	1.43764591217	-3.90556097031
0	11	0.499693676829	0.252830178257	0.956573907873	0.145062950955	1.43527173996	5.51190423965	0.784939050674
1	11	0.499311536551	0.155896763997	-0.753460041244	-0.638744209542	0.79640007019	-4.3591504097	-3.62020206451
2	11	0.4988809973	0.0993232999991	0.939672498262	0.327338476333	0.575219213963	5.34174013138	1.96181607246
3	11	0.499334514141	0.0739762682135	-0.894885045834	-0.4401230129	0.31127011776	-5.10509872437	-2.57165622711
4	11	0.499954469502	0.446200352027	0.66959545498	0.593756829452	2.57157564163	3.77953672409	3.46845674515
5	11	0.499933555722	-0.52444652901	0.0268053662292	-0.851021333781	-3.06171607971	0.185371652246	-4.85633087158
6	11	0.499942034483	0.323023121083	-0.759752838751	0.564297516613	1.87486732006	-4.31037521362	3.28163957596
7	11	0.499985285103	0.0269766622167	0.83047729512	-0.556398887477	0.117871075869	4.73749542236	-3.2200717926
8	11	0.499991491437	-0.469613762482	-0.773903668938	0.424895310979	-2.60312843323	-4.44866657257	2.52041721344
9	11	0.499986667186	0.15792032517	0.491956133052	-0.856177746762	0.95873260498	2.87597036362	-4.85440254211
10	11	0.499996248633	-0.361322036316	-0.472918085646	0.803613632501	-2.09806609154	-2.68622350693	4.60324954987
11	11	0.499996237457	0.578247208844	-0.247298056056	-0.777479155306	3.336997509	-1.31970393658	-4.46738386154
12	11	0.499994661659	-0.529863897882	0.115698061978	0.840153681284	-3.08378887177	0.66009247303	4.77343845367
13	11	0.499998345971	0.669811729774	0.0991341685007	-0.735883593575	3.81288027763	0.519231915474	-4.23135089874
14	11	0.499998500571	-0.275740874754	-0.0537790428095	0.959726411299	-1.69166636467	-0.281919211149	5.47465515137
15	11	0.499987460673	0.450909952368	-0.280513360329	-0.847344363014	2.59983921051	-1.58168792725	-4.8454284668
16	11	0.499831371009	-0.497300522459	0.371437761761	0.784044756057	-2.86667013168	2.15473008156	4.46112728119
17	11	0.499704688787	0.57600846174	-0.583602469639	-0.572383096742	3.27767515182	-3.30283308029	-3.33284258842
18	11	0.49960680306	-0.687569344976	0.499200359507	0.527301997833	-3.93553733826	2.82082748413	3.03858137131
19	11	0.499893769622	0.89046484645	-0.280163995624	-0.35858122203	5.03606510162	-1.69686484337	-2.18331694603
20	11	0.499992784113	-0.219505403876	0.510361183702	0.831473896066	-1.33329772949	2.88663101196	4.76565742493
21	11	0.499964248389	0.163898887294	-0.516166304448	-0.840660157791	0.913342118263	-2.97320008278	-4.79961585999
22	11	0.499882370234	0.0987729309659	0.757771217771	0.645001309786	0.52192056179	4.36598014832	3.66630363464
23	11	0.499886766076	-0.19589532037	-0.874172234855	-0.444351130601	-1.13258242607	-4.99933052063	-2.53311896324
24	11	0.499695047736	0.360659302877	0.882992016038	0.300416322563	1.98944842815	5.08706617355	1.70037841797
25	11	0.499927565455	0.0703041690109	-0.995365199111	0.0656158838865	0.382046431303	-5.69811248779	0.389894008636
26	11	0.499636143446	-0.244468671745	0.919921189408	-0.306561696586	-1.32614910603	5.28166484833	-1.77695035934
27	11	0.497948914766	-0.194703050745	-0.966757214317	0.165744413472	-1.07849240303	-5.53842020035	0.971199512482
28	11	0.447037920356	-0.0756276046142	0.872085402093	-0.483474422154	-0.359751820564	4.48787117004	-2.50664830208
29	11	0.489039439708	0.292596679499	-0.264776670326	0.918847374702	1.62677371502	-1.61923503876	5.19755220413
0	12	0.499938577414	-0.349025279128	-0.906112038362	0.239044616056	-1.9943010807	-5.21016550064	1.29060721397
1	12	0.49997343868	0.482960761984	0.637730406651	0.600040690967	2.70102572441	3.75656890869	3.39829564095
2	12	0.499985285103	-0.192582863048	-0.733024936791	-0.652369744012	-1.17095708847	-4.21182823181	-3.6949608326
3	12	0.499975606799	0.522826536136	0.537092718038	0.661954549303	3.01104021072	3.10652518272	3.77696156502
4	12	0.499823994935	-0.671709625593	0.0820896504855	-0.736252312845	-3.92415833473	0.373411029577	-4.17988872528
5	12	0.499388799071	0.9746437904	-0.139942142608	0.174601484978	5.55611419678	-0.830322146416	1.10716509819
6	12	0.499539703131	-0.711853111369	0.625666669015	-0.31907110041	-4.08452272415	3.56945300102	-1.85209846497
7	12	0.498810444027	0.54373161581	-0.265691661165	0.796092878474	3.05630993843	-1.63655877113	4.56906700134
8	12	0.49953426607	-0.0719270047062	0.311089582568	-0.947654883178	-0.363046169281	1.85054969788	-5.41372537613
9	12	0.499949462712	-0.243684992265	-0.717661560576	0.652364552238	-1.37825787067	-4.04121208191	3.81149840355
10	12	0.499856732786	0.303772802052	0.513655772109	-0.802421231344	1.75330924988	2.88488912582	-4.63235569
11	12	0.49970036	-0.621667877153	-0.0617375525093	0.780844110643	-3.56832695007	-0.311273634434	4.46594190598
12	12	0.499932542443	0.651804085389	-0.278496821523	-0.705401272094	3.75927329063	-1.57008337975	-4.0220375061
13	12	0.499987415969	-0.774178426982	0.150520031426	0.614810119741	-4.4209227562	0.886865019798	3.5204975605
14	12	0.499998338521	0.66313203459	-0.45749500187	-0.592413899199	3.80030179024	-2.56884074211	-3.42831325531
15	12	0.499998107553	-0.530820156108	0.498775290048	0.685166528595	-3.06115055084	2.84704184532	3.9096865654
16	12	0.499988153577	0.471747708549	-0.853463268846	-0.221482613785	2.70874476433	-4.85446739197	-1.40149259567
17	12	0.49999320507	-0.157713882605	0.667449383112	0.727762084899	-1.00832951069	3.86785697937	4.11262273788
18	12	0.49999576807	0.795727778716	-0.422591674098	-0.433858939244	4.51414966583	-2.48000597954	-2.50743246078
19	12	0.499995477498	-0.486581277535	0.624882697227	0.610540969189	-2.83164143562	3.5352165699	3.49342060089
20	12	0.499985758215	0.374036857389	-0.415888406608	-0.828935017094	2.07947230339	-2.46115970612	-4.74285984039
21	12	0.499919619411	0.267507308274	0.499770767726	0.823813704515	1.48258042336	2.90801429749	4.7117228508
22	12	0.498394235969	-0.0616035217036	-0.917489939208	-0.392959562252	-0.411808937788	-5.21094989777	-2.30383038521
23	12	0.488677211106	0.176576283605	0.782565580088	0.597002453035	0.998536527157	4.41989660263	3.31986498833
24	12	0.498058453202	-0.0381931075855	-0.946883188179	-0.319301604251	-0.241707146168	-5.40310716629	-1.84053826332
25	12	0.499388635159	0.141724312307	0.988053708765	0.0605317098481	0.806483864784	5.64761257172	0.336165904999
26	12	0.499939113855	0.0163655932522	-0.969863337863	0.243099307333	0.0669286623597	-5.55792474747	1.35612869263
27	12	0.499174118042	0.0422964242208	0.984745957754	-0.168779178769	0.242640197277	5.62248086929	-0.965530395508
28	12	0.499425068498	0.302040276615	-0.916081627536	0.263753906118	1.63557100296	-5.27586364746	1.50634336472
29	12	0.499766588211	0.255448454438	0.895168369884	-0.365266583039	1.40259599686	5.15232086182	-2.09527492523
0	13	0.499995931983	0.265942709869	0.963340330609	-0.0353536771854	1.48190879822	5.52129077911	-0.199236869812
1	13	0.499996721745	-0.000986422228966	-0.984547329365	-0.175115913643	-0.0966842696071	-5.64007377625	-1.01012206078
2	13	0.499996170402	0.65473375161	0.724278460181	0.216204594356	3.70061063766	4.21421813965	1.22835087776
3	13	0.499972999096	-0.906255022482	-0.411006482475	0.0988711565069	-5.1801199913	-2.41190481186	0.520086050034
4	13	0.499558672309	0.990121055747	0.126007434059	-0.0615013945216	5.67392969131	0.720743596554	-0.310304641724
5	13	0.494851142168	-0.935840121068	0.211967061818	-0.281555025714	-5.36282444	1.17994177341	-1.53394269943
6	13	0.456818729639	0.639126969923	-0.737908128817	-0.216813998031	3.42301893234	-3.87923669815	-1.16850852966
7	13	0.453554190695	0.0801715130308	0.812114844796	-0.577963673046	0.42568564415	4.24740409851	-3.07467508316
8	13	0.492677491158	-0.358812580128	-0.257466374011	0.897198193598	-2.01136517525	-1.50277161598	5.08492136002
9	13	0.498950989917	0.204323960674	0.323578793261	-0.923876876887	1.1707277298	1.83450341225	-5.28324079514
10	13	0.499099519104	0.0615356169983	0.345445699537	0.936419049631	0.282342672348	1.89728236198	5.42762136459
11	13	0.493316277862	0.810548320151	-0.427043797997	-0.400805458163	4.59007263184	-2.44441819191	-2.32146883011
12	13	0.499336674809	-0.887721854379	0.44383660139	0.122306911192	-5.0656747818	2.55096912384	0.754776954651
13	13	0.499917834997	0.871632722613	-0.331593962857	-0.360973462552	4.97634124756	-1.90954148769	-2.07176375389
14	13	0.499992981553	-0.843442037216	0.309394915089	0.439181416244	-4.80412387848	1.78117513657	2.53921151161
15	13	0.499999918044	0.728829815968	-0.172300471219	-0.662661034748	4.1726565361	-1.0612244606	-3.77377128601
16	13	0.50000025332	-0.392548139078	0.754496987093	0.525966020741	-2.31918907166	4.33712387085	2.96027088165
17	13	0.499999955297	0.172503102743	-0.961794451826	-0.212589068349	1.09202301502	-5.49602603912	-1.23461699486
18	13	0.499999672174	-0.814682497412	0.579891100136	-0.00432901769205	-4.63216304779	3.38871955872	0.0366756916046
19	13	0.499998152256	0.553084565941	-0.515611416951	-0.654402268966	3.13487935066	-3.05935764313	-3.71262693405
20	13	0.499972999096	0.231237834601	0.911146157798	0.341089054324	1.26824045181	5.21536827087	2.0525226593
21	13	0.499533161521	-0.613360201245	-0.468321760217	-0.635974836322	-3.46841192245	-2.7521982193	-3.62163352966
22	13	0.495331555605	0.692404612671	0.690820316249	0.208190160693	3.90989470482	3.97802829742	1.25674390793
23	13	0.384012445807	-0.984213645298	0.176705542925	-0.00993234664329	-4.40537405014	0.796298027039	-0.0347106456757
24	13	0.444741792977	-0.0319896533742	0.658063650062	0.752282456624	-0.192080378532	3.39796972275	3.88701057434
25	13	0.498895823956	-0.53238074018	-0.844664270511	-0.0557944227333	-3.00512313843	-4.86183834076	-0.331375837326
26	13	0.499743252993	0.353611270599	0.935200983533	0.0189259003412	2.02946710587	5.34920215607	0.061644077301
27	13	0.499904200435	-0.295322194313	-0.954636761695	0.0381242018558	-1.66438603401	-5.46544122696	0.204023838043
28	13	0.499901160598	0.0997218716925	0.994293268656	0.0379004513361	0.540206670761	5.69171142578	0.206312894821
29	13	0.499964743853	-0.113924367144	-0.975271840892	-0.189383407228	-0.653162002563	-5.59239387512	-1.02072381973
0	14	0.499996036291	0.0642434125288	-0.965912125017	0.250771909693	0.35112836957	-5.54077529907	1.38010215759
1	14	0.499999880791	-0.0027239354553	0.999385923955	-0.0349335823642	0.0237642899156	5.71647834778	-0.211873531342
2	14	0.500000208616	-0.0429619278584	-0.966169728237	0.254303615768	-0.362653553486	-5.54067516327	1.44421625137
3	14	0.499977722764	0.521861376237	0.713370554787	-0.467721237014	3.01232051849	4.08626651764	-2.66210222244
4	14	0.499553695321	-0.862146764188	-0.170938927257	0.476951611957	-4.91682958603	-1.07412052155	2.75085139275
5	14	0.466231718659	0.503004925688	0.333938504805	-0.797164424534	2.75619983673	1.79033231735	-4.29100561142
6	14	0.348667288199	0.411090918718	0.223465927397	-0.883780083415	1.71351647377	0.939936757088	-3.62796425819
7	14	0.368572898209	0.206803278459	0.800706915545	-0.562228458384	0.900616049767	3.43721365929	-2.45835089684
8	14	0.457658290863	0.719842486744	0.691566684501	0.0596851335377	3.82416415215	3.72917699814	0.284595489502
9	14	0.48856844753	-0.249167211281	-0.349160553025	0.903328627374	-1.40662932396	-2.02908611298	5.09490633011
10	14	0.441538436338	-0.409476405633	0.0924896749006	-0.907620368473	-2.08792901039	0.51473814249	-4.66899871826
11	14	0.422790184617	0.162035435337	0.748630092767	-0.642882183529	0.727045655251	3.73154687881	-3.17137932777
12	14	0.495942816138	0.584208079202	-0.764075611453	0.273659240987	3.39877748489	-4.33725118637	1.53164386749
13	14	0.49940508604	-0.771803189016	0.555794194054	0.308889383567	-4.43178129196	3.16335535049	1.74511528015
14	14	0.49998255074	0.749425268639	-0.418806661398	-0.512798934372	4.3017616272	-2.38447642326	-2.91520929337
15	14	0.499996259809	-0.856401570571	0.116516127009	0.502991393635	-4.90462779999	0.757928609848	2.8781452179
16	14	0.499998047948	0.798667482015	-0.452749152133	0.396419548477	4.60428905487	-2.71303892136	2.1543033123
17	14	0.49999974668	-0.642241644946	0.70251878992	-0.306582809868	-3.62786650658	4.10396909714	-1.72584724426
18	14	0.500001683831	0.430515540207	-0.777521963909	0.458384080525	2.5168299675	-4.49740743637	2.51800537109
19	14	0.49999833107	0.017999255189	0.91858794168	0.394806560499	0.00366646447219	5.29147577286	2.22967720032
20	14	0.499988988042	-0.0935933905868	-0.961698973662	-0.257634161743	-0.537442326546	-5.48740053177	-1.53492307663
21	14	0.49916370213	0.527613616176	0.580520462031	0.620177285289	2.93659210205	3.39615869522	3.56500530243
22	14	0.479590252042	-0.033479385339	-0.631834664174	-0.77437980856	-0.249524891376	-3.50569009781	-4.27493476868
23	14	0.34764970839	-0.959440964967	-0.0407171495451	-0.278953667255	-3.90016078949	-0.224501654506	-1.08917069435
24	14	0.421149063855	-0.22340709443	-0.621046406309	0.751259363582	-1.20887684822	-3.0022354126	3.68117570877
25	14	0.494519710541	0.7414841065	0.637591096173	-0.208995009243	4.18731117249	3.65726852417	-1.16987991333
26	14	0.497553452849	-0.60910157075	-0.657226271962	0.443901908031	-3.4716553688	-3.81138110161	2.46543288231
27	14	0.497535347939	0.334677030089	0.91425396925	0.228322064727	1.87610459328	5.25198507309	1.27008104324
28	14	0.499601528049	0.23580265441	-0.965604407799	-0.109568407003	1.2777132988	-5.53472328186	-0.661118984222
29	14	0.499976813793	-0.117244493399	0.978152742049	0.171671028392	-0.664287805557	5.60797834396	0.921773672104
0	15	0.499993026257	-0.187975492872	0.952887026397	-0.238057827017	-0.990104198456	5.47504901886	-1.35940790176
1	15	0.500000372529	-0.520534431183	-0.853677824119	-0.0166756877368	-2.91674566269	-4.93375778198	-0.0458598136902
2	15	0.500001475215	0.692001448448	0.641952495867	-0.330198407621	3.88574910164	3.7661626339	-1.8857691288
3	15	0.499996088445	-0.228730580467	-0.814781608989	0.532741261038	-1.37924802303	-4.66387414932	3.01288223267
4	15	0.499797664583	0.280607124438	0.801984261898	-0.527333751416	1.65387415886	4.58387136459	-3.02601242065
5	15	0.49896203354	-0.119203867496	-0.412675096633	0.903044684716	-0.686170697212	-2.45782661438	5.13562297821
6	15	0.480642214417	-0.366532598786	0.754246264051	-0.54476272559	-1.96686780453	4.17854261398	-3.07287812233
7	15	0.494854900986	-0.307795585754	-0.495893843235	0.812004417249	-1.72252082825	-2.81676387787	4.66773939133
8	15	0.495949257165	0.538454998696	0.0744674623509	-0.839357380042	3.03925275803	0.377451270819	-4.84534072876
9	15	0.476866096258	-0.621752626492	0.643900040367	0.44588833744	-3.43954372406	3.56427764893	2.51558065414
10	15	0.384200960398	-0.364496277048	0.868275779546	-0.336510972586	-1.64302444458	3.92147064209	-1.54779303074
11	15	0.356598675251	-0.164146713389	0.940303900431	-0.298134921333	-0.707998275757	3.96336007118	-1.30015599728
12	15	0.48219935596	-0.735695845611	-0.105770088752	-0.669002474642	-4.16317224503	-0.470941662788	-3.70250511169
13	15	0.499332889915	0.914713826599	-0.343815284093	-0.212343273622	5.23571300507	-1.98534345627	-1.19283008575
14	15	0.499975547194	-0.718976432129	0.482279296582	0.500479340364	-4.12083053589	2.77524113655	2.83956885338
15	15	0.499999418855	0.365048999149	-0.565079856844	-0.739881060448	2.17460560799	-3.30071592331	-4.17052412033
16	15	0.499998196959	-0.124531783643	0.979969277972	0.155409295394	-0.758200764656	5.62196302414	0.892596483231
17	15	0.499999552965	-0.466605330531	-0.872147429555	-0.147099716656	-2.51250290871	-5.11971187592	-0.83069062233
18	15	0.499999091029	-0.667752268544	0.743748446123	0.0307434016308	-3.74968290329	4.34009933472	0.15891122818
19	15	0.499999254942	0.522249288152	-0.83047387043	-0.193826808151	2.95163488388	-4.77622699738	-1.10875749588
20	15	0.499980300665	-0.293143858508	0.837089407313	0.461896094792	-1.69887185097	4.81553220749	2.58788657188
21	15	0.499905601144	0.472239287611	-0.774323451847	-0.421204519392	2.62467980385	-4.45963716507	-2.46659064293
22	15	0.497647985816	-0.119673696836	0.780779032246	0.613239194027	-0.727052927017	4.42941665649	3.52756333351
23	15	0.472910664976	0.538938737552	-0.220504837382	-0.812971496338	2.9528362751	-1.21691274643	-4.44125366211
24	15	0.483436957002	-0.886158398175	0.410079615476	-0.215773034264	-4.96159744263	2.34424185753	-1.13912129402
25	15	0.497571527958	-0.419621454585	-0.819487135276	-0.390331487289	-2.38316392899	-4.76178026199	-2.20207357407
26	15	0.425563231111	0.409423358477	0.813696126616	-0.412639221432	2.05389595032	3.99766945839	-2.04123950005
27	15	0.426741894335	0.406857250861	-0.523449536751	-0.748643947345	2.01352882385	-2.59689950943	-3.72261357307
28	15	0.498812325299	-0.123124175751	0.831027445475	0.542433242172	-0.721478462219	4.82301330566	3.03292393684
29	15	0.499742671847	0.200901023301	-0.911455745399	0.359008639193	1.12855815887	-5.27503967285	1.93718314171
0	16	0.499997064471	-0.383366275191	-0.881682576348	0.275074778214	-2.15305328369	-5.08036088943	1.53011751175
1	16	0.50000038743	0.298928741875	0.952757632373	-0.0538005690988	1.76319599152	5.43120479584	-0.331069231033
2	16	0.499999314547	-0.399681864053	-0.867962063709	0.294781721802	-2.30801677704	-4.95503902435	1.6837515831
3	16	0.499997064471	0.410786251418	0.896356578385	-0.166731940647	2.32827329636	5.13335084915	-0.960738182068
4	16	0.499983355403	-0.345573243367	-0.916930696092	-0.199542556945	-1.98499345779	-5.30040550232	-0.980109453201
5	16	0.499806970358	-0.0226297101661	0.918502526673	-0.394767025869	-0.11920530349	5.2558054924	-2.27885317802
6	16	0.49980699271	0.187579972327	-0.717260943656	0.671081584226	1.08940124512	-4.11509656906	3.81779909134
7	16	0.499176211655	-0.289573930424	0.467780071847	-0.835062119367	-1.58736741543	2.68532323837	-4.79452371597
8	16	0.499691939913	-0.12227240077	0.017833999393	0.992336338383	-0.671542465687	0.0648907572031	5.68811655045
9	16	0.49949413538	0.0476101507122	-0.402474352638	-0.914192358871	0.257544487715	-2.28827548027	-5.24903774261
10	16	0.487582616508	0.383988615019	0.381832200993	0.840688357134	2.13607907295	2.10953092575	4.76464128494
11	16	0.477771982551	-0.522354527525	0.294263089009	-0.800346788599	-2.89289808273	1.63627433777	-4.41204738617
12	16	0.495265319943	0.631801665959	-0.765797219498	0.119921947532	3.64997243881	-4.31561326981	0.78254032135
13	16	0.499771773815	-0.90050394933	0.367629177308	0.232252933746	-5.13525342941	2.19469070435	1.26953959465
14	16	0.499980181456	0.72259595551	-0.68596776895	-0.0854593765599	4.12875175476	-3.92996120453	-0.516956567764
15	16	0.499993756413	-0.492842917346	0.861486574064	-0.122256867001	-2.83255338669	4.94388389587	-0.614297389984
16	16	0.499988436699	0.220629031202	-0.974877346518	0.0306102897081	1.27907800674	-5.57681560516	0.114146709442
17	16	0.49999551475	0.0253495065229	0.961855847432	0.272379755636	0.112641140819	5.52002096176	1.50818276405
18	16	0.499985486269	0.404867893967	-0.910707311422	0.0818179769819	2.31012248993	-5.21929836273	0.416509389877
19	16	0.49999640882	-0.436060231606	0.891259202271	-0.124533163368	-2.49652028084	5.10091161728	-0.669654130936
20	16	0.499996870756	0.550629820772	-0.830285118776	0.0862172953375	3.12927055359	-4.77847576141	0.42067861557
21	16	0.499979890883	-0.457318208471	0.707848756409	0.538340221655	-2.60584926605	4.08656263351	3.04249382019
22	16	0.499813191593	0.361710098536	-0.60962361217	-0.705354418787	2.1217455864	-3.52820539474	-4.00418043137
23	16	0.499050810933	-0.893520867626	-0.262700785613	0.364154852166	-5.12559223175	-1.36502432823	2.21155786514
24	16	0.498459607363	0.906200893107	-0.213767554089	-0.364833351204	5.16467285156	-1.2864202261	-2.12527823448
25	16	0.485728114843	0.0226658883833	0.593869522427	0.80424203312	0.0959863513708	3.35399436951	4.49709320068
26	16	0.346426807344	0.572233116268	0.63615387967	-0.517549516498	2.34486699104	2.5612385273	-2.11862516403
27	16	0.36949345842	0.523194445835	-0.262251890024	-0.810858506785	2.30169487	-1.07370579243	-3.49590802193
28	16	0.486921444535	-0.181065503787	-0.981911523924	0.0553628261956	-1.00648617744	-5.50814390182	0.293075799942
29	16	0.499764487147	0.0547303609461	0.980903385079	0.186636375693	0.335069596767	5.63041210175	0.973795890808
0	17	0.499997392297	0.562533597839	0.800907201617	-0.205191631654	3.19355773926	4.60029792786	-1.16843438148
1	17	0.499999597669	-0.670768058514	-0.739208935524	-0.0603354068366	-3.81155729294	-4.27120447159	-0.244048118591
2	17	0.49999986589	0.48299052599	0.656301702844	-0.579644914278	2.75385951996	3.83790707588	-3.2466647625
3	17	0.499997720122	-0.244839203726	-0.969489314684	0.0120097057145	-1.42095708847	-5.55259561539	0.17366194725
4	17	0.499992035329	0.382619985053	0.552029784308	-0.740854280054	2.14894294739	3.33174371719	-4.17217159271
5	17	0.499992787838	0.201394504642	-0.967232593699	0.154600657136	1.11183965206	-5.53381538391	0.985166072845
6	17	0.499990239739	-0.38737445562	0.808047422185	-0.443847264983	-2.18751120567	4.63047504425	-2.55172538757
7	17	0.49998242408	0.227855035923	-0.6102005629	0.758773586546	1.30915474892	-3.516310215	4.32335567474
8	17	0.499983008951	-0.32308476359	0.361265404063	-0.874701974025	-1.84963321686	2.00860524178	-5.03388023376
9	17	0.499841727316	0.434983203476	0.199891786139	0.877970891617	2.43500041962	1.06845450401	5.07638311386
10	17	0.499733734876	-0.210058445594	0.0740993123379	-0.974876782648	-1.22689914703	0.41756477952	-5.57429361343
11	17	0.499732419848	0.32617812625	-0.177146426383	0.92856177693	1.85537648201	-1.06258261204	5.30523014069
12	17	0.499881442636	-0.337985035281	0.427335507342	-0.838540684816	-1.98816657066	2.51878643036	-4.7534995079
13	17	0.499972909689	0.527185917915	-0.817669618201	0.231282086258	3.06146192551	-4.66494274139	1.32043266296
14	17	0.499986320734	-0.477006957201	0.86945218423	0.128519500931	-2.73893380165	4.97222661972	0.698807477951
15	17	0.499973520637	0.511176037155	-0.858721767421	-0.0359997943917	2.91704297066	-4.91499614716	-0.210195302963
16	17	0.499679252505	-0.475734648215	0.735319019558	0.48268259132	-2.66729307175	4.29587745667	2.6938726902
17	17	0.499421358109	0.136308436196	-0.979272975115	-0.14981472034	0.7863920331	-5.58972930908	-0.927567481995
18	17	0.499788999557	-0.380055341559	0.878010706724	0.29095555714	-2.15175819397	5.04236745834	1.62223625183
19	17	0.499987646937	0.275352602711	-0.95880065459	-0.0698730916551	1.59606790543	-5.47734308243	-0.396324157715
20	17	0.499997198582	-0.461055471189	0.878847762193	-0.122696631478	-2.59646272659	5.06869935989	-0.621829032898
21	17	0.499996170402	0.17410300193	-0.902087633655	-0.394874721811	1.01610922813	-5.18003559113	-2.22523140907
22	17	0.499977111816	-0.255888393828	0.953208949082	-0.160977729185	-1.50943017006	5.51240110397	-0.717662811279
23	17	0.499927476048	0.396701703504	-0.341975250741	-0.851868937289	2.30419874191	-2.06987094879	-4.85923051834
24	17	0.499726608396	-0.438524459724	0.755357138328	0.486961899743	-2.4823346138	4.31141710281	2.87293338776
25	17	0.497943937778	-0.120119369902	-0.377469678019	-0.918198224323	-0.636273980141	-2.24975848198	-5.21448659897
26	17	0.47809445858	0.315534169992	0.733632184061	0.601848823275	1.77033257484	4.09100580215	3.2942442894
27	17	0.493032999337	-0.376381224954	-0.753482385418	0.539074640812	-2.07550811768	-4.35605812073	3.04655647278
28	17	0.499379485846	0.29358774679	0.872607206813	-0.390336902628	1.63103103638	5.01659154892	-2.20740604401
29	17	0.499859124422	-0.165461502269	-0.98066461768	0.104495927655	-0.991677045822	-5.60109949112	0.603084087372
0	18	0.499995276332	-0.600022385628	-0.696811829651	0.392971259513	-3.40051174164	-4.04317522049	2.2008690834
1	18	0.499999895692	0.570703753538	0.680946840794	-0.458921154131	3.22967863083	3.9574406147	-2.59472417831
2	18	0.499996557832	-0.150724370651	-0.788373684642	0.596447061738	-0.860019683838	-4.53814697266	3.39176607132
3	18	0.499986261129	-0.187135136733	0.974194936874	-0.12619296957	-1.03915786743	5.57840442657	-0.779223442078
4	18	0.499916195869	0.172667573245	-0.81909991072	0.54704775423	0.947766184807	-4.69500255585	3.13125824928
5	18	0.499846369028	-0.0173365769065	0.89588618487	-0.443945252098	-0.173694297671	5.12131547928	-2.54744076729
6	18	0.499982148409	0.473462983794	-0.847487066356	0.239996823597	2.62597870827	-4.88167667389	1.43367338181
7	18	0.499984100461	0.108733449843	0.967352905348	-0.228922243129	0.519465684891	5.54936122894	-1.46165204048
8	18	0.499996539205	0.621959630419	0.135220264871	0.771285743481	3.51569700241	0.596885919571	4.53835535049
9	18	0.499995343387	-0.122745359949	0.46057767436	-0.87909145286	-0.742841482162	2.5641169548	-5.06959247589
10	18	0.499989148229	0.0543711809263	-0.542014627692	0.838608322194	0.306527286768	-3.06832504272	4.81817674637
11	18	0.499966975302	0.0315264807526	0.554855462659	-0.831349202543	0.0962888672948	3.17013978958	-4.76590108871
12	18	0.49998729676	0.337208824253	-0.662503898833	0.668863807421	1.95048558712	-3.78147220612	3.82896590233
13	18	0.499993056059	-0.676826019817	0.705905720531	-0.208814876434	-3.8080739975	4.09807109833	-1.23501253128
14	18	0.499953478575	0.176055550321	-0.980060025103	-0.0921237775862	1.09405207634	-5.61216020584	-0.43722319603
15	18	0.499418973923	-0.457603731605	0.832456159241	-0.31243490164	-2.57464647293	4.81961297989	-1.7211227417
16	18	0.49792085588	-0.140116644379	-0.903096843191	-0.405935238415	-0.732530713081	-5.20265674591	-2.28531646729
17	18	0.487963147461	0.280836708051	0.705370726833	0.650832452432	1.53345322609	4.03674697876	3.61209201813
18	18	0.49878308177	0.362874721465	-0.871968165646	-0.328623575875	2.03321528435	-4.99913883209	-1.88355970383
19	18	0.499860942364	-0.131081282773	0.982608652549	0.131521607514	-0.747368574142	5.61456823349	0.809904098511
20	18	0.499992877245	-0.0266915007007	-0.930664334412	-0.364899246976	-0.115053161979	-5.33776283264	-2.0691049099
21	18	0.499998614192	0.304696705851	0.804644792386	0.509614241882	1.66018271446	4.63648033142	2.91761064529
22	18	0.499996267259	0.192363883399	-0.694831872461	-0.692968112813	1.01990163326	-4.05646896362	-3.92400240898
23	18	0.499964393675	0.372222983952	0.763866494349	0.527217250314	2.05922842026	4.37593078613	3.07471179962
24	18	0.499578684568	-0.507701625447	-0.784498391195	-0.356091749036	-2.80433130264	-4.53912782669	-2.10349678993
25	18	0.488249883056	-0.313467323198	0.67760963435	0.665269434683	-1.68142175674	3.85307455063	3.76363229752
26	18	0.441006198525	-0.00816254873118	-0.996250908942	0.0861249048167	-0.0617032237351	-5.08376216888	0.410709619522
27	18	0.49174067378	-0.584611406713	0.686343962236	-0.432621622949	-3.24126815796	3.95555591583	-2.46741247177
28	18	0.499335899949	0.319711157645	-0.849138467613	0.420414840958	1.74475002289	-4.89996957779	2.39743185043
29	18	0.499958857894	0.435523029646	0.900151800006	-0.00681377977958	2.4233956337	5.19781398773	-0.124053478241
0	19	0.499998450279	0.238285142609	0.969942447513	-0.0493136829407	1.33840358257	5.55730056763	-0.35902261734
1	19	0.499998316169	-0.051294476895	-0.986864698134	0.15318924315	-0.296006351709	-5.64774608612	0.927395820618
2	19	0.499995134771	-0.404496340791	0.678159195746	-0.613581955008	-2.28297901154	3.96295380592	-3.45795154572
3	19	0.499897316098	0.436255362475	-0.899149856911	0.0347964585663	2.51810455322	-5.14487123489	0.294062137604
4	19	0.498133465648	-0.14807979104	0.636863272167	-0.75662246071	-0.93431442976	3.68514490128	-4.28344106674
5	19	0.499408185482	0.412068889789	-0.555736447805	0.722050019493	2.28528046608	-3.2431447506	4.1272559166
6	19	0.499342210591	-0.0981971528263	0.834660095105	-0.541940813019	-0.586484909058	4.74302339554	-3.13983631134
7	19	0.499957717955	0.0100198001501	-0.579855266614	0.814657887328	0.0622189864516	-3.39149618149	4.60695552826
8	19	0.499994464219	0.15746558586	0.628307581926	-0.76186230499	0.864188432693	3.57959747314	-4.40265703201
9	19	0.499998448417	-0.0415772482205	-0.166855999907	0.985104262363	-0.273374706507	-1.05540859699	5.62077569962
10	19	0.499998565763	0.254642437334	0.553734705152	-0.792802059419	1.3729403019	3.14389419556	-4.58611297607
11	19	0.499999754131	0.438612422246	-0.574928993461	0.69070673627	2.4374666214	-3.27783870697	4.02793979645
12	19	0.499999128282	-0.563460884216	0.563437592077	-0.604193604561	-3.1565515995	3.26304674149	-3.48302745819
13	19	0.499991863966	0.267247211503	-0.855361027672	0.443775213688	1.55628442764	-4.87786006927	2.55755853653
14	19	0.499811962247	-0.255928831151	0.715960611359	-0.649538941379	-1.45718884468	4.15659332275	-3.6556892395
15	19	0.497404672205	0.225248477227	-0.813603867563	0.536014804081	1.26812458038	-4.64642620087	3.04851388931
16	19	0.453317135572	0.24480633508	0.907224234217	-0.342073160528	1.23046576977	4.79268026352	-1.77820706367
17	19	0.382665097713	-0.752523972504	0.65696924611	-0.0458157229943	-3.4158039093	2.94375109673	-0.128292322159
18	19	0.473612695932	-0.372766375256	0.886391055119	0.274510704496	-2.02909469604	4.8508682251	1.53621459007
19	19	0.499313116074	-0.22727725106	-0.759208911292	-0.609874479024	-1.22340714931	-4.44104385376	-3.41671562195
20	19	0.499976709485	-0.203848142165	0.860034542909	0.467746213175	-1.08922982216	4.94416284561	2.66613078117
21	19	0.499998494983	-0.249081457376	-0.835205089303	-0.490296733003	-1.38561749458	-4.79261302948	-2.79809689522
22	19	0.499999210238	0.245096376822	0.788123563616	0.564614040334	1.36364030838	4.51003646851	3.24084830284
23	19	0.499921552837	-0.2906865129	-0.631981989842	-0.718401082775	-1.64614927769	-3.69231271744	-4.05519008636
24	19	0.499514505267	0.372935953529	0.896952844852	0.237474985373	2.10381579399	5.13852596283	1.40639829636
25	19	0.439365446568	-0.440692703716	-0.894489952244	0.0753502901484	-2.20885109901	-4.56319618225	0.364281177521
26	19	0.271646082401	-0.193721175652	-0.980995087386	-0.0109883860773	-0.585920095444	-3.19343805313	-0.0188853740692
27	19	0.446529433131	0.203390894887	-0.967644274137	-0.149320804331	1.01069831848	-5.01497745514	-0.720560312271
28	19	0.499002039433	0.0944524391007	0.913629501361	-0.395423660129	0.466517865658	5.2314491272	-2.25756955147
29	19	0.499961271882	0.191304593858	-0.907114863433	0.374893554103	1.00930643082	-5.21845960617	2.13400793076
0	20	0.499998688698	0.00776474685113	-0.919974205923	0.391901989206	0.0543227493763	-5.26662015915	2.23152947426
1	20	0.499988555908	-0.188608432244	0.976095605791	-0.108001053889	-1.06060707569	5.59021472931	-0.715280056
2	20	0.499882861972	0.603979151954	-0.700694478156	0.379784718343	3.41079497337	-4.06189203262	2.19891166687
3	20	0.498848259449	-0.91771389822	0.397233689118	0.00256850998128	-5.23810386658	2.40193295479	-0.0210692882538
4	20	0.449279874563	0.973206869643	-0.15640041395	0.168544651044	5.07905340195	-0.816568017006	0.891212463379
5	20	0.452546861023	-0.0525355502266	0.516618947269	-0.854602176036	-0.252357542515	2.71916532516	-4.46773433685
6	20	0.497292816639	-0.103664415815	-0.54231312479	0.833756657289	-0.546615183353	-3.14193034172	4.73293352127
7	20	0.499696955085	-0.256523412858	0.785854337766	-0.562697697232	-1.37991607189	4.52020645142	-3.2380695343
8	20	0.499943912029	-0.502855894585	-0.83808213642	0.211552078447	-2.80865311623	-4.82820701599	1.33041572571
9	20	0.499998085201	0.46557260588	0.449718349216	-0.762230644249	2.60304927826	2.62379264832	-4.38657045364
10	20	0.499999765307	-0.0372165706959	-0.268067212199	0.962681098085	-0.238913610578	-1.57708835602	5.49867534637
11	20	0.499999501742	0.0315745399139	-0.127779708495	-0.991299850966	0.138711899519	-0.585447490215	-5.7076086998
12	20	0.499999832362	0.069567019679	-0.610736729862	0.788771878664	0.431021690369	-3.46832299232	4.54699230194
13	20	0.499996989965	0.0679343245379	0.897918460755	-0.434887761825	0.316725224257	5.11873531342	-2.54317808151
14	20	0.499893933535	0.116762896862	-0.844263595763	0.523053923402	0.64806163311	-4.82109069824	3.00106668472
15	20	0.495352640748	0.126363640198	0.698202172299	-0.704660171312	0.724096059799	4.01862382889	-3.97505497932
16	20	0.428664125502	-0.839919240066	0.276851349944	0.466785818337	-4.19775485992	1.3382588625	2.36909294128
17	20	0.355547849089	-0.565064837844	-0.260448840309	0.782858946819	-2.42565703392	-1.01449894905	3.25378060341
18	20	0.470557279885	0.617592968116	-0.575022735017	0.53658902332	3.29900312424	-3.19383502007	2.93488645554
19	20	0.498257502913	0.197242232793	0.956357372142	-0.2155831124	1.08301985264	5.49075841904	-1.19122576714
20	20	0.499954760075	0.0988436783013	-0.975042904137	-0.1987995532	0.503033161163	-5.62020683289	-1.08818864822
21	20	0.499996781349	0.0508916659659	0.966140219294	0.252948838696	0.342111885548	5.53788232803	1.44467878342
22	20	0.499996200204	-0.0071375389044	-0.854443313983	-0.519495600297	-0.102621197701	-4.93496513367	-2.92715811729
23	20	0.499979048967	-0.163652123787	0.920995736138	0.353531945368	-0.885754644871	5.26403617859	2.05509138107
24	20	0.499171301723	0.304453414566	-0.841098222593	-0.447059166454	1.67808198929	-4.87957143784	-2.49521946907
25	20	0.490423291922	-0.416312618724	0.872617917268	0.25538553983	-2.28714537621	4.97084712982	1.43514895439
26	20	0.446653604507	-0.281044369008	-0.9475002497	0.152503571981	-1.41922807693	-4.89496135712	0.788920402527
27	20	0.492525950074	0.202112357532	0.674343739585	-0.71021906185	1.10315954685	3.85231494904	-4.01622533798
28	20	0.499411813915	0.211483013363	-0.762861323118	0.610997165909	1.148635149	-4.35720157623	3.52117681503
29	20	0.499968163669	-0.114126643791	0.773948701909	-0.622879214608	-0.670649111271	4.43599033356	-3.54908132553
0	21	0.499997213483	-0.10471576448	0.874662839149	-0.473285882401	-0.586085557938	4.98189496994	-2.7597360611
1	21	0.499979823828	-0.216535673446	-0.501065576649	0.837881608595	-1.2267998457	-2.97441601753	4.74756336212
2	21	0.499588981271	0.461599627813	0.555656831705	-0.691499290659	2.60423827171	3.26858282089	-3.93687820435
3	21	0.49731311202	-0.735972904883	-0.674268703689	-0.0608736273221	-4.1925868988	-3.94681406021	-0.268301963806
4	21	0.368538841605	0.769058962557	0.6242512483	0.137326949677	3.3307621479	2.65864658356	0.592275857925
5	21	0.352409332991	0.594441753189	0.707872635908	-0.381517146924	2.4479470253	2.97797107697	-1.5132021904
6	21	0.475428119302	-0.248852637835	0.510920344747	-0.822820008244	-1.36925375462	2.87988615036	-4.47478628159
7	21	0.498904675245	0.123018538272	-0.958062201891	0.258811237292	0.658238530159	-5.46515274048	1.55610346794
8	21	0.499942570925	0.0605618393633	0.973418220878	-0.220882844231	0.345740050077	5.55827140808	-1.30242013931
9	21	0.499997749925	0.0140424876276	-0.816287335857	0.577475362124	0.053713530302	-4.66282892227	3.32017707825
10	21	0.499999813735	-0.169744959763	0.682541525016	-0.710861248953	-0.919821202755	3.85718727112	-4.1349363327
11	21	0.499999342486	0.0560764438829	-0.297908694309	0.952945875848	0.330956578255	-1.67974972725	5.46001625061
12	21	0.49999714084	-0.223189075055	0.133613057846	-0.965574537542	-1.26582407951	0.851996898651	-5.51976394653
13	21	0.499988257885	0.356650510728	-0.716987876436	0.598939728388	1.98295259476	-4.09861087799	3.47960662842
14	21	0.499876379967	-0.0552186042137	0.883275194701	-0.465591920221	-0.369420200586	5.06822347641	-2.64279532433
15	21	0.498227462173	-0.184225602776	-0.982343704462	-0.0325848674201	-1.00105714798	-5.63276910782	-0.107210636139
16	21	0.486389905214	0.346907032035	0.896915884952	-0.274221455116	1.92952775955	5.06908798218	-1.51825499535
17	21	0.470522433519	-0.344415682999	-0.889171030365	0.301251914623	-1.85854160786	-4.85101032257	1.68585085869
18	21	0.496814638376	-0.623149956912	0.617547791587	-0.479915467876	-3.45611953735	3.62694263458	-2.77255058289
19	21	0.499696105719	-0.317818446641	-0.907953496459	0.273151758628	-1.75224041939	-5.21102380753	1.67300987244
20	21	0.499968104064	0.576702534135	0.293570648936	-0.762384719945	3.30199623108	1.85403776169	-4.33550834656
21	21	0.499998599291	-0.717968242529	-0.578413326221	0.387246209498	-4.09860897064	-3.35420799255	2.19506597519
22	21	0.499997124076	0.777018735808	0.547612641489	-0.310422742539	4.43015050888	3.234395504	-1.73100113869
23	21	0.499991416931	-0.0379672988981	-0.970186176928	-0.239368473931	-0.298249363899	-5.585521698	-1.29230308533
24	21	0.499945789576	0.206392829869	0.840054270253	-0.501707905866	1.20332562923	4.88670969009	-2.78797721863
25	21	0.499783143401	-0.264769016129	-0.963989694578	-0.0249246232667	-1.46917498112	-5.55580949783	-0.0299594402313
26	21	0.49909132719	-0.145171218796	0.862645659465	-0.484528413449	-0.754123568535	4.94419193268	-2.79665350914
27	21	0.499068625271	0.0962052465154	-0.591422283413	0.800602418948	0.498673379421	-3.37241315842	4.59029531479
28	21	0.499858787283	0.0105902262806	0.366997298722	-0.930161722411	0.0224028881639	2.1521062851	-5.30106830597
29	21	0.499989461154	0.376863383427	-0.463722488699	0.801832553409	2.08665966988	-2.74101066589	4.57926750183
0	22	0.49999204278	0.0412267949887	-0.879260110254	0.474554538374	0.220229431987	-5.0078496933	2.75426769257
1	22	0.499918729067	0.364837540842	0.688727313273	-0.626536716198	2.01829981804	3.97180223465	-3.5985212326
2	22	0.499261513352	-0.364321881937	-0.849329646031	0.381979997793	-2.09829974174	-4.82119655609	2.22973942757
3	22	0.488525435328	0.53337758351	0.721617798995	-0.441334459999	2.99720239639	4.0518283844	-2.50971651077
4	22	0.434660159051	0.49951728202	-0.162172409446	0.850989185935	2.48698735237	-0.824936807156	4.34952402115
5	22	0.443746503443	-0.459247422821	0.309030510206	0.832821678629	-2.36669158936	1.66451787949	4.30068778992
6	22	0.496247887611	0.491528065383	-0.86059190096	-0.133348194372	2.78197240829	-4.99224948883	-0.677450180054
7	22	0.498208045959	0.684205062401	0.577540668245	-0.445320344368	3.77781677246	3.49243879318	-2.58835983276
8	22	0.499867245555	0.192569246376	-0.946114132137	0.260355784112	1.01350355148	-5.42241001129	1.54349422455
9	22	0.499995261431	-0.0144044748436	0.78667528675	-0.617198917952	-0.0815431624651	4.50793504715	-3.52903056145
10	22	0.499997923151	-0.204635577789	-0.250585553494	0.946219404093	-1.10891222954	-1.51525747776	5.41557121277
11	22	0.499993482605	-0.013960267475	-0.0137615907795	-0.999807846314	-0.0830703824759	-0.0342978015542	-5.71886920929
12	22	0.499970415607	0.173203592714	-0.172104377969	0.969732230337	0.969087362289	-0.990387260914	5.54594135284
13	22	0.499874528497	-0.0556755251755	0.38890806918	-0.919592708553	-0.420061588287	2.2800450325	-5.24928283691
14	22	0.499462842941	0.716883777798	-0.688474643763	0.109910481876	4.06219148636	-3.99281287193	0.696298599243
15	22	0.49811950326	-0.575201682467	0.760085373387	0.302346241336	-3.26328277588	4.40031814575	1.69882082939
16	22	0.417525209486	0.792479115163	-0.44392607509	-0.41821823476	3.83261919022	-2.22203159332	-2.05123138428
17	22	0.422274813056	0.847504917705	-0.0535229545737	-0.528082103276	4.18416976929	-0.236561596394	-2.64029669762
18	22	0.495187036693	-0.111401768988	-0.840711574354	0.529899702409	-0.593805611134	-4.77604389191	3.05891346931
19	22	0.499436601996	-0.404369668346	0.384952073527	-0.829636711102	-2.2018289566	2.36150503159	-4.75145673752
20	22	0.499992676079	-0.309602629677	-0.644099587566	0.69948690695	-1.78329586983	-3.67520046234	4.02056312561
21	22	0.499997228384	0.781759068128	0.613471156174	-0.111829781105	4.45487880707	3.52865600586	-0.770958900452
22	22	0.499978035688	-0.845774748045	-0.299596924758	0.441482455194	-4.81432819366	-1.85332679749	2.52217340469
23	22	0.499859035015	0.434778851719	0.900416472067	-0.014748794114	2.5499830246	5.14641141891	-0.188660860062
24	22	0.499700173736	-0.799824001553	-0.215333879374	0.560279293687	-4.52557945251	-1.39939188957	3.26724767685
25	22	0.498429879546	0.268433123081	0.39742758834	-0.877493572888	1.62539827824	2.33394646645	-4.97700357437
26	22	0.499285373837	-0.326229732157	-0.448796634086	0.831958979211	-1.83587646484	-2.57416081429	4.76272010803
27	22	0.499876132235	0.370082279974	0.0715394518781	-0.926240364524	2.0741891861	0.461250185966	-5.3203663826
28	22	0.499978592619	-0.071871704099	-0.300269296172	0.95114289564	-0.422877162695	-1.76441967487	5.42850160599
29	22	0.499997921288	-0.0242676330158	0.845446218679	-0.533508925239	-0.167264029384	4.79148960114	-3.13952922821
0	23	0.499988183379	-0.111140340725	0.694055040838	-0.711291378375	-0.647263586521	3.96822357178	-4.06523942947
1	23	0.499752283096	0.32233076166	-0.628727746136	0.707675279578	1.73907756805	-3.64289855957	4.06506061554
2	23	0.493722379208	0.341132614335	0.824123190678	-0.452160929341	1.92001926899	4.6546254158	-2.6401154995
3	23	0.446045218036	-0.316646378998	0.143004661507	0.937701838249	-1.69716715813	0.669316530228	4.85298776627
4	23	0.40527420491	-0.633535750669	-0.532107871135	-0.561688228558	-3.09646701813	-2.48014259338	-2.59481573105
5	23	0.364418357611	-0.707887476346	0.268578624102	-0.653269349891	-3.0482904911	1.14614546299	-2.81695652008
6	23	0.438786692917	-0.488856361978	0.650140725841	-0.58166699576	-2.51963043213	3.32076644897	-2.95603370667
7	23	0.498018205166	0.356274082702	-0.623402668384	0.696015726149	1.97778367996	-3.59732532501	4.00505542755
8	23	0.499704062939	0.0165561472496	0.934374549326	-0.355907425549	0.0443896278739	5.33176708221	-2.05526304245
9	23	0.499984920025	0.0452936912306	-0.918255262052	0.393390080261	0.264804780483	-5.22522544861	2.31468963623
10	23	0.499994594604	-0.0568624230962	0.576256440461	-0.815288402755	-0.308269888163	3.31383705139	-4.67494010925
11	23	0.499964809977	0.0496456393004	0.20326680073	0.977863956908	0.295812934637	1.03990614414	5.62731552124
12	23	0.499554982409	-0.0277668521484	0.20392728699	-0.978592184489	-0.172351330519	1.13659763336	-5.60268259048
13	23	0.498301997781	0.465351130701	-0.360831133099	0.808238342658	2.6625392437	-2.06399869919	4.62224960327
14	23	0.498337566853	-0.736846250749	0.638633425896	-0.2218218882	-4.17851924896	3.6830329895	-1.28749394417
15	23	0.478275701404	0.129537173735	-0.900295318441	-0.415558010648	0.786053717136	-4.99620723724	-2.24725055695
16	23	0.35328245908	0.299498655495	-0.844855224304	-0.443305995136	1.29614198208	-3.51602840424	-1.90453910828
17	23	0.392729604617	0.341302622807	-0.246158271339	-0.907148623499	1.60113167763	-1.2085981369	-4.16596603394
18	23	0.490645870566	0.364445258919	0.871240015005	-0.328816802347	1.99804139137	4.94384098053	-1.87313961983
19	23	0.499790966511	0.0489801574104	-0.868453794288	0.493344657787	0.232431069016	-4.96134185791	2.85580587387
20	23	0.499990992248	0.204590111522	0.51122215724	-0.834742350797	1.16656970978	3.02050018311	-4.72752809525
21	23	0.499997116625	-0.318039685251	-0.594259479908	0.738719452258	-1.81417441368	-3.45568704605	4.19486713409
22	23	0.499882377684	-0.0504717422496	0.758062890909	-0.650225542916	-0.198553770781	4.32270050049	-3.76316356659
23	23	0.499659880996	-0.368647676241	-0.578934519148	0.727278291537	-2.03288507462	-3.38386249542	4.16082382202
24	23	0.484190225601	-0.0856984104294	0.706886241265	-0.702116531895	-0.371279835701	3.95654797554	-3.955078125
25	23	0.450976207852	-0.932259954816	-0.267361579526	0.243739948387	-4.84647274017	-1.43545198441	1.34623908997
26	23	0.492538217455	0.262381357607	0.42344451913	-0.867093283562	1.53465175629	2.35518479347	-4.93083000183
27	23	0.499001771212	-0.32320696938	0.423065737063	0.846494321935	-1.85629284382	2.25708341599	4.94094896317
28	23	0.499951522797	0.133585204637	0.522354127818	-0.842200188942	0.747470736504	2.93290805817	-4.86418628693
29	23	0.499994244426	0.210868527765	-0.475584081809	0.854022391468	1.14215660095	-2.76086449623	4.88320970535
0	24	0.499890349805	0.125551819629	-0.730001295992	0.671814593796	0.695019960403	-4.1216545105	3.91318893433
1	24	0.499680161476	-0.0909258211405	0.56787731374	-0.818075700403	-0.522813916206	3.24673938751	-4.67792081833
2	24	0.475218255073	-0.256467104876	-0.280976535873	0.924811770257	-1.39626300335	-1.57596039772	5.07875299454
3	24	0.367470629513	-0.597774633784	0.672465685341	0.436411949015	-2.64803099632	2.90340232849	1.83217895031
4	24	0.409749686718	-0.812894477152	0.58195827281	0.0229594800372	-3.93687272072	2.79053926468	0.0812680721283
5	24	0.375718250871	-0.0989264630542	0.684443657067	-0.722322943848	-0.50432240963	3.09274673462	-3.19106698036
6	24	0.398422829807	-0.084316118068	0.917902731773	-0.387743945456	-0.43635097146	4.31216621399	-1.84223568439
7	24	0.484236966819	-0.265411507549	-0.350256675422	-0.898263320515	-1.5807659626	-1.85001707077	-5.09916591644
8	24	0.498245984316	0.132423243371	-0.966587378376	0.219483312759	0.814633965492	-5.51417636871	1.35095095634
9	24	0.499970398843	-0.200961292438	0.706340954812	-0.678746649713	-1.13226830959	4.14073228836	-3.79155778885
10	24	0.499588057399	-0.00577406662386	-0.979025689045	0.203655003237	-0.0296285469085	-5.58224916458	1.34961175919
11	24	0.498640850186	-0.292081298932	0.33710266734	-0.89501413759	-1.55345344543	1.94834053516	-5.18971538544
12	24	0.492650823668	-0.388754365987	0.0848997726285	0.917421425264	-2.13000226021	0.447513967752	5.25677394867
13	24	0.449771083891	-0.844191011626	-0.226686743773	-0.485751640334	-4.38526010513	-1.11691689491	-2.6054418087
14	24	0.496452748775	0.606994018255	-0.657320640774	0.446640612814	3.47136306763	-3.78413558006	2.51631259918
15	24	0.49808549881	-0.205077595014	0.969856616633	0.131610498051	-1.21812868118	5.54133558273	0.699063777924
16	24	0.479687273502	-0.0626443139244	-0.94861783931	0.310161062798	-0.273567080498	-5.2811460495	1.67478990555
17	24	0.489295810461	-0.205073673654	0.84775105174	-0.4891451141	-1.16879534721	4.79805898666	-2.7348151207
18	24	0.499396756291	0.0262087968988	-0.924300096998	0.3807655836	0.14111584425	-5.28837156296	2.17487215996
19	24	0.499927133322	0.398600550672	0.90876330764	-0.123559102017	2.18818044662	5.2353811264	-0.761942148209
20	24	0.499995410442	-0.00342813937466	-0.992074609849	0.125603409	-0.0691789314151	-5.67503595352	0.785958051682
21	24	0.499994978309	0.0547494304777	0.92439831124	-0.377478823299	0.305507302284	5.26924419403	-2.2273683548
22	24	0.499958045781	0.33985477899	-0.536274103898	0.772598741059	1.90327072144	-3.12693548203	4.40022754669
23	24	0.49384149909	-0.50247719316	0.428960414868	-0.750672786792	-2.7644546032	2.49315571785	-4.30429840088
24	24	0.433999106288	-0.927368336362	-0.354925406995	0.11838886849	-4.67674303055	-1.83544886112	0.692978382111
25	24	0.313041605055	-0.615445687288	-0.476565768377	0.627783142821	-2.30884504318	-1.74173307419	2.34858512878
26	24	0.450118146837	-0.820168664164	-0.172739776491	0.545421242657	-4.2254242897	-0.927127480507	2.88865756989
27	24	0.497701760381	0.216453102819	0.355529487878	-0.90925620016	1.24880707264	1.97514331341	-5.21202611923
28	24	0.499840233475	0.0181509542759	-0.521121239703	0.853289632182	0.0710394084454	-2.90908074379	4.93564271927
29	24	0.499921672046	0.22726036203	0.262072945122	-0.937907511051	1.23848867416	1.55331397057	-5.36917638779
0	25	0.499066101387	-0.092728494005	0.246677026239	-0.964651165513	-0.529557704926	1.46398341656	-5.50630474091
1	25	0.499034140259	0.223806520829	-0.542736063263	0.809535797151	1.28575789928	-3.0584936142	4.65010404587
2	25	0.464972123504	-0.292642381856	0.455135483514	-0.840959052504	-1.58948945999	2.42554283142	-4.52689599991
3	25	0.353437924758	-0.4512614828	0.26209798813	-0.853034418274	-1.95577669144	1.09033668041	-3.53415346146
4	25	0.415845137089	-0.243936048992	-0.624482424037	-0.741968264868	-1.25400447845	-2.96356153488	-3.64692831039
5	25	0.342573255301	-0.849121060601	0.467880266201	-0.245115240129	-3.44408082962	1.86257135868	-1.02458930016
6	25	0.421829760075	-0.959773189599	-0.00861732608327	0.280644198617	-4.71289825439	0.0182541143149	1.31061303616
7	25	0.492437541485	0.7439021915	-0.636697130984	-0.203042588828	4.2427148819	-3.62184405327	-1.07851696014
8	25	0.499722868204	-0.689667943565	0.717590352522	-0.0970680873746	-3.88205552101	4.16831588745	-0.53892493248
9	25	0.499825850129	0.228139817392	-0.971393077362	-0.0659371896148	1.30641698837	-5.58842372894	-0.257229328156
10	25	0.499166112393	0.450137895696	0.385702636187	-0.805362869331	2.60184955597	2.3900372982	-4.57552480698
11	25	0.492778629065	-0.953217375248	0.00849929660022	0.302166175279	-5.43874406815	-0.00168307952117	1.80953145027
12	25	0.440005999058	0.0164710682581	-0.100553798852	-0.994795274138	0.0322422161698	-0.542464137077	-5.07976293564
13	25	0.305223930627	-0.728190607264	0.108668038057	-0.676705029534	-2.60812735558	0.403667211533	-2.48594212532
14	25	0.450942575932	-0.226092590515	0.698226739373	-0.679236012693	-1.27462482452	3.63598155975	-3.53910970688
15	25	0.498860642314	0.559145347037	-0.825304885622	0.0789197481996	3.21569347382	-4.71022891998	0.460684299469
16	25	0.4990375489	-0.688134444127	0.72424794996	-0.043998792977	-3.90196943283	4.16638660431	-0.274129152298
17	25	0.49974887073	0.59670248216	-0.777584589329	0.198263345634	3.44253826141	-4.43330144882	1.17333865166
18	25	0.499877542257	-0.479062687487	0.796212105107	-0.369520263502	-2.70523118973	4.58273649216	-2.10861778259
19	25	0.499930858612	-0.105143497425	-0.974742940657	0.197030567651	-0.539892315865	-5.58947658539	1.14994525909
20	25	0.499923601747	0.129663102778	0.991262299372	-0.0242184562417	0.711050152779	5.67486095428	-0.211925029755
21	25	0.499991580844	-0.0775562126596	-0.732681416617	0.676138281435	-0.407412528992	-4.23714160919	3.83068871498
22	25	0.499919109046	-0.192202779972	0.717943403163	-0.669040627485	-1.1485748291	4.07282924652	-3.85559177399
23	25	0.4989881441	0.468304082438	-0.458713861232	0.755164141022	2.68227434158	-2.63774490356	4.30172920227
24	25	0.491418845952	-0.165436043941	0.383283211974	-0.908694060058	-0.993665277958	2.1855340004	-5.14044141769
25	25	0.442035197746	-0.0176974983342	0.00587882735317	0.999826103851	-0.135775238276	-0.0154289994389	5.1307849884
26	25	0.463127091527	0.826026734918	0.432893855523	0.360947008647	4.51522827148	2.38994932175	1.87516570091
27	25	0.497813741677	-0.0484483557651	-0.025089862637	0.998510518531	-0.347144067287	-0.173669397831	5.71797037125
28	25	0.49985293299	-0.158613434497	-0.491679677095	-0.856208428789	-0.802700519562	-2.7236058712	-5.02428674698
29	25	0.499222235754	-0.222142056914	-0.0573232868814	0.973327769732	-1.27660679817	-0.334101885557	5.57715272903
0	26	0.439449008554	0.198618873975	-0.535664280785	0.820740105753	1.02419483662	-2.65931987762	4.20591402054
1	26	0.497736591846	-0.453148052822	0.181141859833	-0.872837023069	-2.58585810661	1.02331709862	-5.00386714935
2	26	0.49733505398	0.541567937477	0.348314386805	0.765102121969	3.05825257301	1.9402359724	4.42226409912
3	26	0.472979135811	-0.405747006517	-0.349922357362	-0.844348097955	-2.23360586166	-1.90476965904	-4.59904193878
4	26	0.490127280354	0.890535723948	0.0353275324262	0.453539512969	5.04669046402	0.201905652881	2.54959654808
5	26	0.463785216212	-0.989547912809	0.112775590865	0.0898698745985	-5.29667139053	0.614722251892	0.449932575226
6	26	0.490408018231	0.779678683638	-0.61609607241	0.111923097892	4.39400148392	-3.4758234024	0.624619722366
7	26	0.498340710998	-0.656326432675	0.754388454904	0.0115616988349	-3.72784137726	4.31474161148	0.0523161888123
8	26	0.499767795205	0.421985854586	-0.905981656594	0.033543649833	2.4188015461	-5.17721176147	0.19722533226
9	26	0.499920591712	-0.164540903175	0.982801677816	-0.0838281173898	-0.973756551743	5.61676836014	-0.440070390701
10	26	0.498619414866	0.0220190552707	-0.814652470221	-0.57953128817	0.151161208749	-4.76823139191	-3.28816962242
11	26	0.488309249282	0.20030505651	-0.443299787323	0.873706577116	1.10073924065	-2.45984888077	5.047352314
12	26	0.471577316523	0.737159518037	-0.667499060509	0.105075445216	4.0622420311	-3.65719079971	0.524276971817
13	26	0.439217820764	-0.879099951372	-0.156080954213	-0.450357648131	-4.45118904114	-0.785713195801	-2.32940173149
14	26	0.48469184339	0.834739423476	-0.108379729037	-0.539873993844	4.73251914978	-0.620468020439	-2.94894123077
15	26	0.499727725983	-0.954082490528	0.295819210695	0.0470913564469	-5.44584369659	1.73599529266	0.295247554779
16	26	0.49989567697	0.816486050749	-0.57461754606	-0.0562601518924	4.75099134445	-3.20884561539	-0.280361890793
17	26	0.499923914671	-0.919748295408	-0.274130716938	-0.280918890653	-5.34899234772	-1.39288496971	-1.61660504341
18	26	0.499210879207	0.62593956471	-0.639158538069	0.446851233123	3.63117599487	-3.61645698547	2.54754757881
19	26	0.499044775963	-0.590503283883	0.676628541759	-0.439863260798	-3.36268258095	3.91869163513	-2.48735189438
20	26	0.499154388905	0.141531272265	-0.98197151028	0.125303040542	0.815078735352	-5.60853624344	0.797761917114
21	26	0.499801665545	-0.187289125469	0.658557364082	-0.728851824238	-1.10082697868	3.79001784325	-4.15116643906
22	26	0.499660216272	0.689636800695	-0.287138432868	0.664795159051	3.91481590271	-1.71557617188	3.81388807297
23	26	0.499115437269	-0.88871747039	0.406496933732	-0.211994105318	-5.05878162384	2.31588077545	-1.32921171188
24	26	0.496079444885	0.724069217118	-0.380544555167	0.575247434027	4.13365030289	-2.15312194824	3.28737735748
25	26	0.473243586719	-0.785471823949	0.0908693716474	-0.612190142912	-4.2869348526	0.504875063896	-3.38596701622
26	26	0.488946195692	0.30340266167	-0.294785296889	0.906117240555	1.67083835602	-1.68878102303	5.14768505096
27	26	0.499125203118	0.296126007288	0.238551339204	-0.92487980104	1.73475170135	1.38664674759	-5.28638219833
28	26	0.495688647032	-0.994344386176	0.00665540175273	0.105995034356	-5.68286323547	0.0579667836428	0.760272264481
29	26	0.459843426943	0.921522063992	0.190250888	-0.338528706597	4.91313886642	0.992510855198	-1.82349348068
0	27	0.305259918328	0.0755839199347	-0.0945213523193	0.99264937667	0.301688462496	-0.38426604867	3.58325505257
1	27	0.462110321969	0.332162835351	0.146498467111	0.931775750889	1.72435033321	0.730645060539	5.00433063507
2	27	0.499192196876	-0.00769136912598	-0.430214877391	-0.902693747687	-0.136559084058	-2.41624951363	-5.18380308151
3	27	0.499805696309	0.43416176032	0.444195648926	0.783705168639	2.5363676548	2.49804544449	4.49302387238
4	27	0.498815670609	-0.928712267758	-0.0967869325844	-0.357946662782	-5.3071308136	-0.530755996704	-2.06320595741
5	27	0.499595910311	0.904754619219	-0.373776834878	-0.204230156221	5.22997808456	-2.11157941818	-1.05609846115
6	27	0.49902652204	-0.734588775219	0.665665269295	-0.131411873803	-4.21988677979	3.78040790558	-0.762881994247
7	27	0.499668255448	0.435374893167	-0.883901024281	0.170785484381	2.52555894852	-5.0385556221	0.99326634407
8	27	0.499951779842	-0.211792929133	0.976771773292	-0.0325677458507	-1.26836359501	5.57582855225	-0.249230861664
9	27	0.499978423119	0.400757631152	-0.879558646204	0.256456446519	2.32666778564	-5.02051877975	1.4758477211
10	27	0.499856814742	-0.818849511716	0.404362654087	-0.407401915977	-4.71765041351	2.40774297714	-2.24732542038
11	27	0.499120056629	0.958573230775	0.00216318799574	-0.284837992303	5.53136920929	-7.93736580817e-06	-1.5826048851
12	27	0.499630302191	-0.96332648811	0.231658653283	-0.135411763394	-5.51596736908	1.31269073486	-0.795818328857
13	27	0.498816087842	0.811020101647	0.248605485253	0.529567472024	4.68315792084	1.36826372147	2.98609852791
14	27	0.499859422445	-0.997735101349	-0.028972815347	-0.0607062064939	-5.71509313583	-0.163662195206	-0.357549667358
15	27	0.499897435308	0.957794412993	-0.264041356998	-0.113631088322	5.50552129745	-1.45133090019	-0.591987609863
16	27	0.499981120229	-0.884112541888	-0.427290621927	-0.189123604264	-5.15619421005	-2.30304574966	-1.05061244965
17	27	0.499571874738	0.995273468238	-0.0642110926654	0.0728536821379	5.68733930588	-0.346942007542	0.436876535416
18	27	0.496717646718	-0.91079227722	0.273321525067	-0.309439447536	-5.21781301498	1.54668474197	-1.7471241951
19	27	0.453762039542	0.994795977191	-0.099480808811	0.0220120976684	5.24054670334	-0.54976695776	0.149329423904
20	27	0.480090931058	0.0741910226159	0.878865449754	-0.471265544457	0.352750062943	4.88586854935	-2.63605284691
21	27	0.498750075698	0.344224912803	-0.541318061119	0.767127086024	1.94081568718	-3.14978528023	4.369535923
22	27	0.497369118035	-0.605659698743	0.279494837962	-0.745022794867	-3.48049545288	1.59377121925	-4.23049736023
23	27	0.494513109326	0.877499180174	-0.106455806095	0.467613462319	5.01550769806	-0.650451958179	2.64248394966
24	27	0.435869112611	-0.89465315934	-0.138950079241	-0.424604050807	-4.547062397	-0.680836200714	-2.15689349174
25	27	0.347070246935	-0.924129892177	-0.34021773145	-0.173884552484	-3.81246709824	-1.42127764225	-0.714875936508
26	27	0.42217194289	-0.691970160421	-0.560289146082	-0.455250886732	-3.45836925507	-2.74824595451	-2.29149913788
27	27	0.490857079625	-0.578413952148	-0.7239952935	0.375856508459	-3.3173494339	-4.03662204742	2.23445081711
28	27	0.488048478961	0.6803035899	-0.210885076582	-0.701936257821	3.87687158585	-1.06095635891	-3.95352053642
29	27	0.391943965107	0.596148093369	0.0708248719904	0.799744514379	2.69119215012	0.300881028175	3.67822027206
0	28	0.476110875607	-0.458288052405	-0.872702881578	0.168409446017	-2.50942158699	-4.7855796814	1.0376458168
1	28	0.499056890607	0.386518684101	0.585738134063	-0.712400270315	2.15240168571	3.35876321793	-4.14064788818
2	28	0.499788196757	0.14506330897	-0.0396634720591	0.9886270507	0.823385834694	-0.257593393326	5.67405223846
3	28	0.499978736043	-0.827166138421	0.0343907012633	-0.560904144321	-4.69625759125	0.185513988137	-3.28307461739
4	28	0.499966919422	0.901913426958	-0.0664625510783	0.42677265561	5.13730812073	-0.360039621592	2.48291015625
5	28	0.499980151653	-0.781021397777	-0.0442257794552	-0.622936318291	-4.5199303627	-0.213297277689	-3.51369094849
6	28	0.49996817112	0.861480282871	-0.153324473125	0.484090206641	4.91077804565	-0.919013500214	2.80740189552
7	28	0.499973729253	-0.486294881747	0.566980948104	-0.66486832717	-2.80894470215	3.24339938164	-3.80276560783
8	28	0.499994583428	0.317451891285	-0.75862033627	0.568963515629	1.85187315941	-4.32636070251	3.26696681976
9	28	0.499994903803	-0.690015055035	0.488633321809	-0.533963201581	-3.90863585472	2.85535764694	-3.06707954407
10	28	0.499990239739	0.812655681418	-0.545341472595	0.205410373953	4.66163444519	-3.08605456352	1.28691577911
11	28	0.499924391508	-0.906591904473	-0.115116511423	-0.406004073307	-5.21308040619	-0.558814167976	-2.33451294899
12	28	0.499945417047	0.83675430224	-0.217174909283	0.502670166671	4.80024051666	-1.18654334545	2.88532924652
13	28	0.499902375042	-0.844884244938	-0.103894468474	-0.524763329584	-4.82364463806	-0.59766972065	-3.01294755936
14	28	0.499986872077	0.88012322698	0.199767225628	0.430669433436	5.05150413513	1.1170630455	2.44359493256
15	28	0.499997586012	-0.94304049961	0.176089940263	-0.282253341936	-5.40992450714	0.953688144684	-1.61055970192
16	28	0.499973937869	0.992148554739	-0.0741649261587	0.100701584185	5.67466545105	-0.429565876722	0.592749118805
17	28	0.49925135076	-0.9438628592	0.241327310711	0.225574892503	-5.43191385269	1.35719406605	1.21537709236
18	28	0.44951979816	0.85527961091	0.482698464998	-0.188411727473	4.50031232834	2.4790084362	-0.939939260483
19	28	0.336124271154	0.85226664425	0.479546955047	0.208988719801	3.34557580948	1.94345283508	0.882053136826
20	28	0.427125371993	0.660414712964	0.369908473591	0.653467771253	3.27658033371	1.88891172409	3.26686763763
21	28	0.450391501188	0.17026903554	0.951603152481	-0.255851315661	0.883330225945	5.01615047455	-1.37944555283
22	28	0.435300529003	0.917963933255	-0.146639475576	0.368563537868	4.67771100998	-0.665625810623	1.88668310642
23	28	0.452427413315	-0.0385852660485	0.442574455015	0.895901238425	-0.211022913456	2.37572050095	4.7259516716
24	28	0.446509331465	-0.71908936803	-0.0625275723163	-0.692098824943	-3.778860569	-0.329543054104	-3.60614895821
25	28	0.416323930025	-0.717573698695	-0.455122655227	0.527210921397	-3.57693314552	-2.2100687027	2.55014371872
26	28	0.432348072529	-0.915831347662	0.260427722516	-0.305663776042	-4.67460680008	1.28578329086	-1.49298977852
27	28	0.497636705637	0.884973906886	0.305387680976	-0.351510381695	5.03286933899	1.83791732788	-2.02255821228
28	28	0.499400436878	-0.437344855974	-0.83564054963	0.332316639316	-2.53388595581	-4.7619342804	1.97521519661
29	28	0.491978496313	-0.385274921501	0.887849949646	-0.251566495736	-2.10315108299	5.08439493179	-1.43063831329
0	29	0.498687028885	0.698115517321	0.565742600363	-0.438828023957	3.90044045448	3.35884594917	-2.51092147827
1	29	0.499673396349	0.0659279235772	-0.749891412604	0.658267710127	0.256952732801	-4.27103614807	3.80666351318
2	29	0.499968849123	0.194121929186	0.355252733066	-0.914391695204	1.00694382191	2.08034396172	-5.25096130371
3	29	0.499998107553	0.692714585484	-0.269623100285	0.668916950637	3.91614174843	-1.53768754005	3.89525485039
4	29	0.499996088445	-0.655430887623	0.0425120429044	-0.754057741661	-3.79387307167	0.273556500673	-4.27553749084
5	29	0.499999172986	0.784130674896	0.171715399426	0.596366419484	4.46588659286	0.935286879539	3.44788980484
6	29	0.499994024634	-0.6000283672	-0.066541250864	-0.797206510566	-3.46009612083	-0.357248485088	-4.54272031784
7	29	0.499996595085	0.357700807899	-0.023113974113	0.933550146606	2.08804965019	-0.208983302116	5.32895088196
8	29	0.499998912215	-0.235063119788	0.389668955727	-0.890451253387	-1.35813164711	2.25287246704	-5.08226537704
9	29	0.499999243766	0.198326437739	-0.367007416163	0.908830116455	1.15574228764	-2.12172460556	5.18756532669
10	29	0.499997425824	-0.195584280191	0.269968059201	-0.942795861443	-1.18675279617	1.57773005962	-5.37909221649
11	29	0.499995384365	0.385533937756	-0.416045184128	0.823571482995	2.26205730438	-2.27662801743	4.76011753082
12	29	0.499998882413	-0.472774712903	-0.088104226516	-0.876767766349	-2.76034188271	-0.47410005331	-4.99353265762
13	29	0.499993987381	0.578540294827	0.235100853553	0.781036949139	3.34994530678	1.33172523975	4.44311141968
14	29	0.499997600913	-0.804459151103	-0.412873146098	-0.427061165922	-4.6026558876	-2.30196809769	-2.51005363464
15	29	0.499999575317	0.793197383342	0.298196108901	0.530958559302	4.58849906921	1.61094498634	3.03553247452
16	29	0.49995701015	-0.874711901924	0.337839626998	-0.347481618309	-5.00833177567	1.92181396484	-2.00986456871
17	29	0.499223276973	0.692499925016	-0.655594749874	0.301063743732	4.01134109497	-3.69437551498	1.7290263176
18	29	0.475230827928	-0.552794169671	0.451191802916	-0.700602999536	-3.11678123474	2.50081443787	-3.80602788925
19	29	0.435816556215	-0.673731242887	0.681504960463	0.285722244885	-3.31015968323	3.57637882233	1.50968337059
20	29	0.474363699555	-0.942444817655	-0.323538329142	-0.0843843306007	-5.19952869415	-1.81140232086	-0.408868551254
21	29	0.425540611148	-0.146033358322	0.979035254068	-0.142000808266	-0.661733627319	4.8912525177	-0.722361326218
22	29	0.35553227365	0.435868949909	0.887017607812	-0.15237461054	1.86367893219	3.71676921844	-0.601163625717
23	29	0.418876349926	-0.00497107988195	0.964221180501	-0.265052454126	0.0074916286394	4.72783279419	-1.27664637566
24	29	0.456281468272	0.718825398535	-0.123275972479	-0.684173282897	3.84190273285	-0.65668451786	-3.6114487648
25	29	0.366558328271	0.306876661647	0.946625319468	-0.0986266651456	1.30265057087	4.07471895218	-0.409967184067
26	29	0.365909427404	-0.276062926528	0.936782351854	0.21500717628	-1.2223238945	3.9972820282	0.916992545128
27	29	0.492737129331	-0.337569551417	-0.830648030972	0.442798652436	-1.96195113659	-4.67428541183	2.56649398804
28	29	0.499484889209	0.401452704554	0.695556818512	-0.595849341887	2.24091744423	4.02663803101	-3.38945055008
29	29	0.499397471547	-0.0139629457615	-0.976959587005	0.212967137149	-0.142214864492	-5.57606077194	1.30437374115
