0	0	0.499815993011	0.601460525222	0.427305175829	0.67502260948	3.4176774025	2.37502098083	3.93436098099
1	0	0.4998851493	-0.264820099497	-0.421106469827	-0.867490435666	-1.59832000732	-2.35085439682	-4.96922779083
2	0	0.499995257705	0.496186038562	0.207301422022	0.843104700238	2.79710817337	1.19514036179	4.84291124344
3	0	0.499997731298	-0.420025514529	-0.139849796331	-0.896671958752	-2.39970231056	-0.831669330597	-5.12239027023
4	0	0.499999500811	0.29161761458	0.49798489204	0.816682443895	1.71053302288	2.77238082886	4.71343421936
5	0	0.500000011176	-0.619434058992	0.00327687942415	-0.78504185151	-3.52294421196	-0.0265594087541	-4.5149679184
6	0	0.49999974668	0.700871928586	-0.11920127937	0.703256421739	3.99661302567	-0.674250245094	4.03725528717
7	0	0.500000119209	-0.762226523008	-0.127564743103	-0.634616391169	-4.39204406738	-0.674213647842	-3.61002016068
8	0	0.499999642372	0.8956913066	0.0496173275754	0.441899540717	5.11386394501	0.298551917076	2.53842592239
9	0	0.49999922514	-0.87954300325	-0.400002072984	-0.257686722673	-5.09826660156	-2.14884400368	-1.54354333878
10	0	0.499999597669	0.846898115071	-0.413907541412	0.333832487711	4.89224624634	-2.27486181259	1.94498968124
11	0	0.499999508262	-0.844952276818	0.438263427771	-0.306562909986	-4.85244178772	2.45822095871	-1.77066349983
12	0	0.499999478459	0.718981727591	-0.46092919003	0.520201458254	4.19615125656	-2.56884241104	2.93994116783
13	0	0.499999836087	-0.941447779319	0.069088974304	-0.33000423095	-5.37695884705	0.457515358925	-1.90026044846
14	0	0.500000104308	0.908469029276	-0.284363680372	0.306302660995	5.21034383774	-1.59073197842	1.74532008171
15	0	0.499998956919	-0.927161492238	-0.265687207578	-0.264162592054	-5.35648727417	-1.41661858559	-1.48258113861
16	0	0.499987363815	0.926657790628	0.342769014864	-0.154320256343	5.31965875626	1.96796429157	-0.784903049469
17	0	0.499983280897	-0.707878585188	-0.627949451179	-0.323399745511	-4.08012723923	-3.59820985794	-1.78429365158
18	0	0.499380707741	0.406179612066	0.837854945388	0.364715249517	2.40239620209	4.76403999329	2.06615686417
19	0	0.497052833438	-0.77890011104	-0.599599115792	-0.183835571539	-4.43306446075	-3.42114758492	-1.10775661469
20	0	0.498502969742	0.424891564358	0.789284857819	0.44327933829	2.55243086815	4.47346591949	2.49757480621
21	0	0.493147924542	-0.869758227737	-0.489488483121	-0.062623080217	-4.91890716553	-2.8335018158	-0.375415325165
22	0	0.460426915437	0.437912986074	0.46159560676	-0.771467246517	2.39773797989	2.53265285492	-4.1012544632
23	0	0.478411387652	-0.638197374477	-0.0604022990812	-0.767499624415	-3.52128458023	-0.320365607738	-4.3165564537
24	0	0.491341754794	-0.529649882867	-0.645153637183	0.550679385858	-2.99395084381	-3.69435691833	3.13228321075
25	0	0.460374265909	0.176245052691	0.950275418737	-0.256737823366	0.973732948303	5.03510570526	-1.39449667931
26	0	0.488021120429	-0.770237950053	-0.635745366157	0.05060958119	-4.27736854553	-3.65860819817	0.342262983322
27	0	0.499816760421	0.0837528821479	0.90622148581	-0.414424991269	0.524013280869	5.18193435669	-2.40148878098
28	0	0.499910760671	0.0172755438921	-0.518243781925	0.855058441324	0.149739727378	-2.98032522202	4.89187717438
29	0	0.499973967671	-0.48299048698	0.0420993561825	-0.874612962227	-2.7539396286	0.280321866274	-5.01689577103
0	1	0.499997198582	-0.455735469541	0.20625373623	-0.865889472215	-2.59799361229	1.18191301823	-4.96723937988
1	1	0.499998867512	0.611148378856	-0.163208204273	0.774506772779	3.42204189301	-0.903889775276	4.51649856567
2	1	0.499998874962	-0.10330477801	-0.217079559483	-0.970672234946	-0.660511851311	-1.20018661022	-5.55832672119
3	1	0.499999869615	0.413607037062	0.117728149593	0.902811886102	2.28289628029	0.688453435898	5.20962190628
4	1	0.499999694526	0.0563593558013	-0.309561558389	-0.949207703604	0.251644700766	-1.76982879639	-5.43530416489
5	1	0.499999698251	0.199022533617	0.42377798601	0.883630154355	1.14374649525	2.34374713898	5.1027674675
6	1	0.499999277294	-0.263830168978	0.229873952497	-0.936777245614	-1.57831501961	1.2175951004	-5.38307094574
7	1	0.499998569489	0.838512992795	0.21729637617	0.499678142225	4.7746295929	1.20046067238	2.92686080933
8	1	0.499997764826	-0.895007487787	-0.113191446464	-0.43145022106	-5.10035705566	-0.636828780174	-2.5090265274
9	1	0.49999679625	0.673412942786	-0.234494971613	0.701089949134	3.9071598053	-1.24039065838	4.00309228897
10	1	0.499998919666	-0.555493736962	-0.107844215083	-0.824497624902	-3.25599145889	-0.53139436245	-4.68592882156
11	1	0.499999910593	0.911291068349	-0.101262218053	0.399117215794	5.18909645081	-0.601506829262	2.34414219856
12	1	0.499999828637	-0.809651149607	-0.0397212344893	-0.585565743082	-4.64280414581	-0.153864488006	-3.34568977356
13	1	0.500000059605	0.918446946963	-0.0073014361553	0.395476794066	5.24887514114	-0.0700337216258	2.26968955994
14	1	0.499997720122	-0.932635900035	0.312851542385	-0.17976148195	-5.33661985397	1.76070833206	-1.06372785568
15	1	0.499996110797	0.952380702583	-0.298072627746	0.0642160878338	5.47899723053	-1.62350702286	0.378384113312
16	1	0.499994903803	-0.936756774141	-0.349921060724	0.00648053717153	-5.37877845764	-1.96258807182	0.0479848384857
17	1	0.499989941716	0.769798384435	0.632659201731	-0.0845741200726	4.43096065521	3.58956861496	-0.469551563263
18	1	0.499940261245	-0.723193182971	-0.666693140795	0.180310499197	-4.16292667389	-3.80566740036	0.984390974045
19	1	0.499846965075	0.855726479931	0.516111834611	0.0368885581056	4.90576028824	2.93332791328	0.219407320023
20	1	0.49862138927	-0.974021679729	-0.111020025645	0.197373557813	-5.59061861038	-0.744233846664	1.04197764397
21	1	0.459107860923	0.803143124667	0.548652603434	-0.232252969937	4.30296754837	2.90730786324	-1.22558093071
22	1	0.380137972534	0.735571468268	0.125048906254	0.665805817123	3.3096075058	0.573578774929	2.9855670929
23	1	0.434192351997	0.295766218393	0.208067998375	0.932325078559	1.51060342789	1.03589606285	4.74663829803
24	1	0.492350444198	0.698094221897	0.650282542125	-0.299661597075	3.92479348183	3.70638370514	-1.72472834587
25	1	0.499462977052	-0.518752981759	-0.764702014151	0.382264533367	-2.94682312012	-4.39206600189	2.16749024391
26	1	0.49959307909	0.104079716216	0.863602984272	-0.493312576597	0.701915502548	4.95077419281	-2.79265975952
27	1	0.499920770526	-0.447963228724	-0.89396767195	0.0122779159279	-2.51114678383	-5.15406703949	0.213663578033
28	1	0.499990180135	-0.0807390384004	0.694401601053	-0.715043791759	-0.431587189436	3.97610330582	-4.10342168808
29	1	0.499997168779	0.262002473176	-0.444383590646	0.856666754587	1.51755845547	-2.54768323898	4.89609766006
0	2	0.49999974668	0.00216492628908	-0.537709103564	0.843127649314	0.018284579739	-3.0804913044	4.82873296738
1	2	0.499999687076	0.131096607725	0.476785800894	-0.869188690394	0.73000562191	2.68836760521	-5.0132188797
2	2	0.500000168569	-0.012384872109	-0.00796973534881	0.999891543249	-0.138150960207	-0.0440820008516	5.73069858551
3	2	0.499999945983	0.357365893064	0.0619688636904	-0.931906367833	1.96535658836	0.303209841251	-5.37177371979
4	2	0.499999708496	-0.0374124042916	0.166234450707	0.985376283154	-0.264295935631	0.974283099174	5.63396596909
5	2	0.499998097308	0.123836110704	-0.0845927047794	-0.98869039238	0.696254611015	-0.548824667931	-5.65436935425
6	2	0.499995186925	0.0367621022625	0.296325576824	0.954379222509	0.25687789917	1.63539838791	5.48247385025
7	2	0.499960578978	-0.665592687424	-0.0841073890541	-0.741560733557	-3.80699825287	-0.541510939598	-4.24440288544
8	2	0.499929837883	0.762616620217	0.21751459385	0.609182478434	4.3531703949	1.21905350685	3.49888801575
9	2	0.499935038388	-0.694973329295	-0.194258128969	-0.692297516172	-3.9898352623	-1.04381620884	-3.96644926071
10	2	0.499987389892	0.5123791286	-0.226831876493	0.828260181574	2.97503519058	-1.2558516264	4.72301578522
11	2	0.49999704957	-0.696741195089	0.351989807522	-0.625023905516	-3.98515796661	1.99978244305	-3.58209609985
12	2	0.499999389052	0.510338721647	-0.393505270998	0.764662010881	3.03146028519	-2.19547939301	4.34153318405
13	2	0.499995611608	-0.84784880262	0.0364186610655	-0.528985906261	-4.84025859833	0.248588517308	-3.03839254379
14	2	0.499992385507	0.843206950429	-0.251378607396	0.475195574992	4.85945796967	-1.41569280624	2.67102146149
15	2	0.499830693007	-0.994072284076	0.0886838981631	0.0628924497689	-5.68568992615	0.550623118877	0.331723690033
16	2	0.499924823642	0.99728027795	-0.045741572309	-0.0577906201303	5.70545101166	-0.213102996349	-0.330061912537
17	2	0.499899432063	-0.909256714151	-0.332544660033	0.250332332819	-5.22725629807	-1.88654887676	1.37980294228
18	2	0.499904751778	0.898181771396	0.32393812071	-0.297209689416	5.15773868561	1.85853552818	-1.65047979355
19	2	0.499900728464	-0.891354425801	-0.212434698333	-0.400448232045	-5.12657165527	-1.2623950243	-2.21455287933
20	2	0.492045879364	0.832839369017	0.238573685919	0.499460891164	4.75693655014	1.38368034363	2.79414772987
21	2	0.414581090212	0.933483402929	-0.0676747824094	0.352177313695	4.620221138	-0.348315447569	1.74125742912
22	2	0.372384808958	0.792619893169	0.112792446228	0.599192430716	3.51709604263	0.51483386755	2.66834425926
23	2	0.453969553113	0.392441102254	0.794303610569	0.463758294264	2.07399940491	4.23391819	2.41980862617
24	2	0.498920723796	-0.615311190647	-0.735489314202	-0.283632874257	-3.49767017365	-4.25561523438	-1.56668424606
25	2	0.499797835946	0.623708999929	0.77597266842	-0.094093045826	3.52744054794	4.47498846054	-0.58060002327
26	2	0.499952219427	-0.217398389534	-0.689891888835	0.690497734933	-1.30324304104	-4.00672101974	3.87878227234
27	2	0.499991729856	0.416815598398	0.772978583437	-0.478297884669	2.32323002815	4.44309234619	-2.76847457886
28	2	0.499996542931	-0.0588202547398	-0.508310022947	0.859163021902	-0.342466711998	-3.01578140259	4.86344575882
29	2	0.499999754131	-0.263528000182	0.779995284364	-0.567591710201	-1.4509472847	4.42852735519	-3.3259677887
0	3	0.50000012666	0.485184504957	0.519910276176	-0.703057110679	2.75455832481	2.98991584778	-4.03292560577
1	3	0.50000012666	-0.66787829152	-0.250422081604	0.700876143667	-3.81036114693	-1.43836736679	4.02921438217
2	3	0.499999657273	0.742559481214	-0.314381476822	-0.591413310546	4.2108745575	-1.76402568817	-3.47487950325
3	3	0.500000106171	-0.322049889903	0.216987568493	0.921520625669	-1.88583374023	1.25424873829	5.25494909286
4	3	0.499999262393	0.413081505451	-0.606769637456	-0.679112860219	2.36286211014	-3.39899492264	-3.95935201645
5	3	0.499997265637	-0.488646153735	0.439527751125	0.753684478035	-2.76461577415	2.48164463043	4.35895299911
6	3	0.49991478771	0.0354620138219	-0.0823130460403	-0.995975405333	0.176861360669	-0.550862133503	-5.70461893082
7	3	0.499643236399	0.688281018487	0.532336799375	0.492835440712	3.94521689415	3.00150871277	2.89135360718
8	3	0.49770206213	-0.626455960037	-0.0934720665436	-0.773831960383	-3.61254858971	-0.591313302517	-4.38507175446
9	3	0.499639824033	0.84552643764	-0.0756128186441	0.528552499671	4.82138299942	-0.43404084444	3.05588173866
10	3	0.499745402485	-0.583740599137	0.116419449305	-0.803550511631	-3.37949180603	0.706641852856	-4.5591750145
11	3	0.499980062246	0.694606939193	-0.508640164463	0.5087301673	4.01400375366	-2.8257625103	2.9524307251
12	3	0.499996230006	-0.965223528118	0.0720669845162	-0.251296419611	-5.50686168671	0.458023071289	-1.51700735092
13	3	0.499987736344	0.763524917787	-0.107856085542	0.63670775457	4.41407251358	-0.603428065777	3.58805298805
14	3	0.499687448144	-0.896761526542	0.142093621575	-0.419080144152	-5.14582490921	0.827784657478	-2.36565494537
15	3	0.498312041163	0.829549596687	-0.45620180031	-0.322067359461	4.81447982788	-2.56953907013	-1.74732923508
16	3	0.490251794457	-0.996417601255	-0.0055867642723	-0.0843845481941	-5.64016389847	-0.0252332501113	-0.460140943527
17	3	0.498750030994	0.938777308015	0.0248383793334	0.343628026895	5.402987957	0.16949288547	1.86592268944
18	3	0.498661577702	-0.94048799862	0.00593589236699	0.339775057403	-5.4126739502	-0.0324435457587	1.85293722153
19	3	0.498884707689	0.925374303681	0.375776635552	0.0497425196414	5.33173847198	2.08516836166	0.326292276382
20	3	0.497316360474	-0.753668780303	-0.519472479395	-0.402655824182	-4.35669708252	-2.89350008965	-2.29781627655
21	3	0.429430969059	0.774166609505	0.169491381858	0.609867798956	3.87485361099	0.897320866585	3.07929110527
22	3	0.378187920898	0.536960009242	0.392411851599	0.746784364593	2.43930435181	1.77702903748	3.31127691269
23	3	0.48796710372	0.329346016372	-0.906541521304	0.264033466916	1.81064164639	-5.15579557419	1.42856407166
24	3	0.499767094851	0.0305004238796	0.9960938544	0.082865899919	0.186468392611	5.7054400444	0.453219890594
25	3	0.499975681305	-0.187123031035	-0.96665420071	0.174827422063	-1.09002423286	-5.53476810455	0.972994804382
26	3	0.499998122454	0.52995795298	0.810980686897	-0.247900975296	2.94684386253	4.69249105453	-1.46345162392
27	3	0.499998442829	0.23828988164	-0.786834073791	0.569306659569	1.22435462475	-4.58776473999	3.2244143486
28	3	0.500000074506	0.214600635624	0.964983592922	-0.150841746812	1.1793847084	5.52237462997	-0.991985321045
29	3	0.500000052154	-0.0847614716553	-0.741413192098	0.665674073031	-0.529277980328	-4.27242612839	3.77900242805
0	4	0.500000685453	-0.680070241633	-0.551348983559	0.483237793197	-3.88708543777	-3.14690065384	2.77601861954
1	4	0.499999836087	0.828271995966	0.274298605665	-0.488595717981	4.73276519775	1.56432390213	-2.82723784447
2	4	0.499999642372	-0.673122123178	0.55040780856	0.493920896059	-3.89767742157	3.05448460579	2.89324331284
3	4	0.499999191612	0.349877415956	-0.151391063713	-0.924481768145	2.0932161808	-0.898152351379	-5.25986242294
4	4	0.499998547137	-0.56272006631	0.23053290632	0.793851816195	-3.22233653069	1.35282671452	4.52625703812
5	4	0.499954871833	0.738389464572	-0.255780845233	-0.623984901917	4.15452718735	-1.52614080906	-3.64855670929
6	4	0.499337310903	-0.0108470705737	0.180770451855	0.983465497512	-0.0330545082688	1.11980772018	5.64654588699
7	4	0.486570492387	-0.812314250037	-0.57519866445	0.0963953090253	-4.58660697937	-3.27352023125	0.440616846085
8	4	0.424417302012	0.405204731177	0.833660093475	0.375259875792	1.96957945824	4.11591100693	1.87200307846
9	4	0.475720956922	-0.885587836125	0.460154060897	-0.0631856371988	-4.89354276657	2.51432108879	-0.415051937103
10	4	0.499110721052	0.726112079184	-0.282324010592	0.626940508745	4.18322563171	-1.58727908134	3.56071662903
11	4	0.499950356781	-0.717931210727	-0.0838353385789	-0.691047330268	-4.17620134354	-0.40521299839	-3.90428209305
12	4	0.499995470047	0.995842798982	0.0326076792325	0.0850520956277	5.69192647934	0.180523574352	0.590856552124
13	4	0.499777019024	-0.904515032942	-0.0797523771532	-0.418917788498	-5.17808151245	-0.445510327816	-2.38148641586
14	4	0.498059913516	0.966572235093	0.0619451885312	0.248798930794	5.52250385284	0.315974146128	1.43326091766
15	4	0.44125212729	-0.745772548907	0.635050413213	-0.201331264273	-3.87625551224	3.2354631424	-1.02699112892
16	4	0.399265855551	-0.735601753659	0.655806757259	-0.169727891485	-3.47511672974	3.14991760254	-0.794479608536
17	4	0.476834326982	-0.966075268614	-0.212845654914	-0.146271331968	-5.35059690475	-1.19345068932	-0.82038640976
18	4	0.458322957158	0.927716589457	0.286702741758	0.239046998548	4.93162059784	1.52231633663	1.24292826653
19	4	0.4751124084	-0.551971082534	0.761032319126	-0.340819209102	-3.12718892097	4.14559555054	-1.87539231777
20	4	0.498281314969	0.898539732221	-0.3302171122	0.289107261116	5.14225769043	-1.89458978176	1.66383481026
21	4	0.446776330471	-0.591839902329	0.773084242138	0.228180377265	-3.0478720665	4.05900669098	1.15388989449
22	4	0.356110855937	0.526102111561	0.847886433571	0.0656137483814	2.15187597275	3.60715723038	0.32120847702
23	4	0.475346624851	-0.45561910933	0.882421533027	0.117232526476	-2.44910907745	4.87577152252	0.604098558426
24	4	0.499396339059	0.205414083371	-0.969153328319	-0.13618693242	1.15132403374	-5.54505872726	-0.752630472183
25	4	0.499951288104	-0.210020082479	0.975414370976	0.0667710255235	-1.11447370052	5.60450410843	0.366156101227
26	4	0.499998033047	-0.254163750539	-0.961588394999	0.103675197206	-1.44294559956	-5.50134897232	0.61489033699
27	4	0.499999523163	0.269650547226	0.94637752073	-0.177927430816	1.51601779461	5.41582107544	-1.0606803894
28	4	0.499999806285	0.0483169252938	-0.943409146894	0.328092450822	0.170967370272	-5.41738128662	1.84983301163
29	4	0.500000044703	0.537222217923	0.761625665298	-0.362379130924	3.028028965	4.37868881226	-2.10853123665
0	5	0.49999897182	0.77319161843	0.427687307603	-0.468250240901	4.40467786789	2.5079574585	-2.65326857567
1	5	0.499995619059	-0.673513407882	-0.606185000555	0.422988693119	-3.9424571991	-3.39547133446	2.41578006744
2	5	0.499995857477	0.840559188256	-0.187563842348	-0.508212609133	4.84841966629	-1.01856386662	-2.88421535492
3	5	0.499997571111	-0.919261992934	-0.0590921942983	0.38918568951	-5.25430774689	-0.236195206642	2.28736710548
4	5	0.499997861683	0.726429821123	-0.356872546921	-0.587317376073	4.13312673569	-2.09567713737	-3.37899827957
5	5	0.499960243702	-0.197781097742	0.835006867466	0.513464866043	-1.15803158283	4.7698264122	2.97682380676
6	5	0.498913988471	-0.398984033276	-0.671552985782	-0.624362337492	-2.20647335052	-3.89968109131	-3.58107686043
7	5	0.443962216377	-0.123985054205	0.759143514243	0.639006127605	-0.561395406723	3.94551563263	3.25375699997
8	5	0.28842177242	0.25384287408	0.927260685166	0.275229753161	0.962359070778	3.14588284492	0.957475423813
9	5	0.427960447967	0.533357739485	0.684977284297	0.49632211489	2.66569018364	3.42783260345	2.44323372841
10	5	0.498354420066	-0.944459475035	0.0557636840525	-0.323862179882	-5.40116214752	0.308258265257	-1.85253334045
11	5	0.499919831753	0.952300612101	-0.1110309707	0.284245787545	5.44719648361	-0.612874984741	1.63957929611
12	5	0.499992713332	-0.868830440903	0.00536983291247	-0.495080629651	-5.01777553558	0.0535499788821	-2.76288771629
13	5	0.49984459579	0.864796288826	0.194479083351	0.462931166559	5.00198888779	1.05933761597	2.58351945877
14	5	0.489408358932	-0.996604657569	-0.0778124385552	0.0269143255121	-5.64188194275	-0.412887215614	0.119378566742
15	5	0.39812669158	-0.837997768225	0.483819416236	-0.252346018243	-3.96024513245	2.32966089249	-1.1819075346
16	5	0.377489030361	-0.532952664521	0.839198648879	-0.108199284191	-2.4118514061	3.75071382523	-0.517919301987
17	5	0.448094449937	-0.210391682042	0.829824260071	-0.516843339442	-1.03445911407	4.3703250885	-2.70895123482
18	5	0.343208402395	0.813672678378	0.547502874591	0.195390313928	3.30149245262	2.24454188347	0.739935278893
19	5	0.393760994077	0.560554764184	0.68988643229	0.458077577375	2.61706638336	3.1594748497	2.0984544754
20	5	0.492868795991	-0.893609873596	0.139400079079	-0.426648581112	-5.07003259659	0.811930060387	-2.44419193268
21	5	0.490489341319	0.44174022133	-0.464160310517	0.767737444053	2.49020767212	-2.66273808479	4.34713220596
22	5	0.468751624227	-0.0171386884051	0.919000090192	-0.393884627254	-0.0830560475588	4.95963287354	-2.18123006821
23	5	0.497118569911	-0.0851883434294	-0.741876945217	0.665102656964	-0.485587388277	-4.31108379364	3.71897888184
24	5	0.499740213156	0.0314789243557	0.996918362086	-0.0718530212065	0.200847879052	5.70435094833	-0.446011543274
25	5	0.499976843596	-0.29203632341	-0.936405938731	-0.194573132059	-1.62748813629	-5.39170122147	-1.03562498093
26	5	0.499998569489	0.208789844102	0.916957315945	-0.339994237797	1.22469556332	5.26332473755	-1.88343811035
27	5	0.500000014901	-0.557490660816	-0.761444124196	0.330767303146	-3.13504362106	-4.42850351334	1.83409428596
28	5	0.499999627471	0.410728571774	0.90919516909	0.06830947835	2.35688853264	5.20934677124	0.311353206635
29	5	0.499999761581	-0.462858689359	-0.79900530632	0.383865020753	-2.68498921394	-4.57815170288	2.14883327484
0	6	0.499982982874	-0.787969766386	-0.597030244625	0.150527519959	-4.51544475555	-3.41867303848	0.836757421494
1	6	0.499956443906	0.939282127229	0.240873099107	0.244395653796	5.38679599762	1.44904124737	1.31489229202
2	6	0.499915540218	-0.990199290035	-0.130211021093	-0.0505020395597	-5.68077516556	-0.715293526649	-0.254219770432
3	6	0.499870851636	0.789176918683	-0.608689007785	-0.0818381501485	4.58850240707	-3.41980695724	-0.501761674881
4	6	0.499949231744	-0.252761622162	0.874241478303	0.414503799713	-1.51638579369	5.01047754288	2.34242606163
5	6	0.499982282519	-0.0968963767956	-0.973283359884	-0.208160019063	-0.493153810501	-5.57299995422	-1.20181155205
6	6	0.499579742551	0.123776309948	0.975154464835	-0.183720425671	0.782675981522	5.59059143066	-0.990604639053
7	6	0.497764632106	-0.714202283378	-0.671260652242	0.198303391722	-4.03493595123	-3.91834831238	1.13527989388
8	6	0.470653288066	0.607966850563	0.51275525311	-0.606183436778	3.32548856735	2.82510304451	-3.24021530151
9	6	0.495363593102	-0.955665044014	-0.0807610059031	0.283164234281	-5.4482550621	-0.478456497192	1.61484193802
10	6	0.499194487929	0.988909596968	-0.0980342175726	-0.111566577475	5.65106582642	-0.554271936417	-0.664836645126
11	6	0.49996457994	-0.980699009286	0.0466197309397	0.189884317081	-5.61397361755	0.314201176167	1.07234525681
12	6	0.49999126792	0.857458018461	-0.485605175041	-0.170156870418	4.95829200745	-2.70783138275	-0.964751005173
13	6	0.499900102615	-0.939454970374	0.213577551871	0.267971991028	-5.38539505005	1.27189850807	1.50115203857
14	6	0.4994802773	0.804388143402	-0.586514460494	-0.0946599301953	4.6126241684	-3.35819911957	-0.584751844406
15	6	0.47890882194	-0.0730067514074	0.987304100716	0.14106958197	-0.494816362858	5.49153709412	0.867708444595
16	6	0.478417512029	0.315190377478	0.430527727979	-0.845754634268	1.7791697979	2.37739849091	-4.70651674271
17	6	0.489604383707	-0.42519238174	-0.905007944257	0.0131171392742	-2.45447921753	-5.11328983307	0.179094552994
18	6	0.436256729066	0.498528888538	0.272891806532	-0.822799495151	2.58923983574	1.45675098896	-4.13288402557
19	6	0.399768956006	0.921061976319	0.0724581767758	0.382615536013	4.34651947021	0.34374460578	1.80319964886
20	6	0.395857051015	0.979005064748	0.201419155773	0.0312954770851	4.55268192291	0.930492043495	0.192017316818
21	6	0.451602287591	0.764641005382	0.272030357424	-0.584229079666	3.99117803574	1.45126056671	-3.11236095428
22	6	0.497826229781	-0.501660602779	-0.309685309509	0.807732411566	-2.87399506569	-1.89699447155	4.57421398163
23	6	0.499564021826	0.411151442941	0.859824108655	-0.30274905969	2.30896353722	4.90878915787	-1.83520913124
24	6	0.499948441982	-0.241982543663	-0.855172751854	0.458392858855	-1.39778828621	-4.91402053833	2.57222700119
25	6	0.49999755621	0.335333638645	0.936018910088	-0.106864169625	1.88965237141	5.36181926727	-0.627606868744
26	6	0.499999776483	-0.16726746996	-0.978701229588	0.119018892178	-0.970885038376	-5.59871196747	0.653486967087
27	6	0.499998316169	0.247447156586	0.949719350824	0.191841234795	1.46689748764	5.43624258041	1.03450965881
28	6	0.499996483326	-0.579745762797	-0.812986915292	-0.0542874394616	-3.28194189072	-4.67321109772	-0.302733421326
29	6	0.499996721745	0.503296369772	0.853846741231	0.13281003977	2.90760564804	4.88431072235	0.681421279907
0	7	0.499924331903	0.770560716768	0.636732263463	-0.0284289718257	4.41193246841	3.6380739212	-0.180766105652
1	7	0.499255537987	-0.821268970731	-0.554630673124	-0.133798707556	-4.69352006912	-3.17086744308	-0.74244260788
2	7	0.498540237546	0.886748832573	0.461482922936	0.0266461961467	5.0780248642	2.6153242588	0.191561698914
3	7	0.498635590076	-0.996198116337	-0.0423425893943	-0.0761342112976	-5.71579837799	-0.173996955156	-0.456832408905
4	7	0.499687314034	0.322042786714	-0.946301657984	0.0283128172801	1.9213283062	-5.41225337982	0.169722080231
5	7	0.499978691339	-0.230147042354	0.954767007754	0.188287811077	-1.25946688652	5.52143096924	0.976332426071
6	7	0.499953225255	-0.371318395454	-0.8611960708	0.347079208303	-2.06226849556	-4.96884250641	1.96247053146
7	7	0.499626785517	0.266544088997	0.950087787687	-0.162134031929	1.59960365295	5.4078373909	-1.02081108093
8	7	0.499652661383	-0.669899623986	-0.313594720563	0.672973138408	-3.8547167778	-1.85560679436	3.81058931351
9	7	0.499497890472	0.898763698424	0.112074455397	-0.42386687868	5.1292309761	0.626999258995	-2.44303417206
10	7	0.499880954623	-0.689180897051	0.226914458592	0.688142078079	-4.02460575104	1.26195323467	3.87445998192
11	7	0.499989315867	0.840897867746	-0.220427015753	-0.494269872384	4.81904268265	-1.23259365559	-2.82536149025
12	7	0.499999493361	-0.838637787062	0.273956977444	0.4707804548	-4.80097913742	1.57707571983	2.68197059631
13	7	0.49999524653	0.599987159691	-0.569792589306	-0.561561940821	3.48444223404	-3.22049689293	-3.20317625999
14	7	0.499896347523	-0.494185151864	0.727454270914	0.476016091541	-2.88318181038	4.1116566658	2.74432229996
15	7	0.49932718277	0.550951411436	-0.357208687681	-0.75422443323	3.11649179459	-2.09986901283	-4.32627677917
16	7	0.498695945367	-0.27301021086	-0.0604545112239	0.96010972125	-1.62199640274	-0.33806014061	5.46998310089
17	7	0.489609211683	0.822571357553	0.167913794636	-0.543305916868	4.63819408417	1.01834511757	-3.08998608589
18	7	0.441595181823	-0.541479216131	-0.815639093053	-0.203796782068	-2.8201007843	-4.20567035675	-0.997941493988
19	7	0.410023581237	-0.3104949343	-0.556358080339	0.770751958944	-1.45017719269	-2.6704158783	3.77234101295
20	7	0.385668534786	0.6732028932	-0.0281466463144	0.738921938292	3.06526279449	-0.172748595476	3.32521152496
21	7	0.448639333248	0.517639901475	-0.855302814312	0.0224950712534	2.70138263702	-4.48817157745	0.120168447495
22	7	0.498540580273	0.413328527298	0.870686711207	-0.266578655277	2.34672474861	5.00220584869	-1.55497384071
23	7	0.499916017056	0.16765703075	-0.712240911821	0.681618664334	0.837258934975	-4.11796331406	3.90087890625
24	7	0.499994233251	0.397831041844	0.788488015809	-0.46905981609	2.20022392273	4.55826950073	-2.67375731468
25	7	0.499999180436	-0.181018061726	-0.940297275643	0.288224729591	-1.04111206532	-5.40588378906	1.58349537849
26	7	0.499992057681	0.0133727672779	0.974088412969	0.225771860103	0.137076690793	5.58561611176	1.24831676483
27	7	0.499982908368	-0.39539118888	-0.907336611536	-0.142849855174	-2.2339925766	-5.20453166962	-0.806398391724
28	7	0.499980553985	0.570036989365	0.790430703033	-0.22422563292	3.2474591732	4.55000448227	-1.21970438957
29	7	0.499961137772	-0.387037701088	-0.893268058918	0.228635064795	-2.28024744987	-5.09794044495	1.25270032883
0	8	0.497878953815	-0.957797915383	-0.23106809326	0.17096984987	-5.44163894653	-1.47377443314	0.964228630066
1	8	0.493011087179	0.507093021726	0.861871030371	-0.00591560006288	2.94317770004	4.86561536789	-0.0238234996796
2	8	0.446038194001	-0.371757764452	-0.747059188478	-0.551088680233	-1.94509935379	-3.84206843376	-2.83426642418
3	8	0.496284499764	0.803306389907	0.215176667031	0.555335795622	4.59978437424	1.18381750584	3.1801738739
4	8	0.499044761062	-0.519474412466	0.557576993665	-0.64749844087	-2.98065447807	3.16965723038	-3.74276232719
5	8	0.499974872917	-0.189808764427	-0.517415823142	0.834418060033	-1.00955748558	-3.0384349823	4.77351140976
6	8	0.499990239739	0.127321335504	0.753869773778	-0.644569345927	0.746732950211	4.29869699478	-3.69602489471
7	8	0.499987855554	-0.191212974174	-0.711457363452	0.676214476699	-1.15351676941	-4.0760307312	3.85728693008
8	8	0.4999704808	0.783573906014	0.37366608027	-0.496372435043	4.46014690399	2.15969014168	-2.87167525291
9	8	0.49998947978	-0.95792043162	-0.0162417623007	0.286573990169	-5.46417665482	-0.122729733586	1.68632936478
10	8	0.49999435246	0.898614339374	-0.0713742073678	-0.432894896706	5.12390804291	-0.388144850731	-2.5142326355
11	8	0.499998867512	-0.806599239947	-0.152012179363	0.571217964915	-4.63943099976	-0.805818557739	3.24678325653
12	8	0.50000077486	0.919460957343	0.0407683090036	-0.391062006467	5.24347829819	0.158754318953	-2.29972314835
13	8	0.499999120831	-0.645842329512	0.262987454916	0.716746317721	-3.70261240005	1.56121492386	4.08546733856
14	8	0.499988265336	0.691840061659	-0.391056145139	-0.606986342871	3.90191411972	-2.26601910591	-3.52352905273
15	8	0.499751102179	-0.211069688069	0.369721187429	0.904851275263	-1.26946163177	2.13399410248	5.15640258789
16	8	0.497667599469	0.253170155318	-0.077386624108	-0.96432161796	1.43622636795	-0.452409178019	-5.51515054703
17	8	0.428332835436	-0.311586569186	-0.803116358372	0.507856204863	-1.61272752285	-3.98390054703	2.54871535301
18	8	0.349291231483	-0.674707128096	-0.357343396655	0.645814205607	-2.74431943893	-1.50803685188	2.71152329445
19	8	0.445562267676	0.180829551976	0.180045207122	0.966894201309	0.877508819103	0.907070994377	5.04393815994
20	8	0.478043071926	0.675122596046	0.220988883335	-0.703827673334	3.72038602829	1.16557884216	-3.95292878151
21	8	0.492404527031	0.0974599699382	0.129327467891	0.98680087166	0.537924766541	0.844952344894	5.61275482178
22	8	0.499651372433	-0.69683988421	-0.534677036387	-0.478052970428	-3.98839998245	-3.18472003937	-2.72729158401
23	8	0.499864256941	0.0574108237912	0.14400319468	-0.98791046013	0.34427857399	1.04079663754	-5.69075584412
24	8	0.499990567565	-0.000183107531713	-0.991404280075	0.130833940245	-0.00519062858075	-5.68684577942	0.811770200729
25	8	0.499991238117	-0.0284427974512	0.930651491235	0.364799683574	-0.148329287767	5.37840938568	1.98393273354
26	8	0.499919816852	-0.218271453294	-0.880316658732	-0.421188975444	-1.20914208889	-5.07728242874	-2.34362673759
27	8	0.499199420214	0.20548518923	0.956750579476	0.205922717736	1.25059509277	5.46173906326	1.14619040489
28	8	0.497734963894	-0.619883416675	-0.777934415346	-0.102774486874	-3.50814676285	-4.47226285934	-0.534784555435
29	8	0.498937472701	0.522394566308	0.843928617262	0.12201805628	3.01988697052	4.80917549133	0.646934747696
0	9	0.494777753949	0.584993787908	0.711521818968	-0.389254376009	3.33171510696	4.08331680298	-2.13904380798
1	9	0.431128680706	0.129583514663	-0.842828260018	-0.522349152237	0.591313958168	-4.21770906448	-2.61328911781
2	9	0.272748228163	-0.369332745579	-0.707255685229	-0.602812341242	-1.17225706577	-2.29836440086	-1.97597885132
3	9	0.459676295519	-0.457704716547	-0.231100281363	-0.858544729414	-2.42257857323	-1.26585781574	-4.53661155701
4	9	0.499790072441	0.489016877127	0.123039074071	0.863553055774	2.80666685104	0.647712349892	4.95377016068
5	9	0.499973434955	-0.0174140956682	0.198225214263	-0.980001792704	-0.153236865997	1.15351378918	-5.61264944077
6	9	0.49999929592	-0.0412672083431	-0.600099576205	0.79886013554	-0.233061477542	-3.4158217907	4.58631420135
7	9	0.499998610467	0.34872269596	0.455829331379	-0.818909092621	1.96297430992	2.66109371185	-4.67056417465
8	9	0.499998681247	-0.57038166448	-0.580471425745	0.581134821465	-3.29596853256	-3.2664308548	3.35400938988
9	9	0.49999858439	0.925767426627	0.0583484896311	-0.373564084937	5.2726316452	0.39518263936	-2.21588087082
10	9	0.499999284744	-0.700436169723	-0.0920782097048	0.707750503667	-4.04397201538	-0.519939303398	4.01463222504
11	9	0.499999269843	0.854000100898	-0.0826939272841	-0.513658974473	4.85961008072	-0.462736487389	-2.99111866951
12	9	0.500000111759	-0.669847735646	0.521761067375	0.528270195659	-3.85907578468	2.93891620636	3.0551571846
13	9	0.500000156462	0.0614411003583	-0.79614870373	-0.601973614651	0.499233603477	-4.51557731628	-3.50997948647
14	9	0.499997466803	-0.277508034016	0.415636939381	0.866161200747	-1.61662912369	2.47722434998	4.90857458115
15	9	0.499810107052	0.234803108321	-0.76664914514	-0.597592326405	1.32336449623	-4.33755159378	-3.48825120926
16	9	0.497144725174	0.147714933364	0.523816886737	0.838925603156	0.811690330505	3.02192306519	4.79210710526
17	9	0.439631134272	-0.948226674816	-0.293122197556	0.12225199576	-4.88063716888	-1.56115984917	0.583242177963
18	9	0.424570435658	-0.268504044513	-0.28023563461	0.921614652214	-1.38344168663	-1.35565137863	4.55320882797
19	9	0.488273866475	0.854874121062	-0.00562532334502	-0.518804966125	4.80849981308	-0.108428925276	-2.94999504089
20	9	0.498422659934	-0.387069619513	0.695299822791	0.60558671227	-2.28172469139	3.97048568726	3.45151853561
21	9	0.499629899859	0.106540082727	-0.934882939397	-0.338589870487	0.621298730373	-5.33362102509	-2.00363969803
22	9	0.49997754395	-0.0784416612481	0.84732420051	0.525250992394	-0.425181090832	4.91749858856	2.93577837944
23	9	0.499993562698	0.312189715634	-0.794965471086	0.52016101472	1.77749168873	-4.61244344711	2.93175792694
24	9	0.499997273088	-0.345819142541	0.928868838439	-0.132709463222	-1.93942093849	5.31774330139	-0.802282094955
25	9	0.499987795949	0.280281288832	-0.885536519194	0.370496251403	1.55906188488	-5.13445854187	2.01859045029
26	9	0.499587908387	-0.0537415667641	0.990429819476	-0.127124414237	-0.229996949434	5.69146442413	-0.686972856522
27	9	0.49790263176	-0.670290930217	-0.645001540056	0.366991937507	-3.78795194626	-3.77950072289	2.07584261894
28	9	0.443985659629	0.372392729271	0.521406303243	-0.76776241255	1.92438602448	2.72380638123	-3.90562176704
29	9	0.49394364655	-0.417631799317	-0.907461174068	0.0458028138793	-2.39891982079	-5.1524810791	0.287942409515
0	10	0.497604981065	-0.369534465034	-0.911436593172	0.180907754888	-2.16377258301	-5.1860499382	1.03861546516
1	10	0.482882231474	0.774090639441	0.481374922037	0.41117133456	4.31964206696	2.75438141823	2.23396015167
2	10	0.440608989447	0.205097237277	-0.634629346416	-0.745104500006	0.966830670834	-3.24253678322	-3.80467033386
3	10	0.497779306024	0.407547578446	0.398063443775	0.821857935432	2.38247299194	2.27572488785	4.68558311462
4	10	0.499324664474	-0.786213638647	-0.100145454333	-0.609786029999	-4.4417963028	-0.600510179996	-3.5448641777
5	10	0.499986588955	0.549011965221	0.127619772724	0.826013956089	3.13951635361	0.665735661983	4.74953985214
6	10	0.499996133149	-0.318983149698	0.571809963615	-0.755832729987	-1.82632064819	3.22301769257	-4.37479352951
7	10	0.499998196959	0.0206742685636	-0.636880843429	0.770684997838	0.0838331133127	-3.61285758018	4.44064950943
8	10	0.499997552484	0.537163070484	0.309508613937	-0.784640206469	3.01100873947	1.83910536766	-4.51349115372
9	10	0.499998942018	-0.423659887127	-0.426076742728	0.799356559582	-2.48603773117	-2.42560791969	4.5504117012
10	10	0.499999672174	0.542428256784	0.30421105355	-0.783088258844	3.10729169846	1.71975803375	-4.4806728363
11	10	0.499999277294	-0.486391240237	-0.131486162384	0.86379103406	-2.85065054893	-0.740037322044	4.90999126434
12	10	0.499999798834	0.730484555462	-0.210125103402	-0.649799780818	4.17038583755	-1.21755611897	-3.72179102898
13	10	0.500000178814	-0.70591150602	0.423966657324	0.567398642178	-4.00738525391	2.49882650375	3.24685192108
14	10	0.499995753169	0.298970371154	-0.92273584593	-0.243259688002	1.7615250349	-5.24692249298	-1.50353574753
15	10	0.499961979687	-0.135104896276	0.742042613371	0.656596852675	-0.831096887589	4.26280546188	3.72483873367
16	10	0.499368101358	0.239197814629	-0.737446712787	-0.631630233029	1.31283307076	-4.19620227814	-3.64740180969
17	10	0.495359983295	0.162238510655	0.584358897023	0.795112158837	0.855198025703	3.3743083477	4.52446651459
18	10	0.493551716208	0.784121909247	-0.535889839002	-0.313009443776	4.41273212433	-3.07081508636	-1.86137390137
19	10	0.498525112867	-0.837745585631	0.50673510096	0.203474497692	-4.75848484039	2.94131326675	1.18364477158
20	10	0.499706298113	0.438495833023	-0.895634469718	0.0745674263615	2.5180015564	-5.13215970993	0.360322475433
21	10	0.499948814511	-0.117833368868	0.992735439886	-0.0243237245588	-0.720495998859	5.67432785034	-0.119316577911
22	10	0.499984905124	0.135555138924	-0.986884107361	-0.0876616389906	0.777688622475	-5.64527225494	-0.492874145508
23	10	0.49999640882	-0.336623851833	0.939494501829	-0.0635174260309	-1.89286136627	5.38280677795	-0.392261505127
24	10	0.499996468425	0.214518806068	-0.960330728927	0.178175679938	1.2181302309	-5.50053739548	0.989365577698
25	10	0.499963879585	0.131637523108	0.9667885741	0.219069430776	0.739054262638	5.55377388	1.20451784134
26	10	0.498584613204	-0.390216427582	-0.760162272203	-0.519504051537	-2.21748256683	-4.43511247635	-2.86655497551
27	10	0.456285893917	0.492790665904	0.792033759981	-0.360333016317	2.5939245224	4.17476654053	-1.88822805882
28	10	0.270342674106	0.320083737359	0.576453962362	-0.751829256118	1.04368376732	1.96357107162	-2.33499765396
29	10	0.430020362139	-0.23033719179	0.902492865024	-0.363938740256	-1.07294976711	4.49193286896	-1.85577642918
0	11	0.499500095844	0.677189935181	0.677417847889	-0.287260945921	3.85376119614	3.89337778091	-1.66193461418
1	11	0.497538626194	-0.560463987536	-0.725301485884	0.39977227674	-3.23921084404	-4.16595602036	2.19842481613
2	11	0.496871031821	0.56552577137	0.536849855736	0.626077338923	3.25623393059	3.15037345886	3.49775362015
3	11	0.499002158642	-0.773870340305	-0.43829662029	-0.457187892489	-4.39288663864	-2.53000712395	-2.63995742798
4	11	0.499959632754	0.723309561821	0.168483344932	0.669654119871	4.14758586884	1.02991187572	3.81654047966
5	11	0.499885112047	-0.685451844703	-0.115531082577	-0.718893829123	-3.89710426331	-0.680507659912	-4.12633705139
6	11	0.499720834196	0.586011086791	-0.0336944875983	0.809602178643	3.31323266029	-0.282139927149	4.66527175903
7	11	0.499859839678	-0.0843451263806	0.48496973615	-0.870454050869	-0.483876675367	2.78660655022	-4.9790520668
8	11	0.499968964607	0.157274935087	-0.439872856366	0.88418123992	0.780266046524	-2.58309674263	5.06348371506
9	11	0.499989725649	0.503391092532	0.675524057152	-0.538762151759	2.85693454742	3.80646467209	-3.19715833664
10	11	0.499989546835	-0.52958566794	-0.252899960071	0.809679338077	-3.04732203484	-1.46327590942	4.61496782303
11	11	0.499985940754	0.646167321626	0.337180113937	-0.684673179866	3.70857739449	1.84613406658	-3.95429849625
12	11	0.499996051192	-0.78778886626	0.190847497254	0.585632935369	-4.5019493103	1.09749102592	3.36134505272
13	11	0.499998539686	0.733225901997	-0.600247447178	-0.319503957405	4.18644762039	-3.41355895996	-1.89217877388
14	11	0.49999935925	-0.546275569075	0.766908864128	0.336799341975	-3.13720178604	4.36714172363	1.94834852219
15	11	0.499984830618	0.63354738949	-0.651433690072	-0.41743484846	3.55731391907	-3.76107931137	-2.4478302002
16	11	0.499949090183	-0.172757544326	0.673238183902	0.718961180186	-1.04090929031	3.84691643715	4.10340356827
17	11	0.499847792089	0.314591387879	-0.622957040426	-0.716210014211	1.78262233734	-3.58415317535	-4.08372735977
18	11	0.499865852296	-0.255776794369	0.735546906991	0.627334822147	-1.50938379765	4.23241186142	3.54592680931
19	11	0.499887675047	0.359706992286	-0.886595644414	-0.2907903764	2.08125591278	-5.06820821762	-1.66052389145
20	11	0.499978974462	-0.241882994173	0.968387136264	-0.0609833702608	-1.43590211868	5.52559757233	-0.343295574188
21	11	0.499987110496	0.484364044264	-0.849637597278	0.20858433766	2.68824219704	-4.91397571564	1.17920804024
22	11	0.499956786633	0.0131404864315	0.980183094676	-0.197657351314	0.0191814638674	5.62064409256	-1.07842040062
23	11	0.499877020717	0.172916344045	-0.979605952483	0.102333356349	0.9440279603	-5.61370801926	0.590887308121
24	11	0.499918416142	-0.179673621926	0.958681719874	-0.220560081527	-0.974061846733	5.50730228424	-1.21559286118
25	11	0.499982282519	-0.354944104452	-0.933759682235	-0.0459079355645	-1.9860265255	-5.36031150818	-0.273018360138
26	11	0.499604731798	0.455404949036	0.870890194859	0.184815045094	2.58606910706	4.99213266373	1.03582429886
27	11	0.497773915529	-0.257527234606	-0.929107762275	0.26540250473	-1.5033364296	-5.31747865677	1.48298668861
28	11	0.446052193642	0.382910104642	0.911917689625	-0.147600742248	1.97005414963	4.67841482162	-0.821458339691
29	11	0.475591748953	-0.908493477238	-0.0328094675263	0.416609098143	-5.00609302521	-0.27963912487	2.30944919586
0	12	0.499790668488	-0.221910890247	-0.927358785889	0.301266060192	-1.3343064785	-5.2860584259	1.72665166855
1	12	0.499890238047	0.24684111599	0.824858378704	-0.508604088206	1.46495723724	4.72572231293	-2.86720085144
2	12	0.499841094017	-0.385987498711	-0.862636959466	0.326911497201	-2.25032520294	-4.95328426361	1.80498743057
3	12	0.499959230423	0.60931378852	0.79291773794	-0.00426239132415	3.46651482582	4.55957317352	0.0226583480835
4	12	0.49972397089	-0.398254913884	-0.886010604809	-0.237441006848	-2.33464288712	-5.04083490372	-1.41312646866
5	12	0.498892173171	0.476279745632	0.530923764721	0.700911948789	2.75554966927	3.00206661224	4.03305482864
6	12	0.48987108469	-0.275502515256	0.549111054248	-0.789034482257	-1.58492195606	3.07700395584	-4.49449968338
7	12	0.499278321862	-0.380581188753	-0.733650676165	0.562951724511	-2.12740898132	-4.20049285889	3.26726603508
8	12	0.499356657267	0.348888021971	0.830516149676	-0.434188983338	1.99799787998	4.70577430725	-2.58177518845
9	12	0.499792816117	-0.36540445623	-0.113570309739	0.923894673712	-2.1470644474	-0.764699578285	5.26280975342
10	12	0.499884158373	0.609838911702	-0.0357628828234	-0.791718079866	3.49649691582	-0.185847550631	-4.5231590271
11	12	0.499747976661	-0.63968623328	0.224596798507	0.7350903353	-3.66249084473	1.25498056412	4.21048116684
12	12	0.49991209805	0.737889425594	-0.281990953017	-0.613188631673	4.19689416885	-1.61559557915	-3.53136920929
13	12	0.499990552664	-0.555689355093	0.523420003513	0.645941824438	-3.21599197388	2.98643016815	3.66725158691
14	12	0.499998755753	0.668173159938	-0.501825033216	-0.549287050982	3.77649402618	-2.91648292542	-3.15660047531
15	12	0.499999187887	-0.356270015336	0.650673546604	0.670593477393	-2.07400727272	3.73430633545	3.80954194069
16	12	0.499996256083	0.292705672136	-0.465353190883	-0.835326162187	1.71852087975	-2.72892665863	-4.72956371307
17	12	0.49999473989	-0.630602574691	0.66542559383	0.399436067311	-3.54204511642	3.83917737007	2.3525364399
18	12	0.49998639524	0.142534790515	-0.952716283526	-0.268357069215	0.860105156898	-5.42995166779	-1.59736156464
19	12	0.499994620681	-0.296398146381	0.911765223005	0.284310247688	-1.69626832008	5.23092126846	1.57737231255
20	12	0.499991342425	0.456596752237	-0.866250899438	0.202802330038	2.57168960571	-4.99027729034	1.10995960236
21	12	0.499928787351	-0.110276834346	0.937865027844	-0.329010956282	-0.720236301422	5.38734722137	-1.81976270676
22	12	0.499747604132	0.0493347243412	-0.947534395733	-0.315823770287	0.257241398096	-5.46349334717	-1.70196723938
23	12	0.49809935689	0.563772454326	0.825550503656	-0.0250396816495	3.1537694931	4.77614688873	-0.0911366939545
24	12	0.499201476574	-0.150017824797	-0.985153754953	-0.0834669476205	-0.866830945015	-5.6328125	-0.48216176033
25	12	0.499496340752	0.243697904356	0.959534801403	0.141082586842	1.3944838047	5.48135089874	0.800854206085
26	12	0.499966621399	-0.515233165662	-0.848954215561	-0.117522444166	-2.90198731422	-4.88490819931	-0.657415866852
27	12	0.49935542047	0.378099770446	0.924790727026	-0.042457917942	2.17415809631	5.27632045746	-0.27590918541
28	12	0.499349847436	-0.57899276616	-0.722353710469	0.378117037049	-3.2739481926	-4.18458747864	2.11859965324
29	12	0.499628573656	0.363527621776	0.905587847535	-0.218536767164	2.13804912567	5.15310096741	-1.31726813316
0	13	0.499992981553	0.470306391707	0.873056877713	-0.12877727361	2.68803238869	4.98844718933	-0.80010843277
1	13	0.499990940094	-0.513429812665	-0.76487575272	0.389043584148	-2.92691373825	-4.39949607849	2.19101309776
2	13	0.499997586012	0.421849481904	0.882095382542	-0.209644343389	2.43193387985	5.04222011566	-1.18393826485
3	13	0.499967426062	-0.232450044399	-0.932248815286	-0.27727084819	-1.39501166344	-5.34284687042	-1.51250457764
4	13	0.499600112438	0.297857856253	0.940532286939	0.163339262561	1.72837209702	5.36236476898	0.986671686172
5	13	0.475561782718	-0.539243625007	-0.4497015187	-0.712028691113	-2.9643433094	-2.53702902794	-3.89613246918
6	13	0.399011809379	0.158289788865	-0.462678286257	-0.872280428628	0.823657512665	-2.1266579628	-4.13092422485
7	13	0.453277215362	0.608682677519	0.659431696129	-0.441197502518	3.18513035774	3.45767593384	-2.36138129234
8	13	0.498648032546	-0.542691841596	-0.688417353307	0.481214206701	-3.08667087555	-3.93163204193	2.76067876816
9	13	0.498974114656	0.465344048998	0.616474410251	-0.635148972736	2.71793603897	3.47637104988	-3.64702653885
10	13	0.485931947827	-0.890713923992	0.0847591214692	0.446592204292	-4.97738409042	0.442842960358	2.57188057899
11	13	0.48911113292	0.478984749	-0.437189682656	-0.761208770052	2.744161129	-2.43720006943	-4.28286743164
12	13	0.499109879136	-0.547793867737	0.198261186577	0.812781877484	-3.14658737183	1.19034790993	4.61662721634
13	13	0.499930404127	0.615205077236	-0.540416402832	-0.573997233871	3.51777124405	-3.06709527969	-3.30790662766
14	13	0.499996781349	-0.345828169457	0.634303050893	0.691420651151	-2.04936313629	3.65864539146	3.90196275711
15	13	0.499999135733	0.270462686261	-0.931172462342	-0.244474499114	1.58368444443	-5.29543685913	-1.49236488342
16	13	0.499997600913	-0.566148244109	0.654492681057	0.501114254572	-3.17070579529	3.77530860901	2.92205739021
17	13	0.500000230968	0.449743048839	-0.708198014194	-0.544230431631	2.54606199265	-4.05076885223	-3.13913059235
18	13	0.499999321997	0.0204231039943	0.79334090116	0.608434968891	0.0592060610652	4.57744264603	3.44694972038
19	13	0.499999448657	0.169716864536	-0.980947849325	0.0945383668005	1.00623118877	-5.62221431732	0.441760063171
20	13	0.499993443489	-0.382365676307	0.918729626457	0.0986527397083	-2.21122741699	5.24851131439	0.540358066559
21	13	0.4995149225	0.774217799154	-0.631689017948	0.0394434288204	4.34122848511	-3.73351383209	0.240153074265
22	13	0.496115997434	-0.148532732786	0.988845447749	-0.011077353323	-0.85548388958	5.64745521545	-0.00148487091064
23	13	0.468851298094	-0.771100533986	-0.239340150134	-0.590017168411	-4.2089715004	-1.40911900997	-3.15536975861
24	13	0.455737605691	0.0777213363547	0.823247340403	0.562337274591	0.377552568913	4.35800790787	2.94065928459
25	13	0.498819679022	-0.0147917214572	-0.969671128939	-0.243965380083	-0.10265275836	-5.55976247787	-1.37048625946
26	13	0.499583050609	0.261210490862	0.964790415471	-0.0307982739519	1.5060646534	5.51303195953	-0.131878376007
27	13	0.499915406108	-0.340929534795	-0.927447917379	0.153647039848	-1.95248055458	-5.30386924744	0.855526924133
28	13	0.499910846353	0.458134670123	0.863925203661	-0.209155125471	2.63086628914	4.92763376236	-1.22970032692
29	13	0.49995598942	-0.34014739704	-0.654357320015	0.675363787917	-2.01082468033	-3.83031535149	3.7643198967
0	14	0.499997451901	-0.594777052571	-0.79599021381	0.112427030794	-3.41633534431	-4.54195213318	0.622868061066
1	14	0.499999552965	0.677017890896	0.722559740592	-0.139836321045	3.83363556862	4.16626405716	-0.825274705887
2	14	0.499998927116	-0.72408317072	-0.679519474207	0.118139096209	-4.0783700943	-3.96203565598	0.694187641144
3	14	0.499959975481	0.468184909592	0.879369300567	-0.0866748155496	2.67109632492	5.03658723831	-0.463562488556
4	14	0.499728962779	-0.298566453214	-0.920312132196	-0.252752155971	-1.73112130165	-5.28878831863	-1.34941601753
5	14	0.471573159099	0.21154495122	0.929027783224	-0.303572251056	1.2013053894	5.07935237885	-1.61138963699
6	14	0.357924658805	0.62976776846	0.369154840006	-0.683459773439	2.63349819183	1.54820036888	-2.94380807877
7	14	0.403731867671	0.394255763584	0.797900307544	-0.455979705802	1.90178990364	3.78691577911	-2.17222738266
8	14	0.483309045434	0.581274015868	0.684477921388	-0.440011924394	3.26830172539	3.87514615059	-2.43212103844
9	14	0.47932703048	-0.689909505388	-0.488940169412	0.533818681867	-3.81738710403	-2.75790214539	2.96687221527
10	14	0.381161056459	-0.65462400228	0.472423874696	-0.590155147615	-2.92007851601	2.13937664032	-2.64996576309
11	14	0.398629173636	-0.512615889667	0.342757160415	-0.787237244193	-2.4094285965	1.6728682518	-3.66731953621
12	14	0.49182805419	0.540359356678	-0.423357838603	-0.72717254221	3.12289905548	-2.36885499954	-4.09417915344
13	14	0.499949261546	-0.842880789681	0.303482751327	0.444353681242	-4.79718923569	1.80697703362	2.54618859291
14	14	0.49999666214	0.712928854719	-0.679651351768	-0.172645556412	4.0584359169	-3.90351319313	-1.05747032166
15	14	0.5	-0.201441089376	0.901785728888	0.382366299096	-1.21088862419	5.16016197205	2.18849778175
16	14	0.500001665205	-0.207661263179	-0.490091888077	-0.846573529598	-1.04137372971	-2.90823459625	-4.85173225403
17	14	0.500000610948	-0.147700093806	0.475550399318	0.867200380534	-0.871574282646	2.77819013596	4.93212509155
18	14	0.49999858439	-0.0281481929497	-0.608838390664	-0.792794735911	-0.115125223994	-3.5475859642	-4.49607658386
19	14	0.49999974668	-0.442451067849	0.882674646068	0.158500857248	-2.46404838562	5.089220047	0.952766656876
20	14	0.499997600913	0.448094213717	-0.826653541882	-0.340375523984	2.54011106491	-4.77311658859	-1.87546277046
21	14	0.499701529741	-0.434006827593	0.884859930335	-0.169295532399	-2.48522233963	5.08729457855	-0.866785287857
22	14	0.484717220068	0.27951313328	-0.878049240591	-0.388460988287	1.57573664188	-4.90924358368	-2.1435303688
23	14	0.398179963231	-0.407326428731	-0.791496627379	0.455651477891	-1.98753070831	-3.5996940136	2.16916513443
24	14	0.330760896206	-0.573882691536	0.634484472913	0.517772256873	-2.28582024574	2.38338708878	2.06896090508
25	14	0.469246700406	-0.244834510248	0.945737721261	-0.213626368166	-1.31532716751	5.1538310051	-1.0625743866
26	14	0.497794926167	-0.343239027615	-0.865114771799	-0.365736792703	-1.93998420238	-4.99418449402	-1.99636757374
27	14	0.499549150467	0.264900505807	0.964258022034	0.0058471331848	1.52118194103	5.52306461334	0.0572562217712
28	14	0.499767974019	-0.653016390357	-0.737421757652	0.172565191353	-3.70605993271	-4.24451255798	0.962215423584
29	14	0.499986961484	0.717845299988	0.695118618807	-0.0388359507643	4.08547639847	4.00041151047	-0.267863750458
0	15	0.499996706843	0.733843039691	0.626018460504	0.263771264935	4.16291904449	3.67768287659	1.42844820023
1	15	0.499999836087	-0.145481090073	-0.93583322031	0.321016255345	-0.910730361938	-5.36511039734	1.80018615723
2	15	0.499999269843	-0.00697600650605	0.967073000071	-0.254403513864	0.048975225538	5.53873825073	-1.4554541111
3	15	0.499992772937	-0.453793074088	-0.875392559992	0.166612459976	-2.54097366333	-5.03353738785	1.01432871819
4	15	0.499675288796	0.361638082294	0.834966003885	-0.414788704995	2.05551815033	4.81061458588	-2.34430766106
5	15	0.49897377193	-0.458194050597	-0.887830055537	0.0426146040966	-2.59274530411	-5.09123659134	0.338066577911
6	15	0.480425089598	0.435102748112	0.884838354925	-0.166573359933	2.39965105057	4.90973091125	-0.984511852264
7	15	0.494191180915	-0.146144215584	-0.428642019853	0.891576069143	-0.899729311466	-2.43790864944	5.07957935333
8	15	0.498775176704	0.371758301947	-0.413291150373	-0.831255790931	2.14971423149	-2.34011650085	-4.80842208862
9	15	0.483493767679	-0.778433711461	0.110550816734	0.617915426074	-4.33896112442	0.636947870255	3.50818014145
10	15	0.401645883918	-0.00121788834058	0.873198297086	-0.487363571386	-0.0313514396548	4.09416294098	-2.3227045536
11	15	0.41244713217	0.227203624601	0.887023327639	-0.401955382091	1.09680271149	4.29395437241	-1.97305679321
12	15	0.49637042731	-0.824875539615	-0.083048394202	0.559180926325	-4.76148080826	-0.41638225317	3.15322351456
13	15	0.499507516623	0.820839722271	-0.548561537529	-0.15906724957	4.70729255676	-3.11865568161	-0.93230175972
14	15	0.499993219972	-0.718797658839	0.680022644396	0.144565309656	-4.10666418076	3.8893737793	0.821138620377
15	15	0.499998867512	0.656158697085	-0.74422617615	0.124832539718	3.75463986397	-4.29370975494	0.587237119675
16	15	0.499998122454	-0.718422658648	0.582636772091	0.380004309644	-4.06074571609	3.39326858521	2.21780157089
17	15	0.49999986589	0.658351197318	-0.629463273095	-0.41273440469	3.70281362534	-3.64860892296	-2.41438865662
18	15	0.499999597669	0.0228867551893	0.838607601474	0.544254983613	0.102028429508	4.80603981018	3.11282157898
19	15	0.499999344349	-0.194734846581	-0.971355311386	-0.136188099956	-1.02959918976	-5.57378578186	-0.847658157349
20	15	0.499991074204	-0.0769655857797	0.995810384991	0.0493758620101	-0.437643945217	5.69612979889	0.356637716293
21	15	0.499723032117	0.0200912771265	-0.948763160462	-0.315348705298	0.178556159139	-5.43578720093	-1.77510356903
22	15	0.498008817434	-0.282659031478	0.830738969669	0.479558793264	-1.6295800209	4.75133466721	2.70740938187
23	15	0.47096824646	0.740452608107	-0.571948984657	-0.352993334353	3.97437930107	-3.18584299088	-1.93044006824
24	15	0.445082083344	-0.774736390471	-0.151002197558	0.613988486547	-4.00314235687	-0.697314620018	3.184278965
25	15	0.487560898066	0.298245320164	-0.810779881639	-0.503672227277	1.67936372757	-4.60017585754	-2.82818222046
26	15	0.433131098747	0.576852952044	0.762624178582	-0.292651728101	2.86804771423	3.86348748207	-1.46861970425
27	15	0.471304655075	0.479233360727	-0.789504901851	-0.383428475625	2.55481338501	-4.38563251495	-2.09033489227
28	15	0.498877316713	0.700274094277	0.71239008913	-0.0460060191082	3.9600584507	4.1359629631	-0.263944149017
29	15	0.499928206205	-0.724450777563	-0.68416758938	-0.0841770784117	-4.13246250153	-3.92499685287	-0.449577093124
0	16	0.499996319413	-0.260638109973	-0.96529734764	-0.0163953123939	-1.53987157345	-5.51918697357	-0.0337083339691
1	16	0.500000163913	0.249111384145	0.894282883815	-0.371754814367	1.37227368355	5.14591884613	-2.09477448463
2	16	0.500000029802	0.0180670335174	-0.969364726105	0.244960425547	0.111130580306	-5.53519535065	1.45055627823
3	16	0.4999987185	-0.116063548935	0.645690504419	-0.754727119635	-0.659871101379	3.76006937027	-4.28044605255
4	16	0.499975405633	0.257937137726	-0.429938025652	0.865229291622	1.43100166321	-2.57273101807	4.92292928696
5	16	0.499787963927	0.122606740167	0.733256075256	-0.668807233338	0.686478495598	4.1864900589	-3.85190033913
6	16	0.499578334391	-0.166183426857	-0.644115114239	0.746658414703	-1.0146291256	-3.69858384132	4.2446603775
7	16	0.499600470066	0.607117035642	0.542860095172	-0.580268749894	3.41661119461	3.06742072105	-3.42378759384
8	16	0.499792382121	-0.436097812083	-0.0744046519337	0.896818067429	-2.5201625824	-0.451435744762	5.11705446243
9	16	0.499670445919	0.324071836044	0.282829699461	-0.902765089149	1.92520844936	1.55024957657	-5.16244411469
10	16	0.4938315209	-0.385565496006	0.0723365174411	0.919840571259	-2.12755060196	0.356642335653	5.26838350296
11	16	0.491328749806	-0.542553767555	0.0444521150574	-0.838844096825	-3.10360980034	0.256111562252	-4.74941396713
12	16	0.499780744314	0.950498628635	-0.0669865970734	0.303422399924	5.45690727234	-0.445380538702	1.72782516479
13	16	0.499925762415	-0.670900536141	0.694941882482	-0.25874360007	-3.9020280838	3.94995832443	-1.41266179085
14	16	0.499996438622	0.638976065958	-0.739084963744	-0.21322055131	3.66611814499	-4.22758102417	-1.19372653961
15	16	0.499994009733	-0.46157652264	0.696542032988	0.54934170607	-2.66487908363	4.02510404587	3.07882595062
16	16	0.499972417951	0.312240311912	-0.717372550312	-0.622802225169	1.82709527016	-4.14917707443	-3.50048851967
17	16	0.499983012676	-0.44116411172	0.842947602468	0.307918115777	-2.47837328911	4.83143758774	1.81597566605
18	16	0.499991379678	-0.142972710723	-0.830484661193	-0.538380935317	-0.745370745659	-4.77370357513	-3.06842875481
19	16	0.499996095896	-0.137976306267	0.733556405237	0.665475423472	-0.737881660461	4.25689792633	3.75583100319
20	16	0.499996125698	-0.11833829165	-0.855470898292	-0.504148381832	-0.606897413731	-4.91351747513	-2.87446832657
21	16	0.499966323376	-0.222247586095	0.924415051642	0.309940030931	-1.27664613724	5.27636432648	1.80510163307
22	16	0.499816432595	0.53099430596	-0.766587199024	-0.361094327469	2.96629619598	-4.41703510284	-2.12336111069
23	16	0.496356323361	0.206558215618	0.873365615015	0.441096594942	1.02291965485	5.01343679428	2.53424668312
24	16	0.495126664639	0.109706500301	-0.892920428613	-0.43664355252	0.65437412262	-5.0547504425	-2.53675031662
25	16	0.45760139823	0.238919479565	0.896323333748	0.373526389514	1.24031805992	4.7611246109	1.94493174553
26	16	0.302964188159	0.123778691197	0.902171318413	-0.41323812486	0.520177721977	3.25287938118	-1.43398499489
27	16	0.42510532029	0.0447659008564	0.427688940048	-0.902816805715	0.273126631975	2.17277503014	-4.43061113358
28	16	0.497947469354	-0.355417298373	-0.842238581247	0.405355049649	-2.05993461609	-4.81263446808	2.28472399712
29	16	0.499832749367	0.589826295027	0.759629656948	-0.273984901006	3.34178137779	4.37838506699	-1.55015659332
0	17	0.499996244907	0.0922579864515	0.894521092842	-0.437401964327	0.511905431747	5.1360669136	-2.47472333908
1	17	0.5	0.310836626406	-0.886224917193	0.343490884641	1.71777439117	-5.09041690826	1.97215604782
2	17	0.499999180436	-0.322952251116	0.904376325616	-0.278936023427	-1.83247697353	5.17328357697	-1.61106538773
3	17	0.499999478459	0.476065202833	-0.68613551988	0.550072696114	2.68831253052	-3.94473314285	3.15299487114
4	17	0.499996930361	-0.518434445288	0.746020236727	-0.417946805626	-2.94569683075	4.23533439636	-2.49133348465
5	17	0.499990848824	0.225603040591	-0.256816638199	0.939759800385	1.257417202	-1.56761884689	5.37360143661
6	17	0.499981239438	0.456883129269	0.450369916951	-0.76708848518	2.5463039875	2.54841351509	-4.45626115799
7	17	0.499960649759	-0.353325213525	-0.0819678640713	0.931902657335	-2.07146310806	-0.539158761501	5.30846214294
8	17	0.49999126792	0.648292679862	0.280705011581	-0.707757937229	3.6883020401	1.58626770973	-4.0745677948
9	17	0.499897532165	-0.681009781538	-0.0578159293324	0.729988353171	-3.82779884338	-0.368538439274	4.24342918396
10	17	0.499808861874	0.0003027807213	0.153499371649	-0.988148698945	0.0196747668087	0.861221194267	-5.66970348358
11	17	0.499639838934	0.645221953114	-0.384933993001	0.659935187917	3.68025588989	-2.16433334351	3.81908893585
12	17	0.499921038747	-0.890486624898	0.409298248726	-0.198767488456	-5.08219003677	2.35128974915	-1.18533587456
13	17	0.499993652105	0.794836704183	-0.603557876296	-0.0628689402287	4.5373249054	-3.48161649704	-0.280857801437
14	17	0.499991580844	-0.703738213719	0.710098264446	-0.0226490923065	-4.01178646088	4.07798862457	-0.106432914734
15	17	0.499915763736	0.381197119396	-0.865099158841	-0.326024848035	2.19401693344	-4.95926141739	-1.82997894287
16	17	0.499802112579	-0.0511660995429	0.998189943663	-0.0316048513174	-0.372780114412	5.71816921234	-0.0866193771362
17	17	0.499555826187	0.0659334024589	-0.922547852442	-0.380208161925	0.385286808014	-5.30718231201	-2.10562992096
18	17	0.499803513288	-0.00181928856051	0.954400149993	0.298524779343	-0.0218268167228	5.44570636749	1.73345327377
19	17	0.49998486042	0.112365045555	-0.881559633504	-0.458504862694	0.662007331848	-5.03103542328	-2.63902616501
20	17	0.499997071922	-0.180847527441	0.715748141583	0.674535966157	-1.05916452408	4.13816547394	3.81047153473
21	17	0.499996349216	0.475578016359	-0.758575885464	-0.445407876388	2.70766234398	-4.34245061874	-2.57128238678
22	17	0.49997074157	-0.343019726804	0.35314199916	0.870418402524	-2.04488515854	2.1528134346	4.91056728363
23	17	0.499918460846	0.638330845077	-0.680520672952	-0.359757343093	3.61926484108	-3.90788626671	-2.13019585609
24	17	0.499162934721	-0.405686290211	0.421297508916	0.81112702021	-2.36480140686	2.46555089951	4.59114646912
25	17	0.488620698452	0.483744943107	-0.652360284746	-0.583452559258	2.67055630684	-3.69931840897	-3.31367826462
26	17	0.450281515718	0.890224105343	0.454877092493	0.0242460922839	4.61395359039	2.47311639786	0.0942852497101
27	17	0.489650130272	-0.435165578857	-0.846416026725	-0.306937825432	-2.44395112991	-4.79839992523	-1.71387910843
28	17	0.499255821109	0.244770040376	0.967684476812	-0.0606166699047	1.44398462772	5.518658638	-0.395574569702
29	17	0.499971687794	-0.352268085392	-0.810630147709	0.467745614239	-1.99474596977	-4.65788936615	2.66217899323
0	18	0.499998047948	0.256802744228	-0.900648129485	0.350549992743	1.40431308746	-5.15061998367	2.08293390274
1	18	0.499999850988	-0.275442067579	0.902149267712	-0.332051752253	-1.5563223362	5.15946960449	-1.91392230988
2	18	0.499999329448	0.264105302568	-0.959379269565	0.0991957977145	1.5034250021	-5.48875188828	0.649478912354
3	18	0.499997869134	-0.342232609979	0.575975932522	-0.742380337713	-1.98977315426	3.3527674675	-4.19343900681
4	18	0.499989196658	0.577836426811	-0.618190558834	0.532865364626	3.27746772766	-3.53101634979	3.08832192421
5	18	0.499990593642	-0.239418306346	0.322323028944	-0.915853012005	-1.3605517149	1.8738591671	-5.23754310608
6	18	0.499992568046	-0.195038671128	-0.0216433210826	0.980556721163	-1.11431598663	-0.208772242069	5.61419343948
7	18	0.499996997416	0.361232669892	0.0688813732521	-0.929928123363	2.0751311779	0.458147883415	-5.31841850281
8	18	0.499997586012	-0.714320396237	-0.533763986878	0.452595158869	-4.05402088165	-3.00564813614	2.73141980171
9	18	0.499998820946	0.367384065907	0.0714734407146	-0.927318982546	2.11362624168	0.452721476555	-5.30918741226
10	18	0.499993860722	0.105987713172	0.170336666452	0.979669344585	0.612530529499	0.906329870224	5.62163877487
11	18	0.499994575977	-0.584384780684	0.0898559822887	-0.806486410643	-3.3185069561	0.564835131168	-4.63780975342
12	18	0.499996498227	0.6937648548	-0.557496768792	0.455947013403	3.95319843292	-3.18257236481	2.6588602066
13	18	0.4999961555	-0.379024625842	0.786786805538	-0.487141514999	-2.26021337509	4.48491287231	-2.75161981583
14	18	0.499975278974	0.660451788762	-0.684752039497	0.308087778281	3.75068235397	-3.96786308289	1.7222328186
15	18	0.499292045832	-0.32151811176	0.929129107362	0.182606696653	-1.89007306099	5.30108451843	1.00128054619
16	18	0.495551973581	0.591407718937	-0.806367030892	-0.00302017751443	3.30905580521	-4.64340209961	0.0137021541595
17	18	0.48645311594	0.218223922419	0.897498104354	-0.383243359191	1.15652751923	5.09187364578	-2.08347916603
18	18	0.498802006245	0.0793486124019	-0.971007387057	-0.225496013246	0.476642906666	-5.55192279816	-1.2880396843
19	18	0.499757900834	-0.418066116158	0.803632817296	0.42355048989	-2.38934063911	4.62224912643	2.38409376144
20	18	0.499991968274	0.526297243882	-0.771032268524	-0.358497492289	2.98575687408	-4.44346380234	-2.03499889374
21	18	0.499998137355	-0.733347612767	0.674020786838	0.0888665165233	-4.15233898163	3.89282727242	0.575204372406
22	18	0.499994784594	0.598195104588	-0.72360376252	-0.344325734898	3.43429756165	-4.15173339844	-1.95327067375
23	18	0.499911293387	-0.82288396884	0.566422893163	0.0450231043724	-4.69504070282	3.26539802551	0.335470199585
24	18	0.498108811677	0.80539562719	0.013581238365	-0.592582005859	4.61103487015	-0.0942616164684	-3.41420602798
25	18	0.49167894572	-0.169723302772	0.63635323472	0.752494891117	-1.03251290321	3.60264539719	4.25990200043
26	18	0.433801040053	-0.235033859197	-0.970766998199	0.0486879886509	-1.17399084568	-4.87369251251	0.249840021133
27	18	0.48839648068	0.146487887517	0.851488680715	0.503496102691	0.866793930531	4.83945608139	2.77786803246
28	18	0.499798804522	-0.466043189714	-0.767530446158	0.440114484585	-2.61455774307	-4.45496559143	2.5017580986
29	18	0.499974504113	0.0655058073728	0.63355090436	-0.770922979801	0.414523005486	3.68341326714	-4.36648750305
0	19	0.499999117106	0.197794655724	0.548421444706	-0.812472272236	1.09899234772	3.18830037117	-4.62682437897
1	19	0.499999299645	0.0280357774819	-0.743091214084	0.668602604491	0.131764739752	-4.27902126312	3.80438709259
2	19	0.49998947978	0.152684960528	0.974605210454	-0.163804720883	0.814146280289	5.58132886887	-1.03096270561
3	19	0.499972142279	0.414570559082	-0.61376948599	0.671876677382	2.33686733246	-3.5986969471	3.8073182106
4	19	0.499764204025	-0.673907131846	0.572822213094	-0.466608926011	-3.81029844284	3.27235794067	-2.74623179436
5	19	0.499647118151	0.11070365858	-0.626399987846	0.771600774497	0.675611972809	-3.55582857132	4.43156719208
6	19	0.499842137098	0.124074824427	0.462106668698	-0.878101853254	0.673250436783	2.6617872715	-5.0231013298
7	19	0.499978139997	-0.122678890971	-0.521102157538	0.844631535712	-0.736823022366	-2.9395775795	4.84806060791
8	19	0.499996587634	0.291432468661	0.426638858069	-0.856181289796	1.64089488983	2.45227718353	-4.90916347504
9	19	0.499999649823	-0.158349804938	-0.460143736601	0.873609226681	-0.879525542259	-2.5889415741	5.03016614914
10	19	0.499999938533	-0.290598023141	0.0281461052479	-0.956431171442	-1.61162185669	0.234709382057	-5.49208068848
11	19	0.499999299645	0.149681894072	-0.263310530286	0.953028276195	0.917751669884	-1.54101598263	5.43923997879
12	19	0.499999411404	-0.259966217561	0.504719799976	-0.823210476877	-1.55792713165	2.90190458298	-4.68397808075
13	19	0.499995365739	0.573437455115	-0.677335653977	0.460853444082	3.27014565468	-3.866355896	2.67046403885
14	19	0.499899566174	-0.540037444831	0.81632296868	-0.204881353437	-3.09142351151	4.6592798233	-1.19928717613
15	19	0.495873734355	0.351471582087	-0.935993223215	-0.0196064550681	2.03972148895	-5.31639528275	-0.0511202812195
16	19	0.445193171501	-0.562102870453	0.345250280222	-0.751560115384	-2.96518230438	1.86090230942	-3.82283449173
17	19	0.366171360016	-0.793105214755	0.508812755947	0.334803969085	-3.4484102726	2.22100138664	1.39619970322
18	19	0.469873964787	-0.369391892226	0.878688472466	0.302417258623	-2.02667331696	4.78981399536	1.60885620117
19	19	0.499187350273	0.785404566218	-0.609486468574	0.108008851441	4.43450069427	-3.58110618591	0.580431461334
20	19	0.499989256263	-0.112123504458	0.979213736658	-0.169023009345	-0.759660482407	5.61194038391	-0.902682304382
21	19	0.499999031425	0.583485312182	-0.789199560927	-0.191595781531	3.28417253494	-4.58483505249	-1.02767467499
22	19	0.499998599291	-0.265953943307	0.955993262721	-0.123876477473	-1.58110761642	5.46433448792	-0.654380559921
23	19	0.499951899052	0.592872994545	-0.804885817052	0.0256989075362	3.354388237	-4.6374502182	0.143397331238
24	19	0.498456403613	-0.47825786215	0.867614721669	0.13606657207	-2.73311328888	4.96679782867	0.816962242126
25	19	0.450812578201	-0.126615637029	-0.857519806263	-0.498626375483	-0.636389255524	-4.49402618408	-2.5360622406
26	19	0.261363983154	-0.0895937357106	-0.994935218352	0.0455727309322	-0.27105307579	-3.09960126877	0.125263214111
27	19	0.444150015712	0.196861695274	-0.803316131262	0.562075320743	0.967652857304	-4.15579414368	2.83941221237
28	19	0.499318167567	0.0790567900644	0.73137269737	-0.677380248817	0.493156760931	4.17167711258	-3.88305997849
29	19	0.499929711223	-0.26403623845	-0.573513265305	0.775478819378	-1.49317741394	-3.2973139286	4.42419672012
0	20	0.499996952713	-0.212475421628	-0.510275017845	0.833350827303	-1.2533724308	-2.93520188332	4.74446821213
1	20	0.499995477498	0.288576296315	0.5906648294	-0.753550781643	1.61504280567	3.43391513824	-4.28393173218
2	20	0.499863162637	-0.306028312146	-0.834242303388	0.458679028736	-1.69547581673	-4.80987358093	2.59871482849
3	20	0.498419418931	0.180471076923	0.982767903846	-0.0399679567096	0.942822098732	5.66387748718	-0.332737445831
4	20	0.484021443874	0.612847921115	-0.0131736279775	0.790091058746	3.43378186226	-0.192637994885	4.44818210602
5	20	0.485845856369	-0.241605325758	0.496434345835	-0.83377443403	-1.36984968185	2.78949689865	-4.65859460831
6	20	0.497969277203	0.330654491868	-0.786114300695	0.522199112648	1.84346532822	-4.45581483841	3.07097482681
7	20	0.4997754246	0.292878728937	0.410469428465	-0.863560593376	1.54334902763	2.39405703545	-4.98349714279
8	20	0.499994844198	0.397430438697	-0.178162881479	0.900170558317	2.17004966736	-1.07242310047	5.19553661346
9	20	0.499999575317	-0.202016351186	0.439625574792	-0.875167839813	-1.13905668259	2.51333117485	-5.00871133804
10	20	0.499999925494	0.101729939984	-0.615720808369	0.78136989029	0.612271666527	-3.47883272171	4.50562953949
11	20	0.50000012666	-0.295216619426	0.789033204337	-0.538770591317	-1.68566322327	4.46344423294	-3.16942739487
12	20	0.499999426305	0.553195539981	-0.507041031563	0.660972077214	3.13221406937	-2.9140381813	3.79819965363
13	20	0.499991156161	-0.698980181195	0.195790270292	-0.687817473139	-3.97743606567	1.23885548115	-3.93353557587
14	20	0.499865040183	0.546647996066	-0.721149001248	0.425582056008	3.13664150238	-4.10302829742	2.46327996254
15	20	0.49409429729	-0.373375589261	0.796956327389	-0.474817103292	-2.12444043159	4.53477716446	-2.69501662254
16	20	0.424829155207	-0.943422721519	-0.153036967155	0.294165353509	-4.70953369141	-0.773333251476	1.48405861855
17	20	0.370323628187	-0.850527189276	0.259715252173	0.457330830024	-3.7133102417	1.09133386612	2.02182531357
18	20	0.475640662014	-0.0131053435355	-0.6514293655	0.758596092618	-0.0452632904053	-3.65265512466	4.1438536644
19	20	0.499726176262	-0.654650192925	0.687387971572	-0.314532830468	-3.70033788681	3.99226284027	-1.78897809982
20	20	0.499978616834	0.226357783568	-0.9739883547	-0.0104325800311	1.33042693138	-5.56862068176	-0.0287051200867
21	20	0.499999716878	0.0928795743274	0.952854288817	-0.28886344344	0.439110785723	5.49958515167	-1.56410598755
22	20	0.499997764826	0.0864911576779	-0.991068911336	0.10149725428	0.503601670265	-5.66290140152	0.5937936306
23	20	0.49997857213	0.03872540586	0.982381790263	-0.182828775363	0.173310637474	5.63082742691	-1.01230096817
24	20	0.499452739954	0.0212278769565	-0.999546326653	-0.0213662845369	0.158819973469	-5.71238803864	-0.146762132645
25	20	0.497957497835	0.129338965449	0.979380842094	0.155192133034	0.706181168556	5.61444854736	0.860561847687
26	20	0.445747196674	-0.0644308835394	-0.99193764622	-0.109125465672	-0.328586697578	-5.10896492004	-0.52111697197
27	20	0.494461305439	-0.0268958334561	0.633622413903	-0.77317478667	-0.104965142906	3.61308145523	-4.39978981018
28	20	0.498929429799	-0.277630250248	-0.369292423964	0.88687346885	-1.57123112679	-2.19357061386	5.03588199615
29	20	0.499977558851	0.452869108869	0.590854328669	-0.667683107863	2.5560734272	3.3578145504	-3.86084699631
0	21	0.49999962002	0.52329508558	0.4721826494	-0.70937000149	2.94108605385	2.72066545486	-4.0955619812
1	21	0.49998255074	-0.032562426578	-0.896160158983	0.442534357794	-0.236054420471	-5.10077095032	2.6057009697
2	21	0.499814853072	-0.287060868725	0.930326222059	-0.22823053739	-1.5776450634	5.34709262848	-1.37297987938
3	21	0.484312236309	0.446006023003	-0.857952260698	-0.254944201363	2.43476843834	-4.86872768402	-1.3593993187
4	21	0.403038710356	0.646377090337	0.758034132978	-0.0870684232587	3.03326463699	3.60425567627	-0.358029127121
5	21	0.38730609417	-0.208972974312	0.933510219007	0.291357112522	-0.863829851151	4.26916980743	1.35654830933
6	21	0.480479612947	-0.625001311713	0.539467107619	-0.564223891867	-3.4751625061	2.9813542366	-3.13764095306
7	21	0.499769426882	0.601687219743	-0.344584139432	0.720579114637	3.42002892494	-1.96192145348	4.17225646973
8	21	0.499973831698	-0.0606495341437	0.0387164851623	-0.997407974595	-0.453747957945	0.295883268118	-5.70413827896
9	21	0.499995362014	0.233661276768	-0.488104198693	0.840926096014	1.31539976597	-2.74396133423	4.84149217606
10	21	0.499996956438	-0.0492222104055	0.28273156972	-0.957935297129	-0.33047041297	1.72453665733	-5.45465135574
11	21	0.499997697771	0.155632319055	-0.638966847416	0.753325924928	0.92366963625	-3.65496397018	4.30286693573
12	21	0.499996595085	-0.372951451395	0.619694855539	-0.690568968982	-2.11896419525	3.5427107811	-3.95712566376
13	21	0.499988481402	0.399864084421	-0.516006518327	0.757526228611	2.33666467667	-2.95003843307	4.30774688721
14	21	0.499896101654	-0.571700586414	0.498914339339	-0.651339328995	-3.24907422066	2.88740348816	-3.71551179886
15	21	0.498374164104	0.681251967936	-0.533900122643	0.500845700017	3.81593179703	-3.12218928337	2.88057303429
16	21	0.493983656168	-0.176382279328	0.814555354169	-0.552620001931	-1.02795791626	4.65446186066	-3.13336753845
17	21	0.486494198442	-0.0308939954064	-0.935424319489	0.352174535644	-0.202369242907	-5.25613260269	1.99609041214
18	21	0.497519075871	0.213177186977	0.976770785857	0.0217788624183	1.15745520592	5.59521865845	0.0325169563293
19	21	0.499795332551	0.491435405293	-0.862775563971	0.118783705271	2.7617058754	-4.97964954376	0.650464773178
20	21	0.499987259507	-0.606020831964	0.735850770961	0.302096663506	-3.39071655273	4.30706357956	1.67599844933
21	21	0.499999627471	0.149050734034	-0.919705680465	-0.36321528052	0.90803951025	-5.3145942688	-1.9670522213
22	21	0.499998748302	-0.276257009283	0.956168894009	-0.0970727096135	-1.52223873138	5.49089717865	-0.509871482849
23	21	0.49998831749	-0.176406712699	-0.979696037932	0.0952698534487	-0.93267428875	-5.6229763031	0.535850524902
24	21	0.499964952469	-0.305855196398	0.875494837068	0.37411413914	-1.71074748039	5.05851316452	2.08032298088
25	21	0.499258831143	0.202430298774	-0.963173814178	0.176969426228	1.13872313499	-5.52488899231	0.950530290604
26	21	0.499066069722	0.0834700905379	0.884776164716	-0.458479969394	0.487963438034	5.07992935181	-2.58355212212
27	21	0.499141208827	-0.376324643176	-0.611271120332	0.696223656871	-2.07617378235	-3.54748153687	3.97126507759
28	21	0.499963089824	0.252535194762	0.716509334545	-0.650261754155	1.47795605659	4.04653596878	-3.76379156113
29	21	0.499980449677	-0.497898151616	-0.457204531027	0.73692702992	-2.82355737686	-2.62382793427	4.22649669647
0	22	0.499997131526	-0.242384375978	-0.0362510245544	0.969502799119	-1.43603205681	-0.292460918427	5.53512859344
1	22	0.499969951808	0.315654061531	0.541393720626	-0.77926590629	1.79461097717	3.0699198246	-4.48902893066
2	22	0.499824434519	-0.204113978848	-0.379357042924	0.902455382622	-1.20043778419	-2.21385192871	5.15347671509
3	22	0.485547795892	0.580387602391	0.332245379446	-0.743480489877	3.22281932831	1.90251410007	-4.19022035599
4	22	0.414670914412	0.705042983788	0.257941111643	0.660591230593	3.39537572861	1.2945047617	3.20808076859
5	22	0.399707941338	0.305025681809	0.304632538802	0.902307236887	1.42521429062	1.48820972443	4.2288608551
6	22	0.478268578649	0.978303009919	0.172049923213	0.115421162296	5.41680431366	0.936864972115	0.701323032379
7	22	0.499224960804	-0.91542474158	-0.215264247864	-0.340086527364	-5.24044656754	-1.13496148586	-2.0137887001
8	22	0.499954245985	0.591791768802	-0.223554909723	0.77447124202	3.37606215477	-1.23665392399	4.46084737778
9	22	0.499990221113	-0.18855351412	0.328457433182	-0.925507043139	-1.1617821455	1.93735408783	-5.26644992828
10	22	0.499890461564	0.378373678323	-0.828458607384	0.41290397843	2.16083049774	-4.69514560699	2.47912144661
11	22	0.499895185232	-0.372317370638	0.718602103683	-0.587359167889	-2.08396482468	4.13680553436	-3.35406494141
12	22	0.499947674572	0.0748810577045	-0.743599071862	0.664419481595	0.527398586273	-4.2433962822	3.80464696884
13	22	0.499871179461	-0.683136509726	0.557067910998	-0.472228601015	-3.82389593124	3.23325634003	-2.78132891655
14	22	0.499596901238	0.276791795308	-0.647949141729	0.709611310355	1.62066721916	-3.73686599731	4.01481246948
15	22	0.497071281075	-0.128965788153	0.905731015553	-0.403756303915	-0.842578053474	5.16413879395	-2.32419013977
16	22	0.436436384916	0.604288399214	-0.792361159036	-0.0836619640313	3.09295988083	-4.024538517	-0.429916143417
17	22	0.430125027895	0.688045630129	-0.0694350044017	-0.722337864869	3.47121143341	-0.323388278484	-3.6603512764
18	22	0.495390340686	-0.0863069585614	-0.957043292473	0.27680181581	-0.506388366222	-5.4551320076	1.58208727837
19	22	0.499584853649	0.171073679954	0.978249468484	0.117310585359	0.912412941456	5.62063550949	0.590178966522
20	22	0.499992355704	-0.0772311537059	-0.996584370372	-0.0292393848732	-0.363569140434	-5.7203335762	-0.130905389786
21	22	0.499999254942	-0.499099543166	0.660573882545	-0.560840255073	-2.78819990158	3.96868753433	-3.11378192902
22	22	0.499995231628	0.0708677781579	-0.964110692703	-0.255867798355	0.401312291622	-5.56357765198	-1.34927129745
23	22	0.499939620495	0.0358368321363	0.927020344359	-0.373294793169	0.206939667463	5.38759565353	-1.9962515831
24	22	0.499470897019	0.395968219306	-0.67720614495	-0.620162080864	2.22369503975	-3.97575950623	-3.4808049202
25	22	0.499480724335	-0.381968370644	0.887801006447	0.256728527396	-2.10467672348	5.13273620605	1.45695161819
26	22	0.499718859792	-0.290132567693	-0.939359473462	0.182830174698	-1.58680081367	-5.39584445953	1.08512353897
27	22	0.499905079603	-0.13106954331	0.84419717971	-0.519761384277	-0.646201908588	4.84201145172	-2.99684476852
28	22	0.499976500869	-0.366718768191	-0.456358989017	0.810711920598	-2.06101226807	-2.63603591919	4.6465511322
29	22	0.499997111037	0.35294421612	0.125624535754	-0.927172506238	2.02356362343	0.766279578209	-5.29565143585
0	23	0.499991603196	0.439883778735	0.229788854878	-0.868158593449	2.4756629467	1.28203630447	-4.99376392365
1	23	0.499951601028	-0.432002610592	-0.149252430122	0.889436595011	-2.45885801315	-0.887452661991	5.08662414551
2	23	0.498843666166	0.501669691032	-0.0406381146129	-0.864104197849	2.85822582245	-0.135425925255	-4.94821834564
3	23	0.490849353373	-0.778500106385	-0.27985023744	0.561801948166	-4.35880088806	-1.56679940224	3.2717051506
4	23	0.465410470963	-0.56453537842	-0.651850849254	-0.506349954912	-3.04819393158	-3.56413149834	-2.79068374634
5	23	0.404282420874	-0.647297664524	0.356526157746	-0.673717175337	-3.08758163452	1.71688950062	-3.20902967453
6	23	0.436937458813	-0.536049184768	0.388469403543	-0.749495026015	-2.76452541351	1.98350286484	-3.80229139328
7	23	0.499365672469	0.836518894198	-0.408783118687	0.36487326776	4.85114622116	-2.25963163376	2.11193847656
8	23	0.499780289829	-0.588258300461	-0.159288267777	-0.792830006803	-3.47571897507	-0.802892446518	-4.50259017944
9	23	0.499684430659	0.675649478933	-0.49282650834	0.548288076009	3.85811710358	-2.79151058197	3.17950296402
10	23	0.499547950923	-0.515929828188	0.584820697665	-0.625940223958	-2.95140814781	3.39953541756	-3.53429889679
11	23	0.49779227376	0.0521042750262	-0.971707237619	0.230369678738	0.369094580412	-5.52366638184	1.43931245804
12	23	0.498354174197	-0.393177488814	0.598007148379	-0.698426025272	-2.1650454998	3.49426698685	-3.97969532013
13	23	0.498690187931	0.258062961012	-0.671042194509	0.69505818558	1.52490127087	-3.84923243523	3.93464612961
14	23	0.498888999224	-0.179559625208	0.896203767168	-0.405681092374	-1.09508621693	5.0972776413	-2.34804320335
15	23	0.476142242551	0.873347102688	-0.482490754861	0.0668394322298	4.76997089386	-2.74074864388	0.413972854614
16	23	0.345386825502	0.740351437716	-0.336952356912	-0.581672466121	3.0270614624	-1.47283124924	-2.36637973785
17	23	0.384751547128	0.412578322905	-0.355488359971	-0.838693718466	1.9015390873	-1.58089160919	-3.79484653473
18	23	0.488663449883	-0.341441612757	0.604563293854	-0.71966717919	-1.91500711441	3.48374414444	-4.00106811523
19	23	0.499853745103	0.0368679891217	-0.898925785403	0.436546886044	0.24929009378	-5.14569473267	2.50992321968
20	23	0.499993756413	-0.00903638396148	0.959161073226	-0.282716075548	-0.0335910357535	5.48225975037	-1.64156103134
21	23	0.499996885657	-0.307573471488	-0.938755554254	0.155359483115	-1.70822453499	-5.38909769058	0.95777130127
22	23	0.499989420176	0.542732668257	0.839423989846	-0.0284361755157	3.05991792679	4.83722686768	-0.144835472107
23	23	0.499480471015	-0.421598165068	-0.80619354549	-0.415098728524	-2.37910842896	-4.66351699829	-2.31734871864
24	23	0.497942775488	0.000474174646399	0.78529995185	0.619115304917	0.0450286790729	4.51433706284	3.51381659508
25	23	0.473893731833	-0.435281854684	-0.804508531646	-0.404098663066	-2.34592247009	-4.45102071762	-2.17710494995
26	23	0.49728153646	0.261400682613	0.841319942133	-0.473128352669	1.49928760529	4.82981491089	-2.65727901459
27	23	0.499449968338	-0.111909460735	-0.946443458129	0.302854838434	-0.67275929451	-5.38241958618	1.85297966003
28	23	0.499956153333	0.229059293837	0.297523940007	-0.926828649228	1.34562337399	1.74612271786	-5.288418293
29	23	0.499995874241	-0.321935812905	-0.185157493303	0.928479420904	-1.8263657093	-1.08161115646	5.30892515182
0	24	0.499948092736	-0.0974486453567	0.0650558957481	0.993112023866	-0.577281951904	0.267375171185	5.69214105606
1	24	0.499572273344	0.286649754716	0.360052356451	-0.887803029244	1.61199951172	2.0160343647	-5.10313606262
2	24	0.497610375285	-0.250776703112	-0.516608079094	0.818674011919	-1.43670475483	-2.9180328846	4.70441675186
3	24	0.431249320507	0.146732436293	0.939732208109	-0.308825143377	0.693153500557	4.71255302429	-1.60303676128
4	24	0.413269802928	-0.626083967454	0.648587119884	-0.432843636453	-3.09500789642	3.13310909271	-2.10236859322
5	24	0.363102830946	-0.637473545329	0.664114477291	-0.390614183126	-2.71829605103	2.91082143784	-1.72601115704
6	24	0.425610527396	0.0477529342422	0.83508531011	-0.548043960016	0.236999452114	4.16756439209	-2.75331568718
7	24	0.49815146625	-0.693874844596	-0.291244336514	0.658569993612	-4.08632898331	-1.61082422733	3.71427440643
8	24	0.499263688922	0.97963579768	-0.10104261616	-0.173505312956	5.63580131531	-0.596346378326	-0.915072441101
9	24	0.498605668545	-0.849691786874	0.45281737083	-0.270148655362	-4.85947227478	2.58623957634	-1.52132105827
10	24	0.477707490325	0.696801410945	-0.661607814122	0.277025078283	3.84941291809	-3.64171218872	1.52836298943
11	24	0.451915930957	0.202235158055	0.528265475102	-0.824643273581	0.973880589008	2.77070116997	-4.32158088684
12	24	0.459771305323	-0.659975538832	-0.620349980475	0.423790266367	-3.48506140709	-3.36072134972	2.25917053223
13	24	0.4581900388	-0.534544331399	0.780133236888	-0.325045366791	-2.83861112595	4.10499858856	-1.80656194687
14	24	0.495494768023	0.290262085869	-0.88375158189	0.367057302085	1.68893289566	-5.0170006752	2.11444568634
15	24	0.497660279274	-0.594068698882	0.716750290323	-0.365173112826	-3.4138841629	4.12202119827	-2.01706361771
16	24	0.469514586031	0.200640446526	-0.757979055414	-0.620653818784	1.17854356766	-4.15287208557	-3.32814455032
17	24	0.486500680447	-0.672182820576	0.675465523307	-0.303177476977	-3.76554536819	3.82509183884	-1.66382074356
18	24	0.499350443482	0.502681257097	-0.818792969642	0.277289788179	2.8934032917	-4.65069437027	1.64939165115
19	24	0.499844834208	-0.521906036289	0.409718055504	-0.748161215433	-2.97379589081	2.45499610901	-4.24732065201
20	24	0.499988406897	0.0280995716025	-0.607487214217	0.793832286216	0.199700564146	-3.50418376923	4.52627849579
21	24	0.499995552003	0.154997223538	0.715927464209	-0.680752324041	0.894559502602	4.13617372513	-3.86464595795
22	24	0.499890133739	-0.671518956977	-0.702491765803	0.235727829074	-3.77331089973	-4.10030889511	1.37265324593
23	24	0.499235928059	0.358111146872	0.885635447891	0.295645497048	2.08237218857	5.10279273987	1.60454249382
24	24	0.450254350901	-0.424467058412	-0.893517574158	-0.146472048507	-2.23299789429	-4.66218900681	-0.758116960526
25	24	0.324904762208	-0.847967059228	-0.34521909405	0.402213430367	-3.24971866608	-1.36954545975	1.54115974903
26	24	0.447715774179	-0.496997403363	-0.687950845307	0.528882988469	-2.58645248413	-3.54380822182	2.75331497192
27	24	0.498972460628	0.411215251136	0.456326557461	-0.789093207542	2.39095783234	2.62941384315	-4.48848247528
28	24	0.499877337366	-0.530756870531	-0.0391312468957	0.846620274917	-3.0031003952	-0.358912169933	4.87639570236
29	24	0.499986588955	-0.00177796512837	0.42635194623	-0.904555612876	0.0657818093896	2.39047217369	-5.20238113403
0	25	0.499113155529	-0.10770781178	0.361333139845	-0.926195114072	-0.597174286842	2.0204615593	-5.31433200836
1	25	0.4991182331	0.124645069875	-0.0643877906904	0.990110003467	0.679346978664	-0.438824653625	5.65560817719
2	25	0.479352565482	-0.0160035621047	0.35562721496	-0.934490861368	-0.0871627926826	1.95700931549	-5.16367530823
3	25	0.348321385682	-0.90144320084	0.11513620299	-0.417305416236	-3.67656183243	0.491671562195	-1.75232648849
4	25	0.399336114526	-0.838744694079	-0.54429968584	0.0156585487747	-3.97147798538	-2.47478580475	0.0231654644012
5	25	0.428508132696	-0.76991153459	0.621864065341	-0.14325262002	-3.92604494095	3.17839097977	-0.714562416077
6	25	0.477802857757	-0.82142431659	0.363209856184	0.439705233633	-4.57288980484	1.98963856697	2.43334364891
7	25	0.498901069164	0.927275855624	-0.341250640735	-0.153972360423	5.31137037277	-1.9394068718	-0.875470161438
8	25	0.499715313315	-0.827665498679	0.466433464298	-0.31210518368	-4.78562641144	2.64490771294	-1.68848800659
9	25	0.492062345147	0.879886085388	-0.467125280943	0.0871461338451	4.96581172943	-2.6352391243	0.538063764572
10	25	0.39134776406	-0.329665980618	-0.138985021349	-0.933811279148	-1.51520395279	-0.573100447655	-4.24903440475
11	25	0.328390985727	-0.915559872843	0.264337089301	-0.30311057794	-3.47050333023	1.03632712364	-1.26954078674
12	25	0.371551126242	-0.0593592545255	-0.997388074683	-0.0411522463729	-0.384326815605	-4.36298942566	-0.250630617142
13	25	0.323938684538	-0.470096433745	-0.177371234971	-0.864609037649	-1.87099528313	-0.686733841896	-3.26228833199
14	25	0.444074846804	-0.600919814184	-0.0491019472334	-0.797799709011	-3.12509608269	-0.191410779953	-4.09269332886
15	25	0.496536418796	0.826886722849	-0.561477996705	-0.0316355305248	4.72077178955	-3.19025015831	-0.136914253235
16	25	0.499224260449	-0.729962798997	0.657107921189	0.188051833256	-4.1679854393	3.7616648674	1.08024263382
17	25	0.499664157629	0.553945813021	-0.832552443698	0.000681709491249	3.18890714645	-4.74586963654	0.0024790763855
18	25	0.499766111374	-0.597577572809	0.77353067488	-0.211071882297	-3.44424891472	4.41098213196	-1.17741107941
19	25	0.49992954731	0.824173930711	-0.525113132542	0.212116783795	4.68036365509	-3.04130506516	1.30605554581
20	25	0.499868158251	-0.284326955028	0.377957995598	-0.881082252805	-1.66798174381	2.24004817009	-5.0042142868
21	25	0.499984115362	0.265859929377	-0.724443060038	0.636003734827	1.47689020634	-4.13889074326	3.66311454773
22	25	0.499930165708	-0.0817615383307	0.783919494419	-0.615455341288	-0.421496629715	4.48424768448	-3.53583574295
23	25	0.499577317387	0.0262809615975	-0.587518728702	0.808783688314	0.164703726768	-3.41344285011	4.61760854721
24	25	0.47063498944	-0.618742991349	0.180297857865	-0.764623955357	-3.35928082466	1.01108920574	-4.1765499115
25	25	0.401536993682	-0.731768674976	0.0696877116674	0.677980994694	-3.41668224335	0.262235879898	3.18305134773
26	25	0.457770526409	0.862673930274	-0.322579259233	0.389533453683	4.63656616211	-1.72822356224	2.05537748337
27	25	0.499245017767	-0.879756022286	-0.162032891265	0.446961612892	-5.02492380142	-1.00562751293	2.61960959435
28	25	0.49979621172	0.338768527513	0.906443120927	-0.252183967157	1.96457743645	5.1758146286	-1.58856368065
29	25	0.499628860503	-0.174728950793	-0.525791981395	0.832473774996	-1.00329101086	-2.98392009735	4.78527641296
0	26	0.456339243799	0.39291526883	0.0130509671962	0.919482062781	2.02284431458	0.0237634927034	4.86256742477
1	26	0.497990008444	-0.116653574145	0.270378305299	-0.955660774367	-0.6637789011	1.53027057648	-5.47071647644
2	26	0.49835998565	-0.0341065789845	-0.203925002107	0.978392219299	-0.106549039483	-1.17432808876	5.60215568542
3	26	0.46734059602	-0.69147443884	-0.261466984179	-0.673422687927	-3.72999095917	-1.38123047352	-3.65458488464
4	26	0.491868473589	0.856471703329	-0.0309255623387	0.515266757118	4.84161520004	-0.205064088106	2.93113327026
5	26	0.492656558752	-0.918202195518	0.199344316561	-0.342296029192	-5.23826313019	1.08055257797	-1.96050834656
6	26	0.499494642019	0.958205427689	-0.209269239967	-0.195060871398	5.50268936157	-1.22338318825	-1.02090191841
7	26	0.499731868505	-0.858201854255	0.397635549546	-0.324615999437	-4.9510602951	2.25867700577	-1.76670145988
8	26	0.499714761972	0.901635441948	-0.404758764938	-0.152393805742	5.18338775635	-2.3168053627	-0.749536752701
9	26	0.499184191227	-0.897641564041	0.408819191599	-0.164640490423	-5.14201307297	2.35263490677	-0.867286920547
10	26	0.471485078335	0.554582690081	-0.613542223613	-0.562142312681	3.05862045288	-3.32014989853	-3.0741519928
11	26	0.451692640781	-0.0107465129349	0.962556834301	0.270866855114	-0.211347818375	5.05925178528	1.32541894913
12	26	0.468869507313	0.527717699786	-0.844925367111	0.087264845982	2.84901762009	-4.60358428955	0.456663608551
13	26	0.450498834252	-0.716659441048	0.490248930099	-0.496039546904	-3.75164008141	2.49265527725	-2.61846518517
14	26	0.48846308887	0.869104327271	0.46209454028	0.176426483736	4.93884658813	2.52826595306	1.00249266624
15	26	0.499642625451	-0.959709109749	0.23587985441	0.152705988578	-5.50599098206	1.33050715923	0.829821586609
16	26	0.4999114573	0.920318072187	-0.340085345873	-0.193278564586	5.23800373077	-2.0236594677	-1.11215209961
17	26	0.499716758728	-0.379221418991	0.859428613085	0.3428900325	-2.31342673302	4.88883066177	1.91649770737
18	26	0.498888745904	0.794580829933	-0.566206020385	-0.219207771721	4.54984045029	-3.25765752792	-1.19413280487
19	26	0.497222736478	-0.736416240083	0.629389717308	-0.248112283227	-4.23805522919	3.5573387146	-1.42191815376
20	26	0.499545834959	0.47042524549	-0.508455104698	0.721230542137	2.66390252113	-2.95134925842	4.12199020386
21	26	0.499339267612	-0.172587127166	0.763423182124	-0.622413631384	-0.985894024372	4.34365844727	-3.57481026649
22	26	0.499461203814	-0.0419935252081	-0.706005239013	0.70696049842	-0.177001535892	-4.03969287872	4.04448699951
23	26	0.499253004789	-0.0099874000704	0.388928422175	-0.921213837425	-0.131095230579	2.25728130341	-5.25473165512
24	26	0.496829271317	0.66782966466	-0.0887422749175	0.739004971325	3.80337762833	-0.535924196243	4.22765827179
25	26	0.469733089209	-0.630359344507	0.304156979359	-0.714237795626	-3.44108104706	1.64535748959	-3.91170883179
26	26	0.484103867784	0.0617540242333	0.217799066448	0.974037990607	0.317114591599	1.19988942146	5.47571468353
27	26	0.498724972829	0.0637495387702	0.28565231838	-0.956210619744	0.329535961151	1.66446566582	-5.48693704605
28	26	0.499688133597	0.568543795157	-0.754090657828	0.328793602074	3.20825028419	-4.34602594376	2.04867935181
29	26	0.495256263763	0.360771007895	-0.322699741039	-0.875048088391	2.00727438927	-1.73530673981	-5.09398460388
0	27	0.280421823263	0.45138148924	-0.375091858773	0.809667122127	1.45423018932	-1.23031830788	2.73834705353
1	27	0.449728453532	-0.227665114722	-0.366455728061	0.902152312478	-1.07677841187	-1.91181969643	4.71336221695
2	27	0.496924676001	-0.601135786921	0.337690047824	-0.724293585008	-3.36461639404	1.89447546005	-4.1973233223
3	27	0.499565564096	0.63747667445	-0.142700925554	0.757139310417	3.63897871971	-0.790543377399	4.34032392502
4	27	0.498910970986	-0.742063462203	0.197666332935	-0.640523097856	-4.23157405853	1.06625962257	-3.68345379829
5	27	0.499922946095	0.653431742449	0.240155038166	0.717880571964	3.81334090233	1.27567005157	4.07836961746
6	27	0.499900564551	-0.829868691062	0.14164379932	-0.53968045148	-4.77897596359	0.816105008125	-3.05026388168
7	27	0.499990642071	0.945240420833	-0.242630665034	0.218290877523	5.38927268982	-1.38804900646	1.3212082386
8	27	0.499934852123	-0.772573400867	0.101589897903	-0.626745429116	-4.50927734375	0.6520601511	-3.48471808434
9	27	0.499620720744	0.938074233219	-0.34366108156	-0.0437469312205	5.36923646927	-1.97338557243	-0.177477359772
10	27	0.499746620655	-0.861051994618	0.407997613478	0.303524974197	-4.96126794815	2.33984613419	1.65854930878
11	27	0.491940051317	0.894162235294	-0.223938839766	0.387718058669	5.0737786293	-1.32869565487	2.11871671677
12	27	0.499478161335	-0.927768516634	0.314172324375	-0.201348777348	-5.29564285278	1.82708668709	-1.16032361984
13	27	0.499426752329	0.840949085246	-0.488480997719	0.232789499098	4.84234285355	-2.73723459244	1.33974456787
14	27	0.49959513545	-0.980680962212	0.0735499345532	-0.181260192768	-5.60706138611	0.429038524628	-1.04542803764
15	27	0.499919101596	0.983787882929	-0.00319116664208	0.179307606801	5.6393661499	-0.0866090655327	0.980354070663
16	27	0.4999165833	-0.725016266949	0.667307488851	0.170446847967	-4.25336360931	3.73444747925	0.919250011444
17	27	0.498893678188	0.951680531266	-0.300108741675	0.0651069088478	5.44135284424	-1.74637579918	0.369802236557
18	27	0.494762599468	-0.996415703848	-0.0830584162906	-0.0160326107945	-5.68645381927	-0.42296782136	-0.103820800781
19	27	0.434958428144	0.881283525135	0.472579987966	-0.00273921518582	4.4673500061	2.37417650223	0.0623037815094
20	27	0.462071865797	0.000468195109716	0.663812881242	-0.747898548929	-0.0144486157224	3.56351184845	-4.00691795349
21	27	0.497979938984	-0.0342123143991	-0.765858949526	0.642097801721	-0.165854126215	-4.3967795372	3.66835069656
22	27	0.490950644016	-0.565788702714	0.696975725157	-0.440576874589	-3.14507889748	3.96131157875	-2.55310964584
23	27	0.491572503	0.427152889646	-0.449428787401	0.784572605896	2.43496584892	-2.58805966377	4.445520401
24	27	0.43739849329	-0.941964200987	0.0929880499129	-0.322578155852	-4.79965782166	0.462741941214	-1.66264986992
25	27	0.357753932476	-0.914018982504	-0.162219832048	0.371825262339	-3.9210600853	-0.632292568684	1.51154983044
26	27	0.421255812049	-0.922864566019	-0.325463753351	-0.205898853911	-4.55207872391	-1.58621370792	-1.0236120224
27	27	0.497144825757	0.697370480119	-0.371188521101	0.613101537481	3.95517635345	-2.09349870682	3.55790090561
28	27	0.495432749391	-0.737928978386	0.32075410195	-0.593782476114	-4.14881944656	1.86970686913	-3.40120244026
29	27	0.448582061566	-0.110230238612	-0.20549568676	0.972430366257	-0.475251436234	-1.08555281162	5.05026912689
0	28	0.418266817927	0.818235166748	-0.418290006255	0.39436617827	3.94370031357	-2.0199098587	1.98874092102
1	28	0.48164114356	0.14032201903	-0.549638490399	-0.823533399959	0.711955368519	-3.03133392334	-4.6335272789
2	28	0.499882437289	0.437177777087	-0.00966228210025	0.899323207488	2.48270320892	-0.0172872170806	5.16132307053
3	28	0.499965513125	-0.272009057667	-0.151414508351	-0.950307697121	-1.62903606892	-0.846988320351	-5.41979217529
4	28	0.499978601933	0.55535584424	0.227817453649	0.799799408653	3.20936632156	1.24432039261	4.57457733154
5	28	0.499990314245	-0.850933403963	0.137486553484	-0.506961329523	-4.84114265442	0.751940727234	-2.96021938324
6	28	0.499998167157	0.774215881968	-0.331801131183	0.53897845732	4.44217395782	-1.86146950722	3.0794570446
7	28	0.499996945262	-0.812291797344	0.242303962102	-0.530538241711	-4.66460800171	1.41668856144	-2.99082899094
8	28	0.499996095896	0.889685652782	-0.362979461497	0.276957306757	5.07896471024	-2.0434794426	1.65617489815
9	28	0.499986365438	-0.768637725545	0.377459561812	-0.516449732371	-4.45048856735	2.15618562698	-2.87939405441
10	28	0.499904826283	0.920840790191	-0.211471042413	0.327615990668	5.28483104706	-1.21869325638	1.83050584793
11	28	0.499908968806	-0.964626286049	0.203775221997	-0.167247682089	-5.51239347458	1.15065860748	-0.979515075684
12	28	0.499871462584	0.968295296992	-0.0961554707815	0.230560931775	5.53949546814	-0.575029969215	1.28899550438
13	28	0.499901980162	-0.979238850551	0.172850469743	-0.105896122128	-5.58771800995	1.03597724438	-0.642349481583
14	28	0.499981701374	0.890298252564	-0.362606914799	0.275472769654	5.1176738739	-2.0311498642	1.549305439
15	28	0.499988362193	-0.994676925011	0.0853270985138	-0.0577676476095	-5.68227910995	0.534238576889	-0.372172832489
16	28	0.499938264489	0.955614402451	-0.139628925777	0.259431834813	5.47183132172	-0.801268339157	1.48352026939
17	28	0.498612172902	-0.751973593273	-0.0563519256028	-0.656780157664	-4.36882448196	-0.35212033987	-3.69028091431
18	28	0.462969847023	0.361221250021	0.655447125244	0.663255813802	2.00875902176	3.45968699455	3.56166005135
19	28	0.314292084426	0.602747998029	0.293979992696	0.741802274711	2.29938149452	1.14846849442	2.71398925781
20	28	0.405777603388	0.536430010005	0.792461071679	0.290255567111	2.57893657684	3.72237181664	1.42677116394
21	28	0.426592037082	0.592547062918	0.773026556276	-0.226534592323	2.96002578735	3.8824429512	-1.16893959045
22	28	0.390113294125	0.79323797135	0.506185280019	-0.338452335049	3.67643404007	2.35615348816	-1.50076031685
23	28	0.45281605795	0.582311862759	0.31460653606	0.749623653548	3.10344552994	1.72335243225	3.95675611496
24	28	0.428633496165	-0.721505439425	-0.293603763401	-0.627077930561	-3.63559412956	-1.45745337009	-3.14800214767
25	28	0.398439854383	-0.859623950495	0.339594296088	0.381736005375	-4.0773639679	1.55070900917	1.76440322399
26	28	0.436907827854	-0.592767449197	-0.750110314749	-0.293191519111	-3.06347751617	-3.87356710434	-1.42559635639
27	28	0.490320524201	-0.374739665064	0.0301584345611	-0.926639440264	-2.13746094704	0.282276153564	-5.2387008667
28	28	0.49971666187	0.551523749156	-0.503301352576	0.665213727017	3.11682891846	-2.86956357956	3.85657143593
29	28	0.486038073897	0.286913220774	0.812787537723	-0.50700810868	1.52998971939	4.5816617012	-2.91899180412
0	29	0.496259193867	-0.503814990892	-0.347255487339	-0.790938734331	-2.90235948563	-1.92075300217	-4.50764656067
1	29	0.499591514468	0.534878786736	0.160689367168	0.829508053474	3.01189374924	0.98012650013	4.76691532135
2	29	0.499852690846	-0.474433590931	-0.21113494037	-0.854596281732	-2.70973491669	-1.19268333912	-4.88731908798
3	29	0.499996278435	0.456942767103	0.228538904603	0.85963554875	2.61278533936	1.2878600359	4.91982030869
4	29	0.499997206032	-0.63144162404	-0.102047644005	-0.768679226845	-3.58658909798	-0.612152099609	-4.41512680054
5	29	0.499999947846	0.696136819542	-0.079945026566	0.713443986032	3.99155569077	-0.453712522984	4.07029438019
6	29	0.499999321997	-0.804459021901	0.270061773658	-0.529067406377	-4.59289598465	1.54106736183	-3.04071378708
7	29	0.499999776483	0.805385901639	-0.522866410222	0.279220820324	4.64123344421	-2.90804386139	1.6843020916
8	29	0.499998666346	-0.817459132289	0.109820926181	-0.565420136899	-4.7091794014	0.683776497841	-3.18094301224
9	29	0.499998018146	0.8566218954	-0.482633215229	0.182384505587	4.95674324036	-2.66387915611	1.10513114929
10	29	0.499995678663	-0.983216025443	-0.112526454815	-0.143610738728	-5.6348862648	-0.542593300343	-0.855557918549
11	29	0.499987795949	0.98956687932	-0.0342241608361	0.139950341793	5.65808534622	-0.226637065411	0.806466579437
12	29	0.499996349216	-0.998210483301	0.0141558819291	0.0580985545001	-5.7227807045	0.148794338107	0.244263648987
13	29	0.49999769032	0.842470246397	-0.484209390644	0.236188801488	4.86683654785	-2.69737887383	1.34253835678
14	29	0.499997809529	-0.873454419832	0.378733918067	-0.306003261063	-4.99727630615	2.16739654541	-1.73133993149
15	29	0.500003159046	0.837641550117	-0.528157612156	0.139306030877	4.86710166931	-2.91649198532	0.834375143051
16	29	0.499987140298	-0.911751055342	-0.138143103268	-0.386815842621	-5.25636959076	-0.778138697147	-2.14828181267
17	29	0.499753579497	0.83454621888	0.550344735106	-0.0255593641229	4.80185508728	3.14182734489	-0.00634527206421
18	29	0.496637754142	-0.355759963701	-0.632903395382	-0.6876540848	-2.09600639343	-3.62484741211	-3.89671707153
19	29	0.460012741387	0.51506670779	-0.444472593815	0.732905450842	2.81370377541	-2.24539518356	3.95489549637
20	29	0.495941087604	-0.502734563907	-0.551328028681	-0.665804297856	-2.87242460251	-3.1731505394	-3.80700397491
21	29	0.452266611159	0.135348528547	0.754987489276	0.641618786241	0.771193265915	3.98749423027	3.36402702332
22	29	0.373184844851	0.594530972496	0.784436065474	0.176615350202	2.62065315247	3.49108505249	0.754806399345
23	29	0.421943187714	-0.123881025581	0.970174859838	0.208360823669	-0.564019560814	4.81720542908	1.0193157196
24	29	0.404408523813	0.308877860688	0.132199819999	-0.941869245049	1.45314657688	0.69966673851	-4.42359828949
25	29	0.330823361874	0.357438599629	0.894347369788	-0.269036112163	1.36880469322	3.48983287811	-1.08057618141
26	29	0.439153179526	-0.262069660857	0.917902668847	0.297949967917	-1.28263652325	4.68783092499	1.50636601448
27	29	0.494195513427	0.166976378659	-0.652492366641	0.73917021074	0.96191573143	-3.70666503906	4.19341993332
28	29	0.499761264771	-0.363528043617	0.292381290312	-0.884511471141	-2.07811260223	1.7222943306	-5.04155445099
29	29	0.49982984364	0.633705589857	-0.155567149777	0.757770471379	3.57664108276	-0.915757656097	4.3926448822
