0	0	0.499963410199	-0.0685535488234	-0.663801394587	0.744760444364	-0.36984911561	-3.74227595329	4.31684494019
1	0	0.499994311482	-0.256932303379	0.373443270746	-0.891361831702	-1.42121744156	2.15617990494	-5.10654115677
2	0	0.499992374331	0.303876207822	-0.316196793775	0.898709540356	1.71470141411	-1.77156424522	5.16247558594
3	0	0.499999215826	-0.369854989745	-0.0717956746808	-0.926311323291	-2.09938025475	-0.381557285786	-5.30674171448
4	0	0.499999307096	0.409094622635	0.0577023220901	0.910665708016	2.35535550117	0.341276705265	5.19897317886
5	0	0.499999955297	-0.627374624399	-0.224619944936	-0.745618509022	-3.55589342117	-1.28304278851	-4.29213762283
6	0	0.500000081956	0.640392495469	0.370802144938	0.672609263285	3.69331693649	2.06764316559	3.84812068939
7	0	0.5	-0.881846693663	-0.0158231445105	-0.471270662117	-5.02723455429	-0.14434659481	-2.73154830933
8	0	0.499999880791	0.948824781976	-0.021943211436	0.3150397254	5.41150140762	-0.0936915129423	1.84718084335
9	0	0.49999922514	-0.903705566611	-0.0741756250309	-0.421680240854	-5.17562437057	-0.441954195499	-2.39063215256
10	0	0.499999940395	0.917916711713	0.24206251743	0.314379783085	5.25183391571	1.35227167606	1.81467461586
11	0	0.499999880791	-0.919594015892	-0.188877823759	-0.344488045695	-5.25275468826	-1.08442342281	-1.97660684586
12	0	0.499999567866	0.813916050446	0.276751950195	0.510831695268	4.7101764679	1.50489282608	2.88750767708
13	0	0.499999731779	-0.930374306628	0.120946635366	-0.346086060048	-5.32814121246	0.675633132458	-1.96902418137
14	0	0.500000685453	0.933880358938	-0.228200313513	0.275303636196	5.3520450592	-1.26737999916	1.56642317772
15	0	0.499998345971	-0.940423890405	0.143818076248	-0.308089706579	-5.37875986099	0.807869553566	-1.76309013367
16	0	0.499988436699	0.883084226867	0.0198551934096	0.468794218771	5.05317401886	0.0988548547029	2.67524194717
17	0	0.499886386096	-0.7766283794	-0.135618381969	-0.615187788226	-4.45957899094	-0.76461493969	-3.49453210831
18	0	0.49955137074	0.847755038618	0.227499646711	0.479119301683	4.83331918716	1.25339305401	2.78850865364
19	0	0.499485135078	-0.772193887582	-0.100523020871	-0.627384827881	-4.39462184906	-0.631834030151	-3.60872888565
20	0	0.498623855412	0.64807566269	0.246711533746	0.720507706097	3.69808864594	1.42014575005	4.10213279724
21	0	0.49108505249	-0.717784959443	-0.371761360565	-0.588708962721	-4.05901098251	-2.10273385048	-3.33891844749
22	0	0.381153661758	-0.371082210147	0.546373570501	0.75084879621	-1.68150091171	2.49539685249	3.31798362732
23	0	0.40607111156	-0.953750855098	0.164966267706	0.251287558225	-4.52831697464	0.846243262291	1.23421382904
24	0	0.474676977843	-0.173152967076	-0.46269688487	0.869442144553	-1.01178860664	-2.50440788269	4.79834127426
25	0	0.498157404363	0.707345770513	-0.109889390308	-0.698273787876	4.02381944656	-0.675647079945	-4.01844453812
26	0	0.499662607908	-0.244562290525	0.368347683264	0.896944407579	-1.50780344009	2.08761882782	5.11314916611
27	0	0.499914631248	0.383122800855	-0.308830662844	-0.870540373075	2.16401290894	-1.72959327698	-5.00535821915
28	0	0.499986208975	-0.0968583195225	-0.226404098723	0.969205679936	-0.599314332008	-1.27897691727	5.54738855362
29	0	0.499992284924	0.107203657175	0.425899213144	-0.898397037023	0.621764481068	2.44729566574	-5.13127326965
0	1	0.499998796731	0.272018081334	0.514939778013	-0.812922621439	1.54560065269	2.95136165619	-4.64685535431
1	1	0.499998373911	-0.223341719325	-0.33156885419	0.91661364344	-1.24479937553	-1.89470076561	5.25424051285
2	1	0.500000045635	0.00597453320046	0.11177607205	-0.993715459611	0.0117020886391	0.633979141712	-5.68800020218
3	1	0.499999914318	0.240339863198	0.196458403101	0.950600255633	1.37555336952	1.0837546587	5.44543361664
4	1	0.499999515712	-0.403884408982	0.00198231473242	-0.914807878524	-2.29536700249	-0.0349023230374	-5.23839664459
5	1	0.499999962747	0.469497847144	0.196685716509	0.860747640397	2.70459413528	1.11733222008	4.91450834274
6	1	0.499999724329	-0.751869122352	-0.218251236839	-0.622140836525	-4.26477336884	-1.27567183971	-3.59167599678
7	1	0.499999471009	0.705558374629	0.302054259459	0.641054291253	4.05118083954	1.70055150986	3.66443228722
8	1	0.499998524785	-0.871037956347	-0.110016066572	-0.47873723868	-4.98340845108	-0.658784031868	-2.73120379448
9	1	0.499999016523	0.953254029639	0.224881444639	0.201829360681	5.44584798813	1.26830589771	1.20052981377
10	1	0.499999731779	-0.967963219665	-0.154296467719	-0.198090397107	-5.5312037468	-0.900274634361	-1.13629579544
11	1	0.500000193715	0.923993565007	0.155531272158	0.349350705174	5.29317474365	0.871314525604	1.98172807693
12	1	0.499999165535	-0.936662307198	0.271947929601	-0.220698993792	-5.38531255722	1.46399950981	-1.29298734665
13	1	0.500000491738	0.930065805738	-0.270041005417	0.249109318152	5.3245267868	-1.52522611618	1.41478347778
14	1	0.4999961555	-0.965423282242	0.129510571051	-0.226240796698	-5.51987552643	0.760870218277	-1.28473043442
15	1	0.499997973442	0.949994655978	-0.132322899338	0.282844133622	5.43157148361	-0.754650056362	1.61492395401
16	1	0.499996632338	-0.935276290466	0.0961604700361	-0.340604498642	-5.34617424011	0.530685305595	-1.95807719231
17	1	0.499985843897	0.891603083691	0.153657075032	0.425950049238	5.09511470795	0.855607151985	2.45184254646
18	1	0.499960891902	-0.812341853502	-0.213394417017	-0.542737077999	-4.63453769684	-1.24794173241	-3.10919094086
19	1	0.4996817559	0.51276427787	0.510025650377	0.690613228441	3.01175165176	2.87253594398	3.92935824394
20	1	0.498802535236	-0.579686471436	-0.307381080795	-0.754639295295	-3.33424854279	-1.77652716637	-4.29139232635
21	1	0.463765911758	0.665896195013	0.126451627946	0.735249782902	3.58948707581	0.705897629261	3.950694561
22	1	0.393757224083	-0.0176304577218	0.998505872167	0.0517222409414	-0.0446166209877	4.6498913765	0.29300069809
23	1	0.422293066978	-0.338104899338	0.863823749814	0.373488428605	-1.70442938805	4.23810386658	1.85720729828
24	1	0.493863686919	0.890642615131	-0.270129423118	-0.365767449178	5.05953264236	-1.50702619553	-2.12432050705
25	1	0.499553650618	-0.866782592201	0.246818376991	0.433322774196	-4.93964099884	1.39756071568	2.50314664841
26	1	0.499959811568	0.844415474593	-0.299598085216	-0.444075999805	4.78927707672	-1.73217058182	-2.62762141228
27	1	0.499995775521	-0.265944838479	0.440663221875	0.857373470416	-1.62053370476	2.45648097992	4.92156791687
28	1	0.499998454005	0.447151856783	0.195786856389	-0.872767279314	2.52891921997	1.12100493908	-5.01484632492
29	1	0.499998435378	-0.318885843493	-0.601197094215	0.732716775246	-1.83547317982	-3.39371609688	4.22580766678
0	2	0.499999709427	-0.32280955623	-0.590705355437	0.739500624384	-1.87132024765	-3.34184288979	4.24933195114
1	2	0.500000113621	0.340074807624	0.198746926056	-0.919156561529	1.93447542191	1.16900467873	-5.25956296921
2	2	0.499999911524	-0.0107978720462	0.127175662334	0.991821433963	-0.0834830328822	0.673895001411	5.68253612518
3	2	0.499999880791	-0.186881011358	-0.205963454301	-0.960549084163	-1.032751441	-1.17144417763	-5.50247907639
4	2	0.499999638647	0.223345656623	0.248359589843	0.942567892409	1.27617025375	1.38428759575	5.40125370026
5	2	0.499998815358	-0.355127045706	-0.170732287884	-0.919094808647	-2.05319690704	-0.998210191727	-5.24270534515
6	2	0.49999576807	0.552931957968	0.424473195271	0.716999830093	3.14117503166	2.41011476517	4.13068342209
7	2	0.499983310699	-0.414199476439	-0.356238114158	-0.837575787459	-2.43040466309	-2.06584000587	-4.7524394989
8	2	0.499956406653	0.76472495977	0.366374040378	0.530062070367	4.36985492706	2.08216428757	3.04967260361
9	2	0.499996095896	-0.882002973149	-0.241417367823	-0.404707808016	-5.05671215057	-1.40183162689	-2.27928495407
10	2	0.499994575977	0.957067312433	0.273776657773	-0.0952286780908	5.48760318756	1.5685697794	-0.449571847916
11	2	0.499999299645	-0.905351413957	-0.203681135253	-0.372629591401	-5.1995639801	-1.18749892712	-2.06928610802
12	2	0.499999120831	0.941527374434	0.315990280232	0.116945910534	5.42345285416	1.70616674423	0.701487541199
13	2	0.499990418553	-0.936954667491	0.346237818042	-0.0472792176719	-5.39634990692	1.89780056477	-0.276865959167
14	2	0.499987572432	0.976755645302	-0.2052817433	-0.0617074974298	5.59102344513	-1.16428148746	-0.313571453094
15	2	0.499858468771	-0.963268636491	0.136878461685	-0.231036405526	-5.5125541687	0.772649288177	-1.30360603333
16	2	0.499921053648	0.940574703224	-0.130788395195	0.313390528475	5.37499332428	-0.718096613884	1.81263995171
17	2	0.499976441264	-0.913082408905	0.0234963413137	-0.407097576132	-5.21829795837	0.0937314257026	-2.34261155128
18	2	0.499959036708	0.692969379208	0.404464141552	0.596826773594	4.00676631927	2.27846026421	3.39223790169
19	2	0.499755993485	-0.842774754241	-0.499264721346	-0.201160263554	-4.79344844818	-2.86765885353	-1.2503721714
20	2	0.480433240533	0.701083670371	0.621158999903	0.350204488803	3.88739585876	3.43247175217	1.95180892944
21	2	0.357949644327	0.999760947538	0.0179504711098	-0.0124831232229	4.25935506821	0.0901614427567	-0.0242319107056
22	2	0.368382185698	0.991314085057	-0.00188666410084	-0.131502187308	4.33911991119	0.0500118210912	-0.57937002182
23	2	0.47149117291	0.688042290486	0.165238257846	-0.706607475652	3.79494285583	0.890131235123	-3.82893586159
24	2	0.499248117208	-0.831585718432	-0.0128613872773	0.55524749222	-4.76025676727	-0.0559625476599	3.15787601471
25	2	0.499928541481	0.820327314559	-0.114677907395	-0.560278568699	4.70219230652	-0.658168196678	-3.18602776527
26	2	0.499994009733	-0.76919691415	0.276406219721	0.576138619572	-4.40756511688	1.53522324562	3.3053689003
27	2	0.499998681247	0.684004177828	-0.0562735383446	-0.727304319797	3.89540147781	-0.337390422821	-4.18206548691
28	2	0.500000108033	-0.397800529539	-0.335879658715	0.85377959308	-2.33421468735	-1.87973034382	4.87548923492
29	2	0.499999895692	0.583440165273	0.44363998594	-0.680280189643	3.28958058357	2.5536198616	-3.92056679726
0	3	0.500000208616	0.432001176934	0.553912404511	-0.711727497892	2.48704171181	3.14456987381	-4.07641935349
1	3	0.499999552965	-0.543427813116	-0.409563049173	0.732764846785	-3.07364559174	-2.31169223785	4.23771238327
2	3	0.500000212342	0.17312088141	0.214511245735	-0.961256514086	1.04546272755	1.19183969498	-5.50377941132
3	3	0.500000135973	-0.264998171323	0.203841304926	0.942456731952	-1.49440693855	1.14113926888	5.40674066544
4	3	0.499999307096	0.110752138066	0.00159650862487	-0.993846776457	0.589147806168	-0.0661813765764	-5.69905138016
5	3	0.499996654689	0.508354011895	0.126067477467	0.851870406644	2.83532691002	0.783484220505	4.91831970215
6	3	0.499955639243	-0.211446926867	-0.580094983491	-0.786625709755	-1.27770912647	-3.31263780594	-4.49022769928
7	3	0.499591007829	0.411126227886	0.670739251458	0.617320080102	2.35706067085	3.82383728027	3.54024910927
8	3	0.498810224235	-0.653494717342	-0.453535112071	-0.606012010215	-3.75809717178	-2.59152793884	-3.43428134918
9	3	0.499887093902	0.866672058029	0.374159540993	0.329976032033	4.96819639206	2.15222549438	1.85887122154
10	3	0.49995945394	-0.901317409228	-0.414820401463	-0.124703497758	-5.16421556473	-2.35890245438	-0.687058448792
11	3	0.499991327524	0.896086011763	0.437810957212	0.0731534364794	5.15668678284	2.44298005104	0.444246292114
12	3	0.499992087483	-0.957204909743	0.111063330111	-0.267252123413	-5.5066485405	0.546030521393	-1.47260713577
13	3	0.49996933341	0.971641290949	0.224677501647	-0.073710392597	5.58198881149	1.20233285427	-0.408210992813
14	3	0.499246999621	-0.98205911457	0.0865222853142	0.167552348937	-5.61900997162	0.446770191193	0.928665161133
15	3	0.49928149581	0.994200839756	0.0644038491481	0.0861210452959	5.69056367874	0.347406387329	0.50749206543
16	3	0.498600304127	-0.806844495375	-0.166016146062	-0.566957317202	-4.63578653336	-0.930821537971	-3.23715019226
17	3	0.499156534672	0.913355937101	0.0880894132803	0.397518788777	5.18657970428	0.529090344906	2.33990120888
18	3	0.499591559172	-0.652700092082	-0.258817564693	-0.712036556648	-3.75856232643	-1.48641693592	-4.04168796539
19	3	0.499492034316	0.648984308651	0.491467939697	0.580756946902	3.74036121368	2.79795265198	3.30347394943
20	3	0.496144980192	-0.673333771592	-0.733303458821	-0.094274436164	-3.8726568222	-4.15684175491	-0.602467298508
21	3	0.405782923102	0.743287344828	0.475363462972	0.470694700513	3.57834386826	2.25752830505	2.22255635262
22	3	0.434169560671	0.944166465274	0.319314638177	0.081165557344	4.81027126312	1.62470173836	0.409133434296
23	3	0.498239517212	-0.940476376675	-0.296736729766	0.165684936321	-5.37489175797	-1.688824296	0.990072727203
24	3	0.499667137861	0.927074328541	-0.0291618551566	-0.373741589289	5.30509471893	-0.102218285203	-2.13836622238
25	3	0.499973773956	-0.929515425767	-0.00864594054404	0.368681869602	-5.30358743668	-0.0521484464407	2.1363735199
26	3	0.499999947846	0.767349756544	0.111614442643	-0.631440074216	4.40614175797	0.59992980957	-3.59889268875
27	3	0.499999724329	-0.730488321319	0.0993375950116	0.675661790124	-4.17504692078	0.521846055984	3.87208986282
28	3	0.499999664724	0.674760879223	0.0362205097941	-0.737147088809	3.84258913994	0.247997701168	-4.233314991
29	3	0.5	-0.47061441545	-0.494260075663	0.73090974106	-2.72252607346	-2.79840755463	4.18094730377
0	4	0.499999813735	-0.609302817981	-0.408971647701	0.679332221654	-3.48695468903	-2.31989550591	3.89602518082
1	4	0.499999769032	0.536538125994	0.0999628588989	-0.837934523812	3.1146903038	0.60852342844	-4.76327562332
2	4	0.500000074506	-0.625716678789	-0.179205196923	0.759186495718	-3.56404972076	-0.958074510098	4.379737854
3	4	0.499999858439	0.554990656922	-0.346656902014	-0.756184080113	3.13954019547	-1.98909163475	-4.35963153839
4	4	0.499997809529	-0.162622671367	0.522802310811	0.836798428875	-0.942707777023	2.98856401443	4.79587030411
5	4	0.499987050891	-0.123369575956	-0.532668859396	-0.837283604257	-0.705700457096	-3.07996845245	-4.77968883514
6	4	0.499677881598	0.36776939603	0.78822684766	0.493400555302	2.03550696373	4.51641273499	2.87510800362
7	4	0.495245754719	-0.278599072175	-0.93023829879	-0.238828943909	-1.62412047386	-5.27887487411	-1.43175530434
8	4	0.454372063279	0.911874802656	0.278871098004	0.301189732526	4.76026248932	1.51114118099	1.62821435928
9	4	0.491724729538	-0.836265058469	-0.423512020167	0.348279084583	-4.77631902695	-2.40420365334	1.89784908295
10	4	0.499228835106	0.90210261532	0.346834385889	-0.256742634165	5.16646337509	1.98276948929	-1.41637563705
11	4	0.499976634979	-0.987193906975	-0.155468564156	0.0357451477807	-5.64033412933	-0.925366640091	0.228188037872
12	4	0.49999062717	0.999133723083	0.0378989343944	-0.017189362095	5.71464967728	0.230827391148	-0.11833190918
13	4	0.499531924725	-0.97715550969	-0.0284840048409	0.210608098966	-5.58341169357	-0.199415624142	1.20185065269
14	4	0.498420134187	0.916976339136	0.352537513358	-0.186739645338	5.27474308014	1.95550382137	-1.07596039772
15	4	0.428772807121	-0.996573639657	0.00756100140435	0.0823638998461	-4.95310926437	0.0413189865649	0.412493228912
16	4	0.449265135452	-0.316665054863	0.20263429569	0.926640483272	-1.63507962227	1.06971311569	4.87495851517
17	4	0.494133714586	-0.496013573014	-0.325055828026	-0.805176529745	-2.84618806839	-1.84330773354	-4.58429336548
18	4	0.486697897315	0.660393582417	0.0825143894205	0.746372354687	3.70154929161	0.500156879425	4.18785476685
19	4	0.495235513896	-0.590462262811	-0.0920450302005	-0.801799244582	-3.40906238556	-0.595950603485	-4.53039884567
20	4	0.466703116894	0.834094684281	0.406776204212	0.372584456655	4.4878616333	2.18807864189	2.03805613518
21	4	0.334667783231	0.565205565932	0.509568796857	0.648754429279	2.21174383163	2.03032279015	2.60525131226
22	4	0.411351591349	-0.354589946143	0.62128071716	0.69876765851	-1.66839516163	3.01990890503	3.40079212189
23	4	0.496087789536	0.837915406979	0.450161331025	-0.308630113237	4.77649593353	2.56114888191	-1.77070903778
24	4	0.499838203192	-0.772293886743	-0.569348115357	0.281788708147	-4.46699523926	-3.18583440781	1.62708640099
25	4	0.499998688698	0.954303935443	0.0628196959821	-0.292160374784	5.45262384415	0.438372731209	-1.69957494736
26	4	0.500000625849	-0.770736249714	-0.182593704859	0.610430317336	-4.43425130844	-1.06518471241	3.45871090889
27	4	0.499999500811	0.713411259539	0.211249291104	-0.668145277444	4.08693027496	1.20834565163	-3.81960964203
28	4	0.500000230968	-0.640742827224	0.0117107158668	0.767666261141	-3.6837887764	-0.00731123704463	4.37868213654
29	4	0.499999709427	0.600330215082	0.449578315772	-0.661424954811	3.43422555923	2.53563547134	-3.80695486069
0	5	0.499998800457	0.796814569369	0.205305820183	-0.56827463628	4.54522752762	1.16147625446	-3.2752456665
1	5	0.499997720122	-0.912018100167	0.0473655010007	0.407405810321	-5.18381977081	0.272208601236	2.41999864578
2	5	0.499995112419	0.677408925034	-0.322102676496	-0.661337292218	3.88037395477	-1.8259216547	-3.79624032974
3	5	0.499992564321	-0.352584061175	0.751349857617	0.557815266251	-2.05952572823	4.26138973236	3.22127985954
4	5	0.499996110797	0.237360498465	-0.872697335779	-0.42668413832	1.3672850132	-4.96956396103	-2.48278689384
5	5	0.499950066209	-0.222979959393	0.842141538955	0.490996503119	-1.26120054722	4.81940364838	2.81826448441
6	5	0.499173767865	0.435417794352	-0.706701260232	-0.557659997802	2.39801025391	-4.10378551483	-3.20239305496
7	5	0.444319773465	0.219316818836	0.509025144752	0.832342198249	1.15065824986	2.6533446312	4.26133775711
8	5	0.279966089875	0.577827904402	0.479881117642	0.660173481612	1.97991836071	1.59970879555	2.16381764412
9	5	0.434041887522	0.643782414492	0.185837478921	0.742299558278	3.27744436264	0.975121200085	3.70797681808
10	5	0.498589918017	-0.936956518032	-0.344716086985	-0.0573001107491	-5.36252164841	-1.96361136436	-0.284513950348
11	5	0.499921068549	0.878509566979	0.340931449499	-0.334644120624	5.05694961548	1.91429853439	-1.86744785309
12	5	0.49998241663	-0.911131116993	-0.217515348542	0.350038798987	-5.21456623077	-1.24100840092	1.99522805214
13	5	0.499684408307	0.848197005653	0.0811604210291	-0.523426046026	4.87853240967	0.480940163136	-2.94290852547
14	5	0.471896320581	-0.898611695925	-0.253971141286	0.357764838044	-4.89199256897	-1.35170638561	1.95849061012
15	5	0.310516342521	-0.966438458091	0.23296565657	-0.108276080375	-3.58363103867	0.818706989288	-0.379562139511
16	5	0.399542808533	-0.950999273588	0.126036980048	-0.282338557934	-4.44670724869	0.624925494194	-1.26976919174
17	5	0.415811672807	0.0782377482825	0.996610436403	-0.0254262226067	0.37916123867	4.88355350494	-0.0966250896454
18	5	0.368037171662	-0.0153228771624	0.845588568389	0.533615200725	-0.00602264748886	3.72143602371	2.30219507217
19	5	0.435505256057	0.530953427649	0.842284064222	-0.0929839385374	2.71940898895	4.28571224213	-0.396861314774
20	5	0.475622531027	-0.260498347075	-0.561008067025	-0.785754770844	-1.45294857025	-3.10417366028	-4.34295320511
21	5	0.426692284644	0.883821530191	-0.159636948787	0.439744866204	4.38958883286	-0.751125097275	2.18529176712
22	5	0.452728375793	0.423513157814	0.877670182135	0.224347178608	2.22115898132	4.63114118576	1.1497027874
23	5	0.499370113015	-0.592557714655	-0.764572693506	0.253582237445	-3.42312049866	-4.35153102875	1.45405888557
24	5	0.499827072024	0.847902788258	0.44668325941	-0.285543214642	4.81448364258	2.6261048317	-1.62439537048
25	5	0.499994948506	-0.731647915861	-0.660739907264	0.1676726041	-4.22093629837	-3.73765134811	0.979079723358
26	5	0.499999701977	0.798643068076	0.577935010342	-0.167810528975	4.56536960602	3.30855631828	-0.991767168045
27	5	0.499999687076	-0.589971343849	-0.68464418296	0.428014200904	-3.42403697968	-3.86785411835	2.46795368195
28	5	0.500000074506	0.705683752046	0.346628900774	-0.617947285168	4.02375555038	1.98065078259	-3.55159783363
29	5	0.499999769032	-0.57689087327	-0.31199167643	0.754889471496	-3.34167408943	-1.78178811073	4.28547859192
0	6	0.499987199903	-0.741855503143	0.0893706166082	0.664577539001	-4.26713132858	0.467545449734	3.78122830391
1	6	0.499923914671	0.695030058389	-0.201210165038	-0.690251901425	4.00783634186	-1.12364053726	-3.92304515839
2	6	0.499779313803	-0.586053126955	0.25130900654	0.770315205366	-3.39655399323	1.47384190559	4.36483383179
3	6	0.49979865551	0.448356263274	-0.670225876053	-0.59141688871	2.5645596981	-3.83193922043	-3.38213515282
4	6	0.49997112155	-0.302687046799	0.888117139175	0.345873530072	-1.7141289711	5.09114360809	1.96983551979
5	6	0.499962598085	0.0793047936285	-0.991447097941	-0.103650382016	0.47133564949	-5.67225646973	-0.618911981583
6	6	0.499431923032	-0.266612487445	0.935989091529	0.229874318001	-1.47621071339	5.38230228424	1.27814030647
7	6	0.486532241106	-0.0864398576968	-0.976496759268	0.197439180864	-0.496424198151	-5.49964666367	1.05353617668
8	6	0.435800723732	0.817362642957	0.356894153251	0.452266374247	4.12117528915	1.83466422558	2.29057502747
9	6	0.487374380231	-0.816434946218	-0.333597416318	0.471324455571	-4.61428880692	-1.87591230869	2.61593365669
10	6	0.499176129699	0.905335718474	0.203376344155	-0.372834144752	5.18537569046	1.16801893711	-2.09253954887
11	6	0.499957799911	-0.979656654766	-0.0150909662413	0.200112722012	-5.59346628189	-0.145367622375	1.19307088852
12	6	0.49999345839	0.826019132801	0.375906031758	-0.419984580115	4.76707553864	2.07723116875	-2.38970589638
13	6	0.49967931211	-0.931816532872	-0.0940538056881	0.350530784242	-5.30584144592	-0.549731135368	2.05532836914
14	6	0.499041415751	0.730314144235	0.0966629526467	-0.676237772027	4.21324300766	0.540335953236	-3.83795118332
15	6	0.471934236586	-0.63633832607	0.447942957803	0.628029172355	-3.52720451355	2.38745069504	3.39806365967
16	6	0.487872548401	0.643848760107	-0.490784694601	-0.587017169813	3.62584781647	-2.7720386982	-3.33497190475
17	6	0.418935269117	0.453000312358	0.890515949916	-0.0420958424192	2.22081637383	4.41704893112	-0.180208683014
18	6	0.389512754977	0.588057829668	0.669455050473	0.453891974332	2.70853328705	3.12004804611	2.08963918686
19	6	0.401028886437	0.958208188183	0.214802375855	0.188936516923	4.56795120239	1.01329112053	0.905269384384
20	6	0.417981319129	0.414941312068	-0.768947612865	0.48635714882	2.03788018227	-3.7345225811	2.4079079628
21	6	0.478237554431	-0.987793178102	0.15288259933	0.029858803002	-5.50046348572	0.896178245544	0.116127252579
22	6	0.497417584062	0.0661692398103	-0.870600386523	0.487520870003	0.343085050583	-5.00834465027	2.76944565773
23	6	0.499621495605	0.556283176634	0.657180924494	-0.508588497585	3.13840913773	3.81557846069	-2.88371324539
24	6	0.499987900257	-0.532618558401	-0.819244445647	0.212499434174	-3.07343482971	-4.66186857224	1.25142359734
25	6	0.499994307756	0.693754542021	0.69992828197	-0.169720462891	3.95116519928	4.02765703201	-0.94241976738
26	6	0.499999433756	-0.743049227152	-0.648303291293	-0.166074346385	-4.25707244873	-3.73436117172	-0.846660614014
27	6	0.499998241663	0.651965258571	0.656168431855	-0.379979329247	3.7473692894	3.74841427803	-2.16093540192
28	6	0.499999321997	-0.660231822656	-0.281299083063	0.69639411702	-3.80528926849	-1.67379248142	3.93845319748
29	6	0.499996341765	0.78445418463	0.207069115903	-0.584597308799	4.48794651031	1.18800592422	-3.34521770477
0	7	0.499884605408	0.905606141871	0.0690125632633	-0.418467181411	5.17914533615	0.438718497753	-2.40080046654
1	7	0.499150633812	-0.898272128518	-0.0175731861515	0.439088107623	-5.13053703308	-0.103251166642	2.51609659195
2	7	0.492414802313	0.94993398122	-0.246606795136	-0.191860678399	5.38156080246	-1.3965408802	-1.16733765602
3	7	0.496575266123	-0.451888280168	0.642972059874	0.618371985514	-2.5942466259	3.72808241844	3.47702503204
4	7	0.499723419547	0.114957394018	-0.993017448347	-0.0264791396829	0.666624605656	-5.68914699554	-0.165186166763
5	7	0.499972507358	0.235228971119	0.921527467398	-0.308957048759	1.30215716362	5.29915142059	-1.72903013229
6	7	0.499879390001	-0.247854601053	-0.935254775028	0.252718425376	-1.40141367912	-5.36368894577	1.42301392555
7	7	0.499585077167	0.393327822416	0.917957326356	-0.0514545537691	2.25675988197	5.24503660202	-0.357313156128
8	7	0.499021366239	-0.768738901262	-0.578928520448	0.271812931807	-4.39546060562	-3.33036994934	1.53486633301
9	7	0.499319970608	0.85466210447	0.369840378573	-0.364377251706	4.87615394592	2.1277050972	-2.08171820641
10	7	0.49990658462	-0.968646286988	-0.176806668993	0.174538742128	-5.52777194977	-1.02006924152	1.05164647102
11	7	0.499982699752	0.915704967888	0.052601101863	-0.398393694563	5.24944829941	0.288111150265	-2.24832701683
12	7	0.50000153482	-0.90010557809	0.0400711783634	0.433825136381	-5.13826990128	0.197863399982	2.50639867783
13	7	0.499989748001	0.845797717714	0.00377848266502	-0.533490340848	4.84077262878	0.0305242165923	-3.04248523712
14	7	0.499666050076	-0.740330778515	-0.150026930251	0.65528792037	-4.24397325516	-0.821533977985	3.73850059509
15	7	0.498827531934	0.875758643596	0.048139626999	-0.480342975882	4.9790391922	0.251725882292	-2.78358650208
16	7	0.496951729059	-0.787051347782	-0.0132490794204	0.616745196859	-4.50942564011	-0.0582177191973	3.50025224686
17	7	0.410822436213	0.946565066773	-0.322457170304	-0.00599563873307	4.52743816376	-1.58484506607	-0.0290699005127
18	7	0.359591975808	0.880447315278	-0.453532308813	-0.138278595168	3.76534867287	-1.94593763351	-0.545809030533
19	7	0.406475245953	0.859615830014	-0.349011828341	0.373163996747	4.09490394592	-1.71972298622	1.82237589359
20	7	0.345067463815	0.253750781998	-0.768763598972	0.587037536731	1.09518623352	-3.14226531982	2.41402673721
21	7	0.457188385539	-0.197888820623	-0.0238534684284	0.979934195095	-1.01770091057	-0.233648717403	5.22635412216
22	7	0.49724599719	0.372566594086	0.855919192676	-0.358603497725	2.06702876091	4.90104532242	-2.08223199844
23	7	0.499939203262	-0.2825971627	-0.791883828873	0.541349097351	-1.62392342091	-4.57116985321	3.04354929924
24	7	0.499994456768	0.340236525796	0.848784355753	-0.404727345189	1.93799161911	4.87264060974	-2.28927612305
25	7	0.499998435378	-0.355068621048	-0.93098082457	-0.0848585801793	-2.08148288727	-5.32299280167	-0.384231328964
26	7	0.499990299344	0.629587003047	0.740241010218	-0.235931033114	3.58074331284	4.26890230179	-1.30674362183
27	7	0.499985322356	-0.662033300784	-0.712677248854	0.231954839611	-3.75999999046	-4.09694051743	1.33475089073
28	7	0.499959558249	0.616144493576	0.756243489098	-0.220140292163	3.56440496445	4.29020929337	-1.30111336708
29	7	0.499964877963	-0.956609635785	-0.268626271277	0.11286244328	-5.45902633667	-1.58179664612	0.745323896408
0	8	0.499606594443	-0.64027971143	-0.693544787276	0.330208296645	-3.68500804901	-3.92980861664	1.93158340454
1	8	0.493503019214	0.761165325823	0.509036732669	-0.401881763156	4.3366856575	2.89187288284	-2.27154159546
2	8	0.399474725127	-0.221627098716	-0.967010832465	-0.125584549248	-1.07125878334	-4.52724170685	-0.564922094345
3	8	0.434407785535	-0.0480415194379	-0.959944432608	0.276041117796	-0.223555058241	-4.87793540955	1.36901855469
4	8	0.49889460206	0.00608194818632	0.932583016126	-0.360904319647	0.0387374609709	5.34087896347	-2.09952831268
5	8	0.499795630574	-0.195305093191	-0.863540989997	0.46492244425	-1.10138881207	-4.93377876282	2.67962884903
6	8	0.499984413385	0.303379417769	0.857523892695	-0.415468052119	1.73364973068	4.89402008057	-2.41494679451
7	8	0.499948620796	-0.467602098488	-0.784649749727	0.40702954161	-2.68277454376	-4.47928094864	2.34484815598
8	8	0.499921768904	0.662308870108	0.584385365464	-0.468871736415	3.77256155014	3.35639047623	-2.68407201767
9	8	0.499954387546	-0.672183663003	-0.585014446823	0.453792045104	-3.88242530823	-3.30004644394	2.60269999504
10	8	0.499987617135	0.915431061975	0.197602335062	-0.350626992614	5.2399520874	1.1298995018	-2.00240278244
11	8	0.499997705221	-0.952823215388	0.201437614346	0.227048029599	-5.45312070847	1.08535277843	1.36955714226
12	8	0.49999859184	0.666762185336	-0.0888399205548	-0.739956523535	3.89298319817	-0.490817695856	-4.17097091675
13	8	0.499992012978	-0.865397052631	0.0672619238872	0.496551885398	-4.92597293854	0.366092771292	2.88437318802
14	8	0.499991986901	0.593374423803	-0.097804248105	-0.798962528677	3.46231794357	-0.536403775215	-4.52499580383
15	8	0.499808833003	-0.805855615682	-0.0363287777258	0.590996570704	-4.60381317139	-0.21102809906	3.38468527794
16	8	0.498500421643	0.786879039276	0.423725862833	-0.448639912084	4.50449085236	2.36349582672	-2.63568878174
17	8	0.422932907939	-0.143002969079	-0.713780534342	0.685614687436	-0.684280633926	-3.5325512886	3.39690256119
18	8	0.394141256809	0.334961331907	-0.854491805719	0.397044909406	1.55891275406	-3.93070411682	1.82136571407
19	8	0.466970779002	-0.710401086617	0.0853243920584	0.698605786015	-3.85692024231	0.490172564983	3.8102440834
20	8	0.460440777242	0.304359290001	-0.745291043749	0.593217230614	1.63868260384	-4.02181482315	3.13953328133
21	8	0.495038479567	-0.458935985596	0.782420342411	-0.420946753053	-2.55663490295	4.52770137787	-2.36736726761
22	8	0.499066144228	0.145738386404	-0.9699062863	-0.195043888713	0.800639212132	-5.57666349411	-1.01340532303
23	8	0.499951735139	-0.13207255507	0.974380409939	0.182043008449	-0.704233527184	5.6110830307	0.947096347809
24	8	0.499998629093	0.061305066981	-0.885249768349	0.461058061853	0.292357414961	-5.10159349442	2.58371067047
25	8	0.499988749623	0.336513893971	0.824761620787	-0.454452052522	1.89148569107	4.79527854919	-2.51550149918
26	8	0.499939963222	-0.254690882714	-0.952163927017	0.16886802643	-1.47801566124	-5.44456863403	0.95987701416
27	8	0.499320879579	0.260688061673	0.948528545075	-0.179820281615	1.52577972412	5.4048242569	-1.04813337326
28	8	0.499686151743	-0.488518086231	-0.809676352387	0.32522958631	-2.80411100388	-4.63109064102	1.85137104988
29	8	0.499041646719	0.622576693142	0.491975245088	-0.608570964947	3.5742225647	2.86431694031	-3.42127108574
0	9	0.498691856861	0.31254432275	0.854844645205	-0.41419401116	1.8105905056	4.88994979858	-2.34193754196
1	9	0.47303789854	-0.704811352749	-0.693442800134	-0.1495929142	-3.82316279411	-3.83267736435	-0.785536766052
2	9	0.332964062691	-0.393910664905	-0.915145048254	-0.0856967253241	-1.55573523045	-3.63976120949	-0.373839020729
3	9	0.414372652769	-0.193770441752	-0.959227737803	-0.205755104268	-0.949534535408	-4.64313793182	-1.02091741562
4	9	0.495664975606	0.0150549734841	0.0856962527254	0.996207558716	0.0808494091034	0.448744297028	5.7014503479
5	9	0.499791678041	-0.045843200903	0.406316468838	-0.912581682964	-0.219696879387	2.3069498539	-5.23774290085
6	9	0.499994730577	-0.146218041392	-0.323343831385	0.934916601134	-0.879208683968	-1.88245558739	5.34221029282
7	9	0.499995738268	0.50162667076	0.406457214137	-0.763651239938	2.84990549088	2.35071182251	-4.37107467651
8	9	0.499998986721	-0.402401465852	-0.561572444938	0.72298647938	-2.36496067047	-3.17781329155	4.12990379333
9	9	0.499997198582	0.669209844436	0.366738290371	-0.646267135546	3.84614467621	2.0966296196	-3.68374013901
10	9	0.499998986721	-0.916765971614	-0.167097384042	0.362792802488	-5.23558425903	-0.955236375332	2.09368753433
11	9	0.499999850988	0.905033531321	0.107212506704	-0.411606347851	5.19230556488	0.583278238773	-2.33167338371
12	9	0.499999925494	-0.828424778258	-0.217685524955	0.516067242705	-4.74621868134	-1.19836199284	2.9576883316
13	9	0.499999709427	0.817015855455	0.197313862753	-0.54180469867	4.69072818756	1.06575274467	-3.096971035
14	9	0.499997146428	-0.817385682688	0.147608811484	0.556859304052	-4.66042900085	0.818563461304	3.21185660362
15	9	0.499977976084	0.775419349801	-0.160373021301	-0.610741619667	4.43426942825	-0.91522526741	-3.49111843109
16	9	0.499832630157	-0.620421905845	0.202148099172	0.757768305452	-3.59125328064	1.16230583191	4.30850887299
17	9	0.494552142918	0.377443268317	-0.686795209735	-0.621167384114	2.17649292946	-3.87236595154	-3.56400299072
18	9	0.496165215969	-0.101260644524	0.88393013678	0.456523597597	-0.659989058971	5.00915193558	2.66663217545
19	9	0.498266898096	0.585625457649	-0.174935613251	-0.791479851019	3.30986595154	-1.13651812077	-4.54497766495
20	9	0.498719900846	-0.0595040495981	0.969299621901	0.238573911114	-0.378359436989	5.54673576355	1.41460752487
21	9	0.499128118157	-0.238688031909	-0.912674793835	-0.331741984262	-1.29682970047	-5.27260494232	-1.82220959663
22	9	0.499961495399	0.200825917586	0.927713477562	-0.314669118877	1.12158918381	5.35791110992	-1.69027280807
23	9	0.499987244606	-0.219488286722	-0.975568478918	-0.00954122283405	-1.22309970856	-5.58681869507	-0.0412774085999
24	9	0.499997392297	0.086692395443	0.976705398082	-0.19629313266	0.485154271126	5.60275745392	-1.06904959679
25	9	0.499976247549	0.0602395896949	-0.901387352264	-0.428803023558	0.320197939873	-5.21994066238	-2.35643839836
26	9	0.499629735947	0.0429552068319	0.948397159948	0.314161864663	0.228766083717	5.45227622986	1.73160839081
27	9	0.49603831768	-0.145823995235	-0.945157194585	0.292255436113	-0.835784435272	-5.41597700119	1.60913515091
28	9	0.449696525931	0.487204467222	0.872631327316	-0.0338581409029	2.47216129303	4.55192613602	-0.174407243729
29	9	0.496534466743	-0.376031574927	-0.772009130148	0.512447224235	-2.15938973427	-4.41354465485	2.91336297989
0	10	0.499144002795	0.211052964988	-0.922530188094	0.323101683724	1.15878415108	-5.30720710754	1.81420850754
1	10	0.49798335135	0.254575194196	0.922938085453	0.288750343585	1.42923212051	5.30070781708	1.6169064045
2	10	0.47846198827	-0.361815013363	-0.559947484473	-0.745351400842	-1.99090957642	-3.16915512085	-4.06827163696
3	10	0.498061545193	0.193044439265	0.689705305638	0.697882823864	1.0877969265	3.95615148544	3.99677228928
4	10	0.499470490962	0.190640667664	-0.382252566815	-0.904178694173	1.0291056633	-2.19580841064	-5.18383026123
5	10	0.499958212487	-0.113162524046	-0.00975192239649	0.993528632281	-0.663771986961	-0.0235406700522	5.68509578705
6	10	0.499992601573	0.347864204339	-0.138792500582	-0.927214720074	1.98736262321	-0.718470394611	-5.31939220428
7	10	0.499992869794	-0.513096841202	-0.243248976958	0.82314127995	-2.94172811508	-1.37584424019	4.70842123032
8	10	0.499995864928	0.613773352982	0.218886695859	-0.758532059668	3.52016043663	1.26388382912	-4.32898616791
9	10	0.499998196959	-0.724431494655	-0.0643761545206	0.686334262791	-4.16367769241	-0.382289290428	3.90631651878
10	10	0.499996304512	0.956220348738	0.00587207029217	-0.292588727483	5.46590423584	-0.000951842637733	-1.70750999451
11	10	0.499998733401	-0.96852768385	0.244058843871	0.0488815542279	-5.55034732819	1.35663318634	0.363431692123
12	10	0.499999076128	0.889969389127	-0.00694058271831	-0.455967449198	5.10980272293	-0.0761019587517	-2.57703542709
13	10	0.499999627471	-0.889396625245	0.182881719415	0.418960522849	-5.08302593231	1.02698361874	2.41734862328
14	10	0.499999381602	0.738047162865	-0.0974170760504	-0.667679787534	4.26330852509	-0.610452234745	-3.77051520348
15	10	0.499996066093	-0.817645793652	0.319430894099	0.478977306371	-4.67104434967	1.80930769444	2.75705480576
16	10	0.499958753586	0.797785924904	-0.345475403955	-0.494150142453	4.54602718353	-1.99070370197	-2.84389877319
17	10	0.499854691327	-0.562021092967	0.582208789767	0.587507630741	-3.22426486015	3.31459331512	3.36245965958
18	10	0.49962066859	0.444120118873	-0.545802532836	-0.710532838905	2.5146677494	-3.15485787392	-4.05122852325
19	10	0.499844916165	-0.0350157766458	0.602079841462	0.797667700168	-0.287407904863	3.44383001328	4.56173801422
20	10	0.499930679798	0.0831902358156	-0.696729092484	-0.712494179872	0.476343780756	-4.03695726395	-4.02790880203
21	10	0.499986022711	0.0593456208709	0.94642516406	0.3174232287	0.316848158836	5.41356945038	1.82507419586
22	10	0.499990478158	0.00783707269362	-0.996963424554	-0.0774758697444	0.0128623358905	-5.70252609253	-0.446263551712
23	10	0.499998897314	0.242034693567	0.95795045185	0.154110800761	1.32704424858	5.498442173	0.856161355972
24	10	0.499999195337	-0.0499624118565	-0.991370358633	-0.121196408468	-0.27855220437	-5.6707072258	-0.693068265915
25	10	0.499966949224	-0.26246625584	0.937790065807	0.227291128334	-1.48638486862	5.36532878876	1.30652356148
26	10	0.498835459352	0.461317511848	-0.867862215421	-0.18439449099	2.57518482208	-4.99118328094	-1.06651139259
27	10	0.440462037921	0.0807332502948	0.914246486006	0.397033380362	0.373718738556	4.6641702652	1.97424316406
28	10	0.244208261371	-0.141163200949	0.975171963894	0.17062412354	-0.361295938492	2.85348153114	0.444456577301
29	10	0.441834747791	-0.0398155687441	0.985910603893	-0.162465385903	-0.216309964657	5.02152967453	-0.809814691544
0	11	0.499350398779	-0.489295470398	0.822783141652	-0.28916750243	-2.74793839455	4.75131320953	-1.60624432564
1	11	0.49958884716	0.219517624305	-0.975478771891	-0.0159115746818	1.22264361382	-5.58775615692	-0.106750011444
2	11	0.499193951488	0.172408544777	0.976608479879	0.128495800387	0.956540822983	5.58363342285	0.805787324905
3	11	0.499716117978	-0.130146035898	-0.870284822522	-0.475043510668	-0.760170340538	-4.96329212189	-2.73135566711
4	11	0.499978832901	0.173587412582	0.7479479976	0.640656852831	0.965206503868	4.25334453583	3.71401643753
5	11	0.499865898862	0.183519792848	-0.340574766929	-0.922133023899	1.02829289436	-1.93629431725	-5.29041433334
6	11	0.49965929985	-0.455624286961	-0.0462715783016	0.888968756579	-2.5822327137	-0.210684344172	5.1010427475
7	11	0.499739021063	0.642562100318	0.182507254669	-0.744180790687	3.65789937973	1.04316866398	-4.26676750183
8	11	0.499965041876	-0.835164386675	-0.170968118928	0.522752665742	-4.74748849869	-0.949303150177	3.05041599274
9	11	0.499960891902	0.782896379536	-0.131126163781	-0.608176938137	4.48754072189	-0.749548017979	-3.46788597107
10	11	0.49996688962	-0.739155290611	0.529887149646	0.415775257804	-4.28446674347	2.95784401894	2.38139200211
11	11	0.499979332089	0.894530299807	-0.363248590111	-0.26051104489	5.10958623886	-2.10135006905	-1.4788684845
12	11	0.499993741512	-0.909660645908	0.358960903854	0.208960711114	-5.19922876358	2.05697846413	1.20898890495
13	11	0.499999254942	0.849938849182	-0.449575025752	-0.274747609401	4.86702775955	-2.57189226151	-1.55759763718
14	11	0.499999582767	-0.808800581099	0.533293280396	0.247870726584	-4.63520097733	3.02946424484	1.44872260094
15	11	0.499999165535	0.838186279618	-0.359096457746	-0.41047959108	4.79810237885	-2.09045314789	-2.31194067001
16	11	0.499996975064	-0.821810493147	0.453834645932	0.344472970647	-4.69503307343	2.58060002327	1.99439668655
17	11	0.499996528029	0.737343338803	-0.451751127784	-0.502240698539	4.19041252136	-2.60701727867	-2.89107847214
18	11	0.499996080995	-0.548926504549	0.536285214218	0.641153539813	-3.12761545181	3.06880283356	3.67342686653
19	11	0.499993391335	0.340829261058	-0.648989641633	-0.68018222548	1.93764519691	-3.7406744957	-3.87281632423
20	11	0.499998897314	-0.217605573908	0.818620839816	0.531514566896	-1.24976754189	4.68795204163	3.03087520599
21	11	0.499997094274	0.262272025001	-0.925580148824	-0.272973941989	1.45676898956	-5.30808782578	-1.55868291855
22	11	0.499997615814	0.00298144442587	0.986578354466	0.163261328819	-0.0373912602663	5.65413331985	0.893445968628
23	11	0.499992981553	0.212950349825	-0.9770259128	-0.0085155285423	1.15469169617	-5.60262584686	-0.0856831073761
24	11	0.499991342425	0.0658267039268	0.960100381782	0.271797906454	0.325427114964	5.50622797012	1.52122545242
25	11	0.499979570508	0.377801647196	-0.876288750919	-0.298971470861	2.12169575691	-5.04055261612	-1.68193864822
26	11	0.499109432101	-0.489604925108	0.87161038697	0.0241319422413	-2.7628467083	4.99318170547	0.171133041382
27	11	0.497454360127	0.368335216286	-0.929690971185	-0.00196635202869	2.10907649994	-5.31669712067	-0.0269985198975
28	11	0.446568593383	-0.360636132913	0.932466364239	0.0211674089048	-1.82228136063	4.80346393585	0.113590717316
29	11	0.49555529654	0.541859468621	-0.814602072823	-0.206910075197	3.0695514679	-4.67591810226	-1.12393212318
0	12	0.49997612834	0.0754519593054	-0.952046699724	0.296503091691	0.481619864702	-5.46146202087	1.64499211311
1	12	0.499979779124	-0.258910850564	0.952950479596	0.157640587721	-1.44621801376	5.46778202057	0.86133813858
2	12	0.499987602234	0.12152526054	-0.935863161435	-0.330744242761	0.641387581825	-5.36813831329	-1.87779378891
3	12	0.49999126792	0.236067424684	0.795731703377	0.557748354766	1.35608005524	4.57154941559	3.16447067261
4	12	0.499897122383	-0.413279867052	-0.657012699185	-0.630503025052	-2.33772706985	-3.75894021988	-3.62876176834
5	12	0.498781915754	0.0715128043834	0.298601416835	0.951694863217	0.41044574976	1.74855744839	5.42486953735
6	12	0.488658629358	0.148414949554	-0.426975692445	-0.892000426463	0.855857670307	-2.35259318352	-5.04992628098
7	12	0.498526182026	-0.487143488	-0.318382447531	0.813218199011	-2.80589270592	-1.7534147501	4.66901779175
8	12	0.499487310648	0.653701198348	-0.0759611316875	-0.752930707138	3.74966740608	-0.391596913338	-4.29635620117
9	12	0.499721646309	-0.828812428628	0.22782297564	0.511044665291	-4.71402263641	1.30357515812	2.96458482742
10	12	0.498592719436	0.872582209547	-0.29519722658	-0.389177189724	4.97475147247	-1.75294089317	-2.20003390312
11	12	0.499682173133	-0.709268902448	0.694430197807	0.121261388717	-4.08624601364	3.93513727188	0.724224328995
12	12	0.499959215522	0.808937413942	-0.585927387945	-0.0480557632482	4.6186375618	-3.36131477356	-0.27512049675
13	12	0.499994337559	-0.733663513303	0.6758771364	-0.0701993286264	-4.20748519897	3.85802841187	-0.368835926056
14	12	0.499999403954	0.676590453857	-0.732075446694	-0.0793151820137	3.89300179482	-4.16802024841	-0.425720214844
15	12	0.499999701977	-0.772848291103	0.623257113206	-0.119398868407	-4.46161651611	3.54456377029	-0.582706689835
16	12	0.499999776483	0.863762263028	-0.37884089323	-0.33225642294	4.9197063446	-2.22571468353	-1.89999461174
17	12	0.499999552965	-0.51893425968	0.554524614471	0.650545683312	-3.01600837708	3.14984679222	3.70142126083
18	12	0.499998323619	0.499349268224	-0.428008800176	-0.753298596372	2.87066221237	-2.5343003273	-4.26039218903
19	12	0.49999961257	-0.263525082473	0.916139354416	0.302064917192	-1.55429601669	5.21308898926	1.79044723511
20	12	0.499998837709	0.255747936837	-0.925770098937	-0.278464929064	1.46546185017	-5.29930210114	-1.57681894302
21	12	0.499995276332	-0.153340872711	0.988029926175	0.0168357280517	-0.930486023426	5.6475687027	0.0864939689636
22	12	0.499899804592	0.393235117531	-0.817201104167	0.421365040896	2.19451141357	-4.76475811005	2.31056451797
23	12	0.499774739146	-0.120218563469	0.991407320984	0.0515656949688	-0.671510398388	5.67503738403	0.266249895096
24	12	0.499785959721	-0.000150474949376	-0.9960999583	-0.0882317994325	0.00742040388286	-5.6905465126	-0.543987751007
25	12	0.499882400036	-0.177142195616	0.96376149734	0.199460318804	-0.985787451267	5.52020025253	1.13168048859
26	12	0.499963641167	0.227026671625	-0.967147248118	-0.114390081863	1.31451690197	-5.52516937256	-0.664807319641
27	12	0.499310836196	-0.40063476658	0.910559674824	0.101847250295	-2.23838615417	5.22724294662	0.561751127243
28	12	0.499370887876	0.190271739275	-0.954028221349	0.231574649093	1.11906683445	-5.46701622009	1.25512623787
29	12	0.499510854483	-0.349179205551	0.929310574693	-0.120232018089	-1.9603369236	5.32713794708	-0.679825782776
0	13	0.499989524484	0.0337908772681	0.994498375309	-0.0991521967557	0.209103003144	5.68723726273	-0.574776411057
1	13	0.499998629093	0.0868157911016	-0.993494305924	0.0737026628593	0.446254253387	-5.69458675385	0.379586219788
2	13	0.499998137355	0.191400528678	0.964202623288	0.183518769793	1.10310673714	5.51533317566	1.06195187569
3	13	0.499986037612	-0.529941837342	-0.80778151507	-0.258167916183	-3.0224981308	-4.622610569	-1.50440263748
4	13	0.499846473336	0.669100641042	0.563543143026	0.484482670593	3.80360484123	3.24719166756	2.78697657585
5	13	0.482758536935	-0.264705452044	-0.436938806803	-0.859660108862	-1.50813424587	-2.44177532196	-4.78688335419
6	13	0.376488424838	0.432324466561	0.736363270236	-0.520446625371	1.95076954365	3.24155282974	-2.33469009399
7	13	0.45194112137	0.464733596344	0.257177350221	-0.84727946686	2.43923449516	1.34071218967	-4.43357133865
8	13	0.498824030161	-0.51750488307	-0.111817646942	0.848342802074	-2.97823047638	-0.670275449753	4.87516546249
9	13	0.482883550227	0.433348929706	-0.375951864877	-0.819065870622	2.45474386215	-2.07362699509	-4.56991863251
10	13	0.456500127912	-0.598014912044	0.796028724835	-0.0933618455787	-3.22364974022	4.16352272034	-0.475269079208
11	13	0.495786145329	0.535918167595	-0.811258339143	-0.233776869713	3.1117773056	-4.61101436615	-1.27720975876
12	13	0.499611452222	-0.674838294131	0.729839113381	-0.109216048979	-3.88762235641	4.15087556839	-0.610949754715
13	13	0.499985456467	0.655226682697	-0.734407466027	0.176984937569	3.74963283539	-4.19628381729	0.999735832214
14	13	0.499998062849	-0.606333218055	0.752040299294	-0.258448093282	-3.51032304764	4.29988527298	-1.40755581856
15	13	0.499999642372	0.903381530578	-0.309740695255	-0.296584746597	5.16744804382	-1.88180994987	-1.61937332153
16	13	0.499999806285	-0.687055858881	0.66947096094	0.282423227154	-3.9792432785	3.78860473633	1.6130657196
17	13	0.500000074506	0.595452016095	-0.454310810788	-0.662599866986	3.45444250107	-2.67416143417	-3.7143573761
18	13	0.500000163913	-0.574710045504	0.775876792015	0.260237520754	-3.28965091705	4.42953205109	1.53284335136
19	13	0.499999523163	0.530285703216	-0.777048985648	-0.339104625253	3.00833773613	-4.48517894745	-1.88995170593
20	13	0.499998033047	-0.338017136527	0.940600640699	-0.0318567124937	-1.96169865131	5.37336969376	-0.170573472977
21	13	0.499938607216	0.492358251945	-0.825736480249	0.275213765876	2.78391861916	-4.76567363739	1.51377296448
22	13	0.499572202563	-0.146417184794	0.985723793671	-0.0831300823333	-0.877744197845	5.63251924515	-0.507050514221
23	13	0.49248252809	-0.384814459979	-0.922808106618	-0.0185210623506	-2.10295534134	-5.27311897278	-0.138601779938
24	13	0.49170191586	0.113368603113	0.882691484238	0.456073791708	0.668209910393	5.03316688538	2.51031017303
25	13	0.499463275075	-0.366226313629	-0.926989927221	-0.0810429641417	-2.01592588425	-5.32823944092	-0.52530002594
26	13	0.49978685379	-0.14187054473	0.946509581118	0.289814356769	-0.753651738167	5.43297290802	1.62510585785
27	13	0.499955907464	-0.0631695113699	-0.980985095305	-0.183515273539	-0.302303910255	-5.61447000504	-1.05227637291
28	13	0.499949768186	-0.204078366429	0.953513809494	0.221728291969	-1.11406588554	5.4810667038	1.21304512024
29	13	0.499991178513	-0.0623225196092	-0.996166771637	0.0613813215529	-0.329007148743	-5.70192337036	0.343614578247
0	14	0.499998748302	-0.490825738761	-0.864060817225	0.111754186972	-2.7744705677	-4.96385240555	0.634969711304
1	14	0.499999687076	0.43341614339	0.892211938307	0.126918492706	2.48761129379	5.10732841492	0.716950416565
2	14	0.499999552965	-0.458295337356	-0.821903673958	-0.33828942415	-2.66581630707	-4.70588302612	-1.88595366478
3	14	0.499964803457	0.732044329271	0.67007106776	0.122946590569	4.18421888351	3.83300971985	0.727102994919
4	14	0.499624624848	-0.848646708862	-0.480181352775	-0.221866247963	-4.84962940216	-2.76649427414	-1.24471640587
5	14	0.469936355948	0.877811201072	0.44797257125	0.169611528736	4.76332187653	2.4619436264	0.897789239883
6	14	0.346161276102	0.770346674284	0.357749403182	-0.527808076807	3.1532330513	1.44555366039	-2.17183065414
7	14	0.438107803464	0.266636909763	-0.892848425741	-0.362941382324	1.42946779728	-4.5202088356	-1.91278028488
8	14	0.490664765239	-0.384406070106	0.902519035634	0.194142637211	-2.12168979645	5.17696380615	1.13045167923
9	14	0.416542202234	-0.86427964399	-0.454077870975	-0.216411607998	-4.21753120422	-2.17165017128	-1.04697239399
10	14	0.302147097886	-0.951244133206	0.185679884798	-0.246287594942	-3.4168419838	0.612379252911	-0.922345399857
11	14	0.456169143319	-0.796928257831	0.0783475431461	-0.598971630675	-4.23036718369	0.458100557327	-3.12482261658
12	14	0.499240398407	0.927734025948	-0.213626498523	0.306060935481	5.28818702698	-1.30321609974	1.76450157166
13	14	0.499942019582	-0.615597811714	0.777724192458	-0.127217980957	-3.56503415108	4.41524600983	-0.745292186737
14	14	0.49999897182	0.516874694863	-0.855905533306	0.0163177163351	3.0140247345	-4.86059236526	0.130078792572
15	14	0.499999582767	-0.800948007247	0.579426413439	-0.150822150546	-4.57596540451	3.3373298645	-0.821816682816
16	14	0.500000223517	0.800168825165	-0.53103561786	0.27880284037	4.574010849	-3.07950115204	1.53121113777
17	14	0.500000089407	-0.797871027214	0.561995239375	-0.218089832071	-4.55315589905	3.27608108521	-1.18720912933
18	14	0.499999895692	0.419945794505	-0.900947904603	0.109262998623	2.47020626068	-5.1282377243	0.605368852615
19	14	0.499999582767	-0.412970805454	0.910267164072	-0.0294754788807	-2.40226578712	5.19088363647	-0.167096614838
20	14	0.499995693564	0.409305986044	-0.857193066465	0.312551846246	2.39574885368	-4.90842247009	1.71832108498
21	14	0.499844893813	-0.654411062012	0.755598042811	0.0285964965856	-3.71887779236	4.34377717972	0.0885968208313
22	14	0.495933592319	0.616424926645	-0.774165405116	0.143834054844	3.49075484276	-4.44037818909	0.794586181641
23	14	0.404523586854	-0.414281758033	0.188972921013	0.89031447258	-1.98034667969	0.867596387863	4.2390370369
24	14	0.389202062041	-0.464118914456	-0.453751856319	0.760725236949	-2.12051391602	-2.0708231926	3.46856188774
25	14	0.495504304767	0.327036418733	0.901512843594	0.283410962485	1.85157346725	5.15844917297	1.61170387268
26	14	0.498574078083	-0.187719721153	-0.961648199675	-0.199985115329	-1.0781930685	-5.49282312393	-1.14103245735
27	14	0.499344542623	0.0452047784873	0.981555034469	0.185758559184	0.275601923466	5.608959198	1.03561282158
28	14	0.499972417951	-0.147862482791	-0.984643150246	-0.0928146155344	-0.836665630341	-5.63648605347	-0.512228012085
29	14	0.499992191792	0.30138483167	0.948871938048	-0.093857489969	1.71628212929	5.42948770523	-0.538734912872
0	15	0.499998688698	0.5959155524	0.745315652437	-0.298980321492	3.41301774979	4.27520179749	-1.68393373489
1	15	0.499999970198	-0.79903398866	-0.565142981843	-0.205324365432	-4.5622882843	-3.28084135056	-1.10618066788
2	15	0.499999210238	0.91390328026	0.405548766969	0.0176349635472	5.20833349228	2.37494707108	0.115074872971
3	15	0.499994114041	-0.898728233017	-0.436506872805	-0.0418247913648	-5.13244152069	-2.51731920242	-0.203189849854
4	15	0.499634414911	0.878631934326	0.386675920486	-0.280156485735	5.02334594727	2.23769712448	-1.57093429565
5	15	0.498309001327	-0.673129250506	-0.591767392676	0.443518167699	-3.8850440979	-3.34989500046	2.52790594101
6	15	0.469949066639	0.598420989873	0.642557522917	-0.47855213783	3.25857114792	3.4542722702	-2.64193153381
7	15	0.486230403185	0.0328684767655	-0.695356110694	0.717913325239	0.154725447297	-3.84954595566	4.1090130806
8	15	0.498913927004	-0.158731105625	-0.254233542177	-0.954028166324	-0.874551892281	-1.41739559174	-5.49624824524
9	15	0.477307007648	0.0399474546334	-0.0218979525436	0.998961801343	0.255077004433	-0.110639184713	5.51456546783
10	15	0.437961935997	-0.88484725947	-0.450038718377	-0.120459451149	-4.51691532135	-2.25029826164	-0.661731719971
11	15	0.490306459367	0.257883200346	-0.325958871951	0.909531235734	1.56831657887	-1.82133126259	5.12967681885
12	15	0.499782651663	-0.7858292601	0.311395830151	-0.534326689335	-4.50932884216	1.7774938345	-3.04967594147
13	15	0.499989137053	0.807082621077	-0.550991544949	0.212193214193	4.61961603165	-3.1471760273	1.21845269203
14	15	0.499999150634	-0.767302573931	0.63075370794	-0.115743336561	-4.36912631989	3.63050150871	-0.658993959427
15	15	0.499999955297	0.653783429462	-0.752523338324	-0.0792202792173	3.75991439819	-4.29322195053	-0.391843318939
16	15	0.499998629093	-0.627928024539	0.775855423496	-0.06127607878	-3.60611152649	4.42422771454	-0.381910800934
17	15	0.49999897182	0.564154426728	-0.82127534313	0.0850681701336	3.26583099365	-4.66658210754	0.505883216858
18	15	0.499998420477	-0.749348859396	0.634679474937	-0.188833924431	-4.25101184845	3.67794179916	-1.05984854698
19	15	0.499999597669	0.754528290065	-0.656166575485	0.0115102001561	4.30021095276	-3.77183961868	0.100961685181
20	15	0.499995201826	-0.857622106684	0.513892743069	-0.019964236751	-4.86409854889	3.01708650589	-0.165578365326
21	15	0.499771788716	0.619451610957	-0.711075162633	0.332643675379	3.55082201958	-4.08115673065	1.85358285904
22	15	0.497749388218	-0.415641885051	0.853120528421	-0.315320769024	-2.38542127609	4.86692237854	-1.81215548515
23	15	0.410367067903	-0.249414431867	-0.492296308129	0.833928525822	-1.18172359467	-2.35479688644	3.9977850914
24	15	0.355786390603	-0.322585045718	-0.703886046753	0.632837515849	-1.33642315865	-2.96863913536	2.6654510498
25	15	0.450889777392	0.312755536728	-0.561844801148	-0.76584227728	1.64422094822	-2.97990918159	-4.02629423141
26	15	0.44649592042	0.740830917353	0.671469891938	0.0172550315736	3.79145383835	3.53023338318	0.0377349853516
27	15	0.497172936797	-0.0758113437611	-0.991670817016	0.104123152262	-0.465139120817	-5.66316604614	0.589769124985
28	15	0.499650120735	0.267407204531	0.941150786568	-0.206708935238	1.53549265862	5.38266944885	-1.158847332
29	15	0.499994948506	-0.38407786812	-0.867857937288	0.315129801679	-2.21243786812	-4.96281433105	1.78613424301
0	16	0.49999897182	-0.616096540644	-0.606393395336	0.502704786827	-3.52626848221	-3.5015039444	2.83269119263
1	16	0.500000029802	0.758404902107	0.640714238423	-0.119612997378	4.338763237	3.66242194176	-0.723070383072
2	16	0.500000193715	-0.870859829575	-0.421131312037	0.253478944402	-4.96729803085	-2.44109010696	1.45748281479
3	16	0.499994173646	0.826352638464	0.501376332728	-0.25644315137	4.73488092422	2.84631109238	-1.49229645729
4	16	0.499982073903	-0.869754091357	-0.335036213507	0.36232382782	-4.95732212067	-1.92330026627	2.12855672836
5	16	0.499614365399	0.705512722026	0.242540289138	-0.66590240066	4.0230255127	1.40127170086	-3.81755876541
6	16	0.498966105282	-0.473167078006	-0.0867209602079	0.876694012385	-2.70533847809	-0.561814546585	5.00636053085
7	16	0.499901335686	0.261848855467	0.224246079734	-0.938695303394	1.46055197716	1.3105661869	-5.37590646744
8	16	0.499697196297	0.0967629542825	-0.109464047048	0.989269706947	0.566298007965	-0.626027107239	5.65515947342
9	16	0.499277491122	-0.368349575216	0.0696360406755	-0.927075731684	-2.11962676048	0.392633616924	-5.29829597473
10	16	0.499215058982	0.714253328733	0.247536607984	0.65465090705	4.10594463348	1.36227679253	3.75015902519
11	16	0.499738864601	-0.735105095956	-0.00778668759716	-0.677908449125	-4.21752882004	-0.0440267212689	-3.86799025536
12	16	0.499960184097	0.930659129692	0.124771114326	0.343956034038	5.32578516006	0.628035068512	2.01012134552
13	16	0.499995961785	-0.943387809322	0.320622051989	-0.0849761201847	-5.38954639435	1.85637581348	-0.524382352829
14	16	0.499999001622	0.697594713342	-0.679467251806	0.227345265269	4.00125408173	-3.87995409966	1.28762388229
15	16	0.499989926815	-0.626301864	0.729510794492	-0.274881748885	-3.58679580688	4.17609977722	-1.54891562462
16	16	0.499982222915	0.590729134309	-0.681627202813	0.431767815224	3.39841985703	-3.92944121361	2.39775133133
17	16	0.499965026975	-0.639155847468	0.755153880546	-0.145679165785	-3.64606976509	4.3212184906	-0.848795175552
18	16	0.49999281764	0.582005544468	-0.788168915175	0.200148213482	3.34864211082	-4.49214839935	1.13999629021
19	16	0.499989271164	-0.663139698603	0.67447755571	-0.324539314999	-3.79157733917	3.88162612915	-1.80771541595
20	16	0.49999499321	0.642580464516	-0.737897704065	0.206391193992	3.68266534805	-4.21143484116	1.18393564224
21	16	0.499957039952	-0.597981365158	0.778371137817	-0.19119795694	-3.40384554863	4.45624732971	-1.11724805832
22	16	0.499092370272	0.383313380599	-0.86577596572	0.321718556249	2.21470093727	-4.92244911194	1.85924839973
23	16	0.496914155781	-0.436253948624	0.700746238165	-0.564479585112	-2.49182772636	4.00989437103	-3.21652889252
24	16	0.475518204272	0.486104451709	-0.502656184733	0.714870073495	2.65364480019	-2.81174969673	3.91695594788
25	16	0.401068005711	0.408956788998	0.398581230412	-0.820906418233	1.91082978249	1.86991202831	-3.8464884758
26	16	0.306269418448	0.196096476884	0.74568319868	-0.636790969597	0.769662559032	2.75023436546	-2.26974868774
27	16	0.46606348455	0.129753888818	0.970026931775	-0.205454812469	0.735950529575	5.20511579514	-1.11887097359
28	16	0.499441847205	-0.540457418319	-0.833679141233	0.113511534464	-3.04472136497	-4.79241228104	0.717396020889
29	16	0.499968886375	0.565805279874	0.714838071572	-0.410939066892	3.21317005157	4.11392688751	-2.33750867844
0	17	0.499998256564	0.510599333134	0.711156930501	-0.483264049153	2.90884828568	4.06934785843	-2.76992678642
1	17	0.499999120831	-0.54166827369	-0.717245277196	0.438354529596	-3.11502218246	-4.07913732529	2.52871823311
2	17	0.499999888241	0.529937108896	0.483176065768	-0.696927220077	3.06587123871	2.77678060532	-3.95549154282
3	17	0.500000141561	-0.60493770691	-0.347663217339	0.716366287641	-3.45390129089	-2.01279354095	4.09722709656
4	17	0.499993786216	0.384066804826	0.131442705793	-0.913901255347	2.24760651588	0.781286478043	-5.20944738388
5	17	0.499980509281	-0.439194211506	-0.0802171696814	0.894803693705	-2.4893693924	-0.507667958736	5.12898159027
6	17	0.499972306192	0.170261610258	0.284045193049	-0.943572632275	0.987951278687	1.62333273888	-5.39719057083
7	17	0.499984474853	-0.0720387311603	-0.349823597875	0.934041686212	-0.393561840057	-2.0000398159	5.3444018364
8	17	0.499988235533	-0.282995349987	0.328416113653	-0.90114176919	-1.63112533092	1.85704243183	-5.16272449493
9	17	0.499953024089	0.68984412153	-0.220610901551	0.689525864712	3.92981100082	-1.28283452988	3.96087741852
10	17	0.499935626984	-0.852349610733	0.227156311527	-0.471062789038	-4.87938594818	1.27684414387	-2.70821404457
11	17	0.499980211258	0.915786896405	0.0483349951045	0.398745644014	5.23272228241	0.213607147336	2.30555057526
12	17	0.499992989004	-0.812392356663	0.186511546313	-0.552478146109	-4.7070274353	1.04598748684	-3.08891105652
13	17	0.499999076128	0.93266184807	-0.355833297897	0.0593678470381	5.328602314	-2.06101131439	0.382256746292
14	17	0.499989748001	-0.500146243313	0.8347863562	-0.23018573979	-2.92978525162	4.75661563873	-1.26974391937
15	17	0.499961167574	0.574955192803	-0.800798130224	0.16777628229	3.28696846962	-4.57629013062	0.960402965546
16	17	0.499437972903	-0.634190026388	0.769836334084	-0.0717985316984	-3.60983133316	4.40441799164	-0.459098577499
17	17	0.49964158237	0.643453888818	-0.754363179137	0.130012641409	3.67042684555	-4.32001543045	0.733753204346
18	17	0.49941636622	-0.570745276548	0.816175373071	-0.0900421550755	-3.27216148376	4.6494436264	-0.531750917435
19	17	0.49997407198	0.573385518786	-0.812969767217	0.101534252538	3.28916072845	-4.63712739944	0.618187665939
20	17	0.499988242984	-0.545258850825	0.768412915794	-0.335013994392	-3.12572979927	4.39790630341	-1.89194536209
21	17	0.499986752868	0.462206947753	-0.852212977475	0.245148482501	2.64623260498	-4.86096382141	1.44321036339
22	17	0.499972097576	-0.408063929151	0.728091822548	-0.550786825972	-2.36474275589	4.17728424072	-3.1100692749
23	17	0.499456703663	0.587713501579	-0.68117354067	0.436572385238	3.31074500084	-3.92677164078	2.50215625763
24	17	0.498845130205	-0.413152309888	0.837487979528	-0.35765773161	-2.38875055313	4.75485086441	-2.0823199749
25	17	0.484734505415	0.536731462321	-0.830823190878	0.147146739192	2.99763703346	-4.64852571487	0.859709978104
26	17	0.455041393638	0.405159991359	0.900943818244	-0.155388602442	2.09617567062	4.75100708008	-0.873748064041
27	17	0.494743160903	-0.195629542413	-0.687500161381	0.699337265013	-1.0929261446	-3.94310474396	3.9471848011
28	17	0.499633908272	0.218377136294	0.757721030639	-0.614955499261	1.269510746	4.34910821915	-3.48925542831
29	17	0.499979138374	-0.321409550507	-0.828263031785	0.458994826791	-1.85777831078	-4.72638368607	2.62881326675
0	18	0.499997265637	-0.350969739	-0.691448409133	0.631442269581	-2.01621437073	-3.97281742096	3.58707046509
1	18	0.499999441206	0.506444419671	0.529484088104	-0.680559071814	2.88119006157	3.07785367966	-3.86774158478
2	18	0.499997466803	-0.478718598748	-0.488392190148	0.729590002546	-2.71717882156	-2.80060434341	4.17847824097
3	18	0.499997995794	0.352263747529	0.530847811441	-0.770785867323	2.02785086632	3.01101493835	-4.42373561859
4	18	0.499990232289	-0.216010826565	-0.0733148468166	0.973634559803	-1.22988116741	-0.48511210084	5.5683259964
5	18	0.49999460578	-0.0072909485851	0.356111723484	-0.934414941269	-0.0360951945186	2.00803947449	-5.36305809021
6	18	0.499994318932	0.124711467411	-0.508342139434	0.852077061756	0.70403778553	-2.86159658432	4.90561246872
7	18	0.499999027699	-0.118819927036	0.526228411142	-0.842000881381	-0.710648953915	2.96626663208	-4.8421998024
8	18	0.499999165535	0.521594625311	-0.173310848769	0.835405528199	2.96204996109	-1.05304300785	4.78646421432
9	18	0.499997034669	-0.742148780704	0.518878786073	-0.424240489184	-4.25789880753	2.91899442673	-2.47887945175
10	18	0.499999687076	0.843415764369	-0.522595316171	0.124675514555	4.82944202423	-2.9668815136	0.779922246933
11	18	0.499998703599	-0.903525818391	0.383712420953	-0.190803232435	-5.18862342834	2.14905118942	-1.09413862228
12	18	0.499999329448	0.994691344014	-0.0874924246499	0.0541683096764	5.68453550339	-0.548098087311	0.356473445892
13	18	0.499997437	-0.950661078722	0.309352551053	-0.0233347929022	-5.43249559402	1.80581450462	-0.0977103710175
14	18	0.499989822507	0.497114141938	-0.767145710023	-0.405419522814	2.93177652359	-4.40113925934	-2.2232170105
15	18	0.499377727509	-0.514959985433	0.846930300728	-0.132383077132	-2.96529912949	4.84185838699	-0.696645736694
16	18	0.496024221182	0.439734957724	-0.844277414924	0.306314892888	2.53851890564	-4.81738853455	1.70512413979
17	18	0.456029385328	-0.581175135906	0.81219260564	-0.0507802397388	-3.07432508469	4.25354671478	-0.240110635757
18	18	0.497982695699	0.661764029324	-0.728467685835	0.177209481084	3.7860224247	-4.17274856567	0.994762420654
19	18	0.499286264181	-0.616128983436	0.755432083064	-0.222951662133	-3.52795958519	4.3062953949	-1.26708507538
20	18	0.499974280596	0.593978345992	-0.70309823278	0.390950891488	3.40398001671	-4.02913713455	2.22003984451
21	18	0.499996379018	-0.229680561292	0.832122638572	-0.504795754876	-1.41362512112	4.75315952301	-2.86170244217
22	18	0.499989241362	0.636144048193	-0.583681770186	0.504615042484	3.57756090164	-3.39835214615	2.90021657944
23	18	0.49996098876	-0.262685277157	0.910415904988	-0.31959243594	-1.56463432312	5.17095565796	-1.89521217346
24	18	0.499129280448	0.354801482994	-0.611463804186	0.707267929314	2.04961109161	-3.55871582031	3.97637367249
25	18	0.492002755404	-0.637321067558	0.652114327866	-0.410571260853	-3.58230733871	3.72587013245	-2.32602262497
26	18	0.445330351591	0.167985068077	-0.938991196611	0.300127555533	0.857507824898	-4.82475090027	1.54376912117
27	18	0.496792964637	-0.30737568361	0.714801989422	-0.628154682418	-1.6975082159	4.10852146149	-3.59745693207
28	18	0.499170519412	-0.10453593936	-0.75784465881	0.644005986381	-0.5935151577	-4.34332847595	3.66082143784
29	18	0.499966159463	0.256973940345	0.907566269306	-0.332096161981	1.46818304062	5.16513776779	-1.98060297966
0	19	0.499998025596	0.231411414779	0.787808342047	-0.570794860971	1.31828403473	4.50273323059	-3.26848220825
1	19	0.499998420477	-0.328811617885	-0.86573293077	0.377345216645	-1.87745296955	-4.92203998566	2.24507880211
2	19	0.499984301627	0.176249990634	0.446268397829	-0.8773713341	1.04688858986	2.64437556267	-4.97301435471
3	19	0.499830409884	-0.242121475758	-0.705580084886	0.66598343432	-1.36858165264	-3.97834253311	3.87880134583
4	19	0.499905373901	-0.0364777786003	0.227681525276	-0.973052154161	-0.201664090157	1.31457006931	-5.57009935379
5	19	0.499708592892	0.488597234442	-0.167832797848	0.856215448624	2.73360657692	-0.951025009155	4.93640899658
6	19	0.499987049028	-0.373199641076	0.066204152295	-0.92538588606	-2.13161420822	0.43029665947	-5.29178905487
7	19	0.499992743134	0.335699570172	-0.303260752456	0.891817646499	1.91956567764	-1.71595978737	5.10671758652
8	19	0.49999961257	-0.368040533937	0.202902036252	-0.907401195207	-2.1438190937	1.1647746563	-5.17411994934
9	19	0.499999687076	0.800542941741	-0.159355616293	0.577699563774	4.55009746552	-0.972449362278	3.34154319763
10	19	0.500000178814	-0.727441229536	0.599392247232	-0.334003280716	-4.22619533539	3.35211801529	-1.93409514427
11	19	0.499999836087	0.980598963744	-0.164020634536	0.107344789117	5.60079193115	-0.971915781498	0.669297456741
12	19	0.499999687076	-0.970059269879	0.159804381642	-0.182886775162	-5.54999160767	0.94255566597	-1.01833987236
13	19	0.49999897182	0.87082814177	-0.41542786582	-0.262827007368	5.00871372223	-2.3631670475	-1.43861627579
14	19	0.499915540218	-0.823992743708	0.548849477742	0.140713215797	-4.69291496277	3.15413379669	0.861582756042
15	19	0.499299779534	0.577188417169	-0.602593855176	-0.551120836832	3.35288071632	-3.47290039062	-3.08651018143
16	19	0.434640914202	-0.387335997824	0.833985969444	0.392986294367	-1.99186563492	4.16893577576	1.9572789669
17	19	0.259922668338	-0.741261768414	0.571748186502	0.351617692842	-2.30785608292	1.79552602768	1.02614831924
18	19	0.451501920819	-0.931663215171	0.288456266566	0.220899605652	-4.83879899979	1.55457139015	1.1254234314
19	19	0.498936846852	0.751823874903	-0.646874604229	0.127726690744	4.31586503983	-3.68107938766	0.699648618698
20	19	0.499972134829	-0.912870941927	0.360834908729	-0.190957618407	-5.18835496902	2.15500950813	-1.10049414635
21	19	0.499997124076	0.614768972472	-0.749364441135	0.24599196094	3.52121162415	-4.26821756363	1.47554850578
22	19	0.499998643994	-0.448467739632	0.537571461956	-0.71406835093	-2.58284759521	3.14952087402	-4.02334785461
23	19	0.499949157238	0.317151976557	-0.802657703437	0.505128928968	1.80916047096	-4.5794172287	2.9076333046
24	19	0.499039962888	-0.266159146288	0.836767337232	-0.478518267351	-1.49801492691	4.78323602676	-2.74737858772
25	19	0.444353535771	-0.0807733164276	-0.988836013449	0.125215853067	-0.376673102379	-5.06690692902	0.668162345886
26	19	0.254443474114	0.157919294634	-0.955950264879	0.247427943975	0.483194172382	-2.90112257004	0.761923193932
27	19	0.44185321033	0.565089075904	-0.732537931207	0.379555681866	2.82009601593	-3.78616547585	1.94062900543
28	19	0.498387366533	0.144971944963	0.777852838717	-0.611496603811	0.805076479912	4.44636678696	-3.48962855339
29	19	0.499953307211	-0.127229332518	-0.678722066022	0.72329043547	-0.747368454933	-3.9077103138	4.10926198959
0	20	0.49999858439	0.00179814271297	-0.834731744527	0.550653867108	-0.029118809849	-4.74918317795	3.19156742096
1	20	0.49999666214	0.211529388329	0.828792202921	-0.518033591816	1.19241333008	4.73294973373	-2.97983384132
2	20	0.499847173691	-0.12636733176	-0.871456019758	0.47391529105	-0.756979644299	-4.94557476044	2.77960109711
3	20	0.499503456056	0.125202760255	0.504052049149	-0.854550057383	0.744378805161	2.89949536324	-4.88074302673
4	20	0.483659965917	-0.0032785925769	-0.0184423230206	0.999824550385	0.00144994538277	-0.146740689874	5.57612752914
5	20	0.498562108725	-0.481524673907	-0.191166927111	-0.855329874608	-2.74259853363	-1.05282831192	-4.91064691544
6	20	0.499490052462	0.46110637189	-0.0676046471434	0.884765802621	2.62476038933	-0.393890976906	5.05852413177
7	20	0.499987866729	-0.427380467072	0.1061460471	-0.897818997933	-2.42620706558	0.624225974083	-5.13945531845
8	20	0.499996984378	0.342706955279	-0.162859377588	0.925218226115	1.97678017616	-0.917034208775	5.28548002243
9	20	0.499999348074	-0.453694005517	0.187347222348	-0.871242083256	-2.64996981621	1.0383759737	-4.96616220474
10	20	0.499999828637	0.80634711289	0.00186323587858	0.591439651939	4.60277271271	-0.0585643239319	3.40640306473
11	20	0.499999627471	-0.854068882713	-0.0223867030502	-0.519677957112	-4.91018438339	-0.081865683198	-2.93611860275
12	20	0.499999165535	0.868665733055	-0.364516462076	0.335481136716	5.00262022018	-2.03388667107	1.89535045624
13	20	0.499995440245	-0.95173679782	0.301828565975	0.0556469625204	-5.43871450424	1.74959170818	0.308539628983
14	20	0.499949112535	0.80623225558	-0.535767055592	-0.250884858461	4.63993740082	-3.02418923378	-1.42675995827
15	20	0.499666422606	-0.873760338213	0.250152770609	0.41709287062	-4.98085308075	1.46626114845	2.41124558449
16	20	0.481699135154	0.584644588604	0.167069511357	-0.793900801984	3.31780600548	0.892182826996	-4.39028310776
17	20	0.433833062649	-0.843274756625	0.526394241125	-0.108613018324	-4.23558473587	2.64490222931	-0.472868680954
18	20	0.497151836753	0.980316956531	-0.0685473820279	-0.185148376052	5.60734701157	-0.477608174086	-1.05724835396
19	20	0.499541118741	-0.710339307258	0.645367231636	0.280925621642	-4.10753440857	3.67236566544	1.54149389267
20	20	0.499990031123	0.849215922181	-0.527654219757	0.0203308112837	4.83649539948	-3.06959939003	0.163882493973
21	20	0.499998390675	-0.62395379406	0.577881861403	-0.526055336576	-3.56616401672	3.36844730377	-2.9517788887
22	20	0.499998882413	0.322706368209	-0.889057899229	0.324710104148	1.87317895889	-5.04524421692	1.96077752113
23	20	0.499977789819	-0.163791273387	0.650817676296	-0.741356035237	-0.956038117409	3.78051757812	-4.18794775009
24	20	0.499311514199	-0.0510256409399	-0.819597266669	0.570663389779	-0.272668451071	-4.68712329865	3.25702476501
25	20	0.496901646256	0.310434691194	0.914740080511	-0.258613394105	1.73195791245	5.23723506927	-1.49800848961
26	20	0.445156514645	0.098878021888	-0.994460776582	-0.0356496932195	0.505781412125	-5.10676670074	-0.13810801506
27	20	0.491490960121	0.433116115378	0.783727190236	-0.445176506438	2.40325427055	4.46194553375	-2.52745008469
28	20	0.499262884259	-0.295581732194	-0.816031474481	0.496713269654	-1.68426823616	-4.63198375702	2.89083552361
29	20	0.499950572848	0.156648798747	0.508119746063	-0.846921175501	0.884844303131	2.97270536423	-4.80995368958
0	21	0.499998301268	-0.00678256928683	0.638984152289	-0.769189995955	-0.0539755299687	3.65942525864	-4.39494657516
1	21	0.499983970076	-0.0799883188761	-0.57942800425	0.8110888094	-0.471171498299	-3.35621666908	4.61177778244
2	21	0.499778360128	0.439554982599	0.765613960897	-0.469709144208	2.46816968918	4.36585140228	-2.758446455
3	21	0.485795713961	-0.552280970023	-0.403647239924	0.729420753648	-3.05799055099	-2.29457449913	4.11198949814
4	21	0.36731120199	0.170393487369	0.855599406161	0.488790052722	0.77319163084	3.69035720825	2.12501811981
5	21	0.440612845123	0.614638037598	0.280736406921	0.737161551199	3.13406848907	1.45153129101	3.78208446503
6	21	0.499012246728	-0.385175160858	0.384043915498	-0.839136679229	-2.20699357986	2.14125823975	-4.82753753662
7	21	0.499873770401	0.283011620974	-0.155131878123	0.94648746573	1.64261388779	-0.883379459381	5.40413713455
8	21	0.49999210611	-0.327351082052	-0.0674048250577	-0.942495548339	-1.89396238327	-0.361961632967	-5.38431596756
9	21	0.499999605119	0.538127084201	0.205185154838	0.817507366012	3.07815408707	1.10866093636	4.69558143616
10	21	0.499998450279	-0.599827256822	0.324027281127	-0.731582929721	-3.49303293228	1.75836849213	-4.18852329254
11	21	0.499996975064	0.937624215539	-0.0400287660371	0.345338281001	5.3435716629	-0.238140851259	2.03718113899
12	21	0.49999126792	-0.950597488843	0.120499267687	-0.286084499217	-5.43484115601	0.692880511284	-1.636687994
13	21	0.499982297421	0.972915505793	-0.211820982363	0.092559656533	5.56439971924	-1.21703207493	0.531921386719
14	21	0.499893948436	-0.911841473547	0.34625324495	0.220576103605	-5.22148227692	1.98897314072	1.22652292252
15	21	0.499126568437	0.824075413588	-0.456943959274	-0.334816264245	4.74166440964	-2.57340455055	-1.88279557228
16	21	0.498520776629	-0.968479875823	0.0153819103917	0.24861642536	-5.51817417145	0.0963130295277	1.49620914459
17	21	0.497301377356	0.780559077599	-0.117822368562	-0.613877362219	4.53655147552	-0.682923972607	-3.40947675705
18	21	0.499541342258	-0.893065780354	0.449926007502	0.000315806491086	-5.11462974548	2.56501674652	0.054435968399
19	21	0.499969616532	0.633471039568	-0.772794763276	-0.0387646215338	3.64528226852	-4.41079330444	-0.189872264862
20	21	0.499992132187	-0.269007580796	0.900707937672	-0.341116010309	-1.64219307899	5.14309978485	-1.91692113876
21	21	0.499999940395	0.41090150161	-0.845543689995	0.340904421038	2.3317835331	-4.83548784256	1.98302435875
22	21	0.499996818602	-0.256405713105	0.597950540952	-0.759415078111	-1.48890006542	3.51140713692	-4.27180671692
23	21	0.49997857213	0.294812979888	-0.801251521034	0.520654690683	1.66901803017	-4.58397531509	2.99405527115
24	21	0.499941952527	0.0571669373979	0.745979338418	-0.663510940318	0.300550401211	4.30812931061	-3.75241136551
25	21	0.499283179641	-0.136467213108	-0.954540453311	0.265007967312	-0.762417018414	-5.44693470001	1.5426337719
26	21	0.499493688345	-0.0204103002462	0.981558718958	-0.190068147994	-0.122386500239	5.60697317123	-1.12919735909
27	21	0.499503165483	-0.0716809274711	-0.870306320806	0.487266613469	-0.446410119534	-4.95969200134	2.81254339218
28	21	0.499850310385	0.341366388713	0.537238034283	-0.771261488198	1.88440442085	3.14737272263	-4.39807462692
29	21	0.499992307276	0.0412679106575	-0.546843618293	0.836217087055	0.197039008141	-3.14699316025	4.7704668045
0	22	0.499998338521	0.342770657559	-0.590135773416	0.730922735487	1.91409397125	-3.38083171844	4.19987392426
1	22	0.499984648079	-0.100040140905	0.53993811576	-0.835738476653	-0.579597592354	3.10222792625	-4.771525383
2	22	0.499259807169	-0.173400032548	-0.699301612757	0.693476519507	-0.917504072189	-3.99369120598	3.99771261215
3	22	0.482591688633	-0.408950704686	0.508384258967	-0.757828982272	-2.21120810509	2.88084793091	-4.23119688034
4	22	0.356967136264	0.393343417209	0.905317920012	0.160251114949	1.61723971367	3.83625555038	0.635822176933
5	22	0.417576342821	0.568879243239	0.755905594376	-0.324011016794	2.78533363342	3.71065139771	-1.55782520771
6	22	0.496575579047	0.14839727576	-0.469192359173	0.870538212051	0.872720956802	-2.65680074692	4.97819042206
7	22	0.499457582831	-0.343390296471	0.131347925722	-0.929962809309	-1.94752812386	0.75090277195	-5.31897735596
8	22	0.499987252057	0.417615713998	0.0412755490865	0.907685763064	2.40102601051	0.236345767975	5.18452692032
9	22	0.499993078411	-0.578997933022	-0.209701188304	-0.787900250781	-3.2942609787	-1.18929159641	-4.51926040649
10	22	0.499987624586	0.667510336344	0.200513244746	0.7170944077	3.81432247162	1.09844660759	4.11881065369
11	22	0.499851822853	-0.720883619013	-0.121954104143	-0.682241895754	-4.17092323303	-0.694357812405	-3.85292267799
12	22	0.499853298068	0.941800687847	0.0654979673751	0.32972940518	5.37960958481	0.383684366941	1.90919947624
13	22	0.499602481723	-0.921398119671	0.11112850406	-0.372392213469	-5.27784252167	0.635725915432	-2.0973546505
14	22	0.499375283718	0.952996158306	-0.265602056246	0.145787070661	5.44550418854	-1.52206277847	0.846570253372
15	22	0.489234119654	-0.852653669092	0.509412822491	-0.116104680637	-4.82613325119	2.85280942917	-0.621748685837
16	22	0.440498292446	0.830252232038	0.336961696647	-0.444002304261	4.26121997833	1.67195892334	-2.19779706001
17	22	0.498349383473	-0.920881825935	-0.389572581766	0.014486759441	-5.33260965347	-2.15282011032	0.122135639191
18	22	0.499300003052	0.849791250393	-0.526847352869	0.016932144858	4.89336633682	-2.96900486946	0.138045787811
19	22	0.499976575375	-0.667104512295	0.68461503317	-0.293724064445	-3.82668828964	3.91599798203	-1.6555981636
20	22	0.499996736646	0.576138897293	-0.761155477174	0.297836046497	3.26024150848	-4.38178777695	1.7091884613
21	22	0.50000141561	-0.00238442454698	0.985332936866	-0.170626252513	-0.114662945271	5.63298463821	-1.0269715786
22	22	0.499997809529	0.180758350997	-0.910685839953	0.371453522602	1.08362293243	-5.21279764175	2.10982060432
23	22	0.499994218349	-0.464077779371	0.88573315909	-0.0104204405911	-2.6193459034	5.09288549423	-0.14816737175
24	22	0.499926894903	0.0396617522202	-0.8441148457	0.534693438037	0.283159762621	-4.88287353516	2.99559783936
25	22	0.499832108617	-0.0383725155892	0.950726045755	-0.307648396666	-0.255888044834	5.43667840958	-1.76289916039
26	22	0.49984768033	0.309116569387	-0.80893355855	0.500073438989	1.71305680275	-4.64212036133	2.8794798851
27	22	0.499939218163	0.1055611148	0.614288276111	-0.781988980021	0.550208210945	3.57048940659	-4.4386973381
28	22	0.499990254641	0.209045016967	-0.759529549857	0.615966755414	1.13205480576	-4.33927536011	3.55637979507
29	22	0.499997191131	-0.0137256388012	0.679523075001	-0.733525730551	-0.125672072172	3.88541603088	-4.19478702545
0	23	0.499992616475	-0.490259068855	0.464402191396	-0.737547727291	-2.7716460228	2.69041824341	-4.21847391129
1	23	0.49995810166	0.39659459887	-0.382796805141	0.834373615427	2.27615976334	-2.20032811165	4.76277446747
2	23	0.499412424862	-0.519139730423	0.415349417291	-0.746979786776	-2.90875005722	2.38864421844	-4.31140422821
3	23	0.492796499282	0.0898979217503	-0.555398312081	0.826711000654	0.608925938606	-3.13486671448	4.70227527618
4	23	0.42883913219	-0.907963056514	0.402954801454	-0.115023980067	-4.57368135452	2.05220842361	-0.613608837128
5	23	0.383370503783	-0.797710887184	0.188887156828	-0.572694493123	-3.62617683411	0.913516402245	-2.57850623131
6	23	0.447612803429	-0.349711620364	0.179650915229	-0.919471223715	-1.81556653976	0.943164825439	-4.78123521805
7	23	0.499172834679	0.204944826412	0.063836870688	0.976689547435	1.22773480415	0.334456324577	5.57696008682
8	23	0.499754212797	-0.61495905756	-0.0124384304148	-0.788460933068	-3.44554066658	-0.105660438538	-4.56853580475
9	23	0.499954305589	0.399850187837	0.310709495366	0.862310522246	2.31505393982	1.7221300602	4.94023990631
10	23	0.49973057583	-0.559122646608	0.0195830336006	-0.828853648629	-3.22287988663	0.0541627928615	-4.72611093521
11	23	0.498995617032	0.895304056747	0.212148864362	0.391693126468	5.11305618286	1.19173932076	2.27563381195
12	23	0.486624166369	-0.791866090266	-0.548542304674	-0.268420258308	-4.49477958679	-3.01295995712	-1.54311800003
13	23	0.497282788157	0.90833508602	-0.0414055777118	0.416188598642	5.19294071198	-0.197624862194	2.36841034889
14	23	0.497983857989	-0.871763584875	0.0609548219516	-0.486120110433	-5.00437021255	0.385716080666	-2.72104549408
15	23	0.433199569583	0.980034887193	-0.0180534149603	-0.198004277966	4.90471315384	-0.108965829015	-0.95551109314
16	23	0.254169978201	0.993198850968	-0.105040170318	-0.0502255418677	2.99397420883	-0.324549049139	-0.124444007874
17	23	0.450314447284	0.863916983515	0.206595205452	0.459310207463	4.52089357376	1.01436233521	2.34220099449
18	23	0.498457029462	-0.83714518589	0.319864996158	-0.443705219683	-4.77950286865	1.854850173	-2.51673221588
19	23	0.499928027391	0.665615124553	-0.586949416586	0.460919611576	3.81390571594	-3.36124777794	2.61784625053
20	23	0.499997451901	-0.615707367393	0.684285548236	-0.390714379328	-3.50106716156	3.93280148506	-2.23175263405
21	23	0.499999374151	0.310669906738	-0.893095078361	0.325369620669	1.81469345093	-5.10150146484	1.85169100761
22	23	0.499996528029	-0.64120346755	0.756586239753	-0.128200526588	-3.6076259613	4.37965774536	-0.753270864487
23	23	0.49998486042	0.518290568669	-0.851996101192	-0.0740103369921	2.94630217552	-4.88413190842	-0.394483089447
24	23	0.499600455165	-0.496159064623	0.823728844573	0.274402939508	-2.86132669449	4.73122215271	1.496052742
25	23	0.495527520776	0.456638625618	-0.878346299992	-0.141382258027	2.63858747482	-5.01717472076	-0.735482931137
26	23	0.498424746096	-0.314714016689	0.502849435987	-0.805045049936	-1.78495550156	2.97573542595	-4.55545759201
27	23	0.499477654696	-0.00360042868953	-0.6655409264	0.746352672803	0.0271705016494	-3.81244134903	4.25631046295
28	23	0.499977484345	-0.20494276207	0.855383600959	-0.47572824121	-1.16661441326	4.87916088104	-2.74929141998
29	23	0.499989688396	0.211855943069	-0.727363785635	0.652731937884	1.21666491032	-4.15837287903	3.73428106308
0	24	0.499928101897	0.495808917649	-0.608997243345	0.619108936115	2.82120132446	-3.46490287781	3.57328081131
1	24	0.499605037272	-0.593491339495	0.192481062645	-0.781485169704	-3.37328958511	1.13538432121	-4.47425842285
2	24	0.49813304469	0.539242300197	0.00717493340985	0.842120099516	3.08931970596	0.000938386714552	4.8064866066
3	24	0.450466416776	-0.56689308867	-0.362128825253	-0.739929010067	-2.99365615845	-1.8286421299	-3.89892101288
4	24	0.396895006299	-0.938027564361	0.188992548425	0.290492865901	-4.43229007721	0.944090127945	1.32986116409
5	24	0.373645186424	-0.773069983151	0.623847650674	0.114790722186	-3.45262598991	2.7159640789	0.472506046295
6	24	0.419903591275	-0.757498204475	0.651952624232	-0.033974195726	-3.73703885078	3.21758699417	-0.117168426514
7	24	0.492524359375	-0.365314509475	0.000413968336345	-0.93088406249	-2.00801062584	-0.0699794143438	-5.30639743805
8	24	0.499907054007	0.081793416439	0.177776697295	0.980665734553	0.539302349091	1.00047492981	5.60664701462
9	24	0.499516516924	-0.198558914704	-0.122494862141	-0.972403911006	-1.17014312744	-0.731117725372	-5.54520845413
10	24	0.497618377209	0.476958471571	0.109471575439	0.872081756814	2.7465801239	0.595351219177	4.98171472549
11	24	0.475944772363	-0.954008765362	0.299744790749	-0.00450954897028	-5.29473543167	1.62923693657	-0.0858867168427
12	24	0.391893580556	-0.785315300369	-0.597665425612	0.161480395201	-3.6980676651	-2.76766037941	0.706680774689
13	24	0.420971244574	-0.805684421797	-0.550842498022	-0.217819087424	-3.96783018112	-2.70326590538	-1.06913459301
14	24	0.492843180895	0.826939462969	-0.422920782558	0.370552474374	4.72410440445	-2.30927848816	2.14318799973
15	24	0.494107693434	-0.83607202622	0.150414904704	-0.527597311798	-4.76263713837	0.877010643482	-2.98236894608
16	24	0.453056484461	0.535460993486	-0.815484853412	0.219695194099	2.8853392601	-4.20191764832	1.14328217506
17	24	0.498742908239	-0.807873870358	0.360771509457	-0.466029749648	-4.63092422485	2.0936062336	-2.65760183334
18	24	0.499294400215	0.689140559011	-0.519761382358	0.504909294165	3.95476293564	-2.95410251617	2.86943674088
19	24	0.499975845218	-0.606033097367	0.668213059364	-0.431526583412	-3.4755692482	3.79890680313	-2.48692989349
20	24	0.499995037913	0.567693482191	-0.708842418042	0.418648464302	3.24373817444	-4.05603981018	2.38868093491
21	24	0.500002190471	-0.463527996438	0.804497598235	-0.371383105367	-2.64108991623	4.60796451569	-2.11924862862
22	24	0.499997615814	0.454416567562	-0.880544742135	0.134709094808	2.57257866859	-5.04604005814	0.796518325806
23	24	0.499785378575	-0.125635437221	0.967405557706	-0.219868651319	-0.835617542267	5.54925537109	-1.19332885742
24	24	0.498921141028	0.937444216215	-0.323584325059	-0.128419336791	5.35401010513	-1.97179937363	-0.757226228714
25	24	0.447159096599	-0.862914133458	-0.499399718334	0.0773247670897	-4.56022262573	-2.55744743347	0.416973114014
26	24	0.45175293088	0.0134376528613	-0.858589315556	0.512487869806	0.071099050343	-4.49924325943	2.71559095383
27	24	0.498075716197	-0.270445588801	0.659189322925	-0.701661328591	-1.48968183994	3.82398939133	-3.99597001076
28	24	0.499571859837	0.308150610827	-0.936788646461	0.165741464058	1.72612738609	-5.35336399078	1.07778024673
29	24	0.499902293086	-0.152932666341	0.782124244858	-0.604063957848	-0.936743378639	4.4685716629	-3.44929933548
0	25	0.496417783201	-0.414560292812	0.590350233604	-0.69255062292	-2.39522075653	3.30980062485	-3.96493697166
1	25	0.499285489321	0.551237280153	-0.240299853935	0.798995269803	3.1417798996	-1.37920379639	4.56569004059
2	25	0.479539889842	-0.469042764539	0.0385591576541	-0.88233331366	-2.59784817696	0.235215544701	-4.87300443649
3	25	0.341058127582	-0.714000032543	0.576631884386	-0.397114118911	-2.88409852982	2.32314133644	-1.63644123077
4	25	0.37998072803	-0.667090219032	0.737629598348	0.104370567273	-2.99936151505	3.28998947144	0.47470331192
5	25	0.486594058573	-0.0669102263379	-0.749341455802	0.658794660139	-0.387519538403	-4.17118215561	3.80474734306
6	25	0.495621681213	0.374419949721	-0.24269215185	-0.894935875179	2.11756753922	-1.38354802132	-5.11977100372
7	25	0.499572593719	0.0773901869809	0.546943632982	0.833584681541	0.436986446381	3.05323600769	4.82076358795
8	25	0.499656489119	-0.23195947554	-0.215459081246	-0.948563221939	-1.31622803211	-1.26599240303	-5.41409063339
9	25	0.495877098292	0.304560134048	0.379770428335	0.87350875583	1.72646892071	2.09058046341	5.01298332214
10	25	0.438260581344	-0.169335093029	0.187902651829	-0.967480345901	-0.883138597012	0.918543756008	-4.94637823105
11	25	0.406315843575	-0.0235049491577	-0.236149513571	-0.971432408665	-0.102102689445	-1.08937299252	-4.69430112839
12	25	0.397236682475	-0.765135695365	-0.195936953114	-0.613331947711	-3.6137471199	-0.978705346584	-2.84572958946
13	25	0.384497277439	-0.80746207247	-0.461596127492	-0.367333658417	-3.69968748093	-2.08979105949	-1.70541584492
14	25	0.479570873082	-0.602263669563	-0.532452459976	-0.594788071661	-3.4219751358	-2.87337756157	-3.31136226654
15	25	0.498609267175	0.823644940381	-0.140927385511	0.549316378964	4.72293376923	-0.835193395615	3.11453676224
16	25	0.499262228608	-0.658727732443	0.739397495869	-0.13917297731	-3.80613994598	4.18518781662	-0.851684093475
17	25	0.499332129955	0.809554112418	-0.533675265966	0.244566656688	4.61684513092	-3.04088616371	1.4377913475
18	25	0.499971672893	-0.755166425843	0.47967583461	-0.446805061487	-4.32041168213	2.73413872719	-2.5635638237
19	25	0.499951556325	0.599455393607	-0.483713652944	0.637710226538	3.44211769104	-2.79878902435	3.60945677757
20	25	0.49996984005	-0.569463496066	0.730853641888	-0.376250290083	-3.25482487679	4.15752887726	-2.20382165909
21	25	0.499975964427	0.322095132445	-0.78642322117	0.527060947955	1.87544345856	-4.50734806061	2.98424959183
22	25	0.499980777502	-0.0855790175402	0.973521689109	-0.211971112632	-0.577590763569	5.56989479065	-1.20956230164
23	25	0.499811723828	0.205234227503	-0.945189670091	-0.253959444428	1.19337975979	-5.41441345215	-1.41080021858
24	25	0.497338324785	-0.17485284422	0.847911228134	0.500472808525	-1.06284284592	4.85712909698	2.84159231186
25	25	0.399391651154	-0.452623962249	-0.884001569881	0.116930634332	-2.1476817131	-4.16053724289	0.549533843994
26	25	0.367915838957	-0.650056734143	-0.661646972577	0.373697104719	-2.83158135414	-2.88827037811	1.63718557358
27	25	0.47136002779	-0.624964048407	-0.602646521391	0.496222841528	-3.34124612808	-3.34144449234	2.75628805161
28	25	0.499477379024	0.164894824213	0.732115612686	-0.660920892853	0.866375803947	4.22015094757	-3.78185319901
29	25	0.499125994742	0.522046456939	-0.548728174529	0.652966222156	2.90401482582	-3.17925071716	3.75823736191
0	26	0.438652642071	0.565674034784	0.419623672244	0.709879468687	2.85575675964	2.01878356934	3.67395830154
1	26	0.497563004494	-0.567113310281	0.162754018269	-0.807399295789	-3.23168134689	0.945950269699	-4.62911748886
2	26	0.498129364103	0.395574866269	-0.323940934553	0.859408398898	2.26554274559	-1.85228729248	4.90734386444
3	26	0.451264232397	-0.345644212568	0.690279808451	-0.635644448071	-1.83083188534	3.57735514641	-3.36546397209
4	26	0.46507801488	-0.210716626181	0.507408829373	0.835544602834	-1.10507702827	2.72051644325	4.5258898735
5	26	0.498392203823	0.0263525933393	-0.331538291158	-0.943073646287	0.182586103678	-1.84754681587	-5.41481685638
6	26	0.499744985253	-0.384537069283	0.307832506494	0.87027029726	-2.11983442307	1.74861550331	5.017141819
7	26	0.499916346744	0.0423158603813	-0.299069491086	-0.953292613766	0.207939371467	-1.72262728214	-5.4526219368
8	26	0.499450482428	0.290482352523	0.342851131137	0.893349374406	1.65079057217	1.8869086504	5.14488554001
9	26	0.481165252626	-0.304744538144	0.518097845277	-0.799190458646	-1.73921608925	2.79258489609	-4.4958486557
10	26	0.371534836711	0.0169397414697	-0.105040428228	-0.994323666417	0.0796598643064	-0.404640465975	-4.39627075195
11	26	0.371072180569	0.378735902514	0.347081312974	-0.857959019028	1.65371608734	1.45772051811	-3.82154035568
12	26	0.477166324854	0.644428456527	-0.603901298798	-0.469057763744	3.62760472298	-3.30381774902	-2.59881043434
13	26	0.488180756569	-0.822772621404	0.417277215827	0.385907940601	-4.67425537109	2.31810903549	2.1497502327
14	26	0.49938391149	0.891316423774	-0.00320478813994	0.453370446814	5.15642786026	-0.0556208342314	2.52597856522
15	26	0.49979698658	-0.850810248095	0.493111619082	-0.181556748328	-4.87448167801	2.78572702408	-1.10065221786
16	26	0.49994546175	0.684040156503	-0.647116053066	0.33664503287	3.94543361664	-3.66698646545	1.92341065407
17	26	0.499925598502	-0.780324698984	0.376363231315	-0.499443772881	-4.47731018066	2.16000461578	-2.82983636856
18	26	0.499386385083	0.867973794616	-0.170982412256	0.466247259037	4.94465827942	-1.02087426186	2.67962956429
19	26	0.499558992684	-0.575787105967	0.522162400802	-0.629138804868	-3.33150291443	2.94639968872	-3.59524345398
20	26	0.499381624162	0.630463684205	-0.426959143833	0.648244886132	3.58184862137	-2.48839187622	3.68876743317
21	26	0.499919772148	-0.547246667958	0.610697889767	-0.572336589642	-3.14786577225	3.49647331238	-3.25260853767
22	26	0.499643221498	0.61115469902	-0.750780937953	0.250635027623	3.46979475021	-4.31523323059	1.46300959587
23	26	0.49938544631	-0.535556351146	0.814856866335	0.221782961776	-3.04556560516	4.66851806641	1.27499866486
24	26	0.495119601488	0.517935174118	-0.578838506867	-0.629832627274	2.97492837906	-3.3282930851	-3.54412531853
25	26	0.432787269354	-0.839439285199	-0.320203152992	0.439103208004	-4.29017782211	-1.57368636131	2.23751497269
26	26	0.411948442459	-0.765091066579	0.613051749208	0.196985310709	-3.76815533638	2.9265563488	1.00200462341
27	26	0.483541205525	-0.400219883079	0.813537837567	-0.421877034258	-2.17394709587	4.56993627548	-2.39597439766
28	26	0.498802274466	0.386216273081	-0.609961140966	0.691942480932	2.14330625534	-3.53205537796	3.94503307343
29	26	0.496969245374	-0.229929544714	0.497339683845	-0.836531914119	-1.34608221054	2.85417819023	-4.77106618881
0	27	0.248179446906	0.3231225066	-0.144936271346	0.935192666233	0.926571786404	-0.48021119833	2.76339459419
1	27	0.447021026164	0.217725960178	-0.423735703447	0.879228900736	1.13589596748	-2.14607691765	4.5417714119
2	27	0.499267857522	-0.169662760089	0.420389229048	-0.891340251497	-1.00263130665	2.35642004013	-5.11059808731
3	27	0.498873176053	0.185684187839	0.136662639944	0.973059456164	1.10961651802	0.695094347	5.57592821121
4	27	0.499498110265	-0.2801956546	-0.351206117628	-0.893389421296	-1.55323243141	-1.97644579411	-5.1383471489
5	27	0.499742815271	0.0367515772479	0.149554791117	0.988070182742	0.260953456163	0.873173952103	5.64529705048
6	27	0.499977873638	-0.179344882246	-0.0870110752319	-0.979930857764	-1.01406109333	-0.531597673893	-5.60826826096
7	27	0.499984383583	0.350624757039	0.165958623154	0.921694100639	1.9772105217	0.9453779459	5.28289937973
8	27	0.499804260209	-0.321884955028	0.0253476495421	-0.946439418235	-1.89293968678	0.112343549728	-5.3974905014
9	27	0.498574804515	0.615445722315	-0.0416433458463	0.787078391668	3.5275144577	-0.256567031145	4.49353218079
10	27	0.479256033897	-0.903220532144	0.223008524479	-0.366687698625	-5.00977945328	1.19512891769	-2.05183362961
11	27	0.475521937013	0.810115306852	0.418379151574	-0.410697060048	4.49512529373	2.27380251884	-2.22545075417
12	27	0.498588353395	-0.840997889891	-0.337183152047	0.423119452607	-4.84723806381	-1.86666870117	2.40487337112
13	27	0.499281287193	0.93430726706	0.179627867226	-0.30790219232	5.34942817688	0.977322041988	-1.75796413422
14	27	0.499923408031	-0.948689247725	0.144588181527	0.281216942971	-5.45997905731	0.834203660488	1.52788710594
15	27	0.49998319149	0.801512453321	-0.519456947973	0.296213211006	4.6239862442	-2.93155455589	1.67040586472
16	27	0.499939769506	-0.808532186037	0.416070172886	-0.416126561728	-4.63169908524	2.37598180771	-2.36729049683
17	27	0.499117478728	0.85887135796	-0.205193350914	0.469292743622	4.89685106277	-1.17419362068	2.69124126434
18	27	0.496324032545	-0.903554508264	-0.0949090579919	-0.417829536182	-5.15798330307	-0.504895031452	-2.40843248367
19	27	0.455428995192	0.748655267173	-0.296806379946	0.59280794846	3.90765714645	-1.51402878761	3.16682815552
20	27	0.494827874005	-0.429299460667	0.534453741737	-0.728053000141	-2.49505281448	3.01989364624	-4.140417099
21	27	0.499569147825	0.822748784502	-0.383241976858	0.419773778093	4.69492340088	-2.17664599419	2.49129056931
22	27	0.494660615921	-0.482700296501	0.410805175632	-0.773459456877	-2.8148021698	2.3889374733	-4.35530376434
23	27	0.478930771351	0.358961466952	-0.84751157068	-0.390986959895	2.03998303413	-4.72625732422	-2.10218024254
24	27	0.44755654037	-0.805947025637	0.591858727051	0.0123547189532	-4.20864105225	3.10235953331	0.0998780727386
25	27	0.379429847002	-0.675818783993	0.725019211334	0.132725711146	-3.06269884109	3.25451660156	0.609388947487
26	27	0.41556084156	0.0504097948537	0.931877706241	0.35925310464	0.225451946259	4.56388425827	1.72410106659
27	27	0.497577577829	0.000670237201517	-0.945727466838	0.324960165637	0.0335845425725	-5.40241146088	1.92922878265
28	27	0.499161079526	0.0330258526782	0.876933962241	-0.47947483659	0.133727267385	4.98264122009	-2.80995965004
29	27	0.450388018042	-0.0302272262409	-0.568073884998	0.822422261358	-0.115448825061	-2.92640042305	4.28837347031
0	28	0.440327700227	0.142927948063	-0.274918883722	0.950784522926	0.732487857342	-1.4093132019	4.82292509079
1	28	0.495564453304	0.321773609919	0.593877788506	-0.737408242617	1.75027656555	3.37072491646	-4.27006149292
2	28	0.499624338001	0.298640875879	-0.305996374271	0.903980003201	1.67565369606	-1.77461886406	5.17271852493
3	28	0.499963492155	-0.561892142852	0.304733993752	-0.769034727989	-3.14675951004	1.68650341034	-4.47992181778
4	28	0.499925309792	0.155290054905	0.0838790994586	0.984301425134	0.970889925957	0.473805010319	5.62145662308
5	28	0.499984513968	-0.529562179618	-0.0469418285141	-0.846971287975	-2.9699420929	-0.302957713604	-4.88216686249
6	28	0.499995410442	0.436859621046	0.203620069207	0.876180654269	2.50670719147	1.1447173357	5.01140499115
7	28	0.499996379018	-0.443362473722	-0.201560808035	-0.873385915595	-2.57288599014	-1.13671350479	-4.98218393326
8	28	0.499989159405	0.739730541814	-0.0735851714276	0.668867661091	4.2179069519	-0.370780140162	3.85423612595
9	28	0.499773815274	-0.854084246075	-0.163211609254	-0.493864425941	-4.87601232529	-0.89699780941	-2.85021305084
10	28	0.499577492476	0.945274384789	0.0669469281923	0.319334380027	5.39766407013	0.379841119051	1.84376454353
11	28	0.499814033508	-0.975544632653	-0.207853510813	-0.0714813804028	-5.58343410492	-1.18574571609	-0.406638145447
12	28	0.499823510647	0.995819286739	0.0712177190774	-0.057201264391	5.69629955292	0.435420423746	-0.316077232361
13	28	0.499974742532	-0.982283039294	-0.158728998552	0.0996249754581	-5.62520122528	-0.869591593742	0.56710600853
14	28	0.499994233251	0.958775193007	-0.229790653794	-0.167171722201	5.50734710693	-1.2721414566	-0.908210754395
15	28	0.499996319413	-0.884810195748	0.268179813048	-0.381038718996	-5.08580827713	1.53189706802	-2.13057923317
16	28	0.499889805913	0.91868075094	-0.231980537269	0.319704094719	5.23795032501	-1.32311487198	1.87841868401
17	28	0.497307486832	-0.702791328923	0.110565795683	-0.702751416089	-4.03455924988	0.610168814659	-3.98569440842
18	28	0.432756230235	0.25867700911	0.6491585979	0.715317635551	1.35410320759	3.18390703201	3.62091708183
19	28	0.259084973484	0.426173869973	0.19840733187	0.882615637304	1.33487057686	0.626487255096	2.70957112312
20	28	0.441029880196	0.0476603815063	0.414280934007	0.908900322232	0.317269772291	2.09931254387	4.63490819931
21	28	0.495350509882	-0.452190103166	-0.829029474974	-0.328989726623	-2.64542245865	-4.67978715897	-1.95066738129
22	28	0.448417142034	0.642585225283	0.590543751125	0.488203140358	3.37807178497	3.05064368248	2.52779245377
23	28	0.415223941207	0.567752976289	-0.60826259962	-0.554682943508	2.78359460831	-2.91140794754	-2.75612592697
24	28	0.389096356928	-0.842828416209	0.288885267579	-0.454076604777	-3.8785200119	1.29193520546	-2.13053894043
25	28	0.394228443503	-0.944061996543	0.327421815699	-0.0392670509183	-4.38754224777	1.59657502174	-0.178041219711
26	28	0.455955654383	0.614578992865	0.779155939401	0.123323491781	3.2354016304	4.18297624588	0.747670173645
27	28	0.497517098673	0.00317652411725	-0.128905091566	-0.991651847708	-0.00586667284369	-0.675799608231	-5.70558834076
28	28	0.499430064112	0.300428410137	-0.437581757497	0.847505148001	1.63962125778	-2.54175710678	4.86752986908
29	28	0.495333477855	0.110333183466	0.886281658637	-0.449812638984	0.592885613441	5.01777982712	-2.67085504532
0	29	0.499405737966	-0.244859863051	0.247174685925	-0.937522438187	-1.35850167274	1.4677747488	-5.36000967026
1	29	0.499547433108	0.234363706183	-0.437706127442	0.868036289117	1.30578398705	-2.48917531967	4.97739887238
2	29	0.499966423959	-0.212140885001	0.22815675967	-0.950231939017	-1.22737944126	1.32103252411	-5.42494440079
3	29	0.499992348254	0.239805070889	-0.0910023486871	0.966546481298	1.41744625568	-0.521904468536	5.51750993729
4	29	0.499998152256	-0.49997615934	-0.0950202871539	-0.860810655789	-2.81534981728	-0.538353443146	-4.94922399521
5	29	0.49999865517	0.396691902765	0.257619356844	0.88106061157	2.31993746758	1.44140863419	5.02554321289
6	29	0.499999456108	-0.698168747244	-0.129236714683	-0.704172047124	-3.9629240036	-0.774039745331	-4.05193901062
7	29	0.499999724329	0.726721150863	0.236104528067	0.645082181365	4.16013336182	1.32329154015	3.69634866714
8	29	0.499996557832	-0.836852840072	-0.148049365241	-0.527028186642	-4.78628349304	-0.826893091202	-3.01929402351
9	29	0.499991834164	0.869492097443	0.121918656474	0.478664113641	4.96903514862	0.691539049149	2.73978495598
10	29	0.499964728951	-0.842224303923	-0.0279004869078	-0.538404852051	-4.84347820282	-0.194934844971	-3.03603935242
11	29	0.499976992607	0.921945121201	0.221031629469	0.318060076509	5.27712631226	1.23555016518	1.82556200027
12	29	0.499995231628	-0.910031323649	0.0149560455088	-0.414269606272	-5.22787284851	0.0448047965765	-2.32761096954
13	29	0.499997004867	0.98621309542	0.00320668264149	0.165449229701	5.63932037354	0.0230285804719	0.95192027092
14	29	0.499999284744	-0.99381466038	-0.0741451321354	-0.0826735761577	-5.68755435944	-0.374371856451	-0.486756324768
15	29	0.49999755621	0.976214207516	-0.0191054289267	0.215964820351	5.57684612274	-0.131324201822	1.26322317123
16	29	0.4999358356	-0.859628114724	0.046207802714	-0.508826437349	-4.92648172379	0.267379254103	-2.89281511307
17	29	0.499482698739	0.719989556078	0.0306224135008	0.69330895489	4.12643909454	0.142127171159	3.95143723488
18	29	0.489297881722	-0.566099972372	0.350204352501	-0.746249109058	-3.23547720909	1.90900921822	-4.21677494049
19	29	0.446474101394	0.488281010341	0.315325022197	0.81372709511	2.50690722466	1.61690330505	4.191842556
20	29	0.497426941991	-0.49059174246	-0.351886008359	-0.797180016904	-2.82164478302	-2.02829265594	-4.5444111824
21	29	0.478487044573	0.618374426177	0.613694553369	0.490909425675	3.40299224854	3.37890601158	2.74060201645
22	29	0.369670443237	0.386800273927	0.854321433066	0.347160535047	1.71884679794	3.73555278778	1.52757489681
23	29	0.41253208369	0.792875444327	0.187034797905	-0.579971132174	3.82007312775	0.919860839844	-2.8224029541
24	29	0.427927210927	-0.631268428131	0.241449207469	-0.737022694262	-3.14088487625	1.19512403011	-3.71088004112
25	29	0.461962625384	-0.442541074412	0.883605326923	0.152967394213	-2.42430591583	4.73520374298	0.901735305786
26	29	0.491800025105	0.582019571095	-0.231267824483	-0.779595030911	3.2502784729	-1.37897729874	-4.43963193893
27	29	0.49961983785	-0.3276671364	0.0600179976921	0.942884981149	-1.85857665539	0.352163493633	5.39483499527
28	29	0.499924246222	0.104480024748	0.268300150578	-0.95765283565	0.585843503475	1.53349792957	-5.47981786728
29	29	0.499666899443	-0.0560205945352	-0.383232775317	0.921951372314	-0.31090387702	-2.22015428543	5.26271486282
